 1.00000000e-12  1.78200000e+00  3.45454226e-01 
 1.02772000e-12  1.78150104e+00  3.50808849e-01 
 1.08316000e-12  1.78050312e+00  3.58441318e-01 
 1.19404001e-12  1.77850728e+00  3.67685380e-01 
 1.33842490e-12  1.77590835e+00  3.78760223e-01 
 1.62719468e-12  1.77071050e+00  3.98218856e-01 
 2.20473425e-12  1.76031478e+00  4.24854785e-01 
 3.04003594e-12  1.74527935e+00  4.45298093e-01 
 3.94668280e-12  1.72895971e+00  4.55684828e-01 
 5.16987858e-12  1.70694219e+00  4.60814255e-01 
 6.92283700e-12  1.67538893e+00  4.61574888e-01 
 1.02739697e-11  1.61506855e+00  4.58045693e-01 
 1.42669074e-11  1.54319567e+00  4.54299521e-01 
 2.10085920e-11  1.42184534e+00  4.51342682e-01 
 2.79376191e-11  1.29712286e+00  4.50622328e-01 
 3.69844607e-11  1.13427971e+00  4.50470584e-01 
 4.85758801e-11  9.25634158e-01  4.50829884e-01 
 6.49050248e-11  6.31709553e-01  4.51341532e-01 
 8.61051140e-11  2.50107948e-01  4.52637207e-01 
 1.00000000e-10  0.00000000e+00  4.53589551e-01 
 1.01168904e-10  0.00000000e+00  4.53917042e-01 
 1.03506711e-10  0.00000000e+00  4.54460829e-01 
 1.08182325e-10  0.00000000e+00  4.55362135e-01 
 1.17533553e-10  0.00000000e+00  4.56631872e-01 
 1.36236009e-10  0.00000000e+00  4.58872400e-01 
 1.73640921e-10  0.00000000e+00  4.63265183e-01 
 2.48450746e-10  0.00000000e+00  4.71440723e-01 
 3.98070396e-10  0.00000000e+00  4.85335001e-01 
 5.57831028e-10  0.00000000e+00  4.98633692e-01 
 8.18471503e-10  0.00000000e+00  5.15891072e-01 
 1.16340704e-09  0.00000000e+00  5.29525558e-01 
 1.56914151e-09  0.00000000e+00  5.36318996e-01 
 2.21945843e-09  0.00000000e+00  5.35506685e-01 
 2.88925304e-09  0.00000000e+00  5.25381910e-01 
 3.82508039e-09  0.00000000e+00  4.97833254e-01 
 4.76134612e-09  0.00000000e+00  4.61581329e-01 
 5.62319067e-09  0.00000000e+00  4.27026652e-01 
 6.62455198e-09  0.00000000e+00  3.88284404e-01 
 7.66550553e-09  0.00000000e+00  3.50517469e-01 
 8.86654710e-09  0.00000000e+00  3.11460112e-01 
 1.00118248e-08  0.00000000e+00  2.76278812e-01 
 1.08332437e-08  0.00000000e+00  2.52586521e-01 
 1.17225087e-08  0.00000000e+00  2.27882754e-01 
 1.27554150e-08  0.00000000e+00  2.01661819e-01 
 1.37542993e-08  0.00000000e+00  1.78643266e-01 
 1.57520678e-08  0.00000000e+00  1.39398255e-01 
 1.90825743e-08  0.00000000e+00  9.04716379e-02 
 2.27844077e-08  0.00000000e+00  5.51038194e-02 
 2.66021306e-08  0.00000000e+00  3.25615676e-02 
 3.06180965e-08  0.00000000e+00  1.86692248e-02 
 3.42409481e-08  0.00000000e+00  1.11755676e-02 
 3.81245764e-08  0.00000000e+00  6.54349167e-03 
 4.24101230e-08  0.00000000e+00  3.49118041e-03 
 5.09812161e-08  0.00000000e+00  9.64516027e-04 
 6.22171620e-08  0.00000000e+00  7.24223155e-05 
 8.25848724e-08  0.00000000e+00  3.58494674e-05 
 1.23320293e-07  0.00000000e+00 -3.82848341e-05 
 1.83350335e-07  0.00000000e+00  4.59839504e-05 
 2.50100000e-07  0.00000000e+00 -4.53623945e-05 
 2.50110000e-07  1.80000000e-01  2.14513589e-03 
 2.50130000e-07  5.40000000e-01  5.18810486e-03 
 2.50170000e-07  1.26000000e+00  8.85831324e-03 
 2.50200000e-07  1.80000000e+00  1.04208690e-02 
 2.50200519e-07  1.80000000e+00  1.02622844e-02 
 2.50201557e-07  1.80000000e+00  9.95942120e-03 
 2.50203634e-07  1.80000000e+00  9.41785012e-03 
 2.50207786e-07  1.80000000e+00  8.63510195e-03 
 2.50216092e-07  1.80000000e+00  7.69145410e-03 
 2.50232702e-07  1.80000000e+00  6.34649918e-03 
 2.50265923e-07  1.80000000e+00  4.03840203e-03 
 2.50332366e-07  1.80000000e+00  1.78710122e-03 
 2.50437707e-07  1.80000000e+00  1.12787137e-04 
 2.50610920e-07  1.80000000e+00 -7.28921827e-04 
 2.50807589e-07  1.80000000e+00 -7.16338874e-04 
 2.51135121e-07  1.80000000e+00  7.28196368e-05 
 2.51582231e-07  1.80000000e+00  1.49479482e-03 
 2.52133300e-07  1.80000000e+00  1.75073464e-03 
 2.52731403e-07  1.80000000e+00  8.03180344e-04 
 2.53379230e-07  1.80000000e+00  6.12113807e-04 
 2.54229245e-07  1.80000000e+00  9.33863567e-05 
 2.55158649e-07  1.80000000e+00  6.43295420e-05 
 2.56089441e-07  1.80000000e+00  5.73333709e-04 
 2.56989093e-07  1.80000000e+00  5.26765629e-04 
 2.57972580e-07  1.80000000e+00  3.53865833e-04 
 2.58945764e-07  1.80000000e+00  4.97457466e-04 
 2.60499379e-07  1.80000000e+00  4.68831204e-04 
 2.62419812e-07  1.80000000e+00  4.39228645e-04 
 2.64909519e-07  1.80000000e+00  3.39530141e-04 
 2.68768327e-07  1.80000000e+00  2.35320241e-04 
 2.73509613e-07  1.80000000e+00  1.33383421e-04 
 2.82992186e-07  1.80000000e+00  6.40372472e-05 
 3.00571093e-07  1.80000000e+00  7.30791818e-06 
 3.29465049e-07  1.80000000e+00  1.46325912e-05 
 3.86684299e-07  1.80000000e+00 -4.29676210e-06 
 4.53966592e-07  1.80000000e+00  3.95434237e-06 
 5.00000000e-07  1.80000000e+00 -1.23473811e-03 
 5.00010000e-07  1.62000000e+00 -2.05450734e-03 
 5.00030000e-07  1.26000000e+00 -3.36257776e-03 
 5.00070000e-07  5.40000000e-01 -4.71142407e-03 
 5.00100000e-07  0.00000000e+00 -5.48187794e-03 
 5.00104325e-07  0.00000000e+00 -5.16488230e-03 
 5.00112976e-07  0.00000000e+00 -4.50863170e-03 
 5.00130277e-07  0.00000000e+00 -3.82355647e-03 
 5.00164880e-07  0.00000000e+00 -3.14666590e-03 
 5.00234085e-07  0.00000000e+00 -2.14717885e-03 
 5.00372496e-07  0.00000000e+00 -1.40134308e-03 
 5.00574268e-07  0.00000000e+00 -9.60745855e-04 
 5.00955987e-07  0.00000000e+00 -4.81422761e-04 
 5.01537952e-07  0.00000000e+00 -3.11795223e-03 
 5.02101770e-07  0.00000000e+00 -1.03480104e-02 
 5.02779131e-07  0.00000000e+00 -5.36345631e-03 
 5.03505034e-07  0.00000000e+00  4.65021831e-02 
 5.04315715e-07  0.00000000e+00  1.45028687e-01 
 5.05165283e-07  0.00000000e+00  2.58965767e-01 
 5.05972354e-07  0.00000000e+00  3.67196715e-01 
 5.07134609e-07  0.00000000e+00  5.15611009e-01 
 5.08186658e-07  0.00000000e+00  6.42524406e-01 
 5.10154783e-07  0.00000000e+00  8.67563284e-01 
 5.12256089e-07  0.00000000e+00  1.06879198e+00 
 5.14494736e-07  0.00000000e+00  1.25070215e+00 
 5.16726854e-07  0.00000000e+00  1.45025634e+00 
 5.19037588e-07  0.00000000e+00  1.64302319e+00 
 5.21492637e-07  0.00000000e+00  1.75451167e+00 
 5.24247857e-07  0.00000000e+00  1.79049178e+00 
 5.29150732e-07  0.00000000e+00  1.80128178e+00 
 5.34852758e-07  0.00000000e+00  1.79962199e+00 
 5.43975726e-07  0.00000000e+00  1.80042369e+00 
 5.57761427e-07  0.00000000e+00  1.79966689e+00 
 5.83859546e-07  0.00000000e+00  1.80037069e+00 
 6.27815387e-07  0.00000000e+00  1.79965624e+00 
 7.15727069e-07  0.00000000e+00  1.80035689e+00 
 7.50100000e-07  9.52912066e-13  1.79965407e+00 
 7.50110000e-07  1.80000000e-01  1.80036206e+00 
 7.50130000e-07  5.40000000e-01  1.80169672e+00 
 7.50170000e-07  1.26000000e+00  1.80450204e+00 
 7.50200000e-07  1.80000000e+00  1.80646025e+00 
 7.50200729e-07  1.80000000e+00  1.80646495e+00 
 7.50202187e-07  1.80000000e+00  1.80642824e+00 
 7.50205102e-07  1.80000000e+00  1.80622959e+00 
 7.50210933e-07  1.80000000e+00  1.80585881e+00 
 7.50222595e-07  1.80000000e+00  1.80547318e+00 
 7.50245919e-07  1.80000000e+00  1.80510074e+00 
 7.50292567e-07  1.80000000e+00  1.80454851e+00 
 7.50385863e-07  1.80000000e+00  1.80381323e+00 
 7.50572454e-07  1.80000000e+00  1.80290830e+00 
 7.50944664e-07  1.80000000e+00  1.80189092e+00 
 7.51548432e-07  1.80000000e+00  1.80401488e+00 
 7.52161103e-07  1.80000000e+00  1.80594753e+00 
 7.52803204e-07  1.80000000e+00  1.80415028e+00 
 7.53503603e-07  1.80000000e+00  1.80213361e+00 
 7.54419499e-07  1.80000000e+00  1.80079961e+00 
 7.55192215e-07  1.80000000e+00  1.80011969e+00 
 7.56055453e-07  1.80000000e+00  1.80038959e+00 
 7.56798107e-07  1.80000000e+00  1.79831106e+00 
 7.57624505e-07  1.80000000e+00  1.79859342e+00 
 7.58657769e-07  1.80000000e+00  1.79916447e+00 
 7.59765519e-07  1.80000000e+00  1.79925838e+00 
 7.60879555e-07  1.80000000e+00  1.79882630e+00 
 7.62608797e-07  1.80000000e+00  1.79843203e+00 
 7.64423604e-07  1.80000000e+00  1.79817939e+00 
 7.67213614e-07  1.80000000e+00  1.79891554e+00 
 7.70465154e-07  1.80000000e+00  1.79956118e+00 
 7.75076165e-07  1.80000000e+00  1.79987960e+00 
 7.84021094e-07  1.80000000e+00  1.80001548e+00 
 7.95761252e-07  1.80000000e+00  1.80000245e+00 
 8.17089643e-07  1.80000000e+00  1.80000879e+00 
 8.59746427e-07  1.80000000e+00  1.80000205e+00 
 9.36985441e-07  1.80000000e+00  1.80000675e+00 
 1.00000000e-06  1.80000000e+00  1.80000059e+00 
 1.00001000e-06  1.62000000e+00  1.79886919e+00 
 1.00003000e-06  1.26000000e+00  1.79681805e+00 
 1.00007000e-06  5.40000000e-01  1.79430540e+00 
 1.00010000e-06  0.00000000e+00  1.79318575e+00 
 1.00010434e-06  0.00000000e+00  1.79352670e+00 
 1.00011301e-06  0.00000000e+00  1.79431491e+00 
 1.00013036e-06  0.00000000e+00  1.79537302e+00 
 1.00016507e-06  0.00000000e+00  1.79653628e+00 
 1.00023447e-06  0.00000000e+00  1.79827807e+00 
 1.00037327e-06  0.00000000e+00  1.80000393e+00 
 1.00057519e-06  0.00000000e+00  1.80117808e+00 
 1.00095829e-06  0.00000000e+00  1.80180097e+00 
 1.00153854e-06  0.00000000e+00  1.80106535e+00 
 1.00210361e-06  0.00000000e+00  1.79987357e+00 
 1.00277549e-06  0.00000000e+00  1.79856796e+00 
 1.00353914e-06  0.00000000e+00  1.79902184e+00 
 1.00442539e-06  0.00000000e+00  1.80009912e+00 
 1.00527608e-06  0.00000000e+00  1.80017065e+00 
 1.00612890e-06  0.00000000e+00  1.79426346e+00 
 1.00689645e-06  0.00000000e+00  1.79334528e+00 
 1.00763028e-06  0.00000000e+00  1.79346078e+00 
 1.00847497e-06  0.00000000e+00  1.79015699e+00 
 1.00942597e-06  0.00000000e+00  1.79139120e+00 
 1.01057915e-06  0.00000000e+00  1.79474468e+00 
 1.01247731e-06  0.00000000e+00  1.79774552e+00 
 1.01485824e-06  0.00000000e+00  1.79887610e+00 
 1.01656249e-06  0.00000000e+00  1.79920924e+00 
 1.01845049e-06  0.00000000e+00  1.79967072e+00 
 1.02037654e-06  0.00000000e+00  1.80003150e+00 
 1.02197817e-06  0.00000000e+00  1.79953094e+00 
 1.02320394e-06  0.00000000e+00  1.79917377e+00 
 1.02439709e-06  0.00000000e+00  1.79987073e+00 
 1.02553695e-06  0.00000000e+00  1.79872290e+00 
 1.02678612e-06  0.00000000e+00  1.79829426e+00 
 1.02834614e-06  0.00000000e+00  1.79846820e+00 
 1.03014402e-06  0.00000000e+00  1.79929972e+00 
 1.03281067e-06  0.00000000e+00  1.79985910e+00 
 1.03608485e-06  0.00000000e+00  1.79994015e+00 
 1.04263322e-06  0.00000000e+00  1.80001532e+00 
 1.05116798e-06  0.00000000e+00  1.79995741e+00 
 1.06557718e-06  0.00000000e+00  1.80001679e+00 
 1.08804201e-06  0.00000000e+00  1.79996123e+00 
 1.10986736e-06  0.00000000e+00  1.80002062e+00 
 1.13248992e-06  0.00000000e+00  1.79997753e+00 
 1.14977658e-06  0.00000000e+00  1.80009747e+00 
 1.15756652e-06  0.00000000e+00  1.79962352e+00 
 1.16517538e-06  0.00000000e+00  1.80041176e+00 
 1.17336979e-06  0.00000000e+00  1.79958895e+00 
 1.18893832e-06  0.00000000e+00  1.80038350e+00 
 1.20495726e-06  0.00000000e+00  1.79962194e+00 
 1.22473758e-06  0.00000000e+00  1.80035459e+00 
 1.25010000e-06  0.00000000e+00  1.79964667e+00 
 1.25011000e-06  1.80000000e-01  1.80036729e+00 
 1.25013000e-06  5.40000000e-01  1.80179155e+00 
 1.25017000e-06  1.26000000e+00  1.80479408e+00 
 1.25020000e-06  1.80000000e+00  1.80692811e+00 
 1.25020073e-06  1.80000000e+00  1.80693924e+00 
 1.25020219e-06  1.80000000e+00  1.80691194e+00 
 1.25020511e-06  1.80000000e+00  1.80671811e+00 
 1.25021094e-06  1.80000000e+00  1.80634622e+00 
 1.25022261e-06  1.80000000e+00  1.80595559e+00 
 1.25024596e-06  1.80000000e+00  1.80556639e+00 
 1.25029264e-06  1.80000000e+00  1.80496427e+00 
 1.25038601e-06  1.80000000e+00  1.80411914e+00 
 1.25057276e-06  1.80000000e+00  1.80307245e+00 
 1.25090092e-06  1.80000000e+00  1.80199651e+00 
 1.25153681e-06  1.80000000e+00  1.80350877e+00 
 1.25212958e-06  1.80000000e+00  1.80566147e+00 
 1.25276096e-06  1.80000000e+00  1.80382913e+00 
 1.25346771e-06  1.80000000e+00  1.80169393e+00 
 1.25448363e-06  1.80000000e+00  1.80015738e+00 
 1.25526457e-06  1.80000000e+00  1.79944623e+00 
 1.25610286e-06  1.80000000e+00  1.79871566e+00 
 1.25716361e-06  1.80000000e+00  1.79822515e+00 
 1.25814538e-06  1.80000000e+00  1.79842037e+00 
 1.25932654e-06  1.80000000e+00  1.79877332e+00 
 1.26168887e-06  1.80000000e+00  1.79931108e+00 
 1.26390535e-06  1.80000000e+00  1.79961196e+00 
 1.26784500e-06  1.80000000e+00  1.79985842e+00 
 1.27217077e-06  1.80000000e+00  1.79996196e+00 
 1.28082230e-06  1.80000000e+00  1.79999662e+00 
 1.29812537e-06  1.80000000e+00  1.80000404e+00 
 1.32541593e-06  1.80000000e+00  1.79999561e+00 
 1.37999703e-06  1.80000000e+00  1.80000437e+00 
 1.48915924e-06  1.80000000e+00  1.79999550e+00 
 1.50000000e-06  1.80000000e+00  1.80000459e+00 
 1.50001000e-06  1.62000000e+00  1.79882070e+00 
 1.50003000e-06  1.26000000e+00  1.79668056e+00 
 1.50007000e-06  5.40000000e-01  1.79398177e+00 
 1.50010000e-06  0.00000000e+00  1.79267350e+00 
 1.50010430e-06  0.00000000e+00  1.79299349e+00 
 1.50011291e-06  0.00000000e+00  1.79374674e+00 
 1.50013012e-06  0.00000000e+00  1.79476568e+00 
 1.50016454e-06  0.00000000e+00  1.79595972e+00 
 1.50023338e-06  0.00000000e+00  1.79782042e+00 
 1.50037107e-06  0.00000000e+00  1.79973635e+00 
 1.50056628e-06  0.00000000e+00  1.80100466e+00 
 1.50092731e-06  0.00000000e+00  1.80180257e+00 
 1.50143469e-06  0.00000000e+00  1.80139321e+00 
 1.50196079e-06  0.00000000e+00  1.80022528e+00 
 1.50260603e-06  0.00000000e+00  1.79869113e+00 
 1.50337149e-06  0.00000000e+00  1.79870415e+00 
 1.50412414e-06  0.00000000e+00  1.79928427e+00 
 1.50492791e-06  0.00000000e+00  1.79939059e+00 
 1.50581784e-06  0.00000000e+00  1.79966900e+00 
 1.50673926e-06  0.00000000e+00  1.79974112e+00 
 1.50791486e-06  0.00000000e+00  1.79985717e+00 
 1.50925462e-06  0.00000000e+00  1.79989290e+00 
 1.51050080e-06  0.00000000e+00  1.79998934e+00 
 1.51180074e-06  0.00000000e+00  1.79992724e+00 
 1.51356072e-06  0.00000000e+00  1.80000543e+00 
 1.51502990e-06  0.00000000e+00  1.79993941e+00 
 1.51667228e-06  0.00000000e+00  1.80000922e+00 
 1.51827965e-06  0.00000000e+00  1.79994376e+00 
 1.52010609e-06  0.00000000e+00  1.80000996e+00 
 1.52375896e-06  0.00000000e+00  1.79994677e+00 
 1.53006636e-06  0.00000000e+00  1.80001288e+00 
 1.54026586e-06  0.00000000e+00  1.79995128e+00 
 1.56066486e-06  0.00000000e+00  1.80001863e+00 
 1.60146287e-06  0.00000000e+00  1.79995878e+00 
 1.68305888e-06  0.00000000e+00  1.80002624e+00 
 1.75010000e-06  0.00000000e+00  1.79996380e+00 
 1.75011000e-06  1.80000000e-01  1.80063737e+00 
 1.75013000e-06  5.40000000e-01  1.80192093e+00 
 1.75017000e-06  1.26000000e+00  1.80475943e+00 
 1.75020000e-06  1.80000000e+00  1.80687252e+00 
 1.75020073e-06  1.80000000e+00  1.80688185e+00 
 1.75020219e-06  1.80000000e+00  1.80685159e+00 
 1.75020511e-06  1.80000000e+00  1.80665601e+00 
 1.75021095e-06  1.80000000e+00  1.80628794e+00 
 1.75022263e-06  1.80000000e+00  1.80590754e+00 
 1.75024599e-06  1.80000000e+00  1.80553017e+00 
 1.75029270e-06  1.80000000e+00  1.80493837e+00 
 1.75038614e-06  1.80000000e+00  1.80410138e+00 
 1.75057301e-06  1.80000000e+00  1.80306071e+00 
 1.75090068e-06  1.80000000e+00  1.80199949e+00 
 1.75155602e-06  1.80000000e+00  1.80363350e+00 
 1.75214872e-06  1.80000000e+00  1.80567631e+00 
 1.75278040e-06  1.80000000e+00  1.80380663e+00 
 1.75348236e-06  1.80000000e+00  1.80170743e+00 
 1.75439596e-06  1.80000000e+00  1.80038522e+00 
 1.75514498e-06  1.80000000e+00  1.79969986e+00 
 1.75598607e-06  1.80000000e+00  1.79901729e+00 
 1.75671133e-06  1.80000000e+00  1.79845312e+00 
 1.75751718e-06  1.80000000e+00  1.79825944e+00 
 1.75855169e-06  1.80000000e+00  1.79849732e+00 
 1.75965475e-06  1.80000000e+00  1.79879340e+00 
 1.76186086e-06  1.80000000e+00  1.79931732e+00 
 1.76418026e-06  1.80000000e+00  1.79960464e+00 
 1.76826569e-06  1.80000000e+00  1.79988071e+00 
 1.77264580e-06  1.80000000e+00  1.79995163e+00 
 1.78140602e-06  1.80000000e+00  1.80001050e+00 
 1.79892645e-06  1.80000000e+00  1.79999027e+00 
 1.83327790e-06  1.80000000e+00  1.80000942e+00 
 1.90198079e-06  1.80000000e+00  1.79999054e+00 
 2.00000000e-06  1.80000000e+00  1.80000930e+00 
 2.00001000e-06  1.62000000e+00  1.79882781e+00 
 2.00003000e-06  1.26000000e+00  1.79669826e+00 
 2.00007000e-06  5.40000000e-01  1.79399978e+00 
 2.00010000e-06  3.67639252e-12  1.79268535e+00 
 2.00010430e-06  0.00000000e+00  1.79300716e+00 
 2.00011290e-06  0.00000000e+00  1.79376084e+00 
 2.00013011e-06  0.00000000e+00  1.79477561e+00 
 2.00016452e-06  0.00000000e+00  1.79596564e+00 
 2.00023334e-06  0.00000000e+00  1.79782333e+00 
 2.00037098e-06  0.00000000e+00  1.79974015e+00 
 2.00056607e-06  0.00000000e+00  1.80100784e+00 
 2.00092698e-06  0.00000000e+00  1.80180196e+00 
 2.00143412e-06  0.00000000e+00  1.80138468e+00 
 2.00196004e-06  0.00000000e+00  1.80022181e+00 
 2.00260427e-06  0.00000000e+00  1.79869839e+00 
 2.00336702e-06  0.00000000e+00  1.79866675e+00 
 2.00412235e-06  0.00000000e+00  1.79922130e+00 
 2.00497433e-06  0.00000000e+00  1.79940771e+00 
 2.00572405e-06  0.00000000e+00  1.79964741e+00 
 2.00653991e-06  0.00000000e+00  1.79973157e+00 
 2.00755870e-06  0.00000000e+00  1.79989473e+00 
 2.00852791e-06  0.00000000e+00  1.79986828e+00 
 2.00954333e-06  0.00000000e+00  1.79996148e+00 
 2.01096561e-06  0.00000000e+00  1.79991866e+00 
 2.01250890e-06  0.00000000e+00  1.79999702e+00 
 2.01509498e-06  0.00000000e+00  1.79996745e+00 
 2.01830358e-06  0.00000000e+00  1.80021799e+00 
 2.02061095e-06  0.00000000e+00  1.80025478e+00 
 2.02270371e-06  0.00000000e+00  1.79964817e+00 
 2.02474822e-06  0.00000000e+00  1.79949129e+00 
 2.02668000e-06  0.00000000e+00  1.79864978e+00 
 2.02852229e-06  0.00000000e+00  1.79832562e+00 
 2.03088408e-06  0.00000000e+00  1.79951310e+00 
 2.03313678e-06  0.00000000e+00  1.79980948e+00 
 2.03616153e-06  0.00000000e+00  1.79998920e+00 
 2.03983303e-06  0.00000000e+00  1.79995128e+00 
 2.04495641e-06  0.00000000e+00  1.80001454e+00 
 2.05239186e-06  0.00000000e+00  1.79995493e+00 
 2.06318799e-06  0.00000000e+00  1.80001751e+00 
 2.07985206e-06  0.00000000e+00  1.79995827e+00 
 2.10525391e-06  0.00000000e+00  1.80002150e+00 
 2.14485772e-06  0.00000000e+00  1.79996227e+00 
 2.20695068e-06  0.00000000e+00  1.80002551e+00 
 2.25010000e-06  0.00000000e+00  1.79996496e+00 
 2.25011000e-06  1.80000000e-01  1.80064513e+00 
 2.25013000e-06  5.40000000e-01  1.80193723e+00 
 2.25017000e-06  1.26000000e+00  1.80476424e+00 
 2.25020000e-06  1.80000000e+00  1.80685608e+00 
 2.25020073e-06  1.80000000e+00  1.80686479e+00 
 2.25020219e-06  1.80000000e+00  1.80683341e+00 
 2.25020511e-06  1.80000000e+00  1.80663695e+00 
 2.25021095e-06  1.80000000e+00  1.80626969e+00 
 2.25022263e-06  1.80000000e+00  1.80589130e+00 
 2.25024600e-06  1.80000000e+00  1.80551654e+00 
 2.25029272e-06  1.80000000e+00  1.80493033e+00 
 2.25038617e-06  1.80000000e+00  1.80410055e+00 
 2.25057308e-06  1.80000000e+00  1.80306223e+00 
 2.25090193e-06  1.80000000e+00  1.80199900e+00 
 2.25155963e-06  1.80000000e+00  1.80365471e+00 
 2.25215442e-06  1.80000000e+00  1.80566305e+00 
 2.25278807e-06  1.80000000e+00  1.80377097e+00 
 2.25349015e-06  1.80000000e+00  1.80166368e+00 
 2.25440048e-06  1.80000000e+00  1.80028790e+00 
 2.25515976e-06  1.80000000e+00  1.79953462e+00 
 2.25600972e-06  1.80000000e+00  1.79880019e+00 
 2.25687218e-06  1.80000000e+00  1.79828393e+00 
 2.25777659e-06  1.80000000e+00  1.79834526e+00 
 2.25898126e-06  1.80000000e+00  1.79868958e+00 
 2.26085080e-06  1.80000000e+00  1.79915749e+00 
 2.26325582e-06  1.80000000e+00  1.79954970e+00 
 2.26640970e-06  1.80000000e+00  1.79979213e+00 
 2.27070746e-06  1.80000000e+00  1.79994273e+00 
 2.27770287e-06  1.80000000e+00  1.79998928e+00 
 2.29169370e-06  1.80000000e+00  1.80000704e+00 
 2.31862024e-06  1.80000000e+00  1.79999343e+00 
 2.37247332e-06  1.80000000e+00  1.80000628e+00 
 2.47268268e-06  1.80000000e+00  1.79999369e+00 
 2.50000000e-06  1.80000000e+00  1.80000604e+00 
 2.50001000e-06  1.62000000e+00  1.79882555e+00 
 2.50003000e-06  1.26000000e+00  1.79670436e+00 
 2.50007000e-06  5.40000000e-01  1.79401233e+00 
 2.50010000e-06  3.67639252e-12  1.79269624e+00 
 2.50010430e-06  0.00000000e+00  1.79302011e+00 
 2.50011290e-06  0.00000000e+00  1.79377436e+00 
 2.50013011e-06  0.00000000e+00  1.79478288e+00 
 2.50016452e-06  0.00000000e+00  1.79596716e+00 
 2.50023335e-06  0.00000000e+00  1.79781863e+00 
 2.50037100e-06  0.00000000e+00  1.79973444e+00 
 2.50056622e-06  0.00000000e+00  1.80100594e+00 
 2.50092718e-06  0.00000000e+00  1.80180493e+00 
 2.50143468e-06  0.00000000e+00  1.80139241e+00 
 2.50196070e-06  0.00000000e+00  1.80022386e+00 
 2.50260431e-06  0.00000000e+00  1.79869080e+00 
 2.50336905e-06  0.00000000e+00  1.79870683e+00 
 2.50412114e-06  0.00000000e+00  1.79928387e+00 
 2.50495445e-06  0.00000000e+00  1.79939220e+00 
 2.50594513e-06  0.00000000e+00  1.79969657e+00 
 2.50685124e-06  0.00000000e+00  1.79974638e+00 
 2.50810177e-06  0.00000000e+00  1.79986365e+00 
 2.50926445e-06  0.00000000e+00  1.79989176e+00 
 2.51068742e-06  0.00000000e+00  1.79999627e+00 
 2.51198510e-06  0.00000000e+00  1.79992801e+00 
 2.51362001e-06  0.00000000e+00  1.80000828e+00 
 2.51497336e-06  0.00000000e+00  1.79993840e+00 
 2.51654390e-06  0.00000000e+00  1.80001046e+00 
 2.51807506e-06  0.00000000e+00  1.79994279e+00 
 2.51985257e-06  0.00000000e+00  1.80001073e+00 
 2.52340757e-06  0.00000000e+00  1.79994589e+00 
 2.52920389e-06  0.00000000e+00  1.80001337e+00 
 2.53979862e-06  0.00000000e+00  1.79995048e+00 
 2.56091303e-06  0.00000000e+00  1.80001939e+00 
 2.60314185e-06  0.00000000e+00  1.79995819e+00 
 2.68759950e-06  0.00000000e+00  1.80002708e+00 
 2.75010000e-06  0.00000000e+00  1.79996309e+00 
 2.75011000e-06  1.80000000e-01  1.80063771e+00 
 2.75013000e-06  5.40000000e-01  1.80191896e+00 
 2.75017000e-06  1.26000000e+00  1.80474409e+00 
 2.75020000e-06  1.80000000e+00  1.80683598e+00 
 2.75020073e-06  1.80000000e+00  1.80684439e+00 
 2.75020219e-06  1.80000000e+00  1.80681267e+00 
 2.75020511e-06  1.80000000e+00  1.80661729e+00 
 2.75021095e-06  1.80000000e+00  1.80625371e+00 
 2.75022263e-06  1.80000000e+00  1.80587956e+00 
 2.75024599e-06  1.80000000e+00  1.80550975e+00 
 2.75029270e-06  1.80000000e+00  1.80492819e+00 
 2.75038614e-06  1.80000000e+00  1.80409983e+00 
 2.75057301e-06  1.80000000e+00  1.80306151e+00 
 2.75090053e-06  1.80000000e+00  1.80200020e+00 
 2.75155557e-06  1.80000000e+00  1.80363898e+00 
 2.75215143e-06  1.80000000e+00  1.80567350e+00 
 2.75278510e-06  1.80000000e+00  1.80378992e+00 
 2.75348740e-06  1.80000000e+00  1.80169274e+00 
 2.75439947e-06  1.80000000e+00  1.80038279e+00 
 2.75514357e-06  1.80000000e+00  1.79969874e+00 
 2.75598052e-06  1.80000000e+00  1.79902032e+00 
 2.75670370e-06  1.80000000e+00  1.79845806e+00 
 2.75750673e-06  1.80000000e+00  1.79826169e+00 
 2.75854260e-06  1.80000000e+00  1.79849700e+00 
 2.75964507e-06  1.80000000e+00  1.79879203e+00 
 2.76185001e-06  1.80000000e+00  1.79931563e+00 
 2.76416711e-06  1.80000000e+00  1.79960337e+00 
 2.76824641e-06  1.80000000e+00  1.79987994e+00 
 2.77261726e-06  1.80000000e+00  1.79995135e+00 
 2.78135895e-06  1.80000000e+00  1.80001042e+00 
 2.79884234e-06  1.80000000e+00  1.79999030e+00 
 2.83380913e-06  1.80000000e+00  1.80000936e+00 
 2.90374269e-06  1.80000000e+00  1.79999063e+00 
 3.00000000e-06  1.80000000e+00  1.80000923e+00 
 3.00001000e-06  1.62000000e+00  1.79883110e+00 
 3.00003000e-06  1.26000000e+00  1.79671519e+00 
 3.00007000e-06  5.40000000e-01  1.79402146e+00 
 3.00010000e-06  3.67639252e-12  1.79270187e+00 
 3.00010430e-06  0.00000000e+00  1.79302620e+00 
 3.00011290e-06  0.00000000e+00  1.79378008e+00 
 3.00013011e-06  0.00000000e+00  1.79478621e+00 
 3.00016452e-06  0.00000000e+00  1.79596852e+00 
 3.00023334e-06  0.00000000e+00  1.79781932e+00 
 3.00037098e-06  0.00000000e+00  1.79973726e+00 
 3.00056612e-06  0.00000000e+00  1.80100841e+00 
 3.00092709e-06  0.00000000e+00  1.80180391e+00 
 3.00143462e-06  0.00000000e+00  1.80138578e+00 
 3.00196064e-06  0.00000000e+00  1.80022188e+00 
 3.00260385e-06  0.00000000e+00  1.79869457e+00 
 3.00336660e-06  0.00000000e+00  1.79866113e+00 
 3.00412182e-06  0.00000000e+00  1.79922734e+00 
 3.00497337e-06  0.00000000e+00  1.79940700e+00 
 3.00574828e-06  0.00000000e+00  1.79965785e+00 
 3.00655404e-06  0.00000000e+00  1.79973167e+00 
 3.00763176e-06  0.00000000e+00  1.79989823e+00 
 3.00863235e-06  0.00000000e+00  1.79986955e+00 
 3.00964291e-06  0.00000000e+00  1.79996464e+00 
 3.01107108e-06  0.00000000e+00  1.79991860e+00 
 3.01273629e-06  0.00000000e+00  1.80000112e+00 
 3.01545850e-06  0.00000000e+00  1.79997405e+00 
 3.01836239e-06  0.00000000e+00  1.80024752e+00 
 3.02064735e-06  0.00000000e+00  1.80018733e+00 
 3.02252254e-06  0.00000000e+00  1.79964237e+00 
 3.02429550e-06  0.00000000e+00  1.79958296e+00 
 3.02588819e-06  0.00000000e+00  1.79890767e+00 
 3.02760906e-06  0.00000000e+00  1.79821007e+00 
 3.02964165e-06  0.00000000e+00  1.79909532e+00 
 3.03161860e-06  0.00000000e+00  1.79965338e+00 
 3.03452808e-06  0.00000000e+00  1.79995810e+00 
 3.03781526e-06  0.00000000e+00  1.79994437e+00 
 3.04338716e-06  0.00000000e+00  1.80001705e+00 
 3.05150730e-06  0.00000000e+00  1.79995244e+00 
 3.06447146e-06  0.00000000e+00  1.80001994e+00 
 3.08624395e-06  0.00000000e+00  1.79995584e+00 
 3.10512500e-06  0.00000000e+00  1.79998159e+00 
 3.12227127e-06  0.00000000e+00  1.80003971e+00 
 3.13336297e-06  0.00000000e+00  1.79995573e+00 
 3.14489605e-06  0.00000000e+00  1.80003182e+00 
 3.15680488e-06  0.00000000e+00  1.79996064e+00 
 3.16520973e-06  0.00000000e+00  1.80001979e+00 
 3.17592209e-06  0.00000000e+00  1.79997175e+00 
 3.19619246e-06  0.00000000e+00  1.80001466e+00 
 3.21793161e-06  0.00000000e+00  1.79997688e+00 
 3.24272187e-06  0.00000000e+00  1.80001597e+00 
 3.25010000e-06  0.00000000e+00  1.80000733e+00 
 3.25011000e-06  1.80000000e-01  1.80062043e+00 
 3.25013000e-06  5.40000000e-01  1.80187694e+00 
 3.25017000e-06  1.26000000e+00  1.80469585e+00 
 3.25020000e-06  1.80000000e+00  1.80677102e+00 
 3.25020074e-06  1.80000000e+00  1.80678088e+00 
 3.25020223e-06  1.80000000e+00  1.80675249e+00 
 3.25020521e-06  1.80000000e+00  1.80656449e+00 
 3.25021117e-06  1.80000000e+00  1.80620171e+00 
 3.25022309e-06  1.80000000e+00  1.80581623e+00 
 3.25024693e-06  1.80000000e+00  1.80544161e+00 
 3.25029460e-06  1.80000000e+00  1.80486243e+00 
 3.25038995e-06  1.80000000e+00  1.80405557e+00 
 3.25058064e-06  1.80000000e+00  1.80304474e+00 
 3.25091208e-06  1.80000000e+00  1.80202567e+00 
 3.25157428e-06  1.80000000e+00  1.80378175e+00 
 3.25217659e-06  1.80000000e+00  1.80560540e+00 
 3.25281780e-06  1.80000000e+00  1.80352437e+00 
 3.25351963e-06  1.80000000e+00  1.80123170e+00 
 3.25441619e-06  1.80000000e+00  1.79998917e+00 
 3.25511713e-06  1.80000000e+00  1.79983301e+00 
 3.25591545e-06  1.80000000e+00  1.79993924e+00 
 3.25677280e-06  1.80000000e+00  1.79999443e+00 
 3.25765506e-06  1.80000000e+00  1.79987836e+00 
 3.25881155e-06  1.80000000e+00  1.79964053e+00 
 3.26073082e-06  1.80000000e+00  1.79953832e+00 
 3.26242450e-06  1.80000000e+00  1.79953222e+00 
 3.26431810e-06  1.80000000e+00  1.79901131e+00 
 3.26679232e-06  1.80000000e+00  1.79901617e+00 
 3.26934642e-06  1.80000000e+00  1.79936369e+00 
 3.27314543e-06  1.80000000e+00  1.79978749e+00 
 3.27728373e-06  1.80000000e+00  1.79988505e+00 
 3.28329071e-06  1.80000000e+00  1.80002460e+00 
 3.29530466e-06  1.80000000e+00  1.79996007e+00 
 3.31933258e-06  1.80000000e+00  1.80004185e+00 
 3.36738842e-06  1.80000000e+00  1.79995700e+00 
 3.45058204e-06  1.80000000e+00  1.80004343e+00 
 3.50000000e-06  1.80000000e+00  1.79995570e+00 
 3.50001000e-06  1.62000000e+00  1.79888924e+00 
 3.50003000e-06  1.26000000e+00  1.79680167e+00 
 3.50007000e-06  5.40000000e-01  1.79404363e+00 
 3.50010000e-06  3.67639252e-12  1.79273357e+00 
 3.50010434e-06  0.00000000e+00  1.79305082e+00 
 3.50011301e-06  0.00000000e+00  1.79379988e+00 
 3.50013037e-06  0.00000000e+00  1.79480580e+00 
 3.50016507e-06  0.00000000e+00  1.79598639e+00 
 3.50023448e-06  0.00000000e+00  1.79783606e+00 
 3.50037329e-06  0.00000000e+00  1.79974681e+00 
 3.50056914e-06  0.00000000e+00  1.80101278e+00 
 3.50093326e-06  0.00000000e+00  1.80180381e+00 
 3.50144808e-06  0.00000000e+00  1.80136762e+00 
 3.50197903e-06  0.00000000e+00  1.80018075e+00 
 3.50262005e-06  0.00000000e+00  1.79865113e+00 
 3.50338997e-06  0.00000000e+00  1.79870955e+00 
 3.50414842e-06  0.00000000e+00  1.79930272e+00 
 3.50495525e-06  0.00000000e+00  1.79939267e+00 
 3.50582801e-06  0.00000000e+00  1.79967986e+00 
 3.50676575e-06  0.00000000e+00  1.79973886e+00 
 3.50784203e-06  0.00000000e+00  1.79985163e+00 
 3.50917032e-06  0.00000000e+00  1.79988702e+00 
 3.51035586e-06  0.00000000e+00  1.79999111e+00 
 3.51160981e-06  0.00000000e+00  1.79992427e+00 
 3.51343407e-06  0.00000000e+00  1.80000720e+00 
 3.51490821e-06  0.00000000e+00  1.79993764e+00 
 3.51650952e-06  0.00000000e+00  1.80001017e+00 
 3.51808375e-06  0.00000000e+00  1.79994228e+00 
 3.51992679e-06  0.00000000e+00  1.80001052e+00 
 3.52347714e-06  0.00000000e+00  1.79994553e+00 
 3.52857195e-06  0.00000000e+00  1.80001299e+00 
 3.53876156e-06  0.00000000e+00  1.79995003e+00 
 3.55914079e-06  0.00000000e+00  1.80001904e+00 
 3.59989925e-06  0.00000000e+00  1.79995787e+00 
 3.68141617e-06  0.00000000e+00  1.80002689e+00 
 3.75010000e-06  0.00000000e+00  1.79996307e+00 
 3.75011000e-06  1.80000000e-01  1.80063497e+00 
 3.75013000e-06  5.40000000e-01  1.80191462e+00 
 3.75017000e-06  1.26000000e+00  1.80473724e+00 
 3.75020000e-06  1.80000000e+00  1.80681649e+00 
 3.75020073e-06  1.80000000e+00  1.80682507e+00 
 3.75020219e-06  1.80000000e+00  1.80679402e+00 
 3.75020511e-06  1.80000000e+00  1.80660005e+00 
 3.75021095e-06  1.80000000e+00  1.80623868e+00 
 3.75022263e-06  1.80000000e+00  1.80586703e+00 
 3.75024598e-06  1.80000000e+00  1.80550016e+00 
 3.75029269e-06  1.80000000e+00  1.80492397e+00 
 3.75038611e-06  1.80000000e+00  1.80410097e+00 
 3.75057295e-06  1.80000000e+00  1.80306372e+00 
 3.75090041e-06  1.80000000e+00  1.80200076e+00 
 3.75155532e-06  1.80000000e+00  1.80364134e+00 
 3.75215321e-06  1.80000000e+00  1.80567115e+00 
 3.75278816e-06  1.80000000e+00  1.80377931e+00 
 3.75349076e-06  1.80000000e+00  1.80168341e+00 
 3.75440179e-06  1.80000000e+00  1.80038343e+00 
 3.75514289e-06  1.80000000e+00  1.79970166e+00 
 3.75597730e-06  1.80000000e+00  1.79902279e+00 
 3.75670017e-06  1.80000000e+00  1.79845963e+00 
 3.75750239e-06  1.80000000e+00  1.79826205e+00 
 3.75853315e-06  1.80000000e+00  1.79849411e+00 
 3.75963084e-06  1.80000000e+00  1.79878765e+00 
 3.76182621e-06  1.80000000e+00  1.79931069e+00 
 3.76413742e-06  1.80000000e+00  1.79960025e+00 
 3.76820617e-06  1.80000000e+00  1.79987826e+00 
 3.77256119e-06  1.80000000e+00  1.79995081e+00 
 3.78127122e-06  1.80000000e+00  1.80001025e+00 
 3.79869128e-06  1.80000000e+00  1.79999047e+00 
 3.83353141e-06  1.80000000e+00  1.80000920e+00 
 3.90321167e-06  1.80000000e+00  1.79999076e+00 
 4.00000000e-06  1.80000000e+00  1.80000912e+00 
 4.00001000e-06  1.62000000e+00  1.79883535e+00 
 4.00003000e-06  1.26000000e+00  1.79672723e+00 
 4.00007000e-06  5.40000000e-01  1.79403585e+00 
 4.00010000e-06  0.00000000e+00  1.79271383e+00 
 4.00010430e-06  0.00000000e+00  1.79303707e+00 
 4.00011290e-06  0.00000000e+00  1.79378944e+00 
 4.00013011e-06  0.00000000e+00  1.79479209e+00 
 4.00016452e-06  0.00000000e+00  1.79596889e+00 
 4.00023335e-06  0.00000000e+00  1.79781576e+00 
 4.00037100e-06  0.00000000e+00  1.79973370e+00 
 4.00056613e-06  0.00000000e+00  1.80100828e+00 
 4.00092713e-06  0.00000000e+00  1.80180588e+00 
 4.00143467e-06  0.00000000e+00  1.80138828e+00 
 4.00196073e-06  0.00000000e+00  1.80022134e+00 
 4.00260349e-06  0.00000000e+00  1.79868927e+00 
 4.00336587e-06  0.00000000e+00  1.79865276e+00 
 4.00412110e-06  0.00000000e+00  1.79923034e+00 
 4.00497223e-06  0.00000000e+00  1.79940599e+00 
 4.00572140e-06  0.00000000e+00  1.79965535e+00 
 4.00653672e-06  0.00000000e+00  1.79972829e+00 
 4.00743883e-06  0.00000000e+00  1.79988759e+00 
 4.00836569e-06  0.00000000e+00  1.79985915e+00 
 4.00934175e-06  0.00000000e+00  1.79995942e+00 
 4.01064316e-06  0.00000000e+00  1.79991291e+00 
 4.01218398e-06  0.00000000e+00  1.79999642e+00 
 4.01457182e-06  0.00000000e+00  1.79995976e+00 
 4.01792578e-06  0.00000000e+00  1.80019120e+00 
 4.02026082e-06  0.00000000e+00  1.80027105e+00 
 4.02227733e-06  0.00000000e+00  1.79972425e+00 
 4.02419562e-06  0.00000000e+00  1.79947610e+00 
 4.02611751e-06  0.00000000e+00  1.79899065e+00 
 4.02794969e-06  0.00000000e+00  1.79823180e+00 
 4.03024498e-06  0.00000000e+00  1.79928386e+00 
 4.03235129e-06  0.00000000e+00  1.79973221e+00 
 4.03534245e-06  0.00000000e+00  1.79998391e+00 
 4.03872986e-06  0.00000000e+00  1.79993528e+00 
 4.04392067e-06  0.00000000e+00  1.79995542e+00 
 4.04968434e-06  0.00000000e+00  1.79992641e+00 
 4.05423606e-06  0.00000000e+00  1.80003717e+00 
 4.05935376e-06  0.00000000e+00  1.79995901e+00 
 4.06403523e-06  0.00000000e+00  1.80020997e+00 
 4.06774433e-06  0.00000000e+00  1.79975026e+00 
 4.07171020e-06  0.00000000e+00  1.80015310e+00 
 4.07559568e-06  0.00000000e+00  1.79986161e+00 
 4.08000196e-06  0.00000000e+00  1.80010760e+00 
 4.08651543e-06  0.00000000e+00  1.79988760e+00 
 4.09412873e-06  0.00000000e+00  1.80009319e+00 
 4.10143787e-06  0.00000000e+00  1.79989534e+00 
 4.11001076e-06  0.00000000e+00  1.80008056e+00 
 4.11897454e-06  0.00000000e+00  1.79990725e+00 
 4.13623239e-06  0.00000000e+00  1.80007467e+00 
 4.16113953e-06  0.00000000e+00  1.79991293e+00 
 4.20157896e-06  0.00000000e+00  1.80007436e+00 
 4.25010000e-06  6.67038446e-12  1.79991670e+00 
 4.25011000e-06  1.80000000e-01  1.80060013e+00 
 4.25013000e-06  5.40000000e-01  1.80189695e+00 
 4.25017000e-06  1.26000000e+00  1.80470575e+00 
 4.25020000e-06  1.80000000e+00  1.80677581e+00 
 4.25020073e-06  1.80000000e+00  1.80678476e+00 
 4.25020219e-06  1.80000000e+00  1.80675568e+00 
 4.25020511e-06  1.80000000e+00  1.80656613e+00 
 4.25021095e-06  1.80000000e+00  1.80619834e+00 
 4.25022263e-06  1.80000000e+00  1.80580958e+00 
 4.25024600e-06  1.80000000e+00  1.80543682e+00 
 4.25029273e-06  1.80000000e+00  1.80486936e+00 
 4.25038618e-06  1.80000000e+00  1.80407795e+00 
 4.25057309e-06  1.80000000e+00  1.80307307e+00 
 4.25089949e-06  1.80000000e+00  1.80200906e+00 
 4.25155228e-06  1.80000000e+00  1.80361837e+00 
 4.25215083e-06  1.80000000e+00  1.80562397e+00 
 4.25278580e-06  1.80000000e+00  1.80359189e+00 
 4.25348857e-06  1.80000000e+00  1.80121221e+00 
 4.25440158e-06  1.80000000e+00  1.79988002e+00 
 4.25511770e-06  1.80000000e+00  1.79968244e+00 
 4.25592971e-06  1.80000000e+00  1.79966133e+00 
 4.25679447e-06  1.80000000e+00  1.79964834e+00 
 4.25768641e-06  1.80000000e+00  1.79971635e+00 
 4.25884472e-06  1.80000000e+00  1.79978580e+00 
 4.26080370e-06  1.80000000e+00  1.79986755e+00 
 4.26323193e-06  1.80000000e+00  1.79993022e+00 
 4.26630741e-06  1.80000000e+00  1.79996602e+00 
 4.27061827e-06  1.80000000e+00  1.79999179e+00 
 4.27719092e-06  1.80000000e+00  1.79999692e+00 
 4.29033623e-06  1.80000000e+00  1.80000221e+00 
 4.31662683e-06  1.80000000e+00  1.79999778e+00 
 4.36920804e-06  1.80000000e+00  1.80000208e+00 
 4.47437047e-06  1.80000000e+00  1.79999781e+00 
 4.50000000e-06  1.80000000e+00  1.80000206e+00 
 4.50001000e-06  1.62000000e+00  1.79882882e+00 
 4.50003000e-06  1.26000000e+00  1.79670821e+00 
 4.50007000e-06  5.40000000e-01  1.79400996e+00 
 4.50010000e-06  0.00000000e+00  1.79270990e+00 
 4.50010431e-06  0.00000000e+00  1.79303882e+00 
 4.50011292e-06  0.00000000e+00  1.79381320e+00 
 4.50013014e-06  0.00000000e+00  1.79486039e+00 
 4.50016458e-06  0.00000000e+00  1.79604194e+00 
 4.50023347e-06  0.00000000e+00  1.79786248e+00 
 4.50037125e-06  0.00000000e+00  1.79971075e+00 
 4.50056632e-06  0.00000000e+00  1.80094976e+00 
 4.50092634e-06  0.00000000e+00  1.80177448e+00 
 4.50143441e-06  0.00000000e+00  1.80163516e+00 
 4.50196070e-06  0.00000000e+00  1.80071588e+00 
 4.50256156e-06  0.00000000e+00  1.79888733e+00 
 4.50327553e-06  0.00000000e+00  1.79751928e+00 
 4.50402284e-06  0.00000000e+00  1.79779494e+00 
 4.50494554e-06  0.00000000e+00  1.79847734e+00 
 4.50583710e-06  0.00000000e+00  1.79908248e+00 
 4.50683113e-06  0.00000000e+00  1.79940881e+00 
 4.50797712e-06  0.00000000e+00  1.79965939e+00 
 4.50916243e-06  0.00000000e+00  1.79978376e+00 
 4.51038240e-06  0.00000000e+00  1.79991274e+00 
 4.51163957e-06  0.00000000e+00  1.79990536e+00 
 4.51325946e-06  0.00000000e+00  1.79998201e+00 
 4.51468826e-06  0.00000000e+00  1.79994167e+00 
 4.51621001e-06  0.00000000e+00  1.79999910e+00 
 4.51786141e-06  0.00000000e+00  1.79994997e+00 
 4.51973146e-06  0.00000000e+00  1.80000403e+00 
 4.52316107e-06  0.00000000e+00  1.79995334e+00 
 4.52818359e-06  0.00000000e+00  1.80000727e+00 
 4.53818532e-06  0.00000000e+00  1.79995717e+00 
 4.55727959e-06  0.00000000e+00  1.80001283e+00 
 4.59410058e-06  0.00000000e+00  1.79996412e+00 
 4.66774256e-06  0.00000000e+00  1.80002016e+00 
 4.75010000e-06  6.67038446e-12  1.79996951e+00 
 4.75011000e-06  1.80000000e-01  1.80065631e+00 
 4.75013000e-06  5.40000000e-01  1.80195066e+00 
 4.75017000e-06  1.26000000e+00  1.80474237e+00 
 4.75020000e-06  1.80000000e+00  1.80680540e+00 
 4.75020073e-06  1.80000000e+00  1.80681406e+00 
 4.75020219e-06  1.80000000e+00  1.80678453e+00 
 4.75020511e-06  1.80000000e+00  1.80659387e+00 
 4.75021094e-06  1.80000000e+00  1.80622538e+00 
 4.75022262e-06  1.80000000e+00  1.80583941e+00 
 4.75024597e-06  1.80000000e+00  1.80546451e+00 
 4.75029266e-06  1.80000000e+00  1.80489010e+00 
 4.75038606e-06  1.80000000e+00  1.80408978e+00 
 4.75057284e-06  1.80000000e+00  1.80307767e+00 
 4.75089802e-06  1.80000000e+00  1.80201371e+00 
 4.75154837e-06  1.80000000e+00  1.80360671e+00 
 4.75214723e-06  1.80000000e+00  1.80564453e+00 
 4.75278166e-06  1.80000000e+00  1.80364784e+00 
 4.75348458e-06  1.80000000e+00  1.80117481e+00 
 4.75440017e-06  1.80000000e+00  1.79961157e+00 
 4.75514454e-06  1.80000000e+00  1.79949120e+00 
 4.75598119e-06  1.80000000e+00  1.79981581e+00 
 4.75670555e-06  1.80000000e+00  1.80022209e+00 
 4.75750905e-06  1.80000000e+00  1.80076935e+00 
 4.75854871e-06  1.80000000e+00  1.80112359e+00 
 4.75965294e-06  1.80000000e+00  1.80095145e+00 
 4.76078717e-06  1.80000000e+00  1.80071590e+00 
 4.76247319e-06  1.80000000e+00  1.80046546e+00 
 4.76455193e-06  1.80000000e+00  1.80030118e+00 
 4.76718006e-06  1.80000000e+00  1.80015151e+00 
 4.77076750e-06  1.80000000e+00  1.80006530e+00 
 4.77529996e-06  1.80000000e+00  1.80001262e+00 
 4.78436488e-06  1.80000000e+00  1.80000384e+00 
 4.79844547e-06  1.80000000e+00  1.79999535e+00 
 4.82660664e-06  1.80000000e+00  1.80000471e+00 
 4.88292897e-06  1.80000000e+00  1.79999515e+00 
 4.99557365e-06  1.80000000e+00  1.80000478e+00 
 5.00000000e-06  1.80000000e+00  1.79999489e+00 
 5.00001000e-06  1.62000000e+00  1.79882913e+00 
 5.00003000e-06  1.26000000e+00  1.79671721e+00 
 5.00007000e-06  5.40000000e-01  1.79401603e+00 
 5.00010000e-06  0.00000000e+00  1.79271670e+00 
 5.00010434e-06  0.00000000e+00  1.79304857e+00 
 5.00011301e-06  0.00000000e+00  1.79382689e+00 
 5.00013036e-06  0.00000000e+00  1.79487566e+00 
 5.00016506e-06  0.00000000e+00  1.79606207e+00 
 5.00023445e-06  0.00000000e+00  1.79788459e+00 
 5.00037325e-06  0.00000000e+00  1.79972797e+00 
 5.00056872e-06  0.00000000e+00  1.80095680e+00 
 5.00093163e-06  0.00000000e+00  1.80178019e+00 
 5.00144506e-06  0.00000000e+00  1.80163828e+00 
 5.00197488e-06  0.00000000e+00  1.80070026e+00 
 5.00261287e-06  0.00000000e+00  1.79877625e+00 
 5.00337631e-06  0.00000000e+00  1.79795277e+00 
 5.00413900e-06  0.00000000e+00  1.79830729e+00 
 5.00497459e-06  0.00000000e+00  1.79771634e+00 
 5.00568674e-06  0.00000000e+00  1.79932856e+00 
 5.00647515e-06  0.00000000e+00  1.80025523e+00 
 5.00719550e-06  0.00000000e+00  1.80072520e+00 
 5.00803798e-06  0.00000000e+00  1.80044520e+00 
 5.00891192e-06  0.00000000e+00  1.80027659e+00 
 5.00997890e-06  0.00000000e+00  1.80016674e+00 
 5.01133295e-06  0.00000000e+00  1.80005236e+00 
 5.01334584e-06  0.00000000e+00  1.80003288e+00 
 5.01465870e-06  0.00000000e+00  1.80000149e+00 
 5.01619078e-06  0.00000000e+00  1.80005208e+00 
 5.01787556e-06  0.00000000e+00  1.80014199e+00 
 5.01955136e-06  0.00000000e+00  1.80042630e+00 
 5.02129958e-06  0.00000000e+00  1.79994430e+00 
 5.02278813e-06  0.00000000e+00  1.79938830e+00 
 5.02436233e-06  0.00000000e+00  1.79980380e+00 
 5.02569160e-06  0.00000000e+00  1.79887885e+00 
 5.02716361e-06  0.00000000e+00  1.79829157e+00 
 5.02898639e-06  0.00000000e+00  1.79878748e+00 
 5.03075051e-06  0.00000000e+00  1.79950211e+00 
 5.03364619e-06  0.00000000e+00  1.79991024e+00 
 5.03679796e-06  0.00000000e+00  1.79995560e+00 
 5.04310149e-06  0.00000000e+00  1.80000201e+00 
 5.05293681e-06  0.00000000e+00  1.79996873e+00 
 5.06413513e-06  0.00000000e+00  1.80001619e+00 
 5.07440658e-06  0.00000000e+00  1.80006043e+00 
 5.08306515e-06  0.00000000e+00  1.79993234e+00 
 5.08949752e-06  0.00000000e+00  1.79990211e+00 
 5.09554381e-06  0.00000000e+00  1.80000020e+00 
 5.10209219e-06  0.00000000e+00  1.80000623e+00 
 5.10914436e-06  0.00000000e+00  1.79996082e+00 
 5.12193344e-06  0.00000000e+00  1.80002456e+00 
 5.13624644e-06  0.00000000e+00  1.79995457e+00 
 5.15260034e-06  0.00000000e+00  1.80001407e+00 
 5.16893351e-06  0.00000000e+00  1.79996516e+00 
 5.18811138e-06  0.00000000e+00  1.80005267e+00 
 5.20952436e-06  0.00000000e+00  1.79992108e+00 
 5.22935840e-06  0.00000000e+00  1.80008579e+00 
 5.25010000e-06  6.67038446e-12  1.79989870e+00 
 5.25011000e-06  1.80000000e-01  1.80057305e+00 
 5.25013000e-06  5.40000000e-01  1.80184818e+00 
 5.25017000e-06  1.26000000e+00  1.80465133e+00 
 5.25020000e-06  1.80000000e+00  1.80673669e+00 
 5.25020073e-06  1.80000000e+00  1.80674564e+00 
 5.25020219e-06  1.80000000e+00  1.80671705e+00 
 5.25020511e-06  1.80000000e+00  1.80653005e+00 
 5.25021095e-06  1.80000000e+00  1.80616701e+00 
 5.25022264e-06  1.80000000e+00  1.80578298e+00 
 5.25024600e-06  1.80000000e+00  1.80541645e+00 
 5.25029273e-06  1.80000000e+00  1.80485864e+00 
 5.25038620e-06  1.80000000e+00  1.80408126e+00 
 5.25057312e-06  1.80000000e+00  1.80308565e+00 
 5.25090165e-06  1.80000000e+00  1.80202126e+00 
 5.25155752e-06  1.80000000e+00  1.80365725e+00 
 5.25215799e-06  1.80000000e+00  1.80561700e+00 
 5.25279496e-06  1.80000000e+00  1.80356056e+00 
 5.25349782e-06  1.80000000e+00  1.80119209e+00 
 5.25441497e-06  1.80000000e+00  1.79986701e+00 
 5.25513109e-06  1.80000000e+00  1.79968152e+00 
 5.25594375e-06  1.80000000e+00  1.79966581e+00 
 5.25681051e-06  1.80000000e+00  1.79965182e+00 
 5.25770297e-06  1.80000000e+00  1.79971952e+00 
 5.25885981e-06  1.80000000e+00  1.79978681e+00 
 5.26085137e-06  1.80000000e+00  1.79987010e+00 
 5.26324482e-06  1.80000000e+00  1.79992990e+00 
 5.26635346e-06  1.80000000e+00  1.79996704e+00 
 5.27063405e-06  1.80000000e+00  1.79999124e+00 
 5.27749212e-06  1.80000000e+00  1.79999771e+00 
 5.29120827e-06  1.80000000e+00  1.80000158e+00 
 5.31858955e-06  1.80000000e+00  1.79999839e+00 
 5.37335212e-06  1.80000000e+00  1.80000149e+00 
 5.43928012e-06  1.80000000e+00  1.79999842e+00 
 5.50000000e-06  1.80000000e+00  1.80000149e+00 
 5.50001000e-06  1.62000000e+00  1.79882994e+00 
 5.50003000e-06  1.26000000e+00  1.79671286e+00 
 5.50007000e-06  5.40000000e-01  1.79401423e+00 
 5.50010000e-06  0.00000000e+00  1.79271298e+00 
 5.50010430e-06  0.00000000e+00  1.79304215e+00 
 5.50011291e-06  0.00000000e+00  1.79381681e+00 
 5.50013011e-06  0.00000000e+00  1.79486314e+00 
 5.50016453e-06  0.00000000e+00  1.79604281e+00 
 5.50023335e-06  0.00000000e+00  1.79786162e+00 
 5.50037101e-06  0.00000000e+00  1.79970872e+00 
 5.50056627e-06  0.00000000e+00  1.80094980e+00 
 5.50092714e-06  0.00000000e+00  1.80177526e+00 
 5.50143565e-06  0.00000000e+00  1.80163327e+00 
 5.50196255e-06  0.00000000e+00  1.80071118e+00 
 5.50256415e-06  0.00000000e+00  1.79887782e+00 
 5.50327861e-06  0.00000000e+00  1.79751807e+00 
 5.50402667e-06  0.00000000e+00  1.79780016e+00 
 5.50494940e-06  0.00000000e+00  1.79848112e+00 
 5.50585926e-06  0.00000000e+00  1.79909534e+00 
 5.50685262e-06  0.00000000e+00  1.79941263e+00 
 5.50811357e-06  0.00000000e+00  1.79968626e+00 
 5.50925911e-06  0.00000000e+00  1.79979235e+00 
 5.51066736e-06  0.00000000e+00  1.79992427e+00 
 5.51201248e-06  0.00000000e+00  1.79991312e+00 
 5.51359317e-06  0.00000000e+00  1.79998478e+00 
 5.51528978e-06  0.00000000e+00  1.79994430e+00 
 5.51705898e-06  0.00000000e+00  1.80000083e+00 
 5.51915664e-06  0.00000000e+00  1.79995113e+00 
 5.52265891e-06  0.00000000e+00  1.80000559e+00 
 5.52779001e-06  0.00000000e+00  1.79995452e+00 
 5.53711171e-06  0.00000000e+00  1.80000945e+00 
 5.55416374e-06  0.00000000e+00  1.79995973e+00 
 5.58493096e-06  0.00000000e+00  1.80001597e+00 
 5.64487192e-06  0.00000000e+00  1.79996671e+00 
 5.75010000e-06  6.67038446e-12  1.80002216e+00 
 5.75011000e-06  1.80000000e-01  1.80066340e+00 
 5.75013000e-06  5.40000000e-01  1.80194382e+00 
 5.75017000e-06  1.26000000e+00  1.80474555e+00 
 5.75020000e-06  1.80000000e+00  1.80679459e+00 
 5.75020075e-06  1.80000000e+00  1.80680383e+00 
 5.75020224e-06  1.80000000e+00  1.80677368e+00 
 5.75020522e-06  1.80000000e+00  1.80657878e+00 
 5.75021118e-06  1.80000000e+00  1.80620755e+00 
 5.75022310e-06  1.80000000e+00  1.80582372e+00 
 5.75024694e-06  1.80000000e+00  1.80544675e+00 
 5.75029462e-06  1.80000000e+00  1.80486600e+00 
 5.75038998e-06  1.80000000e+00  1.80406161e+00 
 5.75058070e-06  1.80000000e+00  1.80304279e+00 
 5.75091318e-06  1.80000000e+00  1.80199881e+00 
 5.75157813e-06  1.80000000e+00  1.80377597e+00 
 5.75218453e-06  1.80000000e+00  1.80557118e+00 
 5.75282894e-06  1.80000000e+00  1.80346963e+00 
 5.75353160e-06  1.80000000e+00  1.80103734e+00 
 5.75442614e-06  1.80000000e+00  1.79960041e+00 
 5.75514553e-06  1.80000000e+00  1.79948237e+00 
 5.75596180e-06  1.80000000e+00  1.79980302e+00 
 5.75667566e-06  1.80000000e+00  1.80019581e+00 
 5.75746629e-06  1.80000000e+00  1.80074064e+00 
 5.75848646e-06  1.80000000e+00  1.80111456e+00 
 5.75957336e-06  1.80000000e+00  1.80097405e+00 
 5.76066484e-06  1.80000000e+00  1.80073602e+00 
 5.76240840e-06  1.80000000e+00  1.80047565e+00 
 5.76423889e-06  1.80000000e+00  1.80032040e+00 
 5.76707947e-06  1.80000000e+00  1.80015828e+00 
 5.77036251e-06  1.80000000e+00  1.80006983e+00 
 5.77499410e-06  1.80000000e+00  1.80001653e+00 
 5.78418758e-06  1.80000000e+00  1.80000113e+00 
 5.79615215e-06  1.80000000e+00  1.79999776e+00 
 5.81982874e-06  1.80000000e+00  1.80000228e+00 
 5.86509852e-06  1.80000000e+00  1.79999753e+00 
 5.95298002e-06  1.80000000e+00  1.80000238e+00 
 6.00000000e-06  1.80000000e+00  1.79999749e+00 
 6.00001000e-06  1.62000000e+00  1.79883210e+00 
 6.00003000e-06  1.26000000e+00  1.79672074e+00 
 6.00007000e-06  5.40000000e-01  1.79401930e+00 
 6.00010000e-06  0.00000000e+00  1.79271875e+00 
 6.00010434e-06  0.00000000e+00  1.79305112e+00 
 6.00011301e-06  0.00000000e+00  1.79383024e+00 
 6.00013036e-06  0.00000000e+00  1.79487874e+00 
 6.00016507e-06  0.00000000e+00  1.79606465e+00 
 6.00023447e-06  0.00000000e+00  1.79788670e+00 
 6.00037328e-06  0.00000000e+00  1.79972880e+00 
 6.00056903e-06  0.00000000e+00  1.80095846e+00 
 6.00093319e-06  0.00000000e+00  1.80178156e+00 
 6.00144800e-06  0.00000000e+00  1.80163451e+00 
 6.00197904e-06  0.00000000e+00  1.80069060e+00 
 6.00261951e-06  0.00000000e+00  1.79875529e+00 
 6.00338302e-06  0.00000000e+00  1.79796034e+00 
 6.00414601e-06  0.00000000e+00  1.79830558e+00 
 6.00498322e-06  0.00000000e+00  1.79772834e+00 
 6.00571460e-06  0.00000000e+00  1.79937213e+00 
 6.00649273e-06  0.00000000e+00  1.80027019e+00 
 6.00722345e-06  0.00000000e+00  1.80072568e+00 
 6.00805235e-06  0.00000000e+00  1.80044411e+00 
 6.00895895e-06  0.00000000e+00  1.80026813e+00 
 6.01001468e-06  0.00000000e+00  1.80016727e+00 
 6.01161224e-06  0.00000000e+00  1.80003647e+00 
 6.01349579e-06  0.00000000e+00  1.80003467e+00 
 6.01486581e-06  0.00000000e+00  1.79999620e+00 
 6.01639636e-06  0.00000000e+00  1.80005662e+00 
 6.01804853e-06  0.00000000e+00  1.80014338e+00 
 6.01996660e-06  0.00000000e+00  1.80040555e+00 
 6.02175673e-06  0.00000000e+00  1.79984219e+00 
 6.02323395e-06  0.00000000e+00  1.79932270e+00 
 6.02483204e-06  0.00000000e+00  1.79984381e+00 
 6.02616937e-06  0.00000000e+00  1.79875421e+00 
 6.02763283e-06  0.00000000e+00  1.79831428e+00 
 6.02939298e-06  0.00000000e+00  1.79886407e+00 
 6.03150161e-06  0.00000000e+00  1.79966152e+00 
 6.03415258e-06  0.00000000e+00  1.79990897e+00 
 6.03775428e-06  0.00000000e+00  1.80000159e+00 
 6.04345503e-06  0.00000000e+00  1.80020670e+00 
 6.05011040e-06  0.00000000e+00  1.79974708e+00 
 6.05452528e-06  0.00000000e+00  1.79995635e+00 
 6.05948159e-06  0.00000000e+00  1.79990669e+00 
 6.06543915e-06  0.00000000e+00  1.80009383e+00 
 6.07099028e-06  0.00000000e+00  1.79986749e+00 
 6.08209254e-06  0.00000000e+00  1.80011099e+00 
 6.09527828e-06  0.00000000e+00  1.79986721e+00 
 6.11635011e-06  0.00000000e+00  1.80011416e+00 
 6.14830553e-06  0.00000000e+00  1.79987049e+00 
 6.19465979e-06  0.00000000e+00  1.80011676e+00 
 6.25010000e-06  6.67038446e-12  1.79987354e+00 
 6.25011000e-06  1.80000000e-01  1.80055355e+00 
 6.25013000e-06  5.40000000e-01  1.80185974e+00 
 6.25017000e-06  1.26000000e+00  1.80468888e+00 
 6.25020000e-06  1.80000000e+00  1.80674934e+00 
 6.25020074e-06  1.80000000e+00  1.80675786e+00 
 6.25020223e-06  1.80000000e+00  1.80672551e+00 
 6.25020521e-06  1.80000000e+00  1.80652753e+00 
 6.25021117e-06  1.80000000e+00  1.80616533e+00 
 6.25022309e-06  1.80000000e+00  1.80579848e+00 
 6.25024692e-06  1.80000000e+00  1.80543388e+00 
 6.25029459e-06  1.80000000e+00  1.80486742e+00 
 6.25038993e-06  1.80000000e+00  1.80406251e+00 
 6.25058061e-06  1.80000000e+00  1.80303590e+00 
 6.25091297e-06  1.80000000e+00  1.80199109e+00 
 6.25157274e-06  1.80000000e+00  1.80374566e+00 
 6.25217976e-06  1.80000000e+00  1.80561422e+00 
 6.25282365e-06  1.80000000e+00  1.80364058e+00 
 6.25352610e-06  1.80000000e+00  1.80157488e+00 
 6.25442087e-06  1.80000000e+00  1.80028407e+00 
 6.25515001e-06  1.80000000e+00  1.79953869e+00 
 6.25597645e-06  1.80000000e+00  1.79884643e+00 
 6.25681943e-06  1.80000000e+00  1.79830574e+00 
 6.25770262e-06  1.80000000e+00  1.79832586e+00 
 6.25889322e-06  1.80000000e+00  1.79865604e+00 
 6.26069069e-06  1.80000000e+00  1.79911670e+00 
 6.26317781e-06  1.80000000e+00  1.79953853e+00 
 6.26618984e-06  1.80000000e+00  1.79977815e+00 
 6.27051994e-06  1.80000000e+00  1.79993943e+00 
 6.27695960e-06  1.80000000e+00  1.79998605e+00 
 6.28983891e-06  1.80000000e+00  1.80000771e+00 
 6.31559755e-06  1.80000000e+00  1.79999300e+00 
 6.36711481e-06  1.80000000e+00  1.80000662e+00 
 6.47014935e-06  1.80000000e+00  1.79999332e+00 
 6.50000000e-06  1.80000000e+00  1.80000633e+00 
 6.50001000e-06  1.62000000e+00  1.79883679e+00 
 6.50003000e-06  1.26000000e+00  1.79673744e+00 
 6.50007000e-06  5.40000000e-01  1.79404832e+00 
 6.50010000e-06  0.00000000e+00  1.79272525e+00 
 6.50010430e-06  0.00000000e+00  1.79304894e+00 
 6.50011290e-06  0.00000000e+00  1.79380188e+00 
 6.50013010e-06  0.00000000e+00  1.79480147e+00 
 6.50016450e-06  0.00000000e+00  1.79597118e+00 
 6.50023330e-06  0.00000000e+00  1.79781164e+00 
 6.50037089e-06  0.00000000e+00  1.79972664e+00 
 6.50056606e-06  0.00000000e+00  1.80100496e+00 
 6.50092688e-06  0.00000000e+00  1.80180860e+00 
 6.50143400e-06  0.00000000e+00  1.80140055e+00 
 6.50195980e-06  0.00000000e+00  1.80022632e+00 
 6.50260218e-06  0.00000000e+00  1.79867596e+00 
 6.50336751e-06  0.00000000e+00  1.79867670e+00 
 6.50411836e-06  0.00000000e+00  1.79929504e+00 
 6.50493310e-06  0.00000000e+00  1.79939018e+00 
 6.50581908e-06  0.00000000e+00  1.79968095e+00 
 6.50674728e-06  0.00000000e+00  1.79973797e+00 
 6.50783934e-06  0.00000000e+00  1.79985528e+00 
 6.50920947e-06  0.00000000e+00  1.79988631e+00 
 6.51041206e-06  0.00000000e+00  1.79999550e+00 
 6.51168116e-06  0.00000000e+00  1.79992265e+00 
 6.51352587e-06  0.00000000e+00  1.80001043e+00 
 6.51522184e-06  0.00000000e+00  1.79993626e+00 
 6.51686436e-06  0.00000000e+00  1.80001303e+00 
 6.51886876e-06  0.00000000e+00  1.79994091e+00 
 6.52106587e-06  0.00000000e+00  1.80001347e+00 
 6.52467410e-06  0.00000000e+00  1.79994423e+00 
 6.52997241e-06  0.00000000e+00  1.80001560e+00 
 6.53912897e-06  0.00000000e+00  1.79994841e+00 
 6.55559420e-06  0.00000000e+00  1.80002052e+00 
 6.58466546e-06  0.00000000e+00  1.79995486e+00 
 6.63941836e-06  0.00000000e+00  1.80002726e+00 
 6.73975118e-06  0.00000000e+00  1.79996109e+00 
 6.75010000e-06  6.67038446e-12  1.80003010e+00 
 6.75011000e-06  1.80000000e-01  1.80065535e+00 
 6.75013000e-06  5.40000000e-01  1.80191640e+00 
 6.75017000e-06  1.26000000e+00  1.80473426e+00 
 6.75020000e-06  1.80000000e+00  1.80678684e+00 
 6.75020075e-06  1.80000000e+00  1.80679552e+00 
 6.75020224e-06  1.80000000e+00  1.80676295e+00 
 6.75020522e-06  1.80000000e+00  1.80656463e+00 
 6.75021118e-06  1.80000000e+00  1.80620314e+00 
 6.75022310e-06  1.80000000e+00  1.80583707e+00 
 6.75024694e-06  1.80000000e+00  1.80547269e+00 
 6.75029462e-06  1.80000000e+00  1.80489697e+00 
 6.75038999e-06  1.80000000e+00  1.80407423e+00 
 6.75058072e-06  1.80000000e+00  1.80303030e+00 
 6.75091319e-06  1.80000000e+00  1.80198872e+00 
 6.75157814e-06  1.80000000e+00  1.80378047e+00 
 6.75218544e-06  1.80000000e+00  1.80561148e+00 
 6.75283050e-06  1.80000000e+00  1.80363160e+00 
 6.75353337e-06  1.80000000e+00  1.80158401e+00 
 6.75442622e-06  1.80000000e+00  1.80037162e+00 
 6.75514111e-06  1.80000000e+00  1.79969494e+00 
 6.75595394e-06  1.80000000e+00  1.79905565e+00 
 6.75666551e-06  1.80000000e+00  1.79848178e+00 
 6.75745346e-06  1.80000000e+00  1.79826217e+00 
 6.75847171e-06  1.80000000e+00  1.79847106e+00 
 6.75955596e-06  1.80000000e+00  1.79876511e+00 
 6.76172448e-06  1.80000000e+00  1.79928772e+00 
 6.76401456e-06  1.80000000e+00  1.79958897e+00 
 6.76802876e-06  1.80000000e+00  1.79986892e+00 
 6.77232319e-06  1.80000000e+00  1.79995014e+00 
 6.78091205e-06  1.80000000e+00  1.80000769e+00 
 6.79808976e-06  1.80000000e+00  1.79999290e+00 
 6.83244519e-06  1.80000000e+00  1.80000678e+00 
 6.90115604e-06  1.80000000e+00  1.79999314e+00 
 7.00000000e-06  1.80000000e+00  1.80000674e+00 
 7.00001000e-06  1.62000000e+00  1.79883809e+00 
 7.00003000e-06  1.26000000e+00  1.79674217e+00 
 7.00007000e-06  5.40000000e-01  1.79405351e+00 
 7.00010000e-06  0.00000000e+00  1.79272828e+00 
 7.00010430e-06  0.00000000e+00  1.79305313e+00 
 7.00011290e-06  0.00000000e+00  1.79380644e+00 
 7.00013009e-06  0.00000000e+00  1.79480326e+00 
 7.00016449e-06  0.00000000e+00  1.79597044e+00 
 7.00023327e-06  0.00000000e+00  1.79781019e+00 
 7.00037084e-06  0.00000000e+00  1.79972849e+00 
 7.00056592e-06  0.00000000e+00  1.80100748e+00 
 7.00092674e-06  0.00000000e+00  1.80180782e+00 
 7.00143380e-06  0.00000000e+00  1.80139390e+00 
 7.00195956e-06  0.00000000e+00  1.80022364e+00 
 7.00260191e-06  0.00000000e+00  1.79868191e+00 
 7.00336443e-06  0.00000000e+00  1.79863870e+00 
 7.00411922e-06  0.00000000e+00  1.79923622e+00 
 7.00497023e-06  0.00000000e+00  1.79940483e+00 
 7.00571959e-06  0.00000000e+00  1.79966045e+00 
 7.00653422e-06  0.00000000e+00  1.79972614e+00 
 7.00730727e-06  0.00000000e+00  1.79988210e+00 
 7.00825932e-06  0.00000000e+00  1.79985360e+00 
 7.00915204e-06  0.00000000e+00  1.79995695e+00 
 7.01036912e-06  0.00000000e+00  1.79990795e+00 
 7.01199808e-06  0.00000000e+00  1.79999580e+00 
 7.01424152e-06  0.00000000e+00  1.79994961e+00 
 7.01716548e-06  0.00000000e+00  1.80007971e+00 
 7.01947080e-06  0.00000000e+00  1.80027647e+00 
 7.02190226e-06  0.00000000e+00  1.79992782e+00 
 7.02366617e-06  0.00000000e+00  1.79927797e+00 
 7.02529317e-06  0.00000000e+00  1.79989499e+00 
 7.02682413e-06  0.00000000e+00  1.79849909e+00 
 7.02839918e-06  0.00000000e+00  1.79844623e+00 
 7.03024028e-06  0.00000000e+00  1.79906608e+00 
 7.03278799e-06  0.00000000e+00  1.79988198e+00 
 7.03545903e-06  0.00000000e+00  1.79986191e+00 
 7.04022171e-06  0.00000000e+00  1.80005651e+00 
 7.04659288e-06  0.00000000e+00  1.79991646e+00 
 7.05658942e-06  0.00000000e+00  1.80004988e+00 
 7.07188425e-06  0.00000000e+00  1.79992153e+00 
 7.09034279e-06  0.00000000e+00  1.80004613e+00 
 7.11561198e-06  0.00000000e+00  1.79993823e+00 
 7.14168969e-06  0.00000000e+00  1.80005088e+00 
 7.17110710e-06  0.00000000e+00  1.79993894e+00 
 7.19455756e-06  0.00000000e+00  1.80004591e+00 
 7.21897075e-06  0.00000000e+00  1.79994737e+00 
 7.24731766e-06  0.00000000e+00  1.80004128e+00 
 7.25010000e-06  6.67038446e-12  1.79995972e+00 
 7.25011000e-06  1.80000000e-01  1.80061787e+00 
 7.25013000e-06  5.40000000e-01  1.80188878e+00 
 7.25017000e-06  1.26000000e+00  1.80470050e+00 
 7.25020000e-06  1.80000000e+00  1.80676470e+00 
 7.25020073e-06  1.80000000e+00  1.80677368e+00 
 7.25020219e-06  1.80000000e+00  1.80674443e+00 
 7.25020511e-06  1.80000000e+00  1.80655414e+00 
 7.25021095e-06  1.80000000e+00  1.80619045e+00 
 7.25022263e-06  1.80000000e+00  1.80581216e+00 
 7.25024600e-06  1.80000000e+00  1.80544757e+00 
 7.25029273e-06  1.80000000e+00  1.80488781e+00 
 7.25038619e-06  1.80000000e+00  1.80409496e+00 
 7.25057311e-06  1.80000000e+00  1.80307901e+00 
 7.25090659e-06  1.80000000e+00  1.80200302e+00 
 7.25156178e-06  1.80000000e+00  1.80368069e+00 
 7.25216626e-06  1.80000000e+00  1.80559438e+00 
 7.25280602e-06  1.80000000e+00  1.80352502e+00 
 7.25350881e-06  1.80000000e+00  1.80116151e+00 
 7.25441244e-06  1.80000000e+00  1.79987688e+00 
 7.25509764e-06  1.80000000e+00  1.79967878e+00 
 7.25587868e-06  1.80000000e+00  1.79966132e+00 
 7.25676638e-06  1.80000000e+00  1.79964058e+00 
 7.25766650e-06  1.80000000e+00  1.79971415e+00 
 7.25879600e-06  1.80000000e+00  1.79978027e+00 
 7.26091007e-06  1.80000000e+00  1.79987195e+00 
 7.26329641e-06  1.80000000e+00  1.79992990e+00 
 7.26641326e-06  1.80000000e+00  1.79996815e+00 
 7.27069854e-06  1.80000000e+00  1.79999094e+00 
 7.27767393e-06  1.80000000e+00  1.79999846e+00 
 7.29162472e-06  1.80000000e+00  1.80000109e+00 
 7.31952628e-06  1.80000000e+00  1.79999894e+00 
 7.37532940e-06  1.80000000e+00  1.80000113e+00 
 7.43730174e-06  1.80000000e+00  1.79999895e+00 
 7.50000000e-06  1.80000000e+00  1.80000088e+00 
 7.50001000e-06  1.62000000e+00  1.79883201e+00 
 7.50003000e-06  1.26000000e+00  1.79672054e+00 
 7.50007000e-06  5.40000000e-01  1.79402452e+00 
 7.50010000e-06  0.00000000e+00  1.79272316e+00 
 7.50010430e-06  0.00000000e+00  1.79305282e+00 
 7.50011290e-06  0.00000000e+00  1.79382786e+00 
 7.50013011e-06  0.00000000e+00  1.79487181e+00 
 7.50016452e-06  0.00000000e+00  1.79604561e+00 
 7.50023334e-06  0.00000000e+00  1.79785809e+00 
 7.50037098e-06  0.00000000e+00  1.79970407e+00 
 7.50056365e-06  0.00000000e+00  1.80093736e+00 
 7.50092096e-06  0.00000000e+00  1.80176907e+00 
 7.50151012e-06  0.00000000e+00  1.80155234e+00 
 7.50204043e-06  0.00000000e+00  1.80054139e+00 
 7.50266735e-06  0.00000000e+00  1.79857023e+00 
 7.50337546e-06  0.00000000e+00  1.79750024e+00 
 7.50418184e-06  0.00000000e+00  1.79792159e+00 
 7.50501487e-06  0.00000000e+00  1.79854300e+00 
 7.50596171e-06  0.00000000e+00  1.79915036e+00 
 7.50694618e-06  0.00000000e+00  1.79944142e+00 
 7.50812525e-06  0.00000000e+00  1.79968580e+00 
 7.50932998e-06  0.00000000e+00  1.79979822e+00 
 7.51057516e-06  0.00000000e+00  1.79991757e+00 
 7.51185679e-06  0.00000000e+00  1.79990905e+00 
 7.51350280e-06  0.00000000e+00  1.79998055e+00 
 7.51494232e-06  0.00000000e+00  1.79994181e+00 
 7.51647548e-06  0.00000000e+00  1.79999626e+00 
 7.51812883e-06  0.00000000e+00  1.79994931e+00 
 7.51999731e-06  0.00000000e+00  1.80000109e+00 
 7.52340717e-06  0.00000000e+00  1.79995266e+00 
 7.52837265e-06  0.00000000e+00  1.80000470e+00 
 7.53822497e-06  0.00000000e+00  1.79995696e+00 
 7.55693528e-06  0.00000000e+00  1.80001095e+00 
 7.59288731e-06  0.00000000e+00  1.79996461e+00 
 7.66479137e-06  0.00000000e+00  1.80001889e+00 
 7.75010000e-06  0.00000000e+00  1.79997044e+00 
 7.75011000e-06  1.80000000e-01  1.80065707e+00 
 7.75013000e-06  5.40000000e-01  1.80194952e+00 
 7.75017000e-06  1.26000000e+00  1.80473586e+00 
 7.75020000e-06  1.80000000e+00  1.80678388e+00 
 7.75020073e-06  1.80000000e+00  1.80679207e+00 
 7.75020219e-06  1.80000000e+00  1.80676188e+00 
 7.75020511e-06  1.80000000e+00  1.80657126e+00 
 7.75021094e-06  1.80000000e+00  1.80620462e+00 
 7.75022262e-06  1.80000000e+00  1.80582166e+00 
 7.75024596e-06  1.80000000e+00  1.80545072e+00 
 7.75029265e-06  1.80000000e+00  1.80488417e+00 
 7.75038603e-06  1.80000000e+00  1.80409156e+00 
 7.75057279e-06  1.80000000e+00  1.80308098e+00 
 7.75090535e-06  1.80000000e+00  1.80200654e+00 
 7.75157047e-06  1.80000000e+00  1.80372626e+00 
 7.75217377e-06  1.80000000e+00  1.80559351e+00 
 7.75281462e-06  1.80000000e+00  1.80352434e+00 
 7.75351798e-06  1.80000000e+00  1.80106303e+00 
 7.75441781e-06  1.80000000e+00  1.79959922e+00 
 7.75511936e-06  1.80000000e+00  1.79949175e+00 
 7.75591681e-06  1.80000000e+00  1.79979432e+00 
 7.75663151e-06  1.80000000e+00  1.80018992e+00 
 7.75741356e-06  1.80000000e+00  1.80072620e+00 
 7.75844602e-06  1.80000000e+00  1.80110977e+00 
 7.75954010e-06  1.80000000e+00  1.80097180e+00 
 7.76057949e-06  1.80000000e+00  1.80074597e+00 
 7.76238693e-06  1.80000000e+00  1.80047216e+00 
 7.76402320e-06  1.80000000e+00  1.80033443e+00 
 7.76705192e-06  1.80000000e+00  1.80015628e+00 
 7.77018020e-06  1.80000000e+00  1.80007369e+00 
 7.77493178e-06  1.80000000e+00  1.80001514e+00 
 7.78286677e-06  1.80000000e+00  1.80000383e+00 
 7.79332742e-06  1.80000000e+00  1.79999619e+00 
 7.81099139e-06  1.80000000e+00  1.80000375e+00 
 7.84378364e-06  1.80000000e+00  1.79999612e+00 
 7.89627620e-06  1.80000000e+00  1.80000378e+00 
 7.99186250e-06  1.80000000e+00  1.79999610e+00 
 8.00000000e-06  1.80000000e+00  1.80000390e+00 
 8.00001000e-06  1.62000000e+00  1.79883685e+00 
 8.00003000e-06  1.26000000e+00  1.79672678e+00 
 8.00007000e-06  5.40000000e-01  1.79402789e+00 
 8.00010000e-06  0.00000000e+00  1.79272593e+00 
 8.00010430e-06  0.00000000e+00  1.79305556e+00 
 8.00011290e-06  0.00000000e+00  1.79383029e+00 
 8.00013011e-06  0.00000000e+00  1.79487361e+00 
 8.00016451e-06  0.00000000e+00  1.79604734e+00 
 8.00023333e-06  0.00000000e+00  1.79785929e+00 
 8.00037095e-06  0.00000000e+00  1.79970272e+00 
 8.00056350e-06  0.00000000e+00  1.80093412e+00 
 8.00092081e-06  0.00000000e+00  1.80177085e+00 
 8.00144977e-06  0.00000000e+00  1.80163394e+00 
 8.00198660e-06  0.00000000e+00  1.80067611e+00 
 8.00264557e-06  0.00000000e+00  1.79868716e+00 
 8.00340496e-06  0.00000000e+00  1.79805295e+00 
 8.00418144e-06  0.00000000e+00  1.79818685e+00 
 8.00503044e-06  0.00000000e+00  1.79780349e+00 
 8.00576756e-06  0.00000000e+00  1.79951594e+00 
 8.00653450e-06  0.00000000e+00  1.80028945e+00 
 8.00725065e-06  0.00000000e+00  1.80074458e+00 
 8.00806110e-06  0.00000000e+00  1.80041083e+00 
 8.00897809e-06  0.00000000e+00  1.80028136e+00 
 8.01003296e-06  0.00000000e+00  1.80014963e+00 
 8.01150289e-06  0.00000000e+00  1.80005276e+00 
 8.01347839e-06  0.00000000e+00  1.80001263e+00 
 8.01497455e-06  0.00000000e+00  1.79998464e+00 
 8.01659557e-06  0.00000000e+00  1.79999763e+00 
 8.01822985e-06  0.00000000e+00  1.79997300e+00 
 8.02002852e-06  0.00000000e+00  1.79999972e+00 
 8.02180036e-06  0.00000000e+00  1.79998008e+00 
 8.02392233e-06  0.00000000e+00  1.80001559e+00 
 8.02622817e-06  0.00000000e+00  1.79998264e+00 
 8.02959216e-06  0.00000000e+00  1.80001497e+00 
 8.03317114e-06  0.00000000e+00  1.80005820e+00 
 8.03763089e-06  0.00000000e+00  1.80012147e+00 
 8.04174953e-06  0.00000000e+00  1.79972913e+00 
 8.04562094e-06  0.00000000e+00  1.80017133e+00 
 8.04982777e-06  0.00000000e+00  1.79968015e+00 
 8.05420781e-06  0.00000000e+00  1.80016742e+00 
 8.05976182e-06  0.00000000e+00  1.79984110e+00 
 8.06697711e-06  0.00000000e+00  1.80010220e+00 
 8.08140769e-06  0.00000000e+00  1.79988469e+00 
 8.10243270e-06  0.00000000e+00  1.80008655e+00 
 8.14127452e-06  0.00000000e+00  1.79990047e+00 
 8.20523953e-06  0.00000000e+00  1.80008447e+00 
 8.25010000e-06  0.00000000e+00  1.79990912e+00 
 8.25011000e-06  1.80000000e-01  1.80047394e+00 
 8.25013000e-06  5.40000000e-01  1.80172290e+00 
 8.25017000e-06  1.26000000e+00  1.80458796e+00 
 8.25020000e-06  1.80000000e+00  1.80664908e+00 
 8.25020074e-06  1.80000000e+00  1.80665778e+00 
 8.25020223e-06  1.80000000e+00  1.80662448e+00 
 8.25020521e-06  1.80000000e+00  1.80642632e+00 
 8.25021117e-06  1.80000000e+00  1.80607058e+00 
 8.25022309e-06  1.80000000e+00  1.80571634e+00 
 8.25024693e-06  1.80000000e+00  1.80537037e+00 
 8.25029460e-06  1.80000000e+00  1.80482704e+00 
 8.25038994e-06  1.80000000e+00  1.80403867e+00 
 8.25058063e-06  1.80000000e+00  1.80301523e+00 
 8.25096200e-06  1.80000000e+00  1.80197007e+00 
 8.25160237e-06  1.80000000e+00  1.80399504e+00 
 8.25223700e-06  1.80000000e+00  1.80540171e+00 
 8.25289863e-06  1.80000000e+00  1.80312602e+00 
 8.25360455e-06  1.80000000e+00  1.80093146e+00 
 8.25448373e-06  1.80000000e+00  1.79989641e+00 
 8.25544913e-06  1.80000000e+00  1.79957613e+00 
 8.25666642e-06  1.80000000e+00  1.79965119e+00 
 8.25801519e-06  1.80000000e+00  1.79972026e+00 
 8.25945598e-06  1.80000000e+00  1.79982652e+00 
 8.26194380e-06  1.80000000e+00  1.79989449e+00 
 8.26451006e-06  1.80000000e+00  1.79995828e+00 
 8.26850651e-06  1.80000000e+00  1.79997486e+00 
 8.27329453e-06  1.80000000e+00  1.80000294e+00 
 8.28287056e-06  1.80000000e+00  1.79999296e+00 
 8.30202263e-06  1.80000000e+00  1.80000704e+00 
 8.34032677e-06  1.80000000e+00  1.79999284e+00 
 8.41693505e-06  1.80000000e+00  1.80000706e+00 
 8.50000000e-06  1.80000000e+00  1.79999286e+00 
 8.50001000e-06  1.62000000e+00  1.79882104e+00 
 8.50003000e-06  1.26000000e+00  1.79672974e+00 
 8.50007000e-06  5.40000000e-01  1.79404745e+00 
 8.50010000e-06  0.00000000e+00  1.79272627e+00 
 8.50010430e-06  0.00000000e+00  1.79305947e+00 
 8.50011289e-06  0.00000000e+00  1.79382153e+00 
 8.50013007e-06  0.00000000e+00  1.79481776e+00 
 8.50016444e-06  0.00000000e+00  1.79598219e+00 
 8.50023317e-06  0.00000000e+00  1.79781417e+00 
 8.50037064e-06  0.00000000e+00  1.79973131e+00 
 8.50063565e-06  0.00000000e+00  1.80133321e+00 
 8.50111658e-06  0.00000000e+00  1.80188185e+00 
 8.50177949e-06  0.00000000e+00  1.80037212e+00 
 8.50246138e-06  0.00000000e+00  1.79987463e+00 
 8.50309029e-06  0.00000000e+00  1.80944957e+00 
 8.50383772e-06  0.00000000e+00  1.82441447e+00 
 8.50450821e-06  0.00000000e+00  1.80807487e+00 
 8.50531180e-06  0.00000000e+00  1.76999233e+00 
 8.50616605e-06  0.00000000e+00  1.73246139e+00 
 8.50712439e-06  0.00000000e+00  1.68884298e+00 
 8.50860710e-06  0.00000000e+00  1.62192129e+00 
 8.51022021e-06  0.00000000e+00  1.54842285e+00 
 8.51165585e-06  0.00000000e+00  1.48317600e+00 
 8.51314629e-06  0.00000000e+00  1.41516731e+00 
 8.51506980e-06  0.00000000e+00  1.32773670e+00 
 8.51765571e-06  0.00000000e+00  1.21068928e+00 
 8.52054048e-06  0.00000000e+00  1.08196633e+00 
 8.52631003e-06  0.00000000e+00  8.40143482e-01 
 8.53188477e-06  0.00000000e+00  6.23257922e-01 
 8.53717475e-06  0.00000000e+00  4.24496333e-01 
 8.54106157e-06  0.00000000e+00  2.94871416e-01 
 8.54471979e-06  0.00000000e+00  1.94137864e-01 
 8.54794350e-06  0.00000000e+00  1.31717041e-01 
 8.55034463e-06  0.00000000e+00  9.54386707e-02 
 8.55285295e-06  0.00000000e+00  6.84156661e-02 
 8.55530944e-06  0.00000000e+00  5.12999785e-02 
 8.55720193e-06  0.00000000e+00  4.08063963e-02 
 8.55927089e-06  0.00000000e+00  3.07535701e-02 
 8.56163797e-06  0.00000000e+00  2.25166572e-02 
 8.56422517e-06  0.00000000e+00  1.57875274e-02 
 8.56898462e-06  0.00000000e+00  8.19878291e-03 
 8.57385586e-06  0.00000000e+00  4.09987618e-03 
 8.57834212e-06  0.00000000e+00  2.22804070e-03 
 8.58437253e-06  0.00000000e+00  9.16387339e-04 
 8.59053203e-06  0.00000000e+00  4.14178520e-04 
 8.60026328e-06  0.00000000e+00  8.07049870e-05 
 8.61452442e-06  0.00000000e+00  3.96575605e-05 
 8.63468661e-06  0.00000000e+00  3.51168254e-06 
 8.65266142e-06  0.00000000e+00  3.48044820e-05 
 8.67684721e-06  0.00000000e+00  2.02806464e-06 
 8.70137577e-06  0.00000000e+00  3.17743334e-05 
 8.74292840e-06  0.00000000e+00 -8.73770112e-08 
 8.75010000e-06  0.00000000e+00  2.88527730e-05 
 8.75011000e-06  1.80000000e-01  9.95724986e-04 
 8.75013000e-06  5.40000000e-01  2.56613702e-03 
 8.75017000e-06  1.26000000e+00  4.43589718e-03 
 8.75020000e-06  1.80000000e+00  5.56117738e-03 
 8.75020075e-06  1.80000000e+00  5.54802700e-03 
 8.75020224e-06  1.80000000e+00  5.46995622e-03 
 8.75020523e-06  1.80000000e+00  5.21112043e-03 
 8.75021120e-06  1.80000000e+00  4.81018064e-03 
 8.75022315e-06  1.80000000e+00  4.37714083e-03 
 8.75024704e-06  1.80000000e+00  3.85115554e-03 
 8.75029483e-06  1.80000000e+00  3.07590520e-03 
 8.75039041e-06  1.80000000e+00  2.14074908e-03 
 8.75058157e-06  1.80000000e+00  1.37175322e-03 
 8.75096100e-06  1.80000000e+00  1.11130547e-03 
 8.75163030e-06  1.80000000e+00  2.50000326e-03 
 8.75224350e-06  1.80000000e+00  2.19111935e-03 
 8.75291465e-06  1.80000000e+00  1.31327987e-03 
 8.75360763e-06  1.80000000e+00  1.02706232e-03 
 8.75448845e-06  1.80000000e+00  2.88732754e-04 
 8.75519095e-06  1.80000000e+00  9.61385757e-04 
 8.75599111e-06  1.80000000e+00  1.57143904e-03 
 8.75688824e-06  1.80000000e+00  1.48760635e-03 
 8.75780196e-06  1.80000000e+00  1.20298968e-03 
 8.75891934e-06  1.80000000e+00  1.10250854e-03 
 8.76108268e-06  1.80000000e+00  7.70288949e-04 
 8.76350982e-06  1.80000000e+00  6.67728724e-04 
 8.76676364e-06  1.80000000e+00  3.81279285e-04 
 8.77109705e-06  1.80000000e+00  2.70875651e-04 
 8.77883714e-06  1.80000000e+00  6.57529213e-05 
 8.79431731e-06  1.80000000e+00  4.65404359e-05 
 8.82158367e-06  1.80000000e+00 -1.21146532e-05 
 8.87611640e-06  1.80000000e+00  3.63555410e-05 
 8.96373634e-06  1.80000000e+00 -1.84925535e-05 
 9.00000000e-06  1.80000000e+00  3.33489362e-05 
