 0.00000000e+00  1.25998376e-04 
 1.00000000e-12  8.12630105e-03 
 2.00000000e-12  9.02690374e-03 
 4.00000000e-12  9.40235497e-03 
 8.00000000e-12  8.99839180e-03 
 1.60000000e-11  9.02900105e-03 
 3.20000000e-11  8.83923818e-03 
 6.40000000e-11  1.02911461e-02 
 1.00000000e-10  1.27938592e-02 
 1.00577803e-10  5.17996723e-03 
 1.01733408e-10  2.62218450e-03 
 1.04044620e-10  2.99871468e-03 
 1.08667042e-10  2.63717333e-03 
 1.17911888e-10  2.95300135e-03 
 1.36401578e-10  2.44399304e-03 
 1.73380960e-10  2.53829479e-03 
 2.31883806e-10  1.91411632e-03 
 3.15534343e-10  1.99783970e-03 
 4.57610179e-10  1.43595643e-03 
 7.41761853e-10  1.55889559e-03 
 1.17201412e-09  8.97457898e-04 
 1.65068759e-09  1.10509102e-03 
 2.27517076e-09  7.08385691e-04 
 3.02086636e-09  1.07463739e-03 
 3.73190521e-09  6.66446416e-04 
 4.62236265e-09  9.98954890e-04 
 5.35094840e-09  5.35001680e-04 
 6.12077263e-09  9.01786137e-04 
 6.97692612e-09  4.29432228e-04 
 7.77758233e-09  6.82879897e-04 
 8.61973807e-09  1.91904525e-04 
 9.52178634e-09  5.00575949e-04 
 1.06391884e-08  7.35958073e-05 
 1.18220515e-08  3.62363051e-04 
 1.31109555e-08 -9.47084732e-05 
 1.43380529e-08  2.84007780e-04 
 1.57858081e-08 -9.60400656e-05 
 1.71698201e-08  3.04961926e-04 
 1.90684200e-08 -3.68089702e-05 
 2.04802938e-08  3.09609148e-04 
 2.18299340e-08 -8.70265879e-05 
 2.32404416e-08  2.96444545e-04 
 2.50021571e-08 -9.55870209e-05 
 2.68695716e-08  2.81780339e-04 
 2.94101862e-08 -8.91467457e-05 
 3.23082012e-08  3.97146545e-04 
 3.49618790e-08  2.63644360e-05 
 3.64358624e-08  2.45991270e-04 
 3.78803619e-08 -5.94457752e-05 
 3.92342897e-08  2.75173437e-04 
 4.06110193e-08 -7.97071796e-05 
 4.28336578e-08  2.84034466e-04 
 4.54551891e-08 -7.40309260e-05 
 4.88091700e-08  2.95199960e-04 
 5.23569456e-08 -7.74574713e-05 
 5.74004391e-08  2.95074258e-04 
 6.23865891e-08 -7.73823717e-05 
 7.02459644e-08  2.94601753e-04 
 8.24766312e-08 -7.78775205e-05 
 1.02342041e-07  2.93671724e-04 
 1.23632756e-07 -7.88896132e-05 
 1.54146111e-07  2.92940978e-04 
 1.91873017e-07 -7.96942419e-05 
 2.50100000e-07  2.91487587e-04 
 2.50110000e-07 -9.39222676e-03 
 2.50130000e-07 -1.01025423e-02 
 2.50170000e-07 -8.36141312e-03 
 2.50200000e-07 -8.57631749e-03 
 2.50200515e-07 -1.26083818e-03 
 2.50201544e-07  9.61882925e-04 
 2.50203603e-07  2.40866142e-04 
 2.50207721e-07  5.98245210e-04 
 2.50215957e-07  2.85736522e-04 
 2.50232429e-07  6.41265818e-04 
 2.50265372e-07  3.38539402e-04 
 2.50331259e-07  5.90395301e-04 
 2.50412974e-07  2.88534801e-04 
 2.50576405e-07  5.47697698e-04 
 2.50755856e-07  2.83054722e-04 
 2.51098825e-07  6.34442875e-04 
 2.51496649e-07  3.60651115e-04 
 2.52185768e-07  5.69594462e-04 
 2.52820778e-07  9.90456487e-05 
 2.53568649e-07  3.13493463e-04 
 2.54550666e-07  3.57404128e-05 
 2.55540888e-07  3.16709667e-04 
 2.56565206e-07  1.41489221e-05 
 2.57735257e-07  2.92733386e-04 
 2.58848729e-07 -1.21740455e-05 
 2.60115437e-07  2.53834834e-04 
 2.61380563e-07 -3.12392946e-05 
 2.63092481e-07  2.45331599e-04 
 2.65814107e-07 -3.43412438e-05 
 2.69941914e-07  2.44571767e-04 
 2.77651439e-07 -3.48378808e-05 
 2.90016360e-07  2.43714062e-04 
 3.11932318e-07 -3.62792982e-05 
 3.50399835e-07  2.40810051e-04 
 4.16126744e-07 -4.20314145e-05 
 5.00000000e-07  2.32326110e-04 
 5.00010000e-07  4.23900175e-03 
 5.00030000e-07  4.10728456e-03 
 5.00070000e-07  4.86430013e-03 
 5.00100000e-07  5.75151331e-03 
 5.00100517e-07  2.44691507e-03 
 5.00101550e-07  1.04917313e-03 
 5.00103617e-07  1.15179036e-03 
 5.00107751e-07  1.00627038e-03 
 5.00116019e-07  1.11129155e-03 
 5.00132554e-07  9.13849836e-04 
 5.00165625e-07  9.55752304e-04 
 5.00231767e-07  7.45956829e-04 
 5.00364052e-07  7.65381480e-04 
 5.00562082e-07  5.88001522e-04 
 5.00958144e-07  6.76886149e-04 
 5.01467638e-07  4.62217813e-04 
 5.02004374e-07  3.69469287e-04 
 5.02765150e-07  1.76491996e-04 
 5.03570844e-07  2.53297008e-04 
 5.04319063e-07  9.92513902e-05 
 5.05131492e-07  1.98703288e-04 
 5.06129988e-07  7.04723863e-05 
 5.07180875e-07  1.77400889e-04 
 5.08420048e-07  5.93607112e-05 
 5.09732940e-07  1.71887926e-04 
 5.11727059e-07  6.72824607e-05 
 5.13532745e-07  1.66907297e-04 
 5.15578975e-07  5.61922468e-05 
 5.17538505e-07  1.66717417e-04 
 5.19737287e-07  6.91702894e-05 
 5.24134852e-07  1.86099405e-04 
 5.27148909e-07  5.70571069e-05 
 5.30650728e-07  1.72025419e-04 
 5.34480567e-07  4.42461353e-05 
 5.38538700e-07  1.50210279e-04 
 5.44797332e-07  3.60206392e-05 
 5.50743075e-07  1.45064090e-04 
 5.60436913e-07  3.57564627e-05 
 5.74384092e-07  1.43647371e-04 
 6.02278451e-07  3.44979656e-05 
 6.48087425e-07  1.41187319e-04 
 7.30386811e-07  3.14695558e-05 
 7.50100000e-07  1.39001457e-04 
 7.50110000e-07 -4.15771488e-03 
 7.50130000e-07 -4.55212101e-03 
 7.50170000e-07 -3.73192809e-03 
 7.50200000e-07 -3.80256458e-03 
 7.50200522e-07 -6.08751117e-04 
 7.50201565e-07  5.51954108e-04 
 7.50203652e-07  1.79751965e-04 
 7.50207825e-07  3.50857137e-04 
 7.50216171e-07  2.21881241e-04 
 7.50232864e-07  3.85392051e-04 
 7.50266250e-07  2.87496914e-04 
 7.50333022e-07  4.15272372e-04 
 7.50466566e-07  3.01493486e-04 
 7.50644013e-07  4.32989253e-04 
 7.50913671e-07  3.81021726e-04 
 7.51452987e-07  5.38868632e-04 
 7.52098700e-07  3.75756071e-04 
 7.52799551e-07  2.81039218e-04 
 7.53528815e-07  1.02140561e-04 
 7.54425957e-07  1.92852962e-04 
 7.55524392e-07  8.57872305e-05 
 7.56676039e-07  1.70814672e-04 
 7.57701978e-07  7.87176005e-05 
 7.58796190e-07  1.54135537e-04 
 7.59791867e-07  4.65905224e-05 
 7.60840938e-07  1.35733375e-04 
 7.62255332e-07  3.88926177e-05 
 7.63761324e-07  1.32249302e-04 
 7.66773307e-07  3.78028178e-05 
 7.71838573e-07  1.31973193e-04 
 7.79701643e-07  3.76000493e-05 
 7.94912157e-07  1.31693830e-04 
 8.19227070e-07  3.71562622e-05 
 8.63132691e-07  1.31076307e-04 
 9.41101603e-07  3.63312157e-05 
 1.00000000e-06  1.30408975e-04 
 1.00001000e-06  4.22070061e-03 
 1.00003000e-06  4.08717656e-03 
 1.00007000e-06  4.85212575e-03 
 1.00010000e-06  5.73518123e-03 
 1.00010052e-06  2.43325678e-03 
 1.00010155e-06  1.03812783e-03 
 1.00010362e-06  1.14112006e-03 
 1.00010775e-06  9.93383561e-04 
 1.00011602e-06  1.09928278e-03 
 1.00013256e-06  9.01540903e-04 
 1.00016564e-06  9.45585258e-04 
 1.00023179e-06  7.35517025e-04 
 1.00036410e-06  7.56488577e-04 
 1.00056235e-06  5.78358561e-04 
 1.00095885e-06  6.68102861e-04 
 1.00146870e-06  4.52755550e-04 
 1.00200570e-06  3.59312192e-04 
 1.00275807e-06  1.68779660e-04 
 1.00346211e-06  2.52079056e-04 
 1.00419562e-06  9.35252701e-05 
 1.00499321e-06  1.89372085e-04 
 1.00587478e-06  6.70285808e-05 
 1.00691243e-06  1.73028880e-04 
 1.00773934e-06  5.76425860e-05 
 1.00866562e-06  1.52502763e-04 
 1.00966078e-06  3.83082501e-05 
 1.01083745e-06  1.41053150e-04 
 1.01249093e-06  3.19466378e-05 
 1.01493234e-06  1.40295577e-04 
 1.01836867e-06  3.69456208e-05 
 1.02257243e-06  1.61396137e-04 
 1.02578216e-06  5.97707512e-05 
 1.02863638e-06  2.08766635e-04 
 1.03083452e-06  1.08573576e-04 
 1.03288382e-06  1.93671643e-04 
 1.03523357e-06  8.64407377e-05 
 1.03750876e-06  1.82920144e-04 
 1.04005902e-06  7.80847976e-05 
 1.04369368e-06  1.75676714e-04 
 1.04815606e-06  6.88003852e-05 
 1.05475219e-06  1.66602194e-04 
 1.06449979e-06  5.79536682e-05 
 1.07909875e-06  1.55509313e-04 
 1.10224187e-06  4.71268177e-05 
 1.13721405e-06  1.47635820e-04 
 1.19281912e-06  4.23105126e-05 
 1.25010000e-06  1.43798185e-04 
 1.25011000e-06 -4.15736507e-03 
 1.25013000e-06 -4.55452134e-03 
 1.25017000e-06 -3.72646410e-03 
 1.25020000e-06 -3.79136723e-03 
 1.25020052e-06 -6.01088624e-04 
 1.25020157e-06  5.56811977e-04 
 1.25020365e-06  1.85428917e-04 
 1.25020783e-06  3.56380077e-04 
 1.25021617e-06  2.27845855e-04 
 1.25023287e-06  3.91490444e-04 
 1.25026625e-06  2.94109478e-04 
 1.25033303e-06  4.22346671e-04 
 1.25046657e-06  3.09159240e-04 
 1.25064405e-06  4.40716620e-04 
 1.25091381e-06  3.89285674e-04 
 1.25145331e-06  5.44941122e-04 
 1.25209891e-06  3.81097663e-04 
 1.25287790e-06  2.67706981e-04 
 1.25358114e-06  1.08205284e-04 
 1.25454814e-06  2.00681811e-04 
 1.25561239e-06  9.14543763e-05 
 1.25655522e-06  1.79236954e-04 
 1.25766029e-06  6.32768595e-05 
 1.25882570e-06  1.51363015e-04 
 1.26001758e-06  4.95077603e-05 
 1.26153496e-06  1.40128362e-04 
 1.26423452e-06  4.31867883e-05 
 1.26760714e-06  1.38756087e-04 
 1.27324788e-06  4.27126302e-05 
 1.28452937e-06  1.37826236e-04 
 1.30108621e-06  4.11796469e-05 
 1.33419987e-06  1.35214156e-04 
 1.40042721e-06  3.68283204e-05 
 1.50000000e-06  1.30819214e-04 
 1.50001000e-06  4.21964897e-03 
 1.50003000e-06  4.08357174e-03 
 1.50007000e-06  4.85708735e-03 
 1.50010000e-06  5.73343440e-03 
 1.50010052e-06  2.43259902e-03 
 1.50010155e-06  1.03673430e-03 
 1.50010362e-06  1.14148441e-03 
 1.50010775e-06  9.93152967e-04 
 1.50011602e-06  1.09975674e-03 
 1.50013256e-06  9.01187967e-04 
 1.50016564e-06  9.45482642e-04 
 1.50023179e-06  7.34853756e-04 
 1.50036410e-06  7.56412775e-04 
 1.50056009e-06  5.78051535e-04 
 1.50095208e-06  6.68449319e-04 
 1.50145956e-06  4.57069336e-04 
 1.50199519e-06  3.63167206e-04 
 1.50274739e-06  1.72590846e-04 
 1.50344250e-06  2.65397169e-04 
 1.50416972e-06  1.01182801e-04 
 1.50500215e-06  1.90071108e-04 
 1.50592036e-06  5.73973126e-05 
 1.50700308e-06  1.67960910e-04 
 1.50798204e-06  4.93100867e-05 
 1.50966007e-06  1.69101546e-04 
 1.51119340e-06  6.17596275e-05 
 1.51311706e-06  1.67056650e-04 
 1.51471654e-06  4.47742421e-05 
 1.51641150e-06  1.50412594e-04 
 1.51867656e-06  2.63753992e-05 
 1.52099490e-06  1.39953862e-04 
 1.52487055e-06  2.55136398e-05 
 1.53000526e-06  1.39627530e-04 
 1.53801158e-06  2.57674997e-05 
 1.55075937e-06  1.39568662e-04 
 1.57340010e-06  2.58597936e-05 
 1.61497585e-06  1.39617398e-04 
 1.69176165e-06  2.60701109e-05 
 1.75010000e-06  1.39850274e-04 
 1.75011000e-06 -4.16108793e-03 
 1.75013000e-06 -4.55526898e-03 
 1.75017000e-06 -3.72653709e-03 
 1.75020000e-06 -3.78917211e-03 
 1.75020052e-06 -6.02979509e-04 
 1.75020157e-06  5.50687909e-04 
 1.75020365e-06  1.79393310e-04 
 1.75020783e-06  3.50198134e-04 
 1.75021617e-06  2.21323425e-04 
 1.75023287e-06  3.84421594e-04 
 1.75026625e-06  2.86122939e-04 
 1.75033303e-06  4.13475711e-04 
 1.75046657e-06  2.99194148e-04 
 1.75064399e-06  4.30403437e-04 
 1.75091358e-06  3.79067012e-04 
 1.75145276e-06  5.35998137e-04 
 1.75209850e-06  3.72453680e-04 
 1.75287622e-06  2.59031783e-04 
 1.75357978e-06  9.93891837e-05 
 1.75454081e-06  1.91292937e-04 
 1.75560813e-06  8.17900596e-05 
 1.75653162e-06  1.70914606e-04 
 1.75762075e-06  6.04535373e-05 
 1.75851929e-06  1.45097022e-04 
 1.75950835e-06  4.39635921e-05 
 1.76067742e-06  1.33806566e-04 
 1.76199487e-06  3.61316084e-05 
 1.76462978e-06  1.30633801e-04 
 1.76850128e-06  3.53317343e-05 
 1.77518226e-06  1.30683810e-04 
 1.78832126e-06  3.53474760e-05 
 1.80991966e-06  1.30760208e-04 
 1.85311646e-06  3.54619127e-05 
 1.93951005e-06  1.30924571e-04 
 2.00000000e-06  3.55937257e-05 
 2.00001000e-06  4.21456554e-03 
 2.00003000e-06  4.07920825e-03 
 2.00007000e-06  4.85524041e-03 
 2.00010000e-06  5.73039863e-03 
 2.00010052e-06  2.43100344e-03 
 2.00010155e-06  1.03790026e-03 
 2.00010362e-06  1.14180444e-03 
 2.00010775e-06  9.92570947e-04 
 2.00011602e-06  1.09953113e-03 
 2.00013256e-06  9.00754269e-04 
 2.00016564e-06  9.45827798e-04 
 2.00023180e-06  7.34924456e-04 
 2.00036412e-06  7.56930777e-04 
 2.00056026e-06  5.78304575e-04 
 2.00095254e-06  6.69258980e-04 
 2.00146027e-06  4.57266252e-04 
 2.00199602e-06  3.63797662e-04 
 2.00274827e-06  1.72641986e-04 
 2.00344827e-06  2.63348880e-04 
 2.00417936e-06  9.85135319e-05 
 2.00497663e-06  1.88278093e-04 
 2.00585850e-06  5.55000917e-05 
 2.00661455e-06  1.74932532e-04 
 2.00745920e-06  5.45330155e-05 
 2.00819140e-06  1.60447495e-04 
 2.00903913e-06  4.08808775e-05 
 2.01012264e-06  1.47336286e-04 
 2.01126473e-06  3.01406871e-05 
 2.01327763e-06  1.43945478e-04 
 2.01572083e-06  3.35541800e-05 
 2.01879315e-06  1.61534850e-04 
 2.02225094e-06  6.17650945e-05 
 2.02507143e-06  2.02865695e-04 
 2.02734395e-06  1.01516346e-04 
 2.02947919e-06  1.95775908e-04 
 2.03160340e-06  7.72062550e-05 
 2.03377348e-06  1.77258247e-04 
 2.03630155e-06  6.30855798e-05 
 2.03953461e-06  1.67664863e-04 
 2.04492317e-06  5.08208777e-05 
 2.05212062e-06  1.55511179e-04 
 2.06462039e-06  3.92478851e-05 
 2.07916828e-06  1.46190915e-04 
 2.09499497e-06  2.48020671e-05 
 2.11082305e-06  1.52211001e-04 
 2.12210396e-06  9.33214613e-06 
 2.13269022e-06  1.40929574e-04 
 2.14003905e-06  3.88996527e-06 
 2.14902924e-06  1.37695337e-04 
 2.15718349e-06  4.40797451e-06 
 2.17155237e-06  1.34885585e-04 
 2.18913847e-06  2.65459699e-06 
 2.21388850e-06  1.31644580e-04 
 2.25010000e-06  1.33062732e-07 
 2.25011000e-06 -4.19607301e-03 
 2.25013000e-06 -4.58678102e-03 
 2.25017000e-06 -3.76430372e-03 
 2.25020000e-06 -3.81916813e-03 
 2.25020052e-06 -6.35149829e-04 
 2.25020157e-06  5.17071940e-04 
 2.25020365e-06  1.46136544e-04 
 2.25020783e-06  3.17194473e-04 
 2.25021618e-06  1.89557132e-04 
 2.25023288e-06  3.54393507e-04 
 2.25026628e-06  2.58979496e-04 
 2.25033309e-06  3.89379874e-04 
 2.25046669e-06  2.77906990e-04 
 2.25064421e-06  4.10664735e-04 
 2.25091420e-06  3.60998954e-04 
 2.25145418e-06  5.17177134e-04 
 2.25209997e-06  3.51732583e-04 
 2.25287591e-06  2.38903566e-04 
 2.25357999e-06  8.17421630e-05 
 2.25454418e-06  1.68235775e-04 
 2.25543483e-06  6.30339481e-05 
 2.25643414e-06  1.29673166e-04 
 2.25745732e-06  2.98319546e-05 
 2.25847909e-06  1.25156327e-04 
 2.26020238e-06  2.25381013e-05 
 2.26189687e-06  1.12424213e-04 
 2.26457166e-06  1.80957745e-05 
 2.26814616e-06  1.11756103e-04 
 2.27426622e-06  1.80990680e-05 
 2.28466028e-06  1.11714374e-04 
 2.30089656e-06  1.81547809e-05 
 2.33238052e-06  1.11959530e-04 
 2.39223151e-06  1.88089341e-05 
 2.50000000e-06  1.12963783e-04 
 2.50001000e-06  4.19984469e-03 
 2.50003000e-06  4.06291559e-03 
 2.50007000e-06  4.84930336e-03 
 2.50010000e-06  5.71996607e-03 
 2.50010052e-06  2.42221926e-03 
 2.50010155e-06  1.02844443e-03 
 2.50010362e-06  1.13303276e-03 
 2.50010775e-06  9.85318324e-04 
 2.50011602e-06  1.09029927e-03 
 2.50013256e-06  8.91894397e-04 
 2.50016564e-06  9.35138367e-04 
 2.50023179e-06  7.24466621e-04 
 2.50036410e-06  7.44245654e-04 
 2.50054755e-06  5.67637921e-04 
 2.50091444e-06  6.53889576e-04 
 2.50140878e-06  4.63027475e-04 
 2.50193789e-06  3.66627305e-04 
 2.50258693e-06  1.68536008e-04 
 2.50327919e-06  2.56666650e-04 
 2.50395092e-06  8.85243018e-05 
 2.50470832e-06  1.69149984e-04 
 2.50556904e-06  4.09343430e-05 
 2.50642143e-06  1.47504375e-04 
 2.50763631e-06  3.34924660e-05 
 2.50887984e-06  1.49824480e-04 
 2.51089917e-06  4.84930191e-05 
 2.51240077e-06  1.51820341e-04 
 2.51391665e-06  2.46911118e-05 
 2.51550742e-06  1.28212193e-04 
 2.51724588e-06  1.05673889e-05 
 2.51903284e-06  1.22328845e-04 
 2.52260676e-06  9.94797051e-06 
 2.52729458e-06  1.22088442e-04 
 2.53613044e-06  1.01985633e-05 
 2.55163530e-06  1.22171267e-04 
 2.57997420e-06  1.03675312e-05 
 2.63665200e-06  1.22301263e-04 
 2.75000760e-06  1.04997904e-05 
 2.75010000e-06  1.20987679e-04 
 2.75010143e-06 -3.60950043e-03 
 2.75010430e-06 -4.53915198e-03 
 2.75011004e-06 -4.10284796e-03 
 2.75012150e-06 -4.56951071e-03 
 2.75014444e-06 -4.27134918e-03 
 2.75019032e-06 -3.53773128e-03 
 2.75020000e-06 -4.02546159e-03 
 2.75020024e-06 -1.20994645e-03 
 2.75020073e-06  7.56624526e-05 
 2.75020171e-06  3.39260094e-04 
 2.75020367e-06  2.23276818e-04 
 2.75020759e-06  2.65917633e-04 
 2.75021542e-06  2.30621957e-04 
 2.75023109e-06  3.16654048e-04 
 2.75026242e-06  2.93970871e-04 
 2.75032508e-06  3.56705465e-04 
 2.75045040e-06  3.10166501e-04 
 2.75062815e-06  3.75621079e-04 
 2.75088277e-06  3.82567151e-04 
 2.75139202e-06  4.89147962e-04 
 2.75202070e-06  3.94224308e-04 
 2.75272463e-06  2.48418190e-04 
 2.75345814e-06  1.13964001e-04 
 2.75432999e-06  1.45619099e-04 
 2.75549214e-06  9.95515142e-05 
 2.75643900e-06  1.21000840e-04 
 2.75743593e-06  7.47428845e-05 
 2.75841069e-06  1.14237871e-04 
 2.75951060e-06  6.29312566e-05 
 2.76070570e-06  9.39019806e-05 
 2.76208080e-06  5.47073844e-05 
 2.76357514e-06  8.79163654e-05 
 2.76601042e-06  4.74460627e-05 
 2.76865088e-06  8.52090021e-05 
 2.77279024e-06  4.74584856e-05 
 2.77922341e-06  8.52065620e-05 
 2.79208975e-06  4.75232621e-05 
 2.81250644e-06  8.52772182e-05 
 2.85029365e-06  4.75805976e-05 
 2.91644863e-06  8.53171143e-05 
 3.00000000e-06  4.75963252e-05 
 3.00001000e-06  4.19783111e-03 
 3.00003000e-06  4.05917128e-03 
 3.00007000e-06  4.84825413e-03 
 3.00010000e-06  5.71677549e-03 
 3.00010052e-06  2.42031443e-03 
 3.00010155e-06  1.02894978e-03 
 3.00010362e-06  1.13358809e-03 
 3.00010775e-06  9.84411575e-04 
 3.00011602e-06  1.09001432e-03 
 3.00013256e-06  8.91066001e-04 
 3.00016564e-06  9.35189451e-04 
 3.00023180e-06  7.24047912e-04 
 3.00036413e-06  7.44633229e-04 
 3.00054770e-06  5.67719435e-04 
 3.00091486e-06  6.54839813e-04 
 3.00140882e-06  4.62986572e-04 
 3.00193766e-06  3.66879594e-04 
 3.00268427e-06  1.64891425e-04 
 3.00337629e-06  2.57199793e-04 
 3.00408988e-06  8.86885089e-05 
 3.00485452e-06  1.63517741e-04 
 3.00571206e-06  4.76663463e-05 
 3.00651547e-06  1.68082473e-04 
 3.00734242e-06  4.86831847e-05 
 3.00809605e-06  1.47348275e-04 
 3.00893880e-06  3.48721816e-05 
 3.01007244e-06  1.37349859e-04 
 3.01114057e-06  2.02781026e-05 
 3.01299848e-06  1.35061844e-04 
 3.01512510e-06  4.01936383e-05 
 3.01678764e-06  1.52586032e-04 
 3.01861906e-06  5.24013056e-05 
 3.02046123e-06  1.65005565e-04 
 3.02246698e-06  8.65801350e-05 
 3.02394883e-06  2.12693414e-04 
 3.02537457e-06  9.32787629e-05 
 3.02670393e-06  1.93709307e-04 
 3.02816210e-06  7.49334666e-05 
 3.02984802e-06  1.78979006e-04 
 3.03168862e-06  6.28450461e-05 
 3.03445180e-06  1.70374071e-04 
 3.03787412e-06  5.32814741e-05 
 3.04471877e-06  1.59821245e-04 
 3.05275775e-06  6.27339504e-05 
 3.06162254e-06  2.09170490e-04 
 3.06943107e-06  9.37045663e-05 
 3.07312494e-06  1.52098148e-04 
 3.07693501e-06  7.95597581e-05 
 3.08064827e-06  1.62105265e-04 
 3.08668564e-06  7.33829459e-05 
 3.09363779e-06  1.64647451e-04 
 3.10347699e-06  6.93545085e-05 
 3.11751181e-06  1.61642166e-04 
 3.13902025e-06  5.84974082e-05 
 3.17042647e-06  1.45855468e-04 
 3.20637543e-06  4.17729164e-05 
 3.24839499e-06  1.35794644e-04 
 3.25010000e-06  3.46564674e-05 
 3.25011000e-06 -4.16280787e-03 
 3.25013000e-06 -4.55431340e-03 
 3.25017000e-06 -3.73255165e-03 
 3.25020000e-06 -3.78473351e-03 
 3.25020052e-06 -6.03161619e-04 
 3.25020157e-06  5.46922986e-04 
 3.25020365e-06  1.76446861e-04 
 3.25020783e-06  3.47202688e-04 
 3.25021618e-06  2.19148862e-04 
 3.25023288e-06  3.82914843e-04 
 3.25026628e-06  2.85954251e-04 
 3.25033309e-06  4.14379540e-04 
 3.25046669e-06  3.01359795e-04 
 3.25064421e-06  4.33323916e-04 
 3.25091418e-06  3.83691306e-04 
 3.25145413e-06  5.38198852e-04 
 3.25209991e-06  3.70716696e-04 
 3.25287482e-06  2.57557264e-04 
 3.25357907e-06  1.01224405e-04 
 3.25454745e-06  1.94339932e-04 
 3.25560976e-06  8.77056407e-05 
 3.25649385e-06  1.60001611e-04 
 3.25745799e-06  5.23156261e-05 
 3.25843872e-06  1.47888594e-04 
 3.25978681e-06  4.53433268e-05 
 3.26119968e-06  1.35048654e-04 
 3.26383835e-06  3.88507119e-05 
 3.26708762e-06  1.33135884e-04 
 3.27223309e-06  3.87393713e-05 
 3.28252404e-06  1.32614422e-04 
 3.29846583e-06  3.80846871e-05 
 3.33001211e-06  1.31667212e-04 
 3.39310468e-06  3.69383641e-05 
 3.50000000e-06  1.30712841e-04 
 3.50001000e-06  4.21571388e-03 
 3.50003000e-06  4.07836361e-03 
 3.50007000e-06  4.86875787e-03 
 3.50010000e-06  5.73573069e-03 
 3.50010052e-06  2.43981003e-03 
 3.50010155e-06  1.04725080e-03 
 3.50010362e-06  1.15090244e-03 
 3.50010775e-06  1.00424235e-03 
 3.50011602e-06  1.10721562e-03 
 3.50013256e-06  9.10872845e-04 
 3.50016564e-06  9.52327011e-04 
 3.50023179e-06  7.43322779e-04 
 3.50036410e-06  7.60714633e-04 
 3.50054719e-06  5.85335038e-04 
 3.50091338e-06  6.70677581e-04 
 3.50140988e-06  4.84674733e-04 
 3.50193887e-06  3.87255040e-04 
 3.50268950e-06  1.85881107e-04 
 3.50337376e-06  2.76391326e-04 
 3.50409389e-06  1.05508951e-04 
 3.50490262e-06  1.80406169e-04 
 3.50579454e-06  5.66496434e-05 
 3.50678710e-06  1.62979036e-04 
 3.50795059e-06  5.27097851e-05 
 3.50966486e-06  1.68932293e-04 
 3.51110111e-06  5.43527644e-05 
 3.51274617e-06  1.60499608e-04 
 3.51448044e-06  3.72127138e-05 
 3.51625074e-06  1.38123937e-04 
 3.51804214e-06  3.07524654e-05 
 3.52065769e-06  1.37760713e-04 
 3.52342092e-06  2.97941733e-05 
 3.52838196e-06  1.37781019e-04 
 3.53563677e-06  2.96456639e-05 
 3.54784818e-06  1.37763037e-04 
 3.56965334e-06  2.95533775e-05 
 3.60620492e-06  1.37691298e-04 
 3.67294398e-06  2.94640058e-05 
 3.75010000e-06  1.37626862e-04 
 3.75011000e-06 -4.16005581e-03 
 3.75013000e-06 -4.55666243e-03 
 3.75017000e-06 -3.73125799e-03 
 3.75020000e-06 -3.78838676e-03 
 3.75020052e-06 -6.06989508e-04 
 3.75020157e-06  5.43029872e-04 
 3.75020365e-06  1.72500534e-04 
 3.75020783e-06  3.42946797e-04 
 3.75021617e-06  2.14496139e-04 
 3.75023287e-06  3.77707302e-04 
 3.75026625e-06  2.80356561e-04 
 3.75033303e-06  4.08260784e-04 
 3.75046657e-06  2.95505564e-04 
 3.75064396e-06  4.27783763e-04 
 3.75091358e-06  3.78984401e-04 
 3.75145283e-06  5.34949218e-04 
 3.75210494e-06  3.66641118e-04 
 3.75287635e-06  2.52820103e-04 
 3.75358345e-06  9.57110010e-05 
 3.75454464e-06  1.88206324e-04 
 3.75560649e-06  8.24432583e-05 
 3.75650964e-06  1.60329039e-04 
 3.75748381e-06  5.05246689e-05 
 3.75841778e-06  1.44025914e-04 
 3.75942285e-06  4.43730294e-05 
 3.76059473e-06  1.33508605e-04 
 3.76293848e-06  3.61632557e-05 
 3.76605187e-06  1.30555226e-04 
 3.77051935e-06  3.63127671e-05 
 3.77830906e-06  1.30579433e-04 
 3.79388847e-06  3.63775015e-05 
 3.82369360e-06  1.30618323e-04 
 3.88330385e-06  3.63958685e-05 
 4.00000000e-06  1.30617081e-04 
 4.00001000e-06  4.21507565e-03 
 4.00003000e-06  4.07515113e-03 
 4.00007000e-06  4.86731197e-03 
 4.00010000e-06  5.73107516e-03 
 4.00010052e-06  2.43413292e-03 
 4.00010155e-06  1.04100207e-03 
 4.00010362e-06  1.14741966e-03 
 4.00010775e-06  9.99104282e-04 
 4.00011602e-06  1.10633838e-03 
 4.00013256e-06  9.06961210e-04 
 4.00016564e-06  9.51794489e-04 
 4.00023179e-06  7.40316012e-04 
 4.00036410e-06  7.60919007e-04 
 4.00054733e-06  5.82827626e-04 
 4.00091380e-06  6.71225000e-04 
 4.00141080e-06  4.80156291e-04 
 4.00193984e-06  3.87027239e-04 
 4.00268911e-06  1.85795825e-04 
 4.00337298e-06  2.81200723e-04 
 4.00409141e-06  1.08546904e-04 
 4.00487640e-06  1.83403634e-04 
 4.00574914e-06  5.55433782e-05 
 4.00657358e-06  1.70265645e-04 
 4.00742781e-06  5.53908303e-05 
 4.00839547e-06  1.67522018e-04 
 4.00934076e-06  4.79649296e-05 
 4.01034764e-06  1.56127973e-04 
 4.01179479e-06  3.25376436e-05 
 4.01327638e-06  1.44493248e-04 
 4.01574794e-06  4.03577640e-05 
 4.01842666e-06  1.67767679e-04 
 4.02085360e-06  5.82125169e-05 
 4.02344362e-06  1.96583480e-04 
 4.02536643e-06  9.43883897e-05 
 4.02720090e-06  1.89723196e-04 
 4.02883887e-06  6.51508232e-05 
 4.03060780e-06  1.65459122e-04 
 4.03267128e-06  4.85389921e-05 
 4.03528832e-06  1.55355318e-04 
 4.03841393e-06  4.19659912e-05 
 4.04344539e-06  1.49478567e-04 
 4.05048724e-06  2.91412181e-05 
 4.05702565e-06  1.37514685e-04 
 4.06464961e-06  3.54090891e-05 
 4.07363842e-06  1.40940522e-04 
 4.07968603e-06  1.02910374e-05 
 4.08648475e-06  1.32861458e-04 
 4.09380279e-06  2.07397673e-06 
 4.10071760e-06  1.25294646e-04 
 4.10756937e-06  3.23912205e-06 
 4.11537723e-06  1.23903983e-04 
 4.13099294e-06  4.37287283e-06 
 4.14948262e-06  1.24073313e-04 
 4.18121844e-06  5.50971981e-06 
 4.23529427e-06  1.24933703e-04 
 4.25010000e-06  6.48359062e-06 
 4.25011000e-06 -4.19165017e-03 
 4.25013000e-06 -4.58218350e-03 
 4.25017000e-06 -3.75566137e-03 
 4.25020000e-06 -3.81218357e-03 
 4.25020052e-06 -6.33131717e-04 
 4.25020156e-06  5.14867848e-04 
 4.25020365e-06  1.44303974e-04 
 4.25020782e-06  3.14632005e-04 
 4.25021617e-06  1.86296046e-04 
 4.25023286e-06  3.50393304e-04 
 4.25026624e-06  2.55577062e-04 
 4.25033300e-06  3.88710791e-04 
 4.25041615e-06  2.79252429e-04 
 4.25058244e-06  4.06099423e-04 
 4.25076980e-06  3.16903383e-04 
 4.25108617e-06  5.12492803e-04 
 4.25171890e-06  3.82620586e-04 
 4.25234065e-06  4.06295448e-04 
 4.25303883e-06  9.68229698e-05 
 4.25377663e-06  1.87529699e-04 
 4.25472297e-06  5.79798431e-05 
 4.25550828e-06  1.73830271e-04 
 4.25640976e-06  2.04948759e-05 
 4.25729870e-06  1.41726725e-04 
 4.25824374e-06  1.49900207e-05 
 4.25980471e-06  1.37376903e-04 
 4.26135111e-06  2.24338786e-06 
 4.26397911e-06  1.30586155e-04 
 4.26727310e-06  8.55594994e-07 
 4.27243151e-06  1.30764086e-04 
 4.28274833e-06  9.37343820e-07 
 4.30338198e-06  1.31163457e-04 
 4.34464926e-06  4.60588739e-06 
 4.39371371e-06  1.46578738e-04 
 4.44802047e-06  1.93617126e-05 
 4.50000000e-06  1.49586628e-04 
 4.50001000e-06  4.21049439e-03 
 4.50003000e-06  4.06948659e-03 
 4.50007000e-06  4.87124809e-03 
 4.50010000e-06  5.73639717e-03 
 4.50010052e-06  2.44324636e-03 
 4.50010155e-06  1.05493121e-03 
 4.50010362e-06  1.16035576e-03 
 4.50010775e-06  1.01291696e-03 
 4.50011602e-06  1.12002057e-03 
 4.50013256e-06  9.19727795e-04 
 4.50016564e-06  9.61328744e-04 
 4.50023179e-06  7.48362816e-04 
 4.50036409e-06  7.66266976e-04 
 4.50062870e-06  5.67807068e-04 
 4.50109492e-06  6.65506581e-04 
 4.50175522e-06  3.43150194e-04 
 4.50246887e-06  2.89283062e-04 
 4.50308453e-06  1.88168290e-04 
 4.50385317e-06  2.23250547e-04 
 4.50481491e-06  7.85672910e-05 
 4.50576328e-06  1.66748653e-04 
 4.50670704e-06  6.13754918e-05 
 4.50793402e-06  1.62620367e-04 
 4.50934845e-06  7.13930457e-05 
 4.51106261e-06  1.71200959e-04 
 4.51240637e-06  6.32240418e-05 
 4.51385860e-06  1.46792567e-04 
 4.51530191e-06  4.25585724e-05 
 4.51703491e-06  1.41156363e-04 
 4.51885895e-06  4.30446620e-05 
 4.52218201e-06  1.46524457e-04 
 4.52694196e-06  3.39873963e-05 
 4.53126392e-06  1.38255459e-04 
 4.53798765e-06  3.44053116e-05 
 4.54513064e-06  1.37380739e-04 
 4.55941662e-06  3.45522119e-05 
 4.57787789e-06  1.34674949e-04 
 4.59751213e-06  3.27782006e-05 
 4.61928655e-06  1.34409360e-04 
 4.64466645e-06  3.27745487e-05 
 4.69542627e-06  1.34336795e-04 
 4.75010000e-06  3.28027552e-05 
 4.75011000e-06 -4.16720547e-03 
 4.75013000e-06 -4.55576301e-03 
 4.75017000e-06 -3.72932868e-03 
 4.75020000e-06 -3.78755166e-03 
 4.75020052e-06 -6.09918009e-04 
 4.75020156e-06  5.36518722e-04 
 4.75020365e-06  1.66143815e-04 
 4.75020782e-06  3.36333129e-04 
 4.75021616e-06  2.07394912e-04 
 4.75023285e-06  3.70691854e-04 
 4.75026622e-06  2.74593725e-04 
 4.75033296e-06  4.06345704e-04 
 4.75041542e-06  2.96248557e-04 
 4.75058034e-06  4.22468585e-04 
 4.75076739e-06  3.32950636e-04 
 4.75108189e-06  5.28818861e-04 
 4.75171090e-06  4.01005458e-04 
 4.75233487e-06  4.25889812e-04 
 4.75303280e-06  1.14913854e-04 
 4.75376885e-06  2.06760984e-04 
 4.75471222e-06  7.98552980e-05 
 4.75555909e-06  1.96596573e-04 
 4.75650845e-06  4.66218352e-05 
 4.75734442e-06  1.63215799e-04 
 4.75824751e-06  3.26808185e-05 
 4.75925660e-06  1.58319498e-04 
 4.76041118e-06  2.23003890e-05 
 4.76272035e-06  1.48492720e-04 
 4.76572108e-06  1.83948398e-05 
 4.76997777e-06  1.48589920e-04 
 4.77737092e-06  1.84270293e-05 
 4.79215722e-06  1.48644109e-04 
 4.82172982e-06  1.84532412e-05 
 4.88087501e-06  1.48655219e-04 
 4.99916540e-06  1.84628179e-05 
 5.00000000e-06  1.48672359e-04 
 5.00001000e-06  4.20765027e-03 
 5.00003000e-06  4.06545330e-03 
 5.00007000e-06  4.86921070e-03 
 5.00010000e-06  5.73290013e-03 
 5.00010052e-06  2.44098241e-03 
 5.00010155e-06  1.05385778e-03 
 5.00010362e-06  1.15902374e-03 
 5.00010775e-06  1.01115503e-03 
 5.00011602e-06  1.11846132e-03 
 5.00013256e-06  9.18379129e-04 
 5.00016564e-06  9.59794583e-04 
 5.00023179e-06  7.47199475e-04 
 5.00036409e-06  7.64844604e-04 
 5.00062870e-06  5.66899352e-04 
 5.00109426e-06  6.64230556e-04 
 5.00175485e-06  3.41462028e-04 
 5.00246757e-06  2.85828013e-04 
 5.00308788e-06  1.89870882e-04 
 5.00385396e-06  2.31061885e-04 
 5.00471644e-06  8.09228280e-05 
 5.00560812e-06  1.62929513e-04 
 5.00648794e-06  6.90755927e-05 
 5.00729295e-06  1.64354953e-04 
 5.00804586e-06  5.61543697e-05 
 5.00888723e-06  1.50835055e-04 
 5.00999739e-06  4.21499104e-05 
 5.01117114e-06  1.36887197e-04 
 5.01351863e-06  3.81060980e-05 
 5.01591161e-06  1.39238511e-04 
 5.01931229e-06  5.59287154e-05 
 5.02283328e-06  1.64622070e-04 
 5.02596431e-06  9.32608271e-05 
 5.02838196e-06  1.82701652e-04 
 5.03064866e-06  6.07210466e-05 
 5.03315662e-06  1.51168257e-04 
 5.03559534e-06  3.89950604e-05 
 5.03848878e-06  1.37642582e-04 
 5.04179246e-06  3.55767644e-05 
 5.04715170e-06  1.30345370e-04 
 5.05424363e-06  4.02303258e-05 
 5.06069552e-06  1.29185497e-04 
 5.06532580e-06  1.62917050e-05 
 5.07101695e-06  1.24810400e-04 
 5.07755219e-06  1.42889420e-05 
 5.08573957e-06  1.16522910e-04 
 5.09269752e-06  1.33290434e-05 
 5.10104643e-06  1.16741875e-04 
 5.11002730e-06  1.41526540e-05 
 5.12506971e-06  1.16659437e-04 
 5.14798539e-06  1.48411407e-05 
 5.18256102e-06  1.16943888e-04 
 5.24665025e-06  1.54381204e-05 
 5.25010000e-06  1.16525789e-04 
 5.25011000e-06 -4.17820682e-03 
 5.25013000e-06 -4.57455446e-03 
 5.25017000e-06 -3.74482625e-03 
 5.25020000e-06 -3.80618857e-03 
 5.25020052e-06 -6.27477821e-04 
 5.25020157e-06  5.19567937e-04 
 5.25020365e-06  1.49252154e-04 
 5.25020783e-06  3.19881405e-04 
 5.25021617e-06  1.90705835e-04 
 5.25023287e-06  3.54300018e-04 
 5.25026626e-06  2.58231898e-04 
 5.25033304e-06  3.90056999e-04 
 5.25041576e-06  2.79117474e-04 
 5.25058118e-06  4.05259070e-04 
 5.25076397e-06  3.14664950e-04 
 5.25108176e-06  5.11269514e-04 
 5.25171733e-06  3.82598636e-04 
 5.25234195e-06  4.08423533e-04 
 5.25304589e-06  9.69417792e-05 
 5.25378302e-06  1.87826224e-04 
 5.25472885e-06  6.05631087e-05 
 5.25575986e-06  1.72564113e-04 
 5.25651817e-06  3.14414870e-05 
 5.25740926e-06  1.42763228e-04 
 5.25836569e-06  1.56612665e-05 
 5.25949607e-06  1.39285931e-04 
 5.26070049e-06  4.36487401e-06 
 5.26310932e-06  1.31067395e-04 
 5.26621940e-06  1.30713979e-06 
 5.27073506e-06  1.31319551e-04 
 5.27934808e-06  1.31171759e-06 
 5.29657412e-06  1.31414972e-04 
 5.33102620e-06  1.36594906e-06 
 5.39993037e-06  1.31496576e-04 
 5.50000000e-06  1.42837465e-06 
 5.50001000e-06  4.18904629e-03 
 5.50003000e-06  4.05368437e-03 
 5.50007000e-06  4.85167860e-03 
 5.50010000e-06  5.72017995e-03 
 5.50010052e-06  2.42562571e-03 
 5.50010155e-06  1.03616015e-03 
 5.50010362e-06  1.14191103e-03 
 5.50010775e-06  9.94214348e-04 
 5.50011602e-06  1.10147378e-03 
 5.50013256e-06  9.00662762e-04 
 5.50016564e-06  9.42490163e-04 
 5.50023180e-06  7.29320464e-04 
 5.50036412e-06  7.48201591e-04 
 5.50062877e-06  5.50096439e-04 
 5.50109536e-06  6.47398601e-04 
 5.50175554e-06  3.22685674e-04 
 5.50246766e-06  2.66870133e-04 
 5.50308213e-06  1.63298900e-04 
 5.50385068e-06  2.05812766e-04 
 5.50481029e-06  6.06546380e-05 
 5.50576084e-06  1.50605311e-04 
 5.50670158e-06  4.10544388e-05 
 5.50782023e-06  1.41628330e-04 
 5.50925082e-06  4.40927062e-05 
 5.51082917e-06  1.57047544e-04 
 5.51232368e-06  4.31099153e-05 
 5.51367503e-06  1.35047275e-04 
 5.51517442e-06  2.38479730e-05 
 5.51688050e-06  1.18713369e-04 
 5.51863375e-06  1.54217103e-05 
 5.52214025e-06  1.17369763e-04 
 5.52702343e-06  1.52309946e-05 
 5.53666215e-06  1.17631346e-04 
 5.55444802e-06  1.52968372e-05 
 5.58611792e-06  1.17664022e-04 
 5.64883071e-06  1.52965885e-05 
 5.75010000e-06  1.17676652e-04 
 5.75011000e-06 -4.17935006e-03 
 5.75013000e-06 -4.57459579e-03 
 5.75017000e-06 -3.74411007e-03 
 5.75020000e-06 -3.80497331e-03 
 5.75020052e-06 -6.27320566e-04 
 5.75020157e-06  5.18684103e-04 
 5.75020365e-06  1.48119460e-04 
 5.75020783e-06  3.18763305e-04 
 5.75021617e-06  1.89894257e-04 
 5.75023287e-06  3.53909237e-04 
 5.75026626e-06  2.58005627e-04 
 5.75033305e-06  3.89921863e-04 
 5.75041494e-06  2.79006776e-04 
 5.75057872e-06  4.04841560e-04 
 5.75076551e-06  3.14618790e-04 
 5.75107834e-06  5.10726368e-04 
 5.75170400e-06  3.84553634e-04 
 5.75232973e-06  4.12335994e-04 
 5.75302715e-06  9.99152633e-05 
 5.75376172e-06  1.88249227e-04 
 5.75470275e-06  6.40020763e-05 
 5.75572930e-06  1.77992786e-04 
 5.75648265e-06  4.41056984e-05 
 5.75736484e-06  1.62894407e-04 
 5.75835772e-06  2.98630707e-05 
 5.75928784e-06  1.56059577e-04 
 5.76038923e-06  1.15254567e-05 
 5.76161388e-06  1.39265954e-04 
 5.76304326e-06  7.31507088e-06 
 5.76454915e-06  1.33702887e-04 
 5.76670378e-06  1.38653294e-06 
 5.76912657e-06  1.31508261e-04 
 5.77324880e-06  1.40938280e-06 
 5.77990524e-06  1.31454201e-04 
 5.79019287e-06  1.48391475e-06 
 5.80779602e-06  1.31454370e-04 
 5.83572632e-06  1.50480336e-06 
 5.89100722e-06  1.31455620e-04 
 6.00000000e-06  1.51667848e-06 
 6.00001000e-06  4.18652645e-03 
 6.00003000e-06  4.05094689e-03 
 6.00007000e-06  4.85060191e-03 
 6.00010000e-06  5.71848359e-03 
 6.00010052e-06  2.42491433e-03 
 6.00010155e-06  1.03651304e-03 
 6.00010362e-06  1.14207014e-03 
 6.00010775e-06  9.94115061e-04 
 6.00011602e-06  1.10146380e-03 
 6.00013256e-06  9.00816222e-04 
 6.00016564e-06  9.42136719e-04 
 6.00023180e-06  7.29300359e-04 
 6.00036412e-06  7.47799100e-04 
 6.00062877e-06  5.50436066e-04 
 6.00109437e-06  6.47550331e-04 
 6.00175499e-06  3.23070002e-04 
 6.00246685e-06  2.66192853e-04 
 6.00308689e-06  1.63070537e-04 
 6.00385271e-06  2.12222786e-04 
 6.00481880e-06  6.63635219e-05 
 6.00571344e-06  1.50565289e-04 
 6.00665923e-06  6.31661673e-05 
 6.00761579e-06  1.61225784e-04 
 6.00854990e-06  3.56009917e-05 
 6.00956425e-06  1.34189635e-04 
 6.01079496e-06  2.22283639e-05 
 6.01200586e-06  1.26221961e-04 
 6.01442766e-06  2.76966985e-05 
 6.01700054e-06  1.36510599e-04 
 6.01897803e-06  3.57221733e-05 
 6.02109357e-06  1.54173403e-04 
 6.02359482e-06  4.58478544e-05 
 6.02597774e-06  1.72696161e-04 
 6.02797966e-06  8.42771385e-05 
 6.02946351e-06  1.76894937e-04 
 6.03107663e-06  5.55393353e-05 
 6.03290461e-06  1.66881370e-04 
 6.03498752e-06  6.64721701e-05 
 6.03706973e-06  1.76086665e-04 
 6.04016735e-06  5.80400838e-05 
 6.04441598e-06  1.47485967e-04 
 6.04924750e-06  3.45403239e-05 
 6.05508696e-06  1.36196163e-04 
 6.06110218e-06  3.11811689e-05 
 6.06981577e-06  1.34847110e-04 
 6.08514712e-06  2.94631332e-05 
 6.11371568e-06  1.31150152e-04 
 6.13758390e-06  1.77836101e-05 
 6.15962430e-06  1.19592110e-04 
 6.17887087e-06  1.48211046e-05 
 6.20100797e-06  1.19129574e-04 
 6.24528217e-06  1.44713528e-05 
 6.25010000e-06  1.18953319e-04 
 6.25011000e-06 -4.17698509e-03 
 6.25013000e-06 -4.57296316e-03 
 6.25017000e-06 -3.73818708e-03 
 6.25020000e-06 -3.79488438e-03 
 6.25020052e-06 -6.18147042e-04 
 6.25020156e-06  5.27246219e-04 
 6.25020365e-06  1.57213383e-04 
 6.25020782e-06  3.27913990e-04 
 6.25021617e-06  1.98843924e-04 
 6.25023285e-06  3.62351017e-04 
 6.25026623e-06  2.67079570e-04 
 6.25033298e-06  3.95749225e-04 
 6.25041479e-06  2.84248467e-04 
 6.25057842e-06  4.07685717e-04 
 6.25076041e-06  3.16457104e-04 
 6.25105900e-06  5.08706161e-04 
 6.25165617e-06  3.88804574e-04 
 6.25228756e-06  4.24801555e-04 
 6.25298711e-06  1.07622893e-04 
 6.25371081e-06  1.88855610e-04 
 6.25463770e-06  6.30281890e-05 
 6.25565559e-06  1.75514475e-04 
 6.25691938e-06  3.85180371e-05 
 6.25795478e-06  1.51617841e-04 
 6.25904924e-06  1.28764973e-05 
 6.26023259e-06  1.36786558e-04 
 6.26205012e-06  2.72188575e-06 
 6.26388282e-06  1.31097180e-04 
 6.26742259e-06  2.42539236e-06 
 6.27261210e-06  1.30832095e-04 
 6.28161262e-06  2.45844782e-06 
 6.29849068e-06  1.30722869e-04 
 6.32732781e-06  2.40861171e-06 
 6.38500209e-06  1.30639740e-04 
 6.48386222e-06  2.36651202e-06 
 6.50000000e-06  1.30604491e-04 
 6.50001000e-06  4.18984503e-03 
 6.50003000e-06  4.04614460e-03 
 6.50007000e-06  4.85094469e-03 
 6.50010000e-06  5.70974145e-03 
 6.50010052e-06  2.41819009e-03 
 6.50010155e-06  1.03067273e-03 
 6.50010362e-06  1.13554454e-03 
 6.50010775e-06  9.88318371e-04 
 6.50011602e-06  1.09491241e-03 
 6.50013256e-06  8.93701642e-04 
 6.50016564e-06  9.35356133e-04 
 6.50023179e-06  7.21957822e-04 
 6.50036410e-06  7.41910900e-04 
 6.50062871e-06  5.45880752e-04 
 6.50109567e-06  6.46641773e-04 
 6.50175560e-06  3.21388602e-04 
 6.50246290e-06  2.65662205e-04 
 6.50308010e-06  1.57400555e-04 
 6.50384567e-06  2.06017545e-04 
 6.50480412e-06  5.87449944e-05 
 6.50575790e-06  1.57029016e-04 
 6.50669496e-06  4.40245911e-05 
 6.50775671e-06  1.45345803e-04 
 6.50886978e-06  3.80882896e-05 
 6.51080601e-06  1.59992723e-04 
 6.51261190e-06  4.22639682e-05 
 6.51408619e-06  1.39200020e-04 
 6.51572275e-06  2.48212603e-05 
 6.51759041e-06  1.21415990e-04 
 6.51960083e-06  1.37365752e-05 
 6.52321038e-06  1.19509596e-04 
 6.52819321e-06  1.33537829e-05 
 6.53723508e-06  1.19668946e-04 
 6.55218270e-06  1.33083975e-05 
 6.58172457e-06  1.19671469e-04 
 6.63481141e-06  1.32880909e-05 
 6.73703147e-06  1.19679806e-04 
 6.75010000e-06  1.32771900e-05 
 6.75011000e-06 -4.18132389e-03 
 6.75013000e-06 -4.56840604e-03 
 6.75017000e-06 -3.73764383e-03 
 6.75020000e-06 -3.78911776e-03 
 6.75020052e-06 -6.14307970e-04 
 6.75020156e-06  5.29185285e-04 
 6.75020365e-06  1.58791785e-04 
 6.75020782e-06  3.29067346e-04 
 6.75021617e-06  2.00228853e-04 
 6.75023286e-06  3.63916310e-04 
 6.75026623e-06  2.68533218e-04 
 6.75033299e-06  3.96623158e-04 
 6.75041409e-06  2.84780728e-04 
 6.75057630e-06  4.07366491e-04 
 6.75079586e-06  3.23725841e-04 
 6.75107445e-06  5.09729338e-04 
 6.75163165e-06  3.91976875e-04 
 6.75225123e-06  4.32565935e-04 
 6.75292277e-06  1.20652726e-04 
 6.75364488e-06  1.87638368e-04 
 6.75456806e-06  6.53661531e-05 
 6.75557655e-06  1.76503933e-04 
 6.75680584e-06  4.55466006e-05 
 6.75777427e-06  1.68090992e-04 
 6.75881548e-06  3.14677811e-05 
 6.75984374e-06  1.51957174e-04 
 6.76095124e-06  1.50672449e-05 
 6.76216333e-06  1.34882476e-04 
 6.76347755e-06  1.19023718e-05 
 6.76497072e-06  1.30551229e-04 
 6.76745117e-06  5.19951855e-06 
 6.77012330e-06  1.27693123e-04 
 6.77420853e-06  5.29933019e-06 
 6.78050390e-06  1.27574464e-04 
 6.79309463e-06  5.34609252e-06 
 6.81806527e-06  1.27562723e-04 
 6.86334801e-06  5.36533831e-06 
 6.95391348e-06  1.27576575e-04 
 7.00000000e-06  5.38216416e-06 
 7.00001000e-06  4.18415471e-03 
 7.00003000e-06  4.04720812e-03 
 7.00007000e-06  4.84586466e-03 
 7.00010000e-06  5.71121290e-03 
 7.00010052e-06  2.41832523e-03 
 7.00010155e-06  1.03061931e-03 
 7.00010362e-06  1.13598254e-03 
 7.00010775e-06  9.87748112e-04 
 7.00011602e-06  1.09498994e-03 
 7.00013256e-06  8.93620279e-04 
 7.00016564e-06  9.35030430e-04 
 7.00023181e-06  7.21711052e-04 
 7.00036413e-06  7.41607341e-04 
 7.00062877e-06  5.46076301e-04 
 7.00109460e-06  6.46959232e-04 
 7.00175515e-06  3.21809335e-04 
 7.00246220e-06  2.65400289e-04 
 7.00308515e-06  1.54949798e-04 
 7.00384795e-06  2.07125940e-04 
 7.00481312e-06  6.32196886e-05 
 7.00571044e-06  1.62242731e-04 
 7.00665316e-06  5.44196366e-05 
 7.00739211e-06  1.68501044e-04 
 7.00823976e-06  4.34914443e-05 
 7.00910748e-06  1.34784883e-04 
 7.00996196e-06  2.26683457e-05 
 7.01105377e-06  1.27236464e-04 
 7.01222725e-06  1.98954691e-05 
 7.01457421e-06  1.32107096e-04 
 7.01716722e-06  3.28204711e-05 
 7.01911955e-06  1.39833465e-04 
 7.02119654e-06  4.70137640e-05 
 7.02316190e-06  1.44991051e-04 
 7.02548651e-06  5.95604888e-05 
 7.02740384e-06  1.81222945e-04 
 7.02890654e-06  7.08276677e-05 
 7.03029699e-06  1.73584129e-04 
 7.03166280e-06  7.27587104e-05 
 7.03312393e-06  1.63159514e-04 
 7.03472152e-06  5.00051961e-05 
 7.03658241e-06  1.42454396e-04 
 7.03932534e-06  3.58853206e-05 
 7.04247324e-06  1.34430090e-04 
 7.04578435e-06  3.39379116e-05 
 7.05137593e-06  1.34149813e-04 
 7.06084765e-06  3.41983095e-05 
 7.07767313e-06  1.33716709e-04 
 7.10730682e-06  3.28383246e-05 
 7.16657421e-06  1.31422566e-04 
 7.22352004e-06  2.81941633e-05 
 7.25010000e-06  1.22382753e-04 
 7.25011000e-06 -4.17276699e-03 
 7.25013000e-06 -4.57034099e-03 
 7.25017000e-06 -3.73599130e-03 
 7.25020000e-06 -3.79271465e-03 
 7.25020052e-06 -6.16362014e-04 
 7.25020156e-06  5.28845352e-04 
 7.25020365e-06  1.59125291e-04 
 7.25020782e-06  3.29654604e-04 
 7.25021617e-06  2.01071163e-04 
 7.25023286e-06  3.65517519e-04 
 7.25026623e-06  2.71314446e-04 
 7.25033299e-06  3.98607263e-04 
 7.25041766e-06  2.88122947e-04 
 7.25058699e-06  4.11410574e-04 
 7.25076779e-06  3.22844145e-04 
 7.25106962e-06  5.14171427e-04 
 7.25167327e-06  3.93244279e-04 
 7.25229407e-06  4.26268102e-04 
 7.25299276e-06  1.11176621e-04 
 7.25371599e-06  1.91727839e-04 
 7.25464564e-06  6.83710879e-05 
 7.25566318e-06  1.76854360e-04 
 7.25659144e-06  4.39781519e-05 
 7.25779074e-06  1.49415076e-04 
 7.25890533e-06  1.80982514e-05 
 7.26009391e-06  1.38171481e-04 
 7.26179001e-06  6.85135857e-06 
 7.26401831e-06  1.31748544e-04 
 7.26784645e-06  5.44005591e-06 
 7.27343982e-06  1.30865884e-04 
 7.28462657e-06  4.61883951e-06 
 7.30481257e-06  1.29995740e-04 
 7.34241976e-06  3.96310593e-06 
 7.41622873e-06  1.29574184e-04 
 7.50000000e-06  3.79595233e-06 
 7.50001000e-06  4.18740171e-03 
 7.50003000e-06  4.05136398e-03 
 7.50007000e-06  4.85082561e-03 
 7.50010000e-06  5.71622429e-03 
 7.50010052e-06  2.42237991e-03 
 7.50010155e-06  1.03335315e-03 
 7.50010362e-06  1.13875902e-03 
 7.50010775e-06  9.90982451e-04 
 7.50011603e-06  1.09773966e-03 
 7.50013257e-06  8.96213634e-04 
 7.50016565e-06  9.37750076e-04 
 7.50023183e-06  7.23962051e-04 
 7.50036417e-06  7.43594241e-04 
 7.50062885e-06  5.47113158e-04 
 7.50109585e-06  6.47752145e-04 
 7.50172021e-06  3.35662154e-04 
 7.50244863e-06  2.65630055e-04 
 7.50307876e-06  1.59362416e-04 
 7.50384258e-06  2.07823112e-04 
 7.50475301e-06  6.11029233e-05 
 7.50573434e-06  1.55046317e-04 
 7.50663101e-06  4.28219549e-05 
 7.50781020e-06  1.44367894e-04 
 7.50903011e-06  3.93783105e-05 
 7.51069985e-06  1.60434254e-04 
 7.51258515e-06  4.15938619e-05 
 7.51410041e-06  1.38447653e-04 
 7.51572581e-06  2.35822584e-05 
 7.51757882e-06  1.21324634e-04 
 7.51956510e-06  1.39025663e-05 
 7.52307214e-06  1.19847045e-04 
 7.52799224e-06  1.35288456e-05 
 7.53652462e-06  1.19956784e-04 
 7.55078484e-06  1.34655232e-05 
 7.57887636e-06  1.19953742e-04 
 7.62751732e-06  1.34503733e-05 
 7.72479924e-06  1.19970393e-04 
 7.75010000e-06  1.34469590e-05 
 7.75011000e-06 -4.18237694e-03 
 7.75013000e-06 -4.57066618e-03 
 7.75017000e-06 -3.73989425e-03 
 7.75020000e-06 -3.79177030e-03 
 7.75020052e-06 -6.17344813e-04 
 7.75020156e-06  5.25842027e-04 
 7.75020365e-06  1.55690793e-04 
 7.75020782e-06  3.26020561e-04 
 7.75021617e-06  1.97401923e-04 
 7.75023286e-06  3.62088351e-04 
 7.75026623e-06  2.67447466e-04 
 7.75033299e-06  3.94016071e-04 
 7.75041712e-06  2.82835759e-04 
 7.75058537e-06  4.05100734e-04 
 7.75081543e-06  3.28201978e-04 
 7.75109309e-06  5.09874225e-04 
 7.75164839e-06  3.91008458e-04 
 7.75225923e-06  4.28943708e-04 
 7.75292027e-06  1.22067617e-04 
 7.75364508e-06  1.86410249e-04 
 7.75457106e-06  6.76653818e-05 
 7.75557791e-06  1.74577389e-04 
 7.75657386e-06  4.85419419e-05 
 7.75762369e-06  1.63449415e-04 
 7.75857196e-06  3.39975074e-05 
 7.75956126e-06  1.51354244e-04 
 7.76070563e-06  1.62752307e-05 
 7.76194042e-06  1.33928888e-04 
 7.76329745e-06  1.30271393e-05 
 7.76486663e-06  1.28789348e-04 
 7.76727865e-06  6.63937829e-06 
 7.76991889e-06  1.26468490e-04 
 7.77425366e-06  6.70289150e-06 
 7.78137701e-06  1.26357048e-04 
 7.79562371e-06  6.73076861e-06 
 7.81989971e-06  1.26332745e-04 
 7.86585475e-06  6.75115635e-06 
 7.95001906e-06  1.26379213e-04 
 8.00000000e-06  6.80782078e-06 
 8.00001000e-06  4.18431841e-03 
 8.00003000e-06  4.04756686e-03 
 8.00007000e-06  4.84725097e-03 
 8.00010000e-06  5.71275920e-03 
 8.00010052e-06  2.42145468e-03 
 8.00010155e-06  1.03432965e-03 
 8.00010362e-06  1.13775418e-03 
 8.00010775e-06  9.89770017e-04 
 8.00011602e-06  1.09516029e-03 
 8.00013256e-06  8.95960921e-04 
 8.00016564e-06  9.36122317e-04 
 8.00023180e-06  7.24357167e-04 
 8.00036412e-06  7.43111267e-04 
 8.00062877e-06  5.49278521e-04 
 8.00109621e-06  6.49206056e-04 
 8.00171989e-06  3.39529780e-04 
 8.00244834e-06  2.65028887e-04 
 8.00308385e-06  1.58045511e-04 
 8.00384845e-06  2.09050108e-04 
 8.00481535e-06  6.60370940e-05 
 8.00575039e-06  1.56472340e-04 
 8.00670186e-06  6.00023473e-05 
 8.00746258e-06  1.67178858e-04 
 8.00832588e-06  3.84903729e-05 
 8.00926702e-06  1.34349308e-04 
 8.01015684e-06  2.63222232e-05 
 8.01154529e-06  1.34048873e-04 
 8.01297185e-06  2.81222244e-05 
 8.01429615e-06  1.31393797e-04 
 8.01576383e-06  2.83754415e-05 
 8.01703417e-06  1.28528414e-04 
 8.01851600e-06  2.25275670e-05 
 8.02007480e-06  1.29914829e-04 
 8.02179512e-06  2.46795771e-05 
 8.02523574e-06  1.49612121e-04 
 8.02914907e-06  5.04192108e-05 
 8.03307477e-06  1.51842331e-04 
 8.03855093e-06  4.34843414e-05 
 8.04371546e-06  1.63572219e-04 
 8.04854195e-06  4.79660098e-05 
 8.05348807e-06  1.40496025e-04 
 8.05891577e-06  3.27490740e-05 
 8.06393860e-06  1.35512395e-04 
 8.07049028e-06  3.29177701e-05 
 8.07792629e-06  1.35086541e-04 
 8.09279833e-06  3.27665661e-05 
 8.11604141e-06  1.34957084e-04 
 8.15944688e-06  3.25953877e-05 
 8.21810587e-06  1.34777010e-04 
 8.25010000e-06  3.24759104e-05 
 8.25011000e-06 -4.16371711e-03 
 8.25013000e-06 -4.55078759e-03 
 8.25017000e-06 -3.72565506e-03 
 8.25020000e-06 -3.78009348e-03 
 8.25020052e-06 -6.06164370e-04 
 8.25020157e-06  5.33639075e-04 
 8.25020365e-06  1.60994265e-04 
 8.25020783e-06  3.35143595e-04 
 8.25021618e-06  2.06678284e-04 
 8.25023289e-06  3.72141617e-04 
 8.25026629e-06  2.74595535e-04 
 8.25033311e-06  4.02882946e-04 
 8.25046674e-06  2.88705114e-04 
 8.25064438e-06  4.21863451e-04 
 8.25085366e-06  3.50076854e-04 
 8.25127220e-06  5.31845385e-04 
 8.25192968e-06  3.66645533e-04 
 8.25260833e-06  3.21191247e-04 
 8.25330724e-06  8.05057710e-05 
 8.25422326e-06  1.77395715e-04 
 8.25544669e-06  5.00929906e-05 
 8.25660392e-06  1.51141411e-04 
 8.25788716e-06  4.10039289e-05 
 8.25952625e-06  1.47832806e-04 
 8.26158141e-06  2.72409190e-05 
 8.26424157e-06  1.40201733e-04 
 8.26764531e-06  2.66565577e-05 
 8.27257228e-06  1.40399112e-04 
 8.28242622e-06  2.66793507e-05 
 8.29635359e-06  1.40474148e-04 
 8.32420833e-06  2.66699908e-05 
 8.37991781e-06  1.40475367e-04 
 8.48484034e-06  2.66575223e-05 
 8.50000000e-06  1.40483152e-04 
