 0.00000000e+00  1.42852706e-04 
 1.00000000e-12  6.66165118e-03 
 2.00000000e-12  7.48063467e-03 
 4.00000000e-12  7.75719406e-03 
 8.00000000e-12  7.41166612e-03 
 1.60000000e-11  7.51239991e-03 
 3.20000000e-11  7.35657413e-03 
 6.40000000e-11  9.08903686e-03 
 1.00000000e-10  1.15698434e-02 
 1.01502795e-10  4.25618574e-03 
 1.04508385e-10  2.60380506e-03 
 1.10519565e-10  3.69829672e-03 
 1.22541924e-10  2.59160264e-03 
 1.46586643e-10  3.24896739e-03 
 1.94676081e-10  2.05435262e-03 
 2.90854956e-10  2.46163649e-03 
 4.40083596e-10  1.36071408e-03 
 7.34073987e-10  1.88867152e-03 
 1.08266866e-09  8.15492177e-04 
 1.59988117e-09  1.46723607e-03 
 2.19072545e-09  6.98222709e-04 
 2.77275511e-09  1.43001189e-03 
 3.45943116e-09  6.31948693e-04 
 4.22585113e-09  1.39718231e-03 
 4.89092837e-09  3.22736645e-04 
 5.60037193e-09  1.00667923e-03 
 6.33166247e-09  2.33700064e-05 
 6.99801346e-09  8.50120928e-04 
 7.87242825e-09 -4.93200164e-05 
 8.79721208e-09  7.51294146e-04 
 9.84041829e-09 -1.91184271e-04 
 1.09956721e-08  5.41231283e-04 
 1.23464023e-08 -2.60978281e-04 
 1.37163686e-08  5.99305584e-04 
 1.50301123e-08 -2.63314303e-04 
 1.61565117e-08  5.18634795e-04 
 1.73612551e-08 -3.00950136e-04 
 1.86922085e-08  5.15290466e-04 
 2.02837088e-08 -3.04268601e-04 
 2.28331958e-08  5.17005740e-04 
 2.47948561e-08 -3.00986962e-04 
 2.73381743e-08  5.22429578e-04 
 3.02049599e-08 -2.98328218e-04 
 3.45920235e-08  5.24365019e-04 
 4.01129530e-08 -2.95006207e-04 
 4.69333147e-08  5.27603215e-04 
 5.53307604e-08 -2.93527187e-04 
 6.49065406e-08  5.27438954e-04 
 7.73811480e-08 -2.95076299e-04 
 9.35284898e-08  5.25228833e-04 
 1.16479699e-07 -2.97383929e-04 
 1.47434928e-07  5.23542430e-04 
 1.92557679e-07 -2.98993714e-04 
 2.50100000e-07  5.20340708e-04 
 2.50110000e-07 -7.90216083e-03 
 2.50130000e-07 -8.66104522e-03 
 2.50170000e-07 -7.02910871e-03 
 2.50200000e-07 -6.84409549e-03 
 2.50200520e-07 -9.59649105e-04 
 2.50201560e-07  1.13259202e-03 
 2.50203641e-07  1.45944400e-04 
 2.50207801e-07  6.49982441e-04 
 2.50216123e-07  3.08005230e-04 
 2.50232766e-07  7.19820032e-04 
 2.50266052e-07  3.40609353e-04 
 2.50332623e-07  6.51483610e-04 
 2.50409422e-07  2.88535949e-04 
 2.50563018e-07  6.10786986e-04 
 2.50727434e-07  3.06992452e-04 
 2.51056266e-07  7.28615916e-04 
 2.51400912e-07  3.84741665e-04 
 2.51883057e-07  6.55983672e-04 
 2.52434511e-07  1.10238162e-04 
 2.53051173e-07  3.55312408e-04 
 2.53889605e-07  2.16813587e-05 
 2.54618530e-07  3.69251564e-04 
 2.55428847e-07 -1.56709528e-05 
 2.56199148e-07  3.02942774e-04 
 2.57052098e-07 -3.52243960e-05 
 2.57887953e-07  2.93508421e-04 
 2.59263079e-07 -5.08288817e-05 
 2.61205796e-07  2.75943572e-04 
 2.63413888e-07 -5.68445326e-05 
 2.66930222e-07  2.75018822e-04 
 2.71873224e-07 -5.74338348e-05 
 2.81759229e-07  2.73786940e-04 
 3.01531237e-07 -5.96403055e-05 
 3.40663253e-07  2.69160599e-04 
 4.18927284e-07 -6.87939177e-05 
 5.00000000e-07  2.58204914e-04 
 5.00010000e-07  3.81289709e-03 
 5.00030000e-07  3.72827707e-03 
 5.00070000e-07  4.62829508e-03 
 5.00100000e-07  5.47930069e-03 
 5.00104225e-07  1.50738153e-03 
 5.00112674e-07  1.02547804e-03 
 5.00129574e-07  1.28607051e-03 
 5.00163372e-07  8.42537081e-04 
 5.00230970e-07  1.05173691e-03 
 5.00366164e-07  6.07794504e-04 
 5.00553246e-07  8.70559903e-04 
 5.00927409e-07  5.22175179e-04 
 5.01510294e-07  6.15087821e-04 
 5.02041444e-07  1.19691908e-04 
 5.02613903e-07  4.53213096e-04 
 5.03292173e-07  4.34012677e-05 
 5.04085968e-07  3.12079110e-04 
 5.04838027e-07 -4.37689613e-05 
 5.05651766e-07  2.86674452e-04 
 5.06679686e-07 -5.36457426e-05 
 5.07772209e-07  2.85615398e-04 
 5.09522146e-07 -4.64159865e-05 
 5.12207234e-07  3.21505981e-04 
 5.14018418e-07 -2.91687476e-05 
 5.16075846e-07  2.86822341e-04 
 5.18361683e-07 -5.45584037e-05 
 5.20709455e-07  2.67671919e-04 
 5.23435403e-07 -7.62476368e-05 
 5.28062696e-07  2.60581125e-04 
 5.34634070e-07 -7.89583728e-05 
 5.45489029e-07  2.60156148e-04 
 5.65195380e-07 -8.02374915e-05 
 5.97614203e-07  2.58495123e-04 
 6.57617915e-07 -8.26601792e-05 
 7.50100000e-07  2.55830158e-04 
 7.50110000e-07 -3.76360659e-03 
 7.50130000e-07 -4.18632668e-03 
 7.50170000e-07 -3.44453701e-03 
 7.50200000e-07 -3.29728527e-03 
 7.50200745e-07 -3.11669603e-04 
 7.50202234e-07  6.31020622e-04 
 7.50205212e-07  2.06378210e-05 
 7.50211168e-07  4.67181017e-04 
 7.50223080e-07  1.48436198e-04 
 7.50246904e-07  5.09941949e-04 
 7.50294553e-07  2.17701283e-04 
 7.50389850e-07  5.29574297e-04 
 7.50580445e-07  2.49899212e-04 
 7.50953896e-07  6.81796819e-04 
 7.51428806e-07  3.67841881e-04 
 7.51992400e-07  5.95752414e-04 
 7.52594349e-07  5.32609150e-05 
 7.53250287e-07  3.17324555e-04 
 7.54105146e-07 -6.63788924e-06 
 7.54722887e-07  3.05455996e-04 
 7.55447600e-07 -4.37002412e-05 
 7.56117855e-07  2.65841539e-04 
 7.56849653e-07 -6.03474207e-05 
 7.57762519e-07  2.61330472e-04 
 7.58755958e-07 -6.89370330e-05 
 7.60742835e-07  2.47862144e-04 
 7.62899863e-07 -7.56063969e-05 
 7.66524316e-07  2.47379457e-04 
 7.71113268e-07 -7.55980415e-05 
 7.80291171e-07  2.47170885e-04 
 7.98646978e-07 -7.58055041e-05 
 8.35358591e-07  2.46768409e-04 
 9.08781817e-07 -7.63441371e-05 
 1.00000000e-06  2.46242732e-04 
 1.00001000e-06  3.80060018e-03 
 1.00003000e-06  3.70612881e-03 
 1.00007000e-06  4.61942906e-03 
 1.00010000e-06  5.46323990e-03 
 1.00010420e-06  1.49941630e-03 
 1.00011259e-06  1.01423151e-03 
 1.00012937e-06  1.27814325e-03 
 1.00016294e-06  8.34582931e-04 
 1.00023007e-06  1.04593408e-03 
 1.00036433e-06  6.01045113e-04 
 1.00055041e-06  8.64298830e-04 
 1.00092256e-06  5.14448007e-04 
 1.00144840e-06  6.37600824e-04 
 1.00198167e-06  1.16712874e-04 
 1.00255457e-06  4.48652847e-04 
 1.00322291e-06  4.80394274e-05 
 1.00397579e-06  3.10306639e-04 
 1.00472011e-06 -5.02592139e-05 
 1.00541236e-06  2.88301584e-04 
 1.00613406e-06 -4.79683171e-05 
 1.00693848e-06  2.86735634e-04 
 1.00770534e-06 -6.06515335e-05 
 1.00852890e-06  2.68105556e-04 
 1.00970618e-06 -7.63895893e-05 
 1.01102850e-06  2.62701266e-04 
 1.01328904e-06 -5.75548458e-05 
 1.01571288e-06  2.87657812e-04 
 1.01764522e-06 -3.89331711e-05 
 1.01938675e-06  3.38062150e-04 
 1.02066269e-06  7.27460944e-06 
 1.02205722e-06  3.27492280e-04 
 1.02362945e-06 -1.18106353e-05 
 1.02518900e-06  3.09237882e-04 
 1.02703693e-06 -2.53341417e-05 
 1.02975353e-06  2.99883882e-04 
 1.03264553e-06 -3.47219911e-05 
 1.03842953e-06  2.88802236e-04 
 1.04758174e-06 -4.88346085e-05 
 1.06249616e-06  2.73674531e-04 
 1.08249091e-06 -6.22149919e-05 
 1.11491156e-06  2.64534470e-04 
 1.16783296e-06 -6.81624134e-05 
 1.23247179e-06  2.58285403e-04 
 1.25010000e-06 -7.36206788e-05 
 1.25011000e-06 -3.77416929e-03 
 1.25013000e-06 -4.17894880e-03 
 1.25017000e-06 -3.44779375e-03 
 1.25020000e-06 -3.27711653e-03 
 1.25020073e-06 -3.15838905e-04 
 1.25020219e-06  6.30589539e-04 
 1.25020511e-06  2.87416365e-05 
 1.25021096e-06  4.64316558e-04 
 1.25022265e-06  1.56390445e-04 
 1.25024602e-06  5.08595425e-04 
 1.25029278e-06  2.28017656e-04 
 1.25038629e-06  5.30309300e-04 
 1.25057331e-06  2.60357266e-04 
 1.25090265e-06  6.69727394e-04 
 1.25139727e-06  3.83997614e-04 
 1.25202193e-06  5.85592273e-04 
 1.25260583e-06  6.56935929e-05 
 1.25327610e-06  3.16291983e-04 
 1.25410274e-06  8.72689674e-06 
 1.25470704e-06  3.03853359e-04 
 1.25540710e-06 -3.68257282e-05 
 1.25633558e-06  2.61208120e-04 
 1.25719819e-06 -4.74480491e-05 
 1.25832589e-06  2.55940317e-04 
 1.26024856e-06 -6.25420035e-05 
 1.26219925e-06  2.45611012e-04 
 1.26536581e-06 -6.36938892e-05 
 1.26931921e-06  2.44984895e-04 
 1.27722601e-06 -6.44415171e-05 
 1.29303960e-06  2.43462443e-04 
 1.32466679e-06 -6.69739336e-05 
 1.38792117e-06  2.39902056e-04 
 1.50000000e-06 -6.99055963e-05 
 1.50001000e-06  3.78651925e-03 
 1.50003000e-06  3.71094724e-03 
 1.50007000e-06  4.61562389e-03 
 1.50010000e-06  5.47280262e-03 
 1.50010423e-06  1.50316025e-03 
 1.50011269e-06  1.01862775e-03 
 1.50012961e-06  1.28019442e-03 
 1.50016344e-06  8.37712246e-04 
 1.50023112e-06  1.04738528e-03 
 1.50036646e-06  6.02529297e-04 
 1.50054422e-06  8.66066029e-04 
 1.50089974e-06  5.16578127e-04 
 1.50139524e-06  6.64921004e-04 
 1.50190881e-06  1.29219369e-04 
 1.50245102e-06  4.47227980e-04 
 1.50311308e-06  5.76895486e-05 
 1.50377640e-06  3.21791302e-04 
 1.50452917e-06 -4.32884258e-05 
 1.50539878e-06  2.77287620e-04 
 1.50621845e-06 -5.47894938e-05 
 1.50750111e-06  2.86144582e-04 
 1.50883643e-06 -5.53666200e-05 
 1.51010761e-06  2.76849547e-04 
 1.51140933e-06 -6.13122457e-05 
 1.51304575e-06  2.53219108e-04 
 1.51457882e-06 -7.99962078e-05 
 1.51652299e-06  2.51305781e-04 
 1.51830550e-06 -8.15209594e-05 
 1.52187053e-06  2.51005372e-04 
 1.52900059e-06 -8.17054094e-05 
 1.53992929e-06  2.51023680e-04 
 1.56178670e-06 -8.16748019e-05 
 1.60550151e-06  2.51142637e-04 
 1.69293113e-06 -8.14325529e-05 
 1.75010000e-06  2.51385061e-04 
 1.75011000e-06 -3.76674548e-03 
 1.75013000e-06 -4.18844334e-03 
 1.75017000e-06 -3.43887751e-03 
 1.75020000e-06 -3.28471717e-03 
 1.75020074e-06 -3.10099250e-04 
 1.75020223e-06  6.25344279e-04 
 1.75020521e-06  1.87514766e-05 
 1.75021116e-06  4.63115337e-04 
 1.75022307e-06  1.46427407e-04 
 1.75024688e-06  5.06715677e-04 
 1.75029451e-06  2.16363874e-04 
 1.75038977e-06  5.26995719e-04 
 1.75058028e-06  2.48777963e-04 
 1.75091419e-06  6.70015475e-04 
 1.75140577e-06  3.71377414e-04 
 1.75204288e-06  5.76400981e-04 
 1.75261781e-06  5.27729140e-05 
 1.75330421e-06  3.12349270e-04 
 1.75414349e-06 -3.77894162e-06 
 1.75474633e-06  3.01294474e-04 
 1.75544226e-06 -4.25391899e-05 
 1.75613146e-06  2.62574615e-04 
 1.75685920e-06 -5.82922174e-05 
 1.75781337e-06  2.57938141e-04 
 1.75887010e-06 -6.77106417e-05 
 1.76098356e-06  2.44301636e-04 
 1.76315537e-06 -7.38487043e-05 
 1.76695830e-06  2.44095830e-04 
 1.77181186e-06 -7.38001738e-05 
 1.78151897e-06  2.44014950e-04 
 1.80093321e-06 -7.37773172e-05 
 1.83976168e-06  2.44016172e-04 
 1.91741861e-06 -7.37224648e-05 
 2.00000000e-06  2.44067216e-04 
 2.00001000e-06  3.79455123e-03 
 2.00003000e-06  3.69478351e-03 
 2.00007000e-06  4.62748609e-03 
 2.00010000e-06  5.45965156e-03 
 2.00010419e-06  1.50391229e-03 
 2.00011258e-06  1.01828834e-03 
 2.00012935e-06  1.28151677e-03 
 2.00016289e-06  8.38719440e-04 
 2.00022997e-06  1.04960650e-03 
 2.00036414e-06  6.04238538e-04 
 2.00054084e-06  8.67857159e-04 
 2.00089424e-06  5.17371649e-04 
 2.00138574e-06  6.70798718e-04 
 2.00189667e-06  1.31700445e-04 
 2.00243482e-06  4.48810060e-04 
 2.00309652e-06  6.28824022e-05 
 2.00375270e-06  3.27323760e-04 
 2.00453130e-06 -4.48080649e-05 
 2.00518604e-06  2.85767798e-04 
 2.00589496e-06 -4.81460284e-05 
 2.00673968e-06  2.87659533e-04 
 2.00747335e-06 -5.69237526e-05 
 2.00825870e-06  2.72498515e-04 
 2.00931979e-06 -7.19902159e-05 
 2.01035586e-06  2.59232013e-04 
 2.01225331e-06 -6.56342312e-05 
 2.01465664e-06  2.85907376e-04 
 2.01662837e-06 -4.90450955e-05 
 2.01869128e-06  3.31076468e-04 
 2.02019760e-06  4.20931736e-06 
 2.02160082e-06  3.22993478e-04 
 2.02284833e-06 -1.66828177e-05 
 2.02423776e-06  3.01108226e-04 
 2.02576035e-06 -3.39489388e-05 
 2.02803297e-06  2.87590541e-04 
 2.03017144e-06 -4.47084362e-05 
 2.03420148e-06  2.75679612e-04 
 2.03990947e-06 -5.81253890e-05 
 2.04867615e-06  2.62731472e-04 
 2.06357743e-06 -6.90998239e-05 
 2.08603121e-06  2.56309610e-04 
 2.12829873e-06 -7.35225636e-05 
 2.17484063e-06  2.49760381e-04 
 2.25010000e-06 -8.04600555e-05 
 2.25011000e-06 -3.78260208e-03 
 2.25013000e-06 -4.18784640e-03 
 2.25017000e-06 -3.45172192e-03 
 2.25020000e-06 -3.27429538e-03 
 2.25020073e-06 -3.19628077e-04 
 2.25020219e-06  6.21730738e-04 
 2.25020512e-06  2.21515900e-05 
 2.25021096e-06  4.56641426e-04 
 2.25022265e-06  1.49384668e-04 
 2.25024604e-06  5.00847449e-04 
 2.25029281e-06  2.20542420e-04 
 2.25038635e-06  5.22079210e-04 
 2.25057343e-06  2.52340093e-04 
 2.25090204e-06  6.61421021e-04 
 2.25139429e-06  3.76471049e-04 
 2.25202210e-06  5.77136154e-04 
 2.25260350e-06  5.86822734e-05 
 2.25328224e-06  3.07737247e-04 
 2.25412478e-06  1.10548542e-06 
 2.25473281e-06  2.94156406e-04 
 2.25543402e-06 -4.53483088e-05 
 2.25631167e-06  2.53755550e-04 
 2.25719130e-06 -5.47724258e-05 
 2.25827308e-06  2.48372717e-04 
 2.26015873e-06 -6.93220677e-05 
 2.26209509e-06  2.38006687e-04 
 2.26520924e-06 -7.02382351e-05 
 2.26910605e-06  2.37940406e-04 
 2.27689967e-06 -7.00666175e-05 
 2.29248690e-06  2.38151944e-04 
 2.32366138e-06 -6.95688871e-05 
 2.38601032e-06  2.38918038e-04 
 2.48736088e-06 -6.87350370e-05 
 2.50000000e-06  2.39289770e-04 
 2.50001000e-06  3.79347241e-03 
 2.50003000e-06  3.69334593e-03 
 2.50007000e-06  4.62963180e-03 
 2.50010000e-06  5.45897036e-03 
 2.50010419e-06  1.50388762e-03 
 2.50011258e-06  1.01882064e-03 
 2.50012935e-06  1.28138157e-03 
 2.50016288e-06  8.39037899e-04 
 2.50022996e-06  1.04939888e-03 
 2.50036411e-06  6.04510061e-04 
 2.50054085e-06  8.67527936e-04 
 2.50089434e-06  5.17581309e-04 
 2.50138578e-06  6.70786519e-04 
 2.50189653e-06  1.32287637e-04 
 2.50243487e-06  4.48119353e-04 
 2.50309688e-06  6.07734838e-05 
 2.50375016e-06  3.24501085e-04 
 2.50448917e-06 -4.10562858e-05 
 2.50535135e-06  2.78006157e-04 
 2.50617278e-06 -5.39767842e-05 
 2.50746997e-06  2.85883511e-04 
 2.50880120e-06 -5.51529772e-05 
 2.51004529e-06  2.78282703e-04 
 2.51133424e-06 -5.94191766e-05 
 2.51297762e-06  2.54044203e-04 
 2.51447876e-06 -7.92760165e-05 
 2.51623432e-06  2.52191110e-04 
 2.51805384e-06 -8.08091540e-05 
 2.52169287e-06  2.51822687e-04 
 2.52864111e-06 -8.10129297e-05 
 2.54004725e-06  2.51817843e-04 
 2.56285953e-06 -8.10301241e-05 
 2.60848409e-06  2.51829806e-04 
 2.69973321e-06 -8.10006658e-05 
 2.75010000e-06  2.51857411e-04 
 2.75011000e-06 -3.76632183e-03 
 2.75013000e-06 -4.18787211e-03 
 2.75017000e-06 -3.43602664e-03 
 2.75020000e-06 -3.27569784e-03 
 2.75020074e-06 -3.06338231e-04 
 2.75020223e-06  6.25489261e-04 
 2.75020521e-06  2.06681985e-05 
 2.75021116e-06  4.64003614e-04 
 2.75022307e-06  1.47997107e-04 
 2.75024688e-06  5.07470954e-04 
 2.75029451e-06  2.17474157e-04 
 2.75038976e-06  5.27223719e-04 
 2.75058026e-06  2.49326358e-04 
 2.75091405e-06  6.70185941e-04 
 2.75140457e-06  3.72145983e-04 
 2.75197820e-06  5.98111509e-04 
 2.75257761e-06  5.91661759e-05 
 2.75322584e-06  3.15577042e-04 
 2.75406320e-06 -4.38528920e-06 
 2.75467516e-06  3.04489187e-04 
 2.75538714e-06 -4.03899014e-05 
 2.75603791e-06  2.64400872e-04 
 2.75675913e-06 -5.80441188e-05 
 2.75765165e-06  2.59383574e-04 
 2.75864294e-06 -6.59024994e-05 
 2.76062552e-06  2.45066290e-04 
 2.76272223e-06 -7.34222763e-05 
 2.76625638e-06  2.44459672e-04 
 2.77059937e-06 -7.33465872e-05 
 2.77928536e-06  2.44338911e-04 
 2.79665734e-06 -7.33424893e-05 
 2.83140130e-06  2.44286036e-04 
 2.90088922e-06 -7.33586522e-05 
 3.00000000e-06  2.44264786e-04 
 3.00001000e-06  3.79177468e-03 
 3.00003000e-06  3.68955914e-03 
 3.00007000e-06  4.63042607e-03 
 3.00010000e-06  5.45579724e-03 
 3.00010419e-06  1.50327273e-03 
 3.00011258e-06  1.01799047e-03 
 3.00012935e-06  1.28094847e-03 
 3.00016290e-06  8.38749292e-04 
 3.00022998e-06  1.04947800e-03 
 3.00036416e-06  6.04688411e-04 
 3.00054088e-06  8.67899373e-04 
 3.00089433e-06  5.17832089e-04 
 3.00138583e-06  6.70819138e-04 
 3.00189661e-06  1.32208515e-04 
 3.00243433e-06  4.48914532e-04 
 3.00309596e-06  6.26076469e-05 
 3.00375197e-06  3.26224970e-04 
 3.00453045e-06 -4.69802116e-05 
 3.00519134e-06  2.86200293e-04 
 3.00589771e-06 -4.76884933e-05 
 3.00676698e-06  2.87375634e-04 
 3.00752143e-06 -5.75659610e-05 
 3.00831959e-06  2.71651710e-04 
 3.00947592e-06 -7.29771240e-05 
 3.01052998e-06  2.59808350e-04 
 3.01255821e-06 -6.23724725e-05 
 3.01491975e-06  2.85956460e-04 
 3.01678524e-06 -4.18824577e-05 
 3.01881586e-06  3.33701078e-04 
 3.02015463e-06 -3.73680605e-06 
 3.02167883e-06  3.12830412e-04 
 3.02301277e-06 -2.97875601e-05 
 3.02443673e-06  2.88497955e-04 
 3.02609209e-06 -4.83552229e-05 
 3.02834666e-06  2.74452212e-04 
 3.03068309e-06 -5.92962972e-05 
 3.03502305e-06  2.63146862e-04 
 3.04098993e-06 -6.97295605e-05 
 3.05061609e-06  2.56429971e-04 
 3.06641361e-06 -7.29997831e-05 
 3.09292487e-06  2.52045850e-04 
 3.14155497e-06 -8.15894420e-05 
 3.18902052e-06  2.48770587e-04 
 3.21804205e-06 -7.96946856e-05 
 3.25010000e-06  2.49608105e-04 
 3.25011000e-06 -3.77115388e-03 
 3.25013000e-06 -4.19436725e-03 
 3.25017000e-06 -3.43927894e-03 
 3.25020000e-06 -3.27571296e-03 
 3.25020074e-06 -3.06599568e-04 
 3.25020223e-06  6.25665011e-04 
 3.25020521e-06  2.09807825e-05 
 3.25021116e-06  4.64202647e-04 
 3.25022306e-06  1.48652323e-04 
 3.25024686e-06  5.08142619e-04 
 3.25029447e-06  2.18687642e-04 
 3.25038969e-06  5.28277215e-04 
 3.25058012e-06  2.50593048e-04 
 3.25091325e-06  6.70584086e-04 
 3.25140400e-06  3.72230899e-04 
 3.25204142e-06  5.76296407e-04 
 3.25261551e-06  5.37517297e-05 
 3.25330222e-06  3.13294028e-04 
 3.25414291e-06 -1.71851165e-06 
 3.25474764e-06  2.99398636e-04 
 3.25544442e-06 -4.84949480e-05 
 3.25630966e-06  2.59898284e-04 
 3.25723398e-06 -5.78063379e-05 
 3.25827643e-06  2.54336520e-04 
 3.26036134e-06 -7.28636629e-05 
 3.26226943e-06  2.43982511e-04 
 3.26555406e-06 -7.32786888e-05 
 3.26944915e-06  2.43875723e-04 
 3.27723935e-06 -7.32100858e-05 
 3.29281974e-06  2.43892097e-04 
 3.32398052e-06 -7.30998565e-05 
 3.38630207e-06  2.44012896e-04 
 3.50000000e-06 -7.29797716e-05 
 3.50001000e-06  3.78076509e-03 
 3.50003000e-06  3.70037176e-03 
 3.50007000e-06  4.62212897e-03 
 3.50010000e-06  5.46543879e-03 
 3.50010423e-06  1.50221177e-03 
 3.50011269e-06  1.01874100e-03 
 3.50012960e-06  1.27927758e-03 
 3.50016343e-06  8.38460858e-04 
 3.50023110e-06  1.04735119e-03 
 3.50036642e-06  6.04131774e-04 
 3.50054418e-06  8.66418828e-04 
 3.50089968e-06  5.18269893e-04 
 3.50139510e-06  6.65426842e-04 
 3.50190850e-06  1.30844176e-04 
 3.50245072e-06  4.47707527e-04 
 3.50311238e-06  5.86850700e-05 
 3.50377555e-06  3.21308964e-04 
 3.50451372e-06 -4.36644251e-05 
 3.50536430e-06  2.78275369e-04 
 3.50618430e-06 -5.34162086e-05 
 3.50731515e-06  2.86218890e-04 
 3.50869996e-06 -5.26869545e-05 
 3.50986831e-06  2.79304074e-04 
 3.51109692e-06 -5.91964769e-05 
 3.51248745e-06  2.56213694e-04 
 3.51408258e-06 -7.93547617e-05 
 3.51570132e-06  2.52517721e-04 
 3.51753021e-06 -8.04174444e-05 
 3.52118801e-06  2.51854425e-04 
 3.52649736e-06 -8.05661735e-05 
 3.53711608e-06  2.51796598e-04 
 3.55835351e-06 -8.05975909e-05 
 3.59809240e-06  2.51754449e-04 
 3.67757018e-06 -8.06180620e-05 
 3.75010000e-06  2.51741778e-04 
 3.75011000e-06 -3.76629159e-03 
 3.75013000e-06 -4.18772543e-03 
 3.75017000e-06 -3.43452455e-03 
 3.75020000e-06 -3.27053383e-03 
 3.75020074e-06 -3.04047047e-04 
 3.75020223e-06  6.25832555e-04 
 3.75020521e-06  2.19783060e-05 
 3.75021116e-06  4.64699491e-04 
 3.75022307e-06  1.49068198e-04 
 3.75024688e-06  5.07987726e-04 
 3.75029450e-06  2.18142276e-04 
 3.75038975e-06  5.27268627e-04 
 3.75058025e-06  2.49553334e-04 
 3.75091398e-06  6.70148492e-04 
 3.75140441e-06  3.72429403e-04 
 3.75197778e-06  5.98114248e-04 
 3.75257700e-06  5.96036552e-05 
 3.75322476e-06  3.15604404e-04 
 3.75406277e-06 -4.10028017e-06 
 3.75467394e-06  3.04305363e-04 
 3.75538498e-06 -4.00844397e-05 
 3.75603529e-06  2.64302039e-04 
 3.75675526e-06 -5.75778440e-05 
 3.75764932e-06  2.59288721e-04 
 3.75864825e-06 -6.55265288e-05 
 3.76064611e-06  2.44891829e-04 
 3.76273908e-06 -7.30262145e-05 
 3.76628456e-06  2.44320773e-04 
 3.77062931e-06 -7.29533798e-05 
 3.77931881e-06  2.44199222e-04 
 3.79669780e-06 -7.29517287e-05 
 3.83145578e-06  2.44142272e-04 
 3.90097174e-06 -7.29741580e-05 
 4.00000000e-06  2.44114550e-04 
 4.00001000e-06  3.78974407e-03 
 4.00003000e-06  3.68676055e-03 
 4.00007000e-06  4.63178884e-03 
 4.00010000e-06  5.45356773e-03 
 4.00010419e-06  1.50281454e-03 
 4.00011258e-06  1.01778225e-03 
 4.00012935e-06  1.28053251e-03 
 4.00016290e-06  8.38815921e-04 
 4.00022998e-06  1.04939606e-03 
 4.00036416e-06  6.05013604e-04 
 4.00054088e-06  8.67877402e-04 
 4.00089431e-06  5.18130948e-04 
 4.00138583e-06  6.70750132e-04 
 4.00189664e-06  1.32393303e-04 
 4.00243426e-06  4.48808268e-04 
 4.00309581e-06  6.33202672e-05 
 4.00375189e-06  3.27067985e-04 
 4.00453023e-06 -4.40065029e-05 
 4.00518444e-06  2.86388331e-04 
 4.00589298e-06 -4.64793592e-05 
 4.00677045e-06  2.87337601e-04 
 4.00754448e-06 -5.62079329e-05 
 4.00835667e-06  2.69232507e-04 
 4.00943674e-06 -7.34770031e-05 
 4.01056236e-06  2.59111582e-04 
 4.01256820e-06 -6.08789065e-05 
 4.01500092e-06  2.85401252e-04 
 4.01686208e-06 -3.54020073e-05 
 4.01891458e-06  3.28763785e-04 
 4.02056924e-06 -1.75359643e-05 
 4.02237317e-06  2.92648082e-04 
 4.02410890e-06 -4.94428514e-05 
 4.02614241e-06  2.67872637e-04 
 4.02810265e-06 -6.49031710e-05 
 4.03100442e-06  2.59953472e-04 
 4.03497593e-06 -7.14252530e-05 
 4.04252173e-06  2.56426349e-04 
 4.05627705e-06 -7.64294868e-05 
 4.08317174e-06  2.46649058e-04 
 4.10939101e-06 -8.11641326e-05 
 4.12352527e-06  2.49400641e-04 
 4.14276960e-06 -7.99323826e-05 
 4.16448405e-06  2.50193165e-04 
 4.20791293e-06 -7.94718931e-05 
 4.25010000e-06  2.50469645e-04 
 4.25011000e-06 -3.77101027e-03 
 4.25013000e-06 -4.19434330e-03 
 4.25017000e-06 -3.43887268e-03 
 4.25020000e-06 -3.27253586e-03 
 4.25020074e-06 -3.05499046e-04 
 4.25020223e-06  6.25124276e-04 
 4.25020521e-06  2.11496250e-05 
 4.25021116e-06  4.64083753e-04 
 4.25022306e-06  1.48700669e-04 
 4.25024686e-06  5.07996304e-04 
 4.25029447e-06  2.18775109e-04 
 4.25038969e-06  5.28313954e-04 
 4.25058013e-06  2.51048363e-04 
 4.25091134e-06  6.70510559e-04 
 4.25140331e-06  3.73101756e-04 
 4.25203912e-06  5.77373805e-04 
 4.25261392e-06  5.45374589e-05 
 4.25329952e-06  3.13665130e-04 
 4.25414041e-06 -1.15231531e-06 
 4.25474486e-06  2.99655805e-04 
 4.25544029e-06 -4.80835174e-05 
 4.25630065e-06  2.60149345e-04 
 4.25724420e-06 -5.74270366e-05 
 4.25827575e-06  2.54687811e-04 
 4.26033885e-06 -7.22229825e-05 
 4.26225129e-06  2.44192592e-04 
 4.26550887e-06 -7.27912470e-05 
 4.26939757e-06  2.44052482e-04 
 4.27717497e-06 -7.27660148e-05 
 4.29272976e-06  2.43994766e-04 
 4.32383936e-06 -7.27640205e-05 
 4.38605854e-06  2.43987683e-04 
 4.50000000e-06 -7.27501364e-05 
 4.50001000e-06  3.77927156e-03 
 4.50003000e-06  3.69847173e-03 
 4.50007000e-06  4.62296393e-03 
 4.50010000e-06  5.46371452e-03 
 4.50010423e-06  1.50097288e-03 
 4.50011269e-06  1.01910213e-03 
 4.50012961e-06  1.27791641e-03 
 4.50016345e-06  8.38594356e-04 
 4.50023113e-06  1.04609110e-03 
 4.50036649e-06  6.04376680e-04 
 4.50054382e-06  8.65305881e-04 
 4.50089848e-06  5.18708399e-04 
 4.50139292e-06  6.65430598e-04 
 4.50190563e-06  1.32157317e-04 
 4.50244665e-06  4.46850193e-04 
 4.50310780e-06  5.96860284e-05 
 4.50376852e-06  3.20713378e-04 
 4.50451374e-06 -4.26901138e-05 
 4.50535966e-06  2.77545816e-04 
 4.50618330e-06 -5.19529519e-05 
 4.50732388e-06  2.85323131e-04 
 4.50869598e-06 -5.19491052e-05 
 4.50993073e-06  2.78990580e-04 
 4.51119763e-06 -6.07015334e-05 
 4.51236999e-06  2.53103270e-04 
 4.51370042e-06 -7.74516851e-05 
 4.51502566e-06  2.51294270e-04 
 4.51655301e-06 -7.91019877e-05 
 4.51960772e-06  2.50801930e-04 
 4.52553765e-06 -7.93628880e-05 
 4.53653984e-06  2.50753294e-04 
 4.55854423e-06 -7.94072551e-05 
 4.60255299e-06  2.50709694e-04 
 4.69057052e-06 -7.94373580e-05 
 4.75010000e-06  2.50693738e-04 
 4.75011000e-06 -3.76642432e-03 
 4.75013000e-06 -4.18789547e-03 
 4.75017000e-06 -3.43419208e-03 
 4.75020000e-06 -3.26786850e-03 
 4.75020074e-06 -3.02988112e-04 
 4.75020223e-06  6.26022848e-04 
 4.75020521e-06  2.26410530e-05 
 4.75021116e-06  4.64989751e-04 
 4.75022306e-06  1.49550324e-04 
 4.75024687e-06  5.08264492e-04 
 4.75029448e-06  2.18326333e-04 
 4.75038970e-06  5.27640217e-04 
 4.75058014e-06  2.49984628e-04 
 4.75091179e-06  6.69977551e-04 
 4.75140373e-06  3.72723482e-04 
 4.75203994e-06  5.77068550e-04 
 4.75261450e-06  5.43672170e-05 
 4.75330039e-06  3.12772466e-04 
 4.75414366e-06 -2.55220280e-06 
 4.75474693e-06  3.01262489e-04 
 4.75544100e-06 -4.15676348e-05 
 4.75613696e-06  2.62636913e-04 
 4.75686812e-06 -5.70020341e-05 
 4.75783189e-06  2.58038952e-04 
 4.75889522e-06 -6.65650224e-05 
 4.76102189e-06  2.44295807e-04 
 4.76320471e-06 -7.26749401e-05 
 4.76703421e-06  2.44102441e-04 
 4.77194705e-06 -7.26358602e-05 
 4.78177275e-06  2.44004611e-04 
 4.80142413e-06 -7.26420661e-05 
 4.84072690e-06  2.43954029e-04 
 4.91933245e-06 -7.26653345e-05 
 5.00000000e-06  2.43929526e-04 
 5.00001000e-06  3.78829542e-03 
 5.00003000e-06  3.68555763e-03 
 5.00007000e-06  4.63273532e-03 
 5.00010000e-06  5.45314159e-03 
 5.00010419e-06  1.50280243e-03 
 5.00011258e-06  1.01854458e-03 
 5.00012934e-06  1.28015344e-03 
 5.00016288e-06  8.39520003e-04 
 5.00022995e-06  1.04899366e-03 
 5.00036410e-06  6.05417181e-04 
 5.00054030e-06  8.67211334e-04 
 5.00089270e-06  5.18462400e-04 
 5.00138296e-06  6.71526234e-04 
 5.00189292e-06  1.33600285e-04 
 5.00242901e-06  4.47883398e-04 
 5.00309019e-06  6.40569286e-05 
 5.00374338e-06  3.26906229e-04 
 5.00452131e-06 -4.31990981e-05 
 5.00517493e-06  2.86567922e-04 
 5.00588234e-06 -4.50557484e-05 
 5.00675236e-06  2.85924152e-04 
 5.00755065e-06 -5.69912648e-05 
 5.00838524e-06  2.66905154e-04 
 5.00954628e-06 -7.39130012e-05 
 5.01074553e-06  2.59093968e-04 
 5.01291322e-06 -5.79504244e-05 
 5.01552353e-06  2.85122313e-04 
 5.01746399e-06 -1.96229353e-05 
 5.01913582e-06  3.18810394e-04 
 5.02073598e-06 -3.20034686e-05 
 5.02237043e-06  2.84164665e-04 
 5.02402288e-06 -5.82521162e-05 
 5.02586281e-06  2.63165648e-04 
 5.02782263e-06 -6.86546576e-05 
 5.03058338e-06  2.59991424e-04 
 5.03428883e-06 -7.24257821e-05 
 5.04164420e-06  2.50626888e-04 
 5.05299412e-06 -8.64941312e-05 
 5.06223637e-06  2.51587116e-04 
 5.07081976e-06 -7.95772053e-05 
 5.07912480e-06  2.47817380e-04 
 5.08682714e-06 -7.90970042e-05 
 5.09868826e-06  2.49115918e-04 
 5.11668686e-06 -7.86622680e-05 
 5.15056349e-06  2.49646790e-04 
 5.20527325e-06 -7.85005518e-05 
 5.25010000e-06  2.49777755e-04 
 5.25011000e-06 -3.77131426e-03 
 5.25013000e-06 -4.19446935e-03 
 5.25017000e-06 -3.43844100e-03 
 5.25020000e-06 -3.27062852e-03 
 5.25020074e-06 -3.04671835e-04 
 5.25020223e-06  6.25138987e-04 
 5.25020521e-06  2.15521251e-05 
 5.25021116e-06  4.64292182e-04 
 5.25022306e-06  1.48951644e-04 
 5.25024687e-06  5.08026104e-04 
 5.25029448e-06  2.18609263e-04 
 5.25038970e-06  5.27983435e-04 
 5.25058014e-06  2.50742277e-04 
 5.25091292e-06  6.70821176e-04 
 5.25140431e-06  3.72904020e-04 
 5.25203185e-06  5.79950774e-04 
 5.25260935e-06  5.50680933e-05 
 5.25329593e-06  3.13903881e-04 
 5.25414301e-06 -1.24077635e-06 
 5.25474901e-06  2.99760538e-04 
 5.25544715e-06 -4.82601669e-05 
 5.25631078e-06  2.60481827e-04 
 5.25725873e-06 -5.73792171e-05 
 5.25829158e-06  2.54725845e-04 
 5.26035728e-06 -7.23742629e-05 
 5.26227875e-06  2.44434539e-04 
 5.26556494e-06 -7.28413077e-05 
 5.26947942e-06  2.44288664e-04 
 5.27730838e-06 -7.28213669e-05 
 5.29296629e-06  2.44218080e-04 
 5.32428213e-06 -7.28375914e-05 
 5.38691380e-06  2.44186253e-04 
 5.50000000e-06 -7.28477781e-05 
 5.50001000e-06  3.77817172e-03 
 5.50003000e-06  3.69731086e-03 
 5.50007000e-06  4.62330511e-03 
 5.50010000e-06  5.46285180e-03 
 5.50010423e-06  1.50114460e-03 
 5.50011269e-06  1.01895352e-03 
 5.50012961e-06  1.27811863e-03 
 5.50016344e-06  8.39003405e-04 
 5.50023111e-06  1.04671412e-03 
 5.50036645e-06  6.05073716e-04 
 5.50054417e-06  8.65876442e-04 
 5.50089962e-06  5.19115607e-04 
 5.50139504e-06  6.64750001e-04 
 5.50190856e-06  1.31510007e-04 
 5.50245050e-06  4.47023298e-04 
 5.50311197e-06  5.99613320e-05 
 5.50377521e-06  3.21148548e-04 
 5.50452992e-06 -4.08662223e-05 
 5.50540592e-06  2.76847949e-04 
 5.50622884e-06 -5.16506976e-05 
 5.50751633e-06  2.85415202e-04 
 5.50885328e-06 -5.15994311e-05 
 5.51008407e-06  2.78459837e-04 
 5.51153645e-06 -6.67824298e-05 
 5.51302876e-06  2.50259416e-04 
 5.51438016e-06 -7.74741631e-05 
 5.51598692e-06  2.50507181e-04 
 5.51776604e-06 -7.88305385e-05 
 5.52069019e-06  2.50495855e-04 
 5.52512085e-06 -7.89940466e-05 
 5.53297662e-06  2.50482227e-04 
 5.54751587e-06 -7.90388717e-05 
 5.57397428e-06  2.50445375e-04 
 5.62508806e-06 -7.90733766e-05 
 5.72731561e-06  2.50419639e-04 
 5.75010000e-06 -7.90850686e-05 
 5.75011000e-06 -3.77347821e-03 
 5.75013000e-06 -4.17744407e-03 
 5.75017000e-06 -3.44244377e-03 
 5.75020000e-06 -3.25645571e-03 
 5.75020073e-06 -3.11471850e-04 
 5.75020219e-06  6.23337002e-04 
 5.75020511e-06  2.69898573e-05 
 5.75021096e-06  4.59494456e-04 
 5.75022265e-06  1.53074324e-04 
 5.75024602e-06  5.02586339e-04 
 5.75029277e-06  2.22362428e-04 
 5.75038628e-06  5.22008643e-04 
 5.75057328e-06  2.52894311e-04 
 5.75090115e-06  6.61610714e-04 
 5.75139341e-06  3.78954015e-04 
 5.75201513e-06  5.81139579e-04 
 5.75259812e-06  6.20511553e-05 
 5.75327354e-06  3.08562813e-04 
 5.75411577e-06  1.93330017e-06 
 5.75472141e-06  2.97006493e-04 
 5.75542057e-06 -3.60073484e-05 
 5.75609949e-06  2.58144429e-04 
 5.75682426e-06 -5.19709324e-05 
 5.75776125e-06  2.53427593e-04 
 5.75879993e-06 -6.10554454e-05 
 5.76087728e-06  2.39439528e-04 
 5.76301704e-06 -6.76244441e-05 
 5.76673716e-06  2.39132001e-04 
 5.77139527e-06 -6.75739995e-05 
 5.78071149e-06  2.39025857e-04 
 5.79934394e-06 -6.75780471e-05 
 5.83660883e-06  2.38972510e-04 
 5.91113861e-06 -6.76021326e-05 
 6.00000000e-06  2.38945901e-04 
 6.00001000e-06  3.78728356e-03 
 6.00003000e-06  3.68445214e-03 
 6.00007000e-06  4.63226933e-03 
 6.00010000e-06  5.45157147e-03 
 6.00010419e-06  1.50222038e-03 
 6.00011258e-06  1.01753505e-03 
 6.00012935e-06  1.27994957e-03 
 6.00016288e-06  8.38990933e-04 
 6.00022996e-06  1.04928220e-03 
 6.00036411e-06  6.05552052e-04 
 6.00054077e-06  8.67799762e-04 
 6.00089408e-06  5.18556642e-04 
 6.00138549e-06  6.70735553e-04 
 6.00189634e-06  1.32795831e-04 
 6.00243384e-06  4.48609089e-04 
 6.00309522e-06  6.28865377e-05 
 6.00375156e-06  3.25567112e-04 
 6.00452951e-06 -4.56872196e-05 
 6.00518963e-06  2.88358044e-04 
 6.00589519e-06 -4.47993694e-05 
 6.00667971e-06  2.85532842e-04 
 6.00743738e-06 -5.80771996e-05 
 6.00827373e-06  2.68220103e-04 
 6.00942774e-06 -7.31685940e-05 
 6.01067126e-06  2.59277474e-04 
 6.01277895e-06 -5.97371445e-05 
 6.01535243e-06  2.85770977e-04 
 6.01727506e-06 -3.74133567e-05 
 6.01939110e-06  3.16434646e-04 
 6.02101723e-06 -3.42886880e-05 
 6.02279766e-06  2.74811123e-04 
 6.02456280e-06 -6.18513107e-05 
 6.02648079e-06  2.60260644e-04 
 6.02861258e-06 -6.93500570e-05 
 6.03102000e-06  2.54421310e-04 
 6.03459385e-06 -8.07856826e-05 
 6.03939669e-06  2.42621200e-04 
 6.04412534e-06 -8.54168327e-05 
 6.04885335e-06  2.49336053e-04 
 6.05387703e-06 -7.63336558e-05 
 6.05917580e-06  2.48743738e-04 
 6.06506726e-06 -7.94552360e-05 
 6.07319506e-06  2.49629583e-04 
 6.08219311e-06 -7.90565872e-05 
 6.10018921e-06  2.50039838e-04 
 6.12627181e-06 -7.88721251e-05 
 6.17843701e-06  2.50170926e-04 
 6.25010000e-06 -7.88245244e-05 
 6.25011000e-06 -3.77971612e-03 
 6.25013000e-06 -4.18438700e-03 
 6.25017000e-06 -3.44616976e-03 
 6.25020000e-06 -3.25879257e-03 
 6.25020073e-06 -3.11745789e-04 
 6.25020219e-06  6.24189499e-04 
 6.25020512e-06  2.71155957e-05 
 6.25021096e-06  4.60197954e-04 
 6.25022265e-06  1.53684397e-04 
 6.25024604e-06  5.03799281e-04 
 6.25029281e-06  2.23639171e-04 
 6.25038634e-06  5.23754167e-04 
 6.25057342e-06  2.54486802e-04 
 6.25090239e-06  6.63321224e-04 
 6.25139415e-06  3.78928677e-04 
 6.25201931e-06  5.79699607e-04 
 6.25260068e-06  6.15635799e-05 
 6.25327798e-06  3.09791521e-04 
 6.25412092e-06  3.51892459e-06 
 6.25472852e-06  2.96118158e-04 
 6.25542914e-06 -4.28490963e-05 
 6.25632474e-06  2.55463895e-04 
 6.25722390e-06 -5.23835112e-05 
 6.25830267e-06  2.49941636e-04 
 6.26020176e-06 -6.71063422e-05 
 6.26214741e-06  2.39700358e-04 
 6.26530276e-06 -6.80065201e-05 
 6.26923180e-06  2.39543454e-04 
 6.27708989e-06 -6.79866601e-05 
 6.29280605e-06  2.39466788e-04 
 6.32423839e-06 -6.80081902e-05 
 6.38710306e-06  2.39426979e-04 
 6.50000000e-06 -6.80255758e-05 
 6.50001000e-06  3.77763751e-03 
 6.50003000e-06  3.69666292e-03 
 6.50007000e-06  4.62340913e-03 
 6.50010000e-06  5.46219182e-03 
 6.50010423e-06  1.50118464e-03 
 6.50011269e-06  1.01843562e-03 
 6.50012961e-06  1.27830833e-03 
 6.50016344e-06  8.38751228e-04 
 6.50023111e-06  1.04706751e-03 
 6.50036646e-06  6.04919048e-04 
 6.50054420e-06  8.66185684e-04 
 6.50089969e-06  5.18896634e-04 
 6.50139514e-06  6.65013219e-04 
 6.50190857e-06  1.31374583e-04 
 6.50245032e-06  4.47345703e-04 
 6.50311165e-06  5.89743179e-05 
 6.50377473e-06  3.20354255e-04 
 6.50452680e-06 -4.39202304e-05 
 6.50537758e-06  2.77540985e-04 
 6.50620398e-06 -5.32735914e-05 
 6.50733906e-06  2.85821019e-04 
 6.50872673e-06 -5.05289094e-05 
 6.50991254e-06  2.80005182e-04 
 6.51114309e-06 -6.09717806e-05 
 6.51227027e-06  2.53809264e-04 
 6.51358820e-06 -7.77127936e-05 
 6.51490056e-06  2.51702142e-04 
 6.51640450e-06 -7.92967563e-05 
 6.51941239e-06  2.51156575e-04 
 6.52542817e-06 -7.95576547e-05 
 6.53610776e-06  2.51098970e-04 
 6.55746695e-06 -7.96017555e-05 
 6.60018532e-06  2.51050154e-04 
 6.68562207e-06 -7.96358631e-05 
 6.75010000e-06  2.51030263e-04 
 6.75011000e-06 -3.76619892e-03 
 6.75013000e-06 -4.18735547e-03 
 6.75017000e-06 -3.43280686e-03 
 6.75020000e-06 -3.26490266e-03 
 6.75020074e-06 -3.01297596e-04 
 6.75020223e-06  6.26552498e-04 
 6.75020521e-06  2.36048634e-05 
 6.75021116e-06  4.65811332e-04 
 6.75022307e-06  1.50291394e-04 
 6.75024688e-06  5.08560656e-04 
 6.75029450e-06  2.18531617e-04 
 6.75038975e-06  5.27069535e-04 
 6.75058024e-06  2.49583416e-04 
 6.75091384e-06  6.70090608e-04 
 6.75140510e-06  3.72702635e-04 
 6.75204203e-06  5.76637470e-04 
 6.75261586e-06  5.43317506e-05 
 6.75330225e-06  3.12705101e-04 
 6.75414239e-06 -2.61568530e-06 
 6.75474480e-06  3.01033923e-04 
 6.75543989e-06 -4.14265480e-05 
 6.75612996e-06  2.62687185e-04 
 6.75685803e-06 -5.68344476e-05 
 6.75781311e-06  2.58072097e-04 
 6.75886972e-06 -6.64099185e-05 
 6.76098294e-06  2.44345062e-04 
 6.76315593e-06 -7.25693593e-05 
 6.76695673e-06  2.44133530e-04 
 6.77180534e-06 -7.25302986e-05 
 6.78150257e-06  2.44035574e-04 
 6.80089704e-06 -7.25368023e-05 
 6.83968596e-06  2.43984771e-04 
 6.91726381e-06 -7.25608957e-05 
 7.00000000e-06  2.43959584e-04 
 7.00001000e-06  3.78685441e-03 
 7.00003000e-06  3.68393350e-03 
 7.00007000e-06  4.63239697e-03 
 7.00010000e-06  5.45102908e-03 
 7.00010419e-06  1.50201861e-03 
 7.00011258e-06  1.01746031e-03 
 7.00012935e-06  1.27976368e-03 
 7.00016289e-06  8.39071500e-04 
 7.00022997e-06  1.04923987e-03 
 7.00036414e-06  6.05683836e-04 
 7.00054083e-06  8.67710015e-04 
 7.00089421e-06  5.18658786e-04 
 7.00138565e-06  6.70538066e-04 
 7.00189642e-06  1.32858359e-04 
 7.00243408e-06  4.48552854e-04 
 7.00309508e-06  6.36239687e-05 
 7.00375153e-06  3.26351055e-04 
 7.00452932e-06 -4.33985503e-05 
 7.00518380e-06  2.87532031e-04 
 7.00589219e-06 -4.44735866e-05 
 7.00669774e-06  2.86460818e-04 
 7.00746275e-06 -5.62732487e-05 
 7.00829040e-06  2.67611352e-04 
 7.00953080e-06 -7.39301678e-05 
 7.01070342e-06  2.58530450e-04 
 7.01288768e-06 -5.98751277e-05 
 7.01546848e-06  2.85013992e-04 
 7.01741180e-06 -3.97960489e-05 
 7.01955129e-06  3.09236100e-04 
 7.02112554e-06 -4.15557387e-05 
 7.02281012e-06  2.73123346e-04 
 7.02457881e-06 -6.35194953e-05 
 7.02643576e-06  2.54190356e-04 
 7.02853286e-06 -7.86889765e-05 
 7.03093647e-06  2.45025295e-04 
 7.03357956e-06 -8.38600063e-05 
 7.03624759e-06  2.45952446e-04 
 7.03912836e-06 -8.12405842e-05 
 7.04329417e-06  2.48769416e-04 
 7.04836476e-06 -7.95084757e-05 
 7.05829115e-06  2.49778083e-04 
 7.07020730e-06 -7.88124805e-05 
 7.09403959e-06  2.50036593e-04 
 7.12262450e-06 -7.86818497e-05 
 7.17979433e-06  2.50083765e-04 
 7.25010000e-06 -7.86606846e-05 
 7.25011000e-06 -3.77986902e-03 
 7.25013000e-06 -4.18464887e-03 
 7.25017000e-06 -3.44637253e-03 
 7.25020000e-06 -3.25816436e-03 
 7.25020073e-06 -3.11583828e-04 
 7.25020219e-06  6.23893164e-04 
 7.25020512e-06  2.69307500e-05 
 7.25021096e-06  4.60011647e-04 
 7.25022265e-06  1.53419683e-04 
 7.25024604e-06  5.03511647e-04 
 7.25029281e-06  2.23314005e-04 
 7.25038634e-06  5.23610099e-04 
 7.25057342e-06  2.54582719e-04 
 7.25090696e-06  6.65169807e-04 
 7.25139624e-06  3.79001442e-04 
 7.25202792e-06  5.76938878e-04 
 7.25260596e-06  6.06649483e-05 
 7.25328739e-06  3.09970006e-04 
 7.25412975e-06  3.53044826e-06 
 7.25473234e-06  2.95644242e-04 
 7.25542447e-06 -4.36691358e-05 
 7.25627852e-06  2.56087157e-04 
 7.25724072e-06 -5.27350380e-05 
 7.25825945e-06  2.50488140e-04 
 7.26029689e-06 -6.76109452e-05 
 7.26220802e-06  2.39944417e-04 
 7.26544867e-06 -6.81979445e-05 
 7.26933484e-06  2.39790441e-04 
 7.27710718e-06 -6.81779469e-05 
 7.29265185e-06  2.39713788e-04 
 7.32374119e-06 -6.82012559e-05 
 7.38591987e-06  2.39671370e-04 
 7.50000000e-06 -6.82216892e-05 
 7.50001000e-06  3.77820225e-03 
 7.50003000e-06  3.69744385e-03 
 7.50007000e-06  4.62428074e-03 
 7.50010000e-06  5.46348518e-03 
 7.50010423e-06  1.50211179e-03 
 7.50011269e-06  1.01915760e-03 
 7.50012960e-06  1.27853290e-03 
 7.50016344e-06  8.38935930e-04 
 7.50023110e-06  1.04657886e-03 
 7.50036643e-06  6.04706797e-04 
 7.50054482e-06  8.65372898e-04 
 7.50090160e-06  5.18770101e-04 
 7.50141706e-06  6.53676177e-04 
 7.50194093e-06  1.26323424e-04 
 7.50250374e-06  4.46876924e-04 
 7.50316295e-06  5.34015061e-05 
 7.50386389e-06  3.15091712e-04 
 7.50459360e-06 -4.28026364e-05 
 7.50542732e-06  2.77267648e-04 
 7.50628530e-06 -5.28602770e-05 
 7.50746304e-06  2.85839977e-04 
 7.50890211e-06 -5.27596529e-05 
 7.51031872e-06  2.79016411e-04 
 7.51161113e-06 -6.35041320e-05 
 7.51281473e-06  2.53007623e-04 
 7.51417670e-06 -7.78431024e-05 
 7.51555519e-06  2.51810079e-04 
 7.51714010e-06 -7.95579544e-05 
 7.52030991e-06  2.51439114e-04 
 7.52503072e-06 -7.98100294e-05 
 7.53447232e-06  2.51406520e-04 
 7.55335554e-06 -7.98590152e-05 
 7.59112197e-06  2.51360658e-04 
 7.66665482e-06 -7.98961035e-05 
 7.75010000e-06  2.51338569e-04 
 7.75011000e-06 -3.76599927e-03 
 7.75013000e-06 -4.18762240e-03 
 7.75017000e-06 -3.43330521e-03 
 7.75020000e-06 -3.26456392e-03 
 7.75020074e-06 -3.01345172e-04 
 7.75020223e-06  6.26056062e-04 
 7.75020521e-06  2.31981809e-05 
 7.75021116e-06  4.65488190e-04 
 7.75022307e-06  1.49870690e-04 
 7.75024688e-06  5.08176215e-04 
 7.75029451e-06  2.18116706e-04 
 7.75038977e-06  5.26839054e-04 
 7.75058028e-06  2.49644349e-04 
 7.75091849e-06  6.71843130e-04 
 7.75140738e-06  3.72760921e-04 
 7.75197859e-06  5.98338394e-04 
 7.75257762e-06  5.95922016e-05 
 7.75322461e-06  3.16318299e-04 
 7.75405992e-06 -3.68871236e-06 
 7.75466291e-06  3.04313892e-04 
 7.75536367e-06 -4.06530288e-05 
 7.75602002e-06  2.64417395e-04 
 7.75673688e-06 -5.76013322e-05 
 7.75764038e-06  2.59718066e-04 
 7.75864867e-06 -6.57307991e-05 
 7.76066524e-06  2.45260727e-04 
 7.76276982e-06 -7.31196757e-05 
 7.76636420e-06  2.44733201e-04 
 7.77079703e-06 -7.30570435e-05 
 7.77966267e-06  2.44614024e-04 
 7.79739397e-06 -7.30573122e-05 
 7.83285655e-06  2.44556495e-04 
 7.90378172e-06 -7.30816533e-05 
 8.00000000e-06  2.44527468e-04 
 8.00001000e-06  3.78817999e-03 
 8.00003000e-06  3.68531708e-03 
 8.00007000e-06  4.63357236e-03 
 8.00010000e-06  5.45273483e-03 
 8.00010419e-06  1.50298428e-03 
 8.00011258e-06  1.01793862e-03 
 8.00012935e-06  1.28005835e-03 
 8.00016290e-06  8.39059416e-04 
 8.00022999e-06  1.04879549e-03 
 8.00036418e-06  6.05383807e-04 
 8.00054155e-06  8.66927834e-04 
 8.00089628e-06  5.18312024e-04 
 8.00140628e-06  6.59706461e-04 
 8.00192616e-06  1.27955516e-04 
 8.00248530e-06  4.47974879e-04 
 8.00314255e-06  5.65980769e-05 
 8.00383295e-06  3.17179371e-04 
 8.00462700e-06 -4.77428689e-05 
 8.00531218e-06  2.88592054e-04 
 8.00603016e-06 -4.45885787e-05 
 8.00682049e-06  2.86434789e-04 
 8.00759332e-06 -5.74544932e-05 
 8.00842500e-06  2.69274311e-04 
 8.00957127e-06 -7.25895395e-05 
 8.01088689e-06  2.58650136e-04 
 8.01302895e-06 -7.15932248e-05 
 8.01567087e-06  2.62708713e-04 
 8.01765916e-06 -7.95137057e-05 
 8.01985484e-06  2.54533020e-04 
 8.02200538e-06 -7.98056709e-05 
 8.02448497e-06  2.52161908e-04 
 8.02834025e-06 -7.99749902e-05 
 8.03342912e-06  2.51525564e-04 
 8.04218658e-06 -7.98993665e-05 
 8.05632492e-06  2.51402958e-04 
 8.08027831e-06 -7.98761803e-05 
 8.12260443e-06  2.51345372e-04 
 8.19514592e-06 -7.98835787e-05 
 8.25010000e-06  2.51317465e-04 
 8.25011000e-06 -3.77007066e-03 
 8.25013000e-06 -4.18719954e-03 
 8.25017000e-06 -3.42693984e-03 
 8.25020000e-06 -3.26713107e-03 
 8.25020074e-06 -3.04658568e-04 
 8.25020223e-06  6.19840419e-04 
 8.25020521e-06  1.59377437e-05 
 8.25021116e-06  4.60982476e-04 
 8.25022306e-06  1.46106257e-04 
 8.25024686e-06  5.07168020e-04 
 8.25029447e-06  2.17028154e-04 
 8.25038968e-06  5.26970355e-04 
 8.25058011e-06  2.48927873e-04 
 8.25096097e-06  6.79454565e-04 
 8.25142692e-06  3.57641067e-04 
 8.25198213e-06  5.83262534e-04 
 8.25258169e-06  4.13459288e-05 
 8.25321977e-06  2.95245260e-04 
 8.25404486e-06 -3.03253773e-05 
 8.25494701e-06  2.68190507e-04 
 8.25612235e-06 -6.04309926e-05 
 8.25751889e-06  2.61148091e-04 
 8.25884665e-06 -6.83069114e-05 
 8.26110026e-06  2.46172260e-04 
 8.26350415e-06 -7.46180746e-05 
 8.26727344e-06  2.46316135e-04 
 8.27288059e-06 -7.46920298e-05 
 8.28409488e-06  2.46275103e-04 
 8.30652347e-06 -7.47353220e-05 
 8.35138065e-06  2.46232655e-04 
 8.44109501e-06 -7.47687370e-05 
 8.50000000e-06  2.46213700e-04 
