 0.00000000e+00  5.39238840e-05 
 1.00000000e-12  3.84341667e-03 
 2.00000000e-12  4.17072102e-03 
 4.00000000e-12  4.27201051e-03 
 8.00000000e-12  4.13493910e-03 
 1.60000000e-11  4.01246583e-03 
 3.20000000e-11  3.95128377e-03 
 6.40000000e-11  5.26678107e-03 
 1.00000000e-10  7.86595231e-03 
 1.06400000e-10  2.96149248e-03 
 1.19200000e-10  2.30398705e-03 
 1.44800000e-10  2.37890416e-03 
 1.96000000e-10  1.64178997e-03 
 2.98400000e-10  1.58465769e-03 
 4.48124758e-10  1.09884798e-03 
 7.26262946e-10  1.12041807e-03 
 9.88270341e-10  7.90277036e-04 
 1.41206272e-09  1.01954853e-03 
 1.80182389e-09  8.07674692e-04 
 2.21847835e-09  1.08455015e-03 
 2.66568325e-09  6.61251121e-04 
 3.12353996e-09  1.07162358e-03 
 3.60739173e-09  6.17960086e-04 
 4.17832284e-09  7.79346089e-04 
 4.71493536e-09  2.11302841e-04 
 5.27787025e-09  5.34185789e-04 
 5.95095398e-09  1.55823645e-04 
 6.67483430e-09  4.63866028e-04 
 7.43796159e-09  5.50369615e-05 
 8.28884298e-09  2.94264538e-04 
 9.12995926e-09 -3.89819750e-05 
 1.01840256e-08  3.67292711e-04 
 1.12973823e-08  3.82914142e-06 
 1.20936757e-08  2.57682334e-04 
 1.28414845e-08 -3.52069816e-05 
 1.35161201e-08  2.72923117e-04 
 1.42458435e-08 -4.31615302e-05 
 1.51265010e-08  2.68246130e-04 
 1.63565264e-08 -4.59756744e-05 
 1.81681961e-08  2.63451835e-04 
 2.03401660e-08 -2.48760170e-05 
 2.30906139e-08  3.31682964e-04 
 2.56967812e-08  4.76566993e-05 
 2.76328056e-08  2.77188624e-04 
 2.95366526e-08 -2.65384315e-05 
 3.07776299e-08  2.77722425e-04 
 3.23716186e-08 -3.08953299e-05 
 3.55595962e-08  2.76799680e-04 
 3.91295935e-08 -3.45413880e-05 
 4.60739529e-08  2.73172260e-04 
 5.63588078e-08 -4.01008416e-05 
 7.34058253e-08  2.67829075e-04 
 9.81569041e-08 -4.68566171e-05 
 1.17054362e-07  2.61100119e-04 
 1.28607541e-07 -4.93847994e-05 
 1.35962783e-07  2.45339189e-04 
 1.43449132e-07 -6.07066955e-05 
 1.49604345e-07  2.40045099e-04 
 1.55084519e-07 -6.06240030e-05 
 1.60737633e-07  2.40130455e-04 
 1.68512320e-07 -6.10814789e-05 
 1.78025274e-07  2.40141903e-04 
 1.92954368e-07 -6.16614691e-05 
 2.15571969e-07  2.39465717e-04 
 2.50100000e-07 -6.35224710e-05 
 2.50110000e-07 -4.70070146e-03 
 2.50130000e-07 -5.28307039e-03 
 2.50170000e-07 -3.65515646e-03 
 2.50200000e-07 -3.53123409e-03 
 2.50206575e-07  4.97509046e-04 
 2.50219726e-07  6.64191593e-04 
 2.50246028e-07  5.93832691e-04 
 2.50298632e-07  5.55276120e-04 
 2.50393195e-07  4.52389184e-04 
 2.50519406e-07  4.50940980e-04 
 2.50693993e-07  4.77704541e-04 
 2.50932285e-07  5.07880937e-04 
 2.51322654e-07  4.12162916e-04 
 2.51731964e-07  3.60780737e-04 
 2.52165073e-07  1.61439494e-04 
 2.52772510e-07  1.83115601e-04 
 2.53486629e-07  1.26476114e-04 
 2.54001182e-07  1.72036905e-04 
 2.54583797e-07  8.09454127e-05 
 2.55203315e-07  1.40963645e-04 
 2.56027659e-07  7.41473337e-05 
 2.56799751e-07  1.26012413e-04 
 2.58130694e-07  5.82782808e-05 
 2.59556163e-07  1.17701974e-04 
 2.62125579e-07  5.71437301e-05 
 2.65225653e-07  1.17050714e-04 
 2.71425802e-07  5.64797326e-05 
 2.82043495e-07  1.15822718e-04 
 2.99585148e-07  5.45275636e-05 
 3.32603469e-07  1.12119461e-04 
 3.87805618e-07  4.79314476e-05 
 4.87462065e-07  1.02040399e-04 
 5.00000000e-07  4.14538742e-05 
 5.00010000e-07  2.42203872e-03 
 5.00030000e-07  2.22527724e-03 
 5.00070000e-07  3.08752814e-03 
 5.00100000e-07  3.92007454e-03 
 5.00108000e-07  1.16574046e-03 
 5.00124000e-07  8.18822759e-04 
 5.00156000e-07  8.98551362e-04 
 5.00220000e-07  5.86677013e-04 
 5.00344933e-07  6.57174251e-04 
 5.00517747e-07  4.66968278e-04 
 5.00863374e-07  6.40042021e-04 
 5.01308956e-07  2.38364266e-04 
 5.01735220e-07  3.02332380e-04 
 5.02204623e-07  1.52438896e-04 
 5.02651928e-07  2.28987844e-04 
 5.03197654e-07  4.96870100e-05 
 5.03778382e-07  1.67712361e-04 
 5.04409710e-07  2.34301027e-05 
 5.05278186e-07  1.58893291e-04 
 5.06087285e-07  2.63016771e-05 
 5.07255905e-07  1.67139729e-04 
 5.08495141e-07  2.66403669e-05 
 5.09709239e-07  1.63196007e-04 
 5.10918608e-07  4.11160420e-05 
 5.12578769e-07  1.76245582e-04 
 5.14284305e-07  3.00154851e-05 
 5.15920776e-07  1.57645719e-04 
 5.17964274e-07  1.45442239e-05 
 5.20147892e-07  1.38263427e-04 
 5.23803081e-07  5.99654691e-06 
 5.29867794e-07  1.35119245e-04 
 5.38629840e-07  5.46900554e-06 
 5.56153931e-07  1.34229544e-04 
 5.91202114e-07  4.01247315e-06 
 6.56636067e-07  1.32113890e-04 
 7.50100000e-07  1.87913677e-06 
 7.50110000e-07 -2.43786063e-03 
 7.50130000e-07 -2.79513873e-03 
 7.50170000e-07 -2.04667944e-03 
 7.50200000e-07 -1.92363885e-03 
 7.50208000e-07  3.37147421e-04 
 7.50224000e-07  4.32574814e-04 
 7.50256000e-07  4.07591691e-04 
 7.50320000e-07  4.32497070e-04 
 7.50448000e-07  3.54180746e-04 
 7.50600927e-07  4.27433464e-04 
 7.50837620e-07  4.38441751e-04 
 7.51268729e-07  4.46670737e-04 
 7.51714357e-07  3.00323824e-04 
 7.52153332e-07  1.98855096e-04 
 7.52727363e-07  1.04873998e-04 
 7.53504002e-07  1.48375395e-04 
 7.54015846e-07  9.08011311e-05 
 7.54602165e-07  1.18361122e-04 
 7.55259412e-07  7.66349101e-05 
 7.55918221e-07  1.13410185e-04 
 7.56700835e-07  6.00851594e-05 
 7.57564039e-07  9.35206759e-05 
 7.58670503e-07  5.45116836e-05 
 7.59714913e-07  8.57035102e-05 
 7.61399085e-07  4.91749777e-05 
 7.63153796e-07  8.40069153e-05 
 7.66269392e-07  4.92538519e-05 
 7.71782313e-07  8.37832042e-05 
 7.79884454e-07  4.91694376e-05 
 7.94915493e-07  8.35959504e-05 
 8.18685227e-07  4.89797933e-05 
 8.59307460e-07  8.33262721e-05 
 9.28198447e-07  4.86872205e-05 
 1.00000000e-06  8.30778485e-05 
 1.00001000e-06  2.41566819e-03 
 1.00003000e-06  2.20608406e-03 
 1.00007000e-06  3.08044696e-03 
 1.00010000e-06  3.90631865e-03 
 1.00010800e-06  1.15693027e-03 
 1.00012400e-06  8.11967022e-04 
 1.00015600e-06  8.92281867e-04 
 1.00022000e-06  5.81684078e-04 
 1.00034485e-06  6.51959897e-04 
 1.00051800e-06  4.62899325e-04 
 1.00086430e-06  6.34501782e-04 
 1.00131098e-06  2.30211256e-04 
 1.00181825e-06  2.93115437e-04 
 1.00231128e-06  1.48445425e-04 
 1.00278354e-06  2.18076024e-04 
 1.00333957e-06  3.91057405e-05 
 1.00392857e-06  1.71328776e-04 
 1.00456694e-06  4.27059880e-05 
 1.00518791e-06  1.70424813e-04 
 1.00582502e-06  2.10058562e-05 
 1.00648763e-06  1.49947866e-04 
 1.00733546e-06  1.51298231e-05 
 1.00835384e-06  1.59721758e-04 
 1.00943894e-06  2.24479966e-05 
 1.01046564e-06  1.61084991e-04 
 1.01152434e-06  3.44583863e-05 
 1.01263827e-06  2.01237509e-04 
 1.01348826e-06  9.06138384e-05 
 1.01431233e-06  2.18801058e-04 
 1.01526427e-06  8.67071190e-05 
 1.01625168e-06  2.09313620e-04 
 1.01721653e-06  7.71064672e-05 
 1.01828739e-06  2.00158782e-04 
 1.01940929e-06  6.89624238e-05 
 1.02129311e-06  1.95325669e-04 
 1.02314258e-06  6.51173494e-05 
 1.02684150e-06  1.90170743e-04 
 1.03343116e-06  5.70980174e-05 
 1.04332339e-06  1.79487761e-04 
 1.06310785e-06  4.29823178e-05 
 1.10267677e-06  1.61856341e-04 
 1.17113986e-06  2.75407224e-05 
 1.23524603e-06  1.53748881e-04 
 1.25010000e-06  2.51750818e-05 
 1.25011000e-06 -2.42245731e-03 
 1.25013000e-06 -2.78077869e-03 
 1.25017000e-06 -2.02112880e-03 
 1.25020000e-06 -1.89783902e-03 
 1.25020800e-06  3.61187860e-04 
 1.25022400e-06  4.57033284e-04 
 1.25025600e-06  4.32569805e-04 
 1.25032000e-06  4.57586396e-04 
 1.25044800e-06  3.78674553e-04 
 1.25060111e-06  4.52179885e-04 
 1.25083776e-06  4.61952681e-04 
 1.25126820e-06  4.69082646e-04 
 1.25171389e-06  3.22663164e-04 
 1.25215506e-06  2.19355142e-04 
 1.25272966e-06  1.26170768e-04 
 1.25349316e-06  1.66949724e-04 
 1.25399823e-06  1.01956249e-04 
 1.25457927e-06  1.21282665e-04 
 1.25519193e-06  8.69977745e-05 
 1.25591381e-06  1.19816772e-04 
 1.25668374e-06  7.75725682e-05 
 1.25822361e-06  1.07056864e-04 
 1.25998711e-06  7.18264585e-05 
 1.26291913e-06  1.06569417e-04 
 1.26709031e-06  7.16547512e-05 
 1.27543265e-06  1.06153817e-04 
 1.29211734e-06  7.09696463e-05 
 1.32483866e-06  1.04566498e-04 
 1.39028130e-06  6.57502816e-05 
 1.49381505e-06  9.12897183e-05 
 1.50000000e-06  5.61668711e-05 
 1.50001000e-06  2.41842558e-03 
 1.50003000e-06  2.21272747e-03 
 1.50007000e-06  3.08943110e-03 
 1.50010000e-06  3.91551801e-03 
 1.50010800e-06  1.16462580e-03 
 1.50012400e-06  8.18675452e-04 
 1.50015600e-06  8.99533886e-04 
 1.50022000e-06  5.88297337e-04 
 1.50034487e-06  6.58977856e-04 
 1.50051762e-06  4.69420008e-04 
 1.50086310e-06  6.42690447e-04 
 1.50130927e-06  2.41152895e-04 
 1.50174832e-06  3.01825276e-04 
 1.50222480e-06  1.52805659e-04 
 1.50267678e-06  2.25676286e-04 
 1.50321534e-06  5.01725233e-05 
 1.50378529e-06  1.68806735e-04 
 1.50441707e-06  2.90650426e-05 
 1.50521677e-06  1.75357568e-04 
 1.50604594e-06  4.01178428e-05 
 1.50670645e-06  1.68638343e-04 
 1.50747284e-06  3.03737233e-05 
 1.50831869e-06  1.49464080e-04 
 1.50924718e-06  7.05101910e-06 
 1.51030538e-06  1.41124114e-04 
 1.51150292e-06  5.71783306e-06 
 1.51384819e-06  1.39943227e-04 
 1.51786364e-06  5.22592623e-06 
 1.52589454e-06  1.39032991e-04 
 1.54195633e-06  3.73168306e-06 
 1.57407992e-06  1.36415661e-04 
 1.63832710e-06 -1.23079842e-07 
 1.75010000e-06  1.32271065e-04 
 1.75011000e-06 -2.43352066e-03 
 1.75013000e-06 -2.80389334e-03 
 1.75017000e-06 -2.03095750e-03 
 1.75020000e-06 -1.92018911e-03 
 1.75020789e-06  3.37677727e-04 
 1.75022366e-06  4.33217747e-04 
 1.75025520e-06  4.07573818e-04 
 1.75031830e-06  4.33200021e-04 
 1.75044448e-06  3.52816886e-04 
 1.75059748e-06  4.24821233e-04 
 1.75083045e-06  4.36780452e-04 
 1.75125652e-06  4.46966369e-04 
 1.75169947e-06  3.04426279e-04 
 1.75214026e-06  1.99365398e-04 
 1.75270383e-06  1.04193326e-04 
 1.75349740e-06  1.47091154e-04 
 1.75401307e-06  8.91909032e-05 
 1.75460076e-06  1.16940448e-04 
 1.75526639e-06  7.48292165e-05 
 1.75597356e-06  1.11572093e-04 
 1.75678489e-06  5.68537227e-05 
 1.75763823e-06  9.28916346e-05 
 1.75870370e-06  5.21123290e-05 
 1.75977043e-06  8.48586272e-05 
 1.76164985e-06  4.68659972e-05 
 1.76341944e-06  8.32547714e-05 
 1.76675291e-06  4.70325924e-05 
 1.77220276e-06  8.30859978e-05 
 1.78015172e-06  4.69624800e-05 
 1.79457831e-06  8.28809558e-05 
 1.81652479e-06  4.67487803e-05 
 1.85356189e-06  8.25863586e-05 
 1.91427363e-06  4.64377629e-05 
 2.00000000e-06  8.23058188e-05 
 2.00001000e-06  2.40959718e-03 
 2.00003000e-06  2.19459280e-03 
 2.00007000e-06  3.08273143e-03 
 2.00010000e-06  3.89929676e-03 
 2.00010800e-06  1.15416208e-03 
 2.00012400e-06  8.09485734e-04 
 2.00015600e-06  8.90002490e-04 
 2.00022000e-06  5.79769854e-04 
 2.00034484e-06  6.50226512e-04 
 2.00051795e-06  4.61298546e-04 
 2.00086418e-06  6.33197703e-04 
 2.00131082e-06  2.28628261e-04 
 2.00181800e-06  2.91492796e-04 
 2.00231011e-06  1.46501586e-04 
 2.00278264e-06  2.16099102e-04 
 2.00333851e-06  3.82976116e-05 
 2.00392734e-06  1.69145107e-04 
 2.00456690e-06  4.14943677e-05 
 2.00518611e-06  1.68275347e-04 
 2.00582110e-06  2.01194145e-05 
 2.00648235e-06  1.48274647e-04 
 2.00732932e-06  1.38335317e-05 
 2.00834533e-06  1.57607331e-04 
 2.00943295e-06  2.09672125e-05 
 2.01047126e-06  1.58292239e-04 
 2.01154149e-06  3.21421447e-05 
 2.01265838e-06  1.98611397e-04 
 2.01350517e-06  8.64068649e-05 
 2.01432253e-06  2.15065616e-04 
 2.01527842e-06  8.13692627e-05 
 2.01626959e-06  2.03071305e-04 
 2.01723480e-06  6.98996741e-05 
 2.01832987e-06  1.92093264e-04 
 2.01947608e-06  6.00826757e-05 
 2.02132682e-06  1.85507856e-04 
 2.02324538e-06  5.41125154e-05 
 2.02708249e-06  1.77644374e-04 
 2.03409876e-06  4.23473925e-05 
 2.04491837e-06  1.63320871e-04 
 2.06655758e-06  2.70567308e-05 
 2.09165129e-06  1.51719923e-04 
 2.11502751e-06  4.41460525e-05 
 2.13477263e-06  1.92962672e-04 
 2.14640491e-06  1.46142196e-05 
 2.15855089e-06  1.85713414e-04 
 2.16942116e-06  1.36524004e-05 
 2.18067776e-06  1.81316319e-04 
 2.19600128e-06  1.05567311e-05 
 2.21347325e-06  1.74732598e-04 
 2.24313639e-06  3.79867871e-06 
 2.25010000e-06  1.67735868e-04 
 2.25011000e-06 -2.40354954e-03 
 2.25013000e-06 -2.77684330e-03 
 2.25017000e-06 -2.00348541e-03 
 2.25020000e-06 -1.89110555e-03 
 2.25020789e-06  3.65976660e-04 
 2.25022366e-06  4.60812587e-04 
 2.25025521e-06  4.34002146e-04 
 2.25031831e-06  4.57929129e-04 
 2.25044451e-06  3.76298164e-04 
 2.25059762e-06  4.47751536e-04 
 2.25083132e-06  4.58564363e-04 
 2.25125661e-06  4.67370967e-04 
 2.25170031e-06  3.24785638e-04 
 2.25214153e-06  2.19785974e-04 
 2.25270677e-06  1.26024219e-04 
 2.25349882e-06  1.68819520e-04 
 2.25401147e-06  1.03418695e-04 
 2.25459947e-06  1.22153871e-04 
 2.25524661e-06  8.31948595e-05 
 2.25598120e-06  1.16559039e-04 
 2.25675774e-06  7.20891729e-05 
 2.25831082e-06  1.03837347e-04 
 2.26014787e-06  6.65883373e-05 
 2.26312332e-06  1.02991403e-04 
 2.26755254e-06  6.58230083e-05 
 2.27641097e-06  1.01598396e-04 
 2.29412784e-06  6.36141861e-05 
 2.32787012e-06  9.84807119e-05 
 2.39535467e-06  6.04557786e-05 
 2.49379150e-06  9.67421207e-05 
 2.50000000e-06  6.01872641e-05 
 2.50001000e-06  2.42007850e-03 
 2.50003000e-06  2.21062574e-03 
 2.50007000e-06  3.09620661e-03 
 2.50010000e-06  3.91548096e-03 
 2.50010800e-06  1.16786680e-03 
 2.50012400e-06  8.22587856e-04 
 2.50015600e-06  9.04667622e-04 
 2.50022000e-06  5.94002947e-04 
 2.50034487e-06  6.64233106e-04 
 2.50051753e-06  4.74671160e-04 
 2.50086285e-06  6.47637234e-04 
 2.50130983e-06  2.43206949e-04 
 2.50181489e-06  3.05707843e-04 
 2.50231379e-06  1.59234465e-04 
 2.50278002e-06  2.24284495e-04 
 2.50332880e-06  5.24188010e-05 
 2.50391082e-06  1.72497912e-04 
 2.50454871e-06  3.66755392e-05 
 2.50549162e-06  1.77519528e-04 
 2.50637737e-06  4.16544731e-05 
 2.50714914e-06  1.70807695e-04 
 2.50800665e-06  2.85861463e-05 
 2.50887183e-06  1.47000736e-04 
 2.50981608e-06  1.40483043e-05 
 2.51093550e-06  1.44762761e-04 
 2.51215899e-06  1.30018991e-05 
 2.51460597e-06  1.44356198e-04 
 2.51805197e-06  1.29442546e-05 
 2.52427186e-06  1.44250219e-04 
 2.53506160e-06  1.29128454e-05 
 2.55313466e-06  1.44179543e-04 
 2.58928077e-06  1.28855944e-05 
 2.66157299e-06  1.44154384e-04 
 2.75010000e-06  1.28820751e-05 
 2.75011000e-06 -2.42738639e-03 
 2.75013000e-06 -2.78348418e-03 
 2.75017000e-06 -2.02038125e-03 
 2.75020000e-06 -1.89404349e-03 
 2.75020800e-06  3.53477975e-04 
 2.75022400e-06  4.47030357e-04 
 2.75025600e-06  4.21389129e-04 
 2.75032000e-06  4.44587231e-04 
 2.75044800e-06  3.65868822e-04 
 2.75060108e-06  4.39960120e-04 
 2.75083761e-06  4.50678519e-04 
 2.75126871e-06  4.58717897e-04 
 2.75171448e-06  3.11943611e-04 
 2.75215492e-06  2.10127939e-04 
 2.75272930e-06  1.16763131e-04 
 2.75350786e-06  1.58886309e-04 
 2.75402075e-06  9.87564309e-05 
 2.75460798e-06  1.20809759e-04 
 2.75526810e-06  7.68352052e-05 
 2.75597661e-06  1.09486834e-04 
 2.75689362e-06  6.51357820e-05 
 2.75801241e-06  9.73506624e-05 
 2.76020458e-06  6.08220381e-05 
 2.76273923e-06  9.63725257e-05 
 2.76780853e-06  6.09665432e-05 
 2.77711223e-06  9.62358751e-05 
 2.79250405e-06  6.09469925e-05 
 2.82328771e-06  9.61697700e-05 
 2.88485501e-06  6.09140079e-05 
 3.00000000e-06  9.61351532e-05 
 3.00001000e-06  2.42106848e-03 
 3.00003000e-06  2.20385824e-03 
 3.00007000e-06  3.09762883e-03 
 3.00010000e-06  3.90987806e-03 
 3.00010800e-06  1.16686542e-03 
 3.00012400e-06  8.23055936e-04 
 3.00015600e-06  9.04904345e-04 
 3.00022000e-06  5.95089794e-04 
 3.00034484e-06  6.64494871e-04 
 3.00051794e-06  4.75354147e-04 
 3.00086413e-06  6.47220953e-04 
 3.00131087e-06  2.42328024e-04 
 3.00181783e-06  3.05741098e-04 
 3.00231292e-06  1.61583778e-04 
 3.00278438e-06  2.29215255e-04 
 3.00332440e-06  5.12547643e-05 
 3.00390143e-06  1.75454070e-04 
 3.00448793e-06  4.27346634e-05 
 3.00521229e-06  1.72415348e-04 
 3.00585614e-06  2.92167730e-05 
 3.00653109e-06  1.56390806e-04 
 3.00748019e-06  1.84743852e-05 
 3.00852860e-06  1.58608258e-04 
 3.01006579e-06  4.01142094e-05 
 3.01150255e-06  1.77268180e-04 
 3.01276087e-06  7.36569947e-05 
 3.01375580e-06  2.14179366e-04 
 3.01469407e-06  7.80462373e-05 
 3.01583481e-06  2.02523359e-04 
 3.01684356e-06  6.33640683e-05 
 3.01788244e-06  1.86894734e-04 
 3.01906067e-06  5.22143289e-05 
 3.02063528e-06  1.77970175e-04 
 3.02237839e-06  4.70365847e-05 
 3.02526103e-06  1.71881924e-04 
 3.03038528e-06  4.03591841e-05 
 3.03824476e-06  1.65603115e-04 
 3.04682283e-06  2.87589049e-05 
 3.05460154e-06  1.55814009e-04 
 3.06219804e-06  4.94846008e-05 
 3.06779486e-06  1.38694610e-04 
 3.07317009e-06  3.99484592e-05 
 3.07813831e-06  1.36530514e-04 
 3.08466090e-06  2.56016365e-05 
 3.09152337e-06  1.30267040e-04 
 3.09846900e-06  2.13069517e-05 
 3.10549128e-06  1.27636671e-04 
 3.11953087e-06  1.59579880e-05 
 3.13545899e-06  1.22804478e-04 
 3.16240856e-06  1.08838340e-05 
 3.20829803e-06  1.19060659e-04 
 3.25010000e-06  8.79425708e-06 
 3.25011000e-06 -2.44049176e-03 
 3.25013000e-06 -2.80045590e-03 
 3.25017000e-06 -2.03685732e-03 
 3.25020000e-06 -1.90896046e-03 
 3.25020800e-06  3.40052937e-04 
 3.25022400e-06  4.34751797e-04 
 3.25025600e-06  4.10063702e-04 
 3.25032000e-06  4.33341444e-04 
 3.25044800e-06  3.53470829e-04 
 3.25060115e-06  4.26864498e-04 
 3.25083803e-06  4.36665168e-04 
 3.25126838e-06  4.43362773e-04 
 3.25171447e-06  2.97105129e-04 
 3.25215549e-06  1.94343128e-04 
 3.25273045e-06  9.92390003e-05 
 3.25346353e-06  1.40514075e-04 
 3.25395882e-06  7.72386963e-05 
 3.25453122e-06  9.57996670e-05 
 3.25513491e-06  6.12888637e-05 
 3.25584386e-06  9.47468345e-05 
 3.25660791e-06  5.28962738e-05 
 3.25813601e-06  8.15157187e-05 
 3.25981742e-06  4.67096947e-05 
 3.26272333e-06  8.10677948e-05 
 3.26663493e-06  4.66912999e-05 
 3.27445814e-06  8.09096089e-05 
 3.29010456e-06  4.65694167e-05 
 3.32139739e-06  8.07178410e-05 
 3.38398306e-06  4.63833388e-05 
 3.50000000e-06  8.05629113e-05 
 3.50001000e-06  2.40777790e-03 
 3.50003000e-06  2.19128633e-03 
 3.50007000e-06  3.08644313e-03 
 3.50010000e-06  3.89739079e-03 
 3.50010800e-06  1.15335623e-03 
 3.50012400e-06  8.07995689e-04 
 3.50015600e-06  8.88598828e-04 
 3.50022000e-06  5.78007972e-04 
 3.50034487e-06  6.48606442e-04 
 3.50051762e-06  4.59527062e-04 
 3.50086312e-06  6.32658180e-04 
 3.50130929e-06  2.31176568e-04 
 3.50174970e-06  2.91568792e-04 
 3.50222695e-06  1.42769657e-04 
 3.50267907e-06  2.15177944e-04 
 3.50321814e-06  4.04336829e-05 
 3.50378858e-06  1.58743228e-04 
 3.50442099e-06  1.95841067e-05 
 3.50522175e-06  1.65547362e-04 
 3.50605266e-06  3.07693252e-05 
 3.50671237e-06  1.58819404e-04 
 3.50747879e-06  2.10305135e-05 
 3.50832077e-06  1.39728577e-04 
 3.50924748e-06 -2.12676171e-06 
 3.51029919e-06  1.31593453e-04 
 3.51149084e-06 -3.31697306e-06 
 3.51386418e-06  1.30650836e-04 
 3.51794050e-06 -3.39537027e-06 
 3.52609312e-06  1.30513643e-04 
 3.54239836e-06 -3.44563961e-06 
 3.57500884e-06  1.30421851e-04 
 3.64022980e-06 -3.49754094e-06 
 3.75010000e-06  1.30379085e-04 
 3.75011000e-06 -2.43528716e-03 
 3.75013000e-06 -2.80559072e-03 
 3.75017000e-06 -2.02950456e-03 
 3.75020000e-06 -1.91316460e-03 
 3.75020789e-06  3.36940793e-04 
 3.75022366e-06  4.32043040e-04 
 3.75025520e-06  4.06668950e-04 
 3.75031829e-06  4.31548330e-04 
 3.75044447e-06  3.50942521e-04 
 3.75059748e-06  4.23123118e-04 
 3.75083045e-06  4.35175594e-04 
 3.75125650e-06  4.45173912e-04 
 3.75169954e-06  3.02551942e-04 
 3.75214030e-06  1.97511237e-04 
 3.75270393e-06  1.02571026e-04 
 3.75349830e-06  1.45382976e-04 
 3.75401434e-06  8.75972926e-05 
 3.75460237e-06  1.15194691e-04 
 3.75526852e-06  7.32458344e-05 
 3.75598230e-06  1.09737299e-04 
 3.75679820e-06  5.51286725e-05 
 3.75765239e-06  9.12085719e-05 
 3.75871410e-06  5.04867181e-05 
 3.75978604e-06  8.31467431e-05 
 3.76166743e-06  4.53303198e-05 
 3.76345237e-06  8.16024269e-05 
 3.76679437e-06  4.55331086e-05 
 3.77226886e-06  8.14947426e-05 
 3.78024447e-06  4.55528974e-05 
 3.79469582e-06  8.14262052e-05 
 3.81668570e-06  4.55339679e-05 
 3.85373470e-06  8.13827880e-05 
 3.91444087e-06  4.55144471e-05 
 4.00000000e-06  8.13595002e-05 
 4.00001000e-06  2.40496785e-03 
 4.00003000e-06  2.18735121e-03 
 4.00007000e-06  3.08535131e-03 
 4.00010000e-06  3.89408714e-03 
 4.00010800e-06  1.15262804e-03 
 4.00012400e-06  8.08024638e-04 
 4.00015600e-06  8.88670855e-04 
 4.00022000e-06  5.78575774e-04 
 4.00034484e-06  6.49261979e-04 
 4.00051795e-06  4.60357263e-04 
 4.00086417e-06  6.32411636e-04 
 4.00131083e-06  2.27634386e-04 
 4.00181795e-06  2.90548302e-04 
 4.00231102e-06  1.45354941e-04 
 4.00278320e-06  2.15044012e-04 
 4.00333875e-06  3.76271046e-05 
 4.00392760e-06  1.68382239e-04 
 4.00456728e-06  4.05218988e-05 
 4.00518591e-06  1.67437376e-04 
 4.00582076e-06  1.92942908e-05 
 4.00648186e-06  1.47421979e-04 
 4.00732840e-06  1.33536032e-05 
 4.00834340e-06  1.57943003e-04 
 4.00943135e-06  2.56736552e-05 
 4.01047371e-06  1.58460062e-04 
 4.01155318e-06  2.67209790e-05 
 4.01267558e-06  1.96853968e-04 
 4.01353163e-06  7.22034465e-05 
 4.01435587e-06  2.01196011e-04 
 4.01532790e-06  6.37594104e-05 
 4.01633067e-06  1.84626810e-04 
 4.01730600e-06  4.92447022e-05 
 4.01843087e-06  1.69588716e-04 
 4.01960422e-06  3.63546408e-05 
 4.02144908e-06  1.61050656e-04 
 4.02343311e-06  2.92425907e-05 
 4.02740117e-06  1.54344037e-04 
 4.03476581e-06  4.19518629e-05 
 4.04157405e-06  1.94044689e-04 
 4.04867463e-06  7.71804056e-05 
 4.05232517e-06  1.39367754e-04 
 4.05589516e-06  5.41148929e-05 
 4.05979949e-06  1.41782248e-04 
 4.06344550e-06  4.25150913e-05 
 4.06943072e-06  1.39393049e-04 
 4.07693573e-06  3.25822858e-05 
 4.08814412e-06  1.33891434e-04 
 4.10382004e-06  2.72875262e-05 
 4.11860209e-06  1.32780297e-04 
 4.13418336e-06  2.60033985e-05 
 4.16534591e-06  1.33447751e-04 
 4.20091986e-06  2.58499671e-05 
 4.25010000e-06  1.33921415e-04 
 4.25011000e-06 -2.43402654e-03 
 4.25013000e-06 -2.80297229e-03 
 4.25017000e-06 -2.01509250e-03 
 4.25020000e-06 -1.90168391e-03 
 4.25020780e-06  3.44415276e-04 
 4.25022340e-06  4.40710657e-04 
 4.25025460e-06  4.23264327e-04 
 4.25031700e-06  4.45714128e-04 
 4.25039191e-06  3.86627011e-04 
 4.25054174e-06  4.14415780e-04 
 4.25073339e-06  4.54985641e-04 
 4.25098246e-06  4.91803847e-04 
 4.25146293e-06  3.90989689e-04 
 4.25194214e-06  2.65299143e-04 
 4.25244086e-06  1.27198710e-04 
 4.25311634e-06  1.64617483e-04 
 4.25383452e-06  1.08028042e-04 
 4.25439593e-06  1.31536278e-04 
 4.25502865e-06  7.07555302e-05 
 4.25562988e-06  1.21386769e-04 
 4.25645859e-06  6.33155887e-05 
 4.25734250e-06  1.07905991e-04 
 4.25907505e-06  5.48105881e-05 
 4.26132493e-06  1.05306930e-04 
 4.26488480e-06  5.47951604e-05 
 4.27144292e-06  1.05236057e-04 
 4.28455918e-06  5.47233631e-05 
 4.31079169e-06  1.05199236e-04 
 4.36325671e-06  5.46994722e-05 
 4.46818676e-06  1.05195184e-04 
 4.50000000e-06  5.46957055e-05 
 4.50001000e-06  2.41374256e-03 
 4.50003000e-06  2.20049258e-03 
 4.50007000e-06  3.10078522e-03 
 4.50010000e-06  3.91655045e-03 
 4.50010800e-06  1.18113542e-03 
 4.50012400e-06  8.35176320e-04 
 4.50015600e-06  9.10853907e-04 
 4.50022000e-06  5.99424441e-04 
 4.50034800e-06  6.63911690e-04 
 4.50058872e-06  4.71983996e-04 
 4.50092975e-06  6.24271973e-04 
 4.50145320e-06  1.75909372e-04 
 4.50196130e-06  3.21670737e-04 
 4.50244886e-06  1.32628341e-04 
 4.50296855e-06  2.20536991e-04 
 4.50350213e-06  4.10951376e-05 
 4.50409899e-06  1.81465815e-04 
 4.50489594e-06  3.47508197e-05 
 4.50569626e-06  1.85969043e-04 
 4.50641206e-06  3.38640799e-05 
 4.50730548e-06  1.77620338e-04 
 4.50827916e-06  2.17955515e-05 
 4.50925237e-06  1.54503524e-04 
 4.51019694e-06  8.53027848e-06 
 4.51125789e-06  1.53400916e-04 
 4.51246213e-06  7.42045938e-06 
 4.51487061e-06  1.53034195e-04 
 4.51905800e-06  7.26599044e-06 
 4.52707484e-06  1.52922604e-04 
 4.54310853e-06  7.17389825e-06 
 4.57412395e-06  1.52830879e-04 
 4.63615479e-06  7.11428300e-06 
 4.75010000e-06  1.52791046e-04 
 4.75011000e-06 -2.41932678e-03 
 4.75013000e-06 -2.78829055e-03 
 4.75017000e-06 -2.00481127e-03 
 4.75020000e-06 -1.89358989e-03 
 4.75020785e-06  3.49890452e-04 
 4.75022355e-06  4.44776705e-04 
 4.75025495e-06  4.26238136e-04 
 4.75031774e-06  4.46077126e-04 
 4.75039295e-06  3.86632771e-04 
 4.75054338e-06  4.13418309e-04 
 4.75073532e-06  4.54601413e-04 
 4.75098514e-06  4.90963711e-04 
 4.75146680e-06  3.90761496e-04 
 4.75194284e-06  2.64791834e-04 
 4.75244338e-06  1.27372565e-04 
 4.75310816e-06  1.61936359e-04 
 4.75382223e-06  1.07134083e-04 
 4.75439822e-06  1.35719374e-04 
 4.75503067e-06  7.54799605e-05 
 4.75566173e-06  1.20123875e-04 
 4.75643058e-06  6.46038811e-05 
 4.75725041e-06  1.07723034e-04 
 4.75889006e-06  5.55123602e-05 
 4.76115786e-06  1.04778634e-04 
 4.76454567e-06  5.53948060e-05 
 4.77068545e-06  1.04749886e-04 
 4.78296501e-06  5.53044319e-05 
 4.80622742e-06  1.04704656e-04 
 4.85275224e-06  5.52474773e-05 
 4.94580188e-06  1.04669366e-04 
 5.00000000e-06  5.52248939e-05 
 5.00001000e-06  2.41230362e-03 
 5.00003000e-06  2.19822297e-03 
 5.00007000e-06  3.10055871e-03 
 5.00010000e-06  3.91481336e-03 
 5.00010800e-06  1.18056048e-03 
 5.00012400e-06  8.35041293e-04 
 5.00015600e-06  9.10679130e-04 
 5.00022000e-06  5.99658593e-04 
 5.00034800e-06  6.64039237e-04 
 5.00058801e-06  4.72269084e-04 
 5.00092903e-06  6.24555728e-04 
 5.00145156e-06  1.76064777e-04 
 5.00195948e-06  3.21421645e-04 
 5.00244838e-06  1.34538393e-04 
 5.00296972e-06  2.24849381e-04 
 5.00349136e-06  4.32944812e-05 
 5.00409703e-06  1.86661296e-04 
 5.00465684e-06  4.46524307e-05 
 5.00525904e-06  1.85230092e-04 
 5.00588223e-06  2.33787242e-05 
 5.00659146e-06  1.65227431e-04 
 5.00738717e-06  1.17977937e-05 
 5.00871714e-06  1.69150752e-04 
 5.01045709e-06  3.35734333e-05 
 5.01186274e-06  1.84663510e-04 
 5.01335686e-06  6.80249005e-05 
 5.01440390e-06  2.03253379e-04 
 5.01540830e-06  5.00626008e-05 
 5.01640319e-06  1.87605167e-04 
 5.01746766e-06  3.50517744e-05 
 5.01884424e-06  1.74771024e-04 
 5.02010017e-06  2.69861571e-05 
 5.02215678e-06  1.73753492e-04 
 5.02491922e-06  2.57624505e-05 
 5.03022007e-06  1.69852275e-04 
 5.03654918e-06  1.50196953e-05 
 5.04771585e-06  1.45839077e-04 
 5.05787935e-06  1.63464441e-05 
 5.06542712e-06  1.32724883e-04 
 5.07263350e-06  9.46614116e-06 
 5.07886805e-06  1.26460024e-04 
 5.08535025e-06  1.49413762e-06 
 5.09161197e-06  1.27838631e-04 
 5.09847544e-06 -4.10946101e-07 
 5.11220237e-06  1.28485064e-04 
 5.12650533e-06 -1.40713165e-06 
 5.15093813e-06  1.28629797e-04 
 5.19004383e-06 -1.95740037e-06 
 5.24104571e-06  1.28623431e-04 
 5.25010000e-06 -2.51032522e-06 
 5.25011000e-06 -2.43542999e-03 
 5.25013000e-06 -2.79522797e-03 
 5.25017000e-06 -2.02608397e-03 
 5.25020000e-06 -1.90145694e-03 
 5.25020793e-06  3.36275249e-04 
 5.25022380e-06  4.29971185e-04 
 5.25025553e-06  4.12545791e-04 
 5.25031899e-06  4.29913534e-04 
 5.25039427e-06  3.71402704e-04 
 5.25054485e-06  3.96792429e-04 
 5.25070904e-06  4.31944198e-04 
 5.25097423e-06  4.74753342e-04 
 5.25142859e-06  3.80137130e-04 
 5.25193080e-06  2.53404755e-04 
 5.25240740e-06  1.14879175e-04 
 5.25308584e-06  1.39793557e-04 
 5.25376663e-06  8.84090321e-05 
 5.25433493e-06  1.07414200e-04 
 5.25495508e-06  5.29583158e-05 
 5.25556091e-06  1.02590479e-04 
 5.25641318e-06  4.81810294e-05 
 5.25732102e-06  9.00526416e-05 
 5.25898307e-06  3.93799743e-05 
 5.26121548e-06  8.74918256e-05 
 5.26465743e-06  3.92949329e-05 
 5.27108242e-06  8.74626423e-05 
 5.28328405e-06  3.92011665e-05 
 5.30462306e-06  8.74054180e-05 
 5.34730108e-06  3.91306678e-05 
 5.43265711e-06  8.73554261e-05 
 5.50000000e-06  3.90981645e-05 
 5.50001000e-06  2.39581072e-03 
 5.50003000e-06  2.18202379e-03 
 5.50007000e-06  3.08608385e-03 
 5.50010000e-06  3.89920722e-03 
 5.50010800e-06  1.16495814e-03 
 5.50012400e-06  8.18489299e-04 
 5.50015600e-06  8.93162711e-04 
 5.50022000e-06  5.81561997e-04 
 5.50034800e-06  6.46966060e-04 
 5.50058874e-06  4.55169250e-04 
 5.50092978e-06  6.07410839e-04 
 5.50145289e-06  1.61237514e-04 
 5.50196099e-06  3.04659912e-04 
 5.50243003e-06  1.06788501e-04 
 5.50293057e-06  1.99136132e-04 
 5.50346976e-06  2.46481575e-05 
 5.50405250e-06  1.63540718e-04 
 5.50470674e-06  1.59374803e-05 
 5.50560363e-06  1.75518353e-04 
 5.50647702e-06  1.64542921e-05 
 5.50743050e-06  1.61080049e-04 
 5.50836080e-06  3.14855133e-06 
 5.50928385e-06  1.38736635e-04 
 5.51025867e-06 -9.07621560e-06 
 5.51137585e-06  1.37446159e-04 
 5.51261353e-06 -1.01116434e-05 
 5.51508889e-06  1.37104831e-04 
 5.51875320e-06 -1.02422649e-05 
 5.52555089e-06  1.36997705e-04 
 5.53786820e-06 -1.03226373e-05 
 5.55934398e-06  1.36907663e-04 
 5.60229553e-06 -1.03842451e-05 
 5.68819864e-06  1.36857143e-04 
 5.75010000e-06 -1.04070697e-05 
 5.75011000e-06 -2.44220860e-03 
 5.75013000e-06 -2.79844503e-03 
 5.75017000e-06 -2.02773957e-03 
 5.75020000e-06 -1.90257377e-03 
 5.75020789e-06  3.32899723e-04 
 5.75022367e-06  4.28094712e-04 
 5.75025524e-06  4.10693777e-04 
 5.75031836e-06  4.29723230e-04 
 5.75039358e-06  3.70589075e-04 
 5.75054401e-06  3.96506884e-04 
 5.75073666e-06  4.38297678e-04 
 5.75098705e-06  4.73683724e-04 
 5.75147016e-06  3.73733908e-04 
 5.75194386e-06  2.47127315e-04 
 5.75244595e-06  1.10341998e-04 
 5.75311049e-06  1.45739915e-04 
 5.75382214e-06  9.19944380e-05 
 5.75440143e-06  1.24458650e-04 
 5.75503413e-06  6.92668868e-05 
 5.75566513e-06  1.16432783e-04 
 5.75643777e-06  6.07783391e-05 
 5.75725736e-06  9.48532420e-05 
 5.75808400e-06  4.85295591e-05 
 5.75903756e-06  9.18010522e-05 
 5.76025656e-06  4.03697866e-05 
 5.76191688e-06  8.72945009e-05 
 5.76406036e-06  3.93315992e-05 
 5.76721739e-06  8.73754423e-05 
 5.77289425e-06  3.92444219e-05 
 5.78095054e-06  8.73779605e-05 
 5.79482829e-06  3.91822101e-05 
 5.81661941e-06  8.73534141e-05 
 5.85160074e-06  3.91404133e-05 
 5.92156341e-06  8.73298784e-05 
 6.00000000e-06  3.91171980e-05 
 6.00001000e-06  2.39475827e-03 
 6.00003000e-06  2.18054298e-03 
 6.00007000e-06  3.08603594e-03 
 6.00010000e-06  3.89775775e-03 
 6.00010800e-06  1.16456049e-03 
 6.00012400e-06  8.18327182e-04 
 6.00015600e-06  8.92755284e-04 
 6.00022000e-06  5.81506345e-04 
 6.00034800e-06  6.47175927e-04 
 6.00058805e-06  4.55771280e-04 
 6.00092907e-06  6.07893898e-04 
 6.00145155e-06  1.59682606e-04 
 6.00195944e-06  3.04950287e-04 
 6.00244838e-06  1.16408176e-04 
 6.00296969e-06  2.08654055e-04 
 6.00349824e-06  2.84259294e-05 
 6.00409520e-06  1.76098605e-04 
 6.00458998e-06  4.00505463e-05 
 6.00514863e-06  1.84269971e-04 
 6.00583232e-06  1.34952635e-05 
 6.00645686e-06  1.54735514e-04 
 6.00730825e-06  2.51103511e-06 
 6.00815620e-06  1.61702217e-04 
 6.00969689e-06  2.79366736e-05 
 6.01065577e-06  1.67456322e-04 
 6.01174703e-06  2.54348977e-05 
 6.01293122e-06  2.01229538e-04 
 6.01377107e-06  4.36188470e-05 
 6.01455261e-06  1.84538287e-04 
 6.01559283e-06  3.31061033e-05 
 6.01658842e-06  1.71211850e-04 
 6.01754379e-06  2.19499213e-05 
 6.01875061e-06  1.62410419e-04 
 6.02005538e-06  1.80778776e-05 
 6.02193258e-06  1.69547867e-04 
 6.02454117e-06  2.97689694e-05 
 6.02778802e-06  1.69490264e-04 
 6.03140422e-06  1.64638109e-05 
 6.03678329e-06  1.59195042e-04 
 6.04256240e-06  1.77741907e-05 
 6.05098895e-06  1.65288317e-04 
 6.05650057e-06  7.43885978e-06 
 6.06246667e-06  1.58304238e-04 
 6.06994541e-06  3.20700604e-06 
 6.07769445e-06  1.56931688e-04 
 6.08640845e-06  3.68155851e-06 
 6.10383644e-06  1.56474558e-04 
 6.13111704e-06  3.87720963e-06 
 6.17542511e-06  1.56379508e-04 
 6.25010000e-06  3.98402436e-06 
 6.25011000e-06 -2.42911322e-03 
 6.25013000e-06 -2.78646101e-03 
 6.25017000e-06 -2.01281272e-03 
 6.25020000e-06 -1.88591258e-03 
 6.25020793e-06  3.50245880e-04 
 6.25022380e-06  4.43742472e-04 
 6.25025553e-06  4.26064658e-04 
 6.25031900e-06  4.44575171e-04 
 6.25039428e-06  3.86666074e-04 
 6.25054485e-06  4.13590291e-04 
 6.25070905e-06  4.48598807e-04 
 6.25097423e-06  4.91950469e-04 
 6.25142874e-06  3.96877815e-04 
 6.25193083e-06  2.70818983e-04 
 6.25240756e-06  1.32445706e-04 
 6.25308552e-06  1.63049494e-04 
 6.25380853e-06  1.10505247e-04 
 6.25434866e-06  1.32551934e-04 
 6.25497407e-06  7.18399443e-05 
 6.25556270e-06  1.21364447e-04 
 6.25634431e-06  6.53161165e-05 
 6.25718321e-06  1.08305450e-04 
 6.25884694e-06  5.56659492e-05 
 6.26100178e-06  1.05061490e-04 
 6.26432383e-06  5.55951524e-05 
 6.27011754e-06  1.05016791e-04 
 6.28170497e-06  5.55094999e-05 
 6.30238757e-06  1.04972719e-04 
 6.34375278e-06  5.54582107e-05 
 6.42648319e-06  1.04941145e-04 
 6.50000000e-06  5.54367684e-05 
 6.50001000e-06  2.41159856e-03 
 6.50003000e-06  2.19672929e-03 
 6.50007000e-06  3.10241376e-03 
 6.50010000e-06  3.91403369e-03 
 6.50010800e-06  1.18063787e-03 
 6.50012400e-06  8.34936077e-04 
 6.50015600e-06  9.10907195e-04 
 6.50022000e-06  5.99680031e-04 
 6.50034800e-06  6.64162890e-04 
 6.50058871e-06  4.72172489e-04 
 6.50092969e-06  6.24546116e-04 
 6.50145317e-06  1.76045584e-04 
 6.50196109e-06  3.22021675e-04 
 6.50244858e-06  1.33055963e-04 
 6.50296815e-06  2.20706563e-04 
 6.50350169e-06  4.13547801e-05 
 6.50409726e-06  1.81716933e-04 
 6.50489753e-06  3.50067669e-05 
 6.50569489e-06  1.86145847e-04 
 6.50641024e-06  3.40971831e-05 
 6.50730466e-06  1.77865349e-04 
 6.50827655e-06  2.20732065e-05 
 6.50925071e-06  1.54768111e-04 
 6.51019449e-06  8.75200089e-06 
 6.51125449e-06  1.53667398e-04 
 6.51245661e-06  7.63863323e-06 
 6.51486087e-06  1.53300315e-04 
 6.51902183e-06  7.48345341e-06 
 6.52697584e-06  1.53188779e-04 
 6.54288385e-06  7.39112203e-06 
 6.57343360e-06  1.53096411e-04 
 6.63453311e-06  7.33062769e-06 
 6.75010000e-06  1.53055312e-04 
 6.75011000e-06 -2.41907150e-03 
 6.75013000e-06 -2.78788243e-03 
 6.75017000e-06 -2.00285976e-03 
 6.75020000e-06 -1.88895203e-03 
 6.75020785e-06  3.50873350e-04 
 6.75022355e-06  4.45417895e-04 
 6.75025495e-06  4.26778384e-04 
 6.75031774e-06  4.46284161e-04 
 6.75039296e-06  3.86931917e-04 
 6.75054338e-06  4.13621699e-04 
 6.75073531e-06  4.54930356e-04 
 6.75098514e-06  4.91159365e-04 
 6.75146679e-06  3.91055872e-04 
 6.75194283e-06  2.64916073e-04 
 6.75244342e-06  1.27713578e-04 
 6.75310816e-06  1.62134494e-04 
 6.75382233e-06  1.07358048e-04 
 6.75439833e-06  1.35819777e-04 
 6.75503081e-06  7.58033452e-05 
 6.75566191e-06  1.20361015e-04 
 6.75643068e-06  6.49053853e-05 
 6.75725073e-06  1.07905970e-04 
 6.75889083e-06  5.58101550e-05 
 6.76115758e-06  1.04958359e-04 
 6.76454657e-06  5.56937146e-05 
 6.77068316e-06  1.04929023e-04 
 6.78295636e-06  5.56034205e-05 
 6.80570521e-06  1.04884405e-04 
 6.85120290e-06  5.55469611e-05 
 6.94219830e-06  1.04849352e-04 
 7.00000000e-06  5.55242173e-05 
 7.00001000e-06  2.41052636e-03 
 7.00003000e-06  2.19541671e-03 
 7.00007000e-06  3.10190929e-03 
 7.00010000e-06  3.91278930e-03 
 7.00010800e-06  1.18020942e-03 
 7.00012400e-06  8.34910311e-04 
 7.00015600e-06  9.10773202e-04 
 7.00022000e-06  5.99927792e-04 
 7.00034800e-06  6.64312021e-04 
 7.00058796e-06  4.72447318e-04 
 7.00092893e-06  6.24853791e-04 
 7.00145144e-06  1.76203689e-04 
 7.00195920e-06  3.21776335e-04 
 7.00244798e-06  1.34946379e-04 
 7.00296919e-06  2.25004165e-04 
 7.00349095e-06  4.35598172e-05 
 7.00409649e-06  1.86881648e-04 
 7.00465574e-06  4.48918591e-05 
 7.00525746e-06  1.85509624e-04 
 7.00588166e-06  2.36125114e-05 
 7.00658964e-06  1.65493836e-04 
 7.00738616e-06  1.20261987e-05 
 7.00871508e-06  1.69380928e-04 
 7.01045508e-06  3.38135268e-05 
 7.01186173e-06  1.84504464e-04 
 7.01335612e-06  5.72673586e-05 
 7.01438108e-06  1.86433695e-04 
 7.01539526e-06  3.94478336e-05 
 7.01635171e-06  1.80074940e-04 
 7.01744594e-06  2.80995727e-05 
 7.01868790e-06  1.64431193e-04 
 7.01996684e-06  1.37464891e-05 
 7.02193667e-06  1.56531255e-04 
 7.02459091e-06  7.84286325e-06 
 7.02989939e-06  1.54066968e-04 
 7.03622185e-06  6.97255475e-06 
 7.04885654e-06  1.53434506e-04 
 7.06524478e-06  4.55574968e-06 
 7.08482214e-06  1.51461397e-04 
 7.10860875e-06  6.23652027e-06 
 7.13192554e-06  1.58625858e-04 
 7.14807517e-06 -1.31946996e-06 
 7.16329925e-06  1.57728570e-04 
 7.18635621e-06 -1.21593612e-06 
 7.21617393e-06  1.56291458e-04 
 7.25010000e-06 -7.48769951e-06 
 7.25011000e-06 -2.43903128e-03 
 7.25013000e-06 -2.79595424e-03 
 7.25017000e-06 -2.02350098e-03 
 7.25020000e-06 -1.89460932e-03 
 7.25020793e-06  3.40101954e-04 
 7.25022380e-06  4.34172575e-04 
 7.25025554e-06  4.17857968e-04 
 7.25031902e-06  4.35838254e-04 
 7.25039431e-06  3.78359820e-04 
 7.25054490e-06  4.04185963e-04 
 7.25070911e-06  4.39997607e-04 
 7.25097434e-06  4.82603261e-04 
 7.25142878e-06  3.88233295e-04 
 7.25193084e-06  2.61008878e-04 
 7.25240762e-06  1.22806076e-04 
 7.25308590e-06  1.47373628e-04 
 7.25376530e-06  9.59733976e-05 
 7.25433359e-06  1.14508633e-04 
 7.25495313e-06  6.02473498e-05 
 7.25555849e-06  1.09457927e-04 
 7.25641087e-06  5.51710275e-05 
 7.25731892e-06  9.65600073e-05 
 7.25897851e-06  4.58194788e-05 
 7.26120976e-06  9.32281642e-05 
 7.26464621e-06  4.46930322e-05 
 7.27105913e-06  9.16203508e-05 
 7.28314874e-06  4.22845456e-05 
 7.30429706e-06  8.88937942e-05 
 7.34659369e-06  3.99036327e-05 
 7.43118695e-06  8.74404873e-05 
 7.50000000e-06  3.93872270e-05 
 7.50001000e-06  2.39435065e-03 
 7.50003000e-06  2.17992132e-03 
 7.50007000e-06  3.08717621e-03 
 7.50010000e-06  3.89766200e-03 
 7.50010800e-06  1.16474031e-03 
 7.50012400e-06  8.18371037e-04 
 7.50015600e-06  8.93143417e-04 
 7.50022000e-06  5.81683679e-04 
 7.50034800e-06  6.47140966e-04 
 7.50058874e-06  4.55324644e-04 
 7.50092978e-06  6.07562050e-04 
 7.50145289e-06  1.61354903e-04 
 7.50196090e-06  3.04820342e-04 
 7.50242996e-06  1.06952174e-04 
 7.50293044e-06  1.99305886e-04 
 7.50346956e-06  2.48040980e-05 
 7.50405228e-06  1.63702755e-04 
 7.50470664e-06  1.60777557e-05 
 7.50560356e-06  1.75681297e-04 
 7.50647715e-06  1.66031335e-05 
 7.50743071e-06  1.61234597e-04 
 7.50836107e-06  3.29530968e-06 
 7.50928443e-06  1.38900519e-04 
 7.51025957e-06 -8.93918588e-06 
 7.51137679e-06  1.37610303e-04 
 7.51261350e-06 -9.97380771e-06 
 7.51508691e-06  1.37267197e-04 
 7.51873040e-06 -1.01059028e-05 
 7.52548629e-06  1.37156515e-04 
 7.53768537e-06 -1.01913489e-05 
 7.55890661e-06  1.37058297e-04 
 7.60134907e-06 -1.02638503e-05 
 7.68623399e-06  1.36995780e-04 
 7.75010000e-06 -1.02938219e-05 
 7.75011000e-06 -2.44206998e-03 
 7.75013000e-06 -2.79825801e-03 
 7.75017000e-06 -2.02689919e-03 
 7.75020000e-06 -1.89971690e-03 
 7.75020789e-06  3.33449829e-04 
 7.75022367e-06  4.28468473e-04 
 7.75025524e-06  4.11048622e-04 
 7.75031836e-06  4.29850466e-04 
 7.75039358e-06  3.70773750e-04 
 7.75054401e-06  3.96588410e-04 
 7.75073666e-06  4.38471096e-04 
 7.75098705e-06  4.73774070e-04 
 7.75147016e-06  3.73903007e-04 
 7.75194386e-06  2.47156332e-04 
 7.75244600e-06  1.10519322e-04 
 7.75311053e-06  1.45826927e-04 
 7.75382222e-06  9.21776461e-05 
 7.75440156e-06  1.24522968e-04 
 7.75503430e-06  6.94446152e-05 
 7.75566530e-06  1.16506687e-04 
 7.75643788e-06  6.09486699e-05 
 7.75725754e-06  9.49329450e-05 
 7.75808414e-06  4.86986881e-05 
 7.75903768e-06  9.18821898e-05 
 7.76025678e-06  4.05371463e-05 
 7.76191696e-06  8.73765148e-05 
 7.76406068e-06  3.94986841e-05 
 7.76721764e-06  8.74577575e-05 
 7.77289525e-06  3.94113672e-05 
 7.78095249e-06  8.74603109e-05 
 7.79483239e-06  3.93489591e-05 
 7.81662810e-06  8.74355847e-05 
 7.85161713e-06  3.93068850e-05 
 7.92159517e-06  8.74117705e-05 
 8.00000000e-06  3.92834397e-05 
 8.00001000e-06  2.39357531e-03 
 8.00003000e-06  2.17891488e-03 
 8.00007000e-06  3.08683465e-03 
 8.00010000e-06  3.89651681e-03 
 8.00010800e-06  1.16438503e-03 
 8.00012400e-06  8.18220581e-04 
 8.00015600e-06  8.92772790e-04 
 8.00022000e-06  5.81625684e-04 
 8.00034800e-06  6.47336564e-04 
 8.00058805e-06  4.55862220e-04 
 8.00092907e-06  6.08001134e-04 
 8.00145155e-06  1.59953733e-04 
 8.00195944e-06  3.04800785e-04 
 8.00244842e-06  1.15146600e-04 
 8.00296972e-06  2.07587144e-04 
 8.00349827e-06  2.91293552e-05 
 8.00409523e-06  1.76993446e-04 
 8.00458589e-06  4.13892285e-05 
 8.00514601e-06  1.85779531e-04 
 8.00583116e-06  1.88014510e-05 
 8.00645428e-06  1.62485599e-04 
 8.00730930e-06  1.08451774e-05 
 8.00815644e-06  1.55551068e-04 
 8.00898185e-06  9.96372404e-06 
 8.00967034e-06  1.50878189e-04 
 8.01048418e-06 -1.32812006e-06 
 8.01131775e-06  1.46237175e-04 
 8.01229722e-06  2.40563679e-06 
 8.01425616e-06  1.64719783e-04 
 8.01591944e-06  2.02419300e-05 
 8.01747441e-06  1.63037769e-04 
 8.01915508e-06  1.39640679e-05 
 8.02215371e-06  1.57990018e-04 
 8.02815095e-06  1.03799604e-05 
 8.03392573e-06  1.56911195e-04 
 8.04112168e-06  1.56098090e-05 
 8.04968000e-06  1.62566524e-04 
 8.05617884e-06  7.09623188e-06 
 8.06309730e-06  1.59780847e-04 
 8.07101379e-06  3.90587511e-06 
 8.08386717e-06  1.56705025e-04 
 8.09637081e-06  3.93149161e-06 
 8.11037050e-06  1.56329388e-04 
 8.13836990e-06  4.08601921e-06 
 8.19183336e-06  1.56228055e-04 
 8.25010000e-06  4.15261035e-06 
 8.25011000e-06 -2.42973514e-03 
 8.25013000e-06 -2.78207020e-03 
 8.25017000e-06 -2.01458939e-03 
 8.25020000e-06 -1.89265024e-03 
 8.25020800e-06  3.37730271e-04 
 8.25022400e-06  4.31327355e-04 
 8.25025600e-06  4.09924767e-04 
 8.25032000e-06  4.33206305e-04 
 8.25044571e-06  3.59141537e-04 
 8.25059977e-06  4.32335525e-04 
 8.25079645e-06  4.43103158e-04 
 8.25118979e-06  4.61593691e-04 
 8.25161103e-06  3.38630988e-04 
 8.25205615e-06  2.20677924e-04 
 8.25257101e-06  1.01197114e-04 
 8.25330399e-06  1.42394110e-04 
 8.25406411e-06  7.45332187e-05 
 8.25504006e-06  1.16603504e-04 
 8.25596514e-06  7.14341641e-05 
 8.25694029e-06  1.06991755e-04 
 8.25855636e-06  5.82759818e-05 
 8.26024021e-06  1.02299562e-04 
 8.26321869e-06  5.83503674e-05 
 8.26807830e-06  1.02199898e-04 
 8.27779751e-06  5.83350329e-05 
 8.29723594e-06  1.02133247e-04 
 8.33472702e-06  5.82979073e-05 
 8.40970917e-06  1.02094813e-04 
 8.50000000e-06  5.82802627e-05 
