 0.00000000e+00  6.32554016e-05 
 1.00000000e-12  3.92945307e-03 
 2.00000000e-12  4.25418372e-03 
 4.00000000e-12  4.34005000e-03 
 8.00000000e-12  4.18620166e-03 
 1.60000000e-11  4.02140885e-03 
 3.20000000e-11  3.89703925e-03 
 6.40000000e-11  4.94002107e-03 
 1.00000000e-10  7.56194283e-03 
 1.06400000e-10  2.60364102e-03 
 1.19200000e-10  1.98905875e-03 
 1.44800000e-10  2.13400986e-03 
 1.96000000e-10  1.46394896e-03 
 2.98400000e-10  1.46226406e-03 
 4.51259984e-10  9.88949729e-04 
 7.56979951e-10  1.05146787e-03 
 1.04183824e-09  7.03845255e-04 
 1.50317811e-09  9.28774369e-04 
 1.91821962e-09  6.69639045e-04 
 2.38921257e-09  1.00377314e-03 
 2.86665063e-09  5.47448812e-04 
 3.27905004e-09  9.69172993e-04 
 3.75732315e-09  5.89294265e-04 
 4.27918359e-09  7.99822587e-04 
 4.77736442e-09  3.16134844e-04 
 5.31429712e-09  5.16774103e-04 
 6.02132340e-09  1.50805708e-04 
 6.73525109e-09  4.63416632e-04 
 7.58726938e-09  9.18839729e-05 
 8.50059241e-09  3.63534365e-04 
 9.50218779e-09 -5.97747265e-05 
 1.05016504e-08  2.95581277e-04 
 1.17366177e-08  6.60843573e-06 
 1.30670338e-08  3.02779188e-04 
 1.40160532e-08 -6.26103894e-05 
 1.48985793e-08  2.79417810e-04 
 1.57591971e-08 -6.15406678e-05 
 1.66810942e-08  2.73457230e-04 
 1.78430610e-08 -6.61859879e-05 
 1.92656600e-08  2.70878941e-04 
 2.08260098e-08 -2.75716088e-05 
 2.26649694e-08  3.58621246e-04 
 2.44198686e-08  5.18468158e-05 
 2.57663192e-08  3.15679969e-04 
 2.70595047e-08 -6.00656116e-05 
 2.79407909e-08  2.95618081e-04 
 2.89757979e-08 -5.00158661e-05 
 3.10458120e-08  2.88119169e-04 
 3.35023409e-08 -5.70398804e-05 
 3.68190443e-08  2.76439266e-04 
 4.00553323e-08 -5.16635735e-05 
 4.36997887e-08  2.78236000e-04 
 4.80606655e-08 -5.53452945e-05 
 5.38452082e-08  2.76424020e-04 
 6.12590798e-08 -5.78044552e-05 
 7.38778221e-08  2.72874407e-04 
 9.71211542e-08 -6.22682236e-05 
 1.38141632e-07  2.68279745e-04 
 1.99973862e-07 -6.43939412e-05 
 2.50100000e-07  2.62705319e-04 
 2.50110000e-07 -4.63102938e-03 
 2.50130000e-07 -5.13412172e-03 
 2.50170000e-07 -3.47092097e-03 
 2.50200000e-07 -3.69613322e-03 
 2.50206655e-07  4.52609741e-04 
 2.50219966e-07  6.24303204e-04 
 2.50246587e-07  5.52324045e-04 
 2.50299829e-07  5.47210231e-04 
 2.50405290e-07  4.21129722e-04 
 2.50522350e-07  4.46179685e-04 
 2.50718844e-07  4.21590133e-04 
 2.50950456e-07  4.88284837e-04 
 2.51398873e-07  3.72035646e-04 
 2.51905672e-07  3.61251685e-04 
 2.52371181e-07  1.54400250e-04 
 2.53031302e-07  1.92813362e-04 
 2.53853075e-07  1.15220685e-04 
 2.54418600e-07  1.86149558e-04 
 2.55078027e-07  7.75673512e-05 
 2.55762990e-07  1.55382555e-04 
 2.56644705e-07  7.03043619e-05 
 2.57520389e-07  1.42126571e-04 
 2.58928765e-07  5.46237568e-05 
 2.60508743e-07  1.33519419e-04 
 2.63175029e-07  5.26100114e-05 
 2.66158042e-07  1.31647442e-04 
 2.72007347e-07  4.59077065e-05 
 2.77685617e-07  1.23594566e-04 
 2.83786045e-07  4.35492921e-05 
 2.90575282e-07  1.23594292e-04 
 2.99808036e-07  4.28617268e-05 
 3.17440261e-07  1.22599967e-04 
 3.48357789e-07  4.06912106e-05 
 4.09664352e-07  1.17708298e-04 
 5.00000000e-07  3.23340526e-05 
 5.00010000e-07  2.45310785e-03 
 5.00030000e-07  2.19216676e-03 
 5.00070000e-07  2.92837534e-03 
 5.00100000e-07  3.82554795e-03 
 5.00108000e-07  1.06461067e-03 
 5.00124000e-07  7.32172404e-04 
 5.00156000e-07  8.24422831e-04 
 5.00220000e-07  5.34318059e-04 
 5.00348000e-07  6.04917611e-04 
 5.00520206e-07  4.09583594e-04 
 5.00864618e-07  5.86409840e-04 
 5.01302736e-07  2.93933585e-04 
 5.01767338e-07  2.92963499e-04 
 5.02217618e-07  1.51156907e-04 
 5.02714163e-07  2.46689580e-04 
 5.03332197e-07  5.38331582e-05 
 5.04083781e-07  1.67629783e-04 
 5.04881740e-07  2.07603377e-05 
 5.05693574e-07  1.55981130e-04 
 5.06793953e-07  2.20062012e-05 
 5.08160857e-07  1.62586361e-04 
 5.09947418e-07  2.76551987e-05 
 5.11267933e-07  1.59925046e-04 
 5.12733205e-07  3.98550728e-05 
 5.14358487e-07  1.70996900e-04 
 5.16189924e-07  2.78144345e-05 
 5.17931242e-07  1.55394716e-04 
 5.20183954e-07  1.51403971e-05 
 5.22569750e-07  1.38237504e-04 
 5.26522012e-07  7.34813553e-06 
 5.33038175e-07  1.35311694e-04 
 5.42547031e-07  6.66269230e-06 
 5.61564744e-07  1.34174313e-04 
 5.99600170e-07  4.70507774e-06 
 6.74562549e-07  1.31148856e-04 
 7.50100000e-07  1.82990785e-06 
 7.50110000e-07 -2.40786428e-03 
 7.50130000e-07 -2.69967972e-03 
 7.50170000e-07 -1.97806684e-03 
 7.50200000e-07 -2.04889555e-03 
 7.50208000e-07  2.92965300e-04 
 7.50224000e-07  3.87813623e-04 
 7.50256000e-07  3.65054203e-04 
 7.50320000e-07  4.01658564e-04 
 7.50448000e-07  3.22958205e-04 
 7.50704000e-07  4.05794774e-04 
 7.51068782e-07  3.87402314e-04 
 7.51540254e-07  3.88371445e-04 
 7.52046658e-07  2.23805633e-04 
 7.52578179e-07  1.63712352e-04 
 7.53288087e-07  9.16834453e-05 
 7.54064302e-07  1.41039412e-04 
 7.54715724e-07  7.69112707e-05 
 7.55413319e-07  1.15041181e-04 
 7.56132987e-07  6.89793698e-05 
 7.57082818e-07  1.08430614e-04 
 7.57973169e-07  5.07431565e-05 
 7.58967998e-07  9.61081378e-05 
 7.60023290e-07  4.76607533e-05 
 7.61434306e-07  8.84108464e-05 
 7.63251411e-07  4.42462039e-05 
 7.65763189e-07  8.75618145e-05 
 7.69297325e-07  4.43072847e-05 
 7.75615215e-07  8.72864515e-05 
 7.84550281e-07  4.41949980e-05 
 7.99549207e-07  8.70077996e-05 
 8.23039643e-07  4.39037832e-05 
 8.60072774e-07  8.65823107e-05 
 9.28737317e-07  4.34001971e-05 
 1.00000000e-06  8.61095282e-05 
 1.00001000e-06  2.44398213e-03 
 1.00003000e-06  2.16871273e-03 
 1.00007000e-06  2.92203811e-03 
 1.00010000e-06  3.80843679e-03 
 1.00010800e-06  1.05341934e-03 
 1.00012400e-06  7.22862419e-04 
 1.00015600e-06  8.15020245e-04 
 1.00022000e-06  5.26778091e-04 
 1.00034800e-06  5.96653549e-04 
 1.00052011e-06  4.03162160e-04 
 1.00086433e-06  5.78403829e-04 
 1.00129896e-06  2.88180878e-04 
 1.00176161e-06  2.81585768e-04 
 1.00223916e-06  1.50405407e-04 
 1.00276739e-06  2.43547359e-04 
 1.00341014e-06  4.83317442e-05 
 1.00403535e-06  1.62464300e-04 
 1.00457659e-06  3.34178645e-05 
 1.00521061e-06  1.70668283e-04 
 1.00582864e-06  3.48294075e-05 
 1.00643454e-06  1.53043074e-04 
 1.00710902e-06  1.71427841e-05 
 1.00799962e-06  1.42382216e-04 
 1.00899241e-06  1.95338481e-05 
 1.01045573e-06  1.53363738e-04 
 1.01143979e-06  2.33954323e-05 
 1.01254409e-06  1.51961921e-04 
 1.01376501e-06  4.62505081e-05 
 1.01507891e-06  2.07669125e-04 
 1.01612158e-06  7.81485628e-05 
 1.01723213e-06  2.03675604e-04 
 1.01836720e-06  6.97157534e-05 
 1.01955006e-06  1.94801686e-04 
 1.02084508e-06  6.13273805e-05 
 1.02217905e-06  1.87553072e-04 
 1.02436739e-06  5.75983579e-05 
 1.02659782e-06  1.83791224e-04 
 1.03105868e-06  5.28595367e-05 
 1.03887026e-06  1.76188487e-04 
 1.05122722e-06  4.28505395e-05 
 1.07539623e-06  1.63086054e-04 
 1.11476908e-06  2.85136686e-05 
 1.17931226e-06  1.51416623e-04 
 1.23418357e-06  3.00219408e-05 
 1.25010000e-06  2.10234837e-04 
 1.25011000e-06 -2.32805738e-03 
 1.25013000e-06 -2.63852599e-03 
 1.25017000e-06 -1.89178667e-03 
 1.25020000e-06 -1.97647533e-03 
 1.25020794e-06  3.65930310e-04 
 1.25022381e-06  4.59896026e-04 
 1.25025557e-06  4.33939806e-04 
 1.25031907e-06  4.67678488e-04 
 1.25044608e-06  3.82397502e-04 
 1.25070010e-06  4.55507913e-04 
 1.25106207e-06  4.30723382e-04 
 1.25152816e-06  4.28083435e-04 
 1.25202624e-06  2.68627212e-04 
 1.25255300e-06  2.03317623e-04 
 1.25327083e-06  1.31224831e-04 
 1.25404221e-06  1.77266179e-04 
 1.25464841e-06  1.07594292e-04 
 1.25532783e-06  1.37954177e-04 
 1.25598947e-06  9.55804172e-05 
 1.25687160e-06  1.33566082e-04 
 1.25779541e-06  8.47623867e-05 
 1.25951807e-06  1.23077998e-04 
 1.26172494e-06  8.10622168e-05 
 1.26507363e-06  1.22354394e-04 
 1.27070914e-06  7.93423840e-05 
 1.27597854e-06  1.22231257e-04 
 1.28205937e-06  8.12277394e-05 
 1.28869295e-06  1.21534811e-04 
 1.29625227e-06  8.09378511e-05 
 1.31137091e-06  1.21217220e-04 
 1.33901014e-06  8.01129125e-05 
 1.38139219e-06  1.19884148e-04 
 1.46485311e-06  7.53726826e-05 
 1.50000000e-06  1.13577896e-04 
 1.50001000e-06  2.46906446e-03 
 1.50003000e-06  2.18955780e-03 
 1.50007000e-06  2.95312177e-03 
 1.50010000e-06  3.83239282e-03 
 1.50010800e-06  1.08036794e-03 
 1.50012400e-06  7.50171939e-04 
 1.50015600e-06  8.43572348e-04 
 1.50022000e-06  5.55814045e-04 
 1.50034800e-06  6.24927154e-04 
 1.50052004e-06  4.31135614e-04 
 1.50086413e-06  6.06592979e-04 
 1.50129852e-06  3.16818145e-04 
 1.50176102e-06  3.09997982e-04 
 1.50223798e-06  1.78800878e-04 
 1.50276932e-06  2.69499255e-04 
 1.50340392e-06  7.19523125e-05 
 1.50399151e-06  1.90008765e-04 
 1.50463143e-06  4.62587631e-05 
 1.50532587e-06  1.81739018e-04 
 1.50628315e-06  5.35868842e-05 
 1.50729266e-06  1.83186065e-04 
 1.50825457e-06  4.79524980e-05 
 1.50924222e-06  1.74168480e-04 
 1.51018136e-06  2.81276703e-05 
 1.51121435e-06  1.59960221e-04 
 1.51235455e-06  2.66967740e-05 
 1.51361978e-06  1.58301240e-04 
 1.51615025e-06  2.64410812e-05 
 1.52121119e-06  1.57462463e-04 
 1.53094029e-06  2.54280692e-05 
 1.55039847e-06  1.55372561e-04 
 1.58931485e-06  2.17405760e-05 
 1.66714760e-06  1.49535215e-04 
 1.75010000e-06  1.62107990e-05 
 1.75011000e-06 -2.39316885e-03 
 1.75013000e-06 -2.68449644e-03 
 1.75017000e-06 -1.94933331e-03 
 1.75020000e-06 -2.01688026e-03 
 1.75020800e-06  3.12598227e-04 
 1.75022400e-06  4.06009065e-04 
 1.75025600e-06  3.82526247e-04 
 1.75032000e-06  4.17841427e-04 
 1.75044800e-06  3.38850548e-04 
 1.75070400e-06  4.22140327e-04 
 1.75106223e-06  4.03938388e-04 
 1.75153587e-06  4.04341404e-04 
 1.75203974e-06  2.42039513e-04 
 1.75256917e-06  1.79627662e-04 
 1.75328815e-06  1.07646269e-04 
 1.75406253e-06  1.54962102e-04 
 1.75470621e-06  8.89381305e-05 
 1.75540179e-06  1.21362818e-04 
 1.75611058e-06  7.41114841e-05 
 1.75697860e-06  1.12995276e-04 
 1.75788593e-06  6.37295705e-05 
 1.75966750e-06  1.03076701e-04 
 1.76194636e-06  6.06471814e-05 
 1.76545750e-06  1.02776689e-04 
 1.77139419e-06  6.05593292e-05 
 1.78218110e-06  1.02429001e-04 
 1.80001119e-06  6.01884668e-05 
 1.83222361e-06  1.01830518e-04 
 1.88787255e-06  5.94522680e-05 
 1.98536169e-06  1.01030868e-04 
 2.00000000e-06  5.90534711e-05 
 2.00001000e-06  2.44733453e-03 
 2.00003000e-06  2.17264251e-03 
 2.00007000e-06  2.93937270e-03 
 2.00010000e-06  3.81749566e-03 
 2.00010800e-06  1.06650829e-03 
 2.00012400e-06  7.36491065e-04 
 2.00015600e-06  8.30223848e-04 
 2.00022000e-06  5.42713902e-04 
 2.00034800e-06  6.11924140e-04 
 2.00051987e-06  4.18227856e-04 
 2.00086360e-06  5.93651849e-04 
 2.00129782e-06  3.03810840e-04 
 2.00176012e-06  2.96576087e-04 
 2.00223708e-06  1.66385937e-04 
 2.00276603e-06  2.59153301e-04 
 2.00340633e-06  6.19931967e-05 
 2.00403374e-06  1.75477709e-04 
 2.00457825e-06  4.00940108e-05 
 2.00520156e-06  1.76147843e-04 
 2.00582001e-06  4.04915163e-05 
 2.00642882e-06  1.65021406e-04 
 2.00711003e-06  2.72397397e-05 
 2.00800237e-06  1.51533596e-04 
 2.00900241e-06  2.21475742e-05 
 2.01061270e-06  1.64182689e-04 
 2.01256007e-06  4.10354454e-05 
 2.01401323e-06  1.85919694e-04 
 2.01536077e-06  7.75059303e-05 
 2.01669213e-06  2.02142680e-04 
 2.01795838e-06  6.79491357e-05 
 2.01907134e-06  1.90008327e-04 
 2.02028345e-06  5.52583747e-05 
 2.02158089e-06  1.80102621e-04 
 2.02337829e-06  4.87882596e-05 
 2.02527606e-06  1.75464129e-04 
 2.02853279e-06  4.33011888e-05 
 2.03316461e-06  1.62916437e-04 
 2.03787665e-06  2.95803916e-05 
 2.04191375e-06  1.54272881e-04 
 2.04584069e-06  2.53322790e-05 
 2.04850544e-06  1.61993066e-04 
 2.05222190e-06  5.26421762e-05 
 2.05474437e-06  1.39540494e-04 
 2.05759421e-06  3.40056337e-05 
 2.06050212e-06  1.44247305e-04 
 2.06376012e-06  2.92527200e-05 
 2.06894794e-06  1.41057293e-04 
 2.07523970e-06  1.96607829e-05 
 2.08091765e-06  1.38150775e-04 
 2.08837341e-06  1.96443521e-05 
 2.09537040e-06  1.38072402e-04 
 2.10936437e-06  1.89679892e-05 
 2.12991669e-06  1.37160620e-04 
 2.16812100e-06  1.54463524e-05 
 2.24370970e-06  1.28137951e-04 
 2.25010000e-06  8.53200732e-06 
 2.25011000e-06 -2.40810810e-03 
 2.25013000e-06 -2.70323843e-03 
 2.25017000e-06 -1.96415261e-03 
 2.25020000e-06 -2.02780928e-03 
 2.25020800e-06  2.99678140e-04 
 2.25022400e-06  3.93822582e-04 
 2.25025600e-06  3.71386382e-04 
 2.25032000e-06  4.06755407e-04 
 2.25044800e-06  3.27289251e-04 
 2.25070400e-06  4.09551017e-04 
 2.25105996e-06  3.91056658e-04 
 2.25153371e-06  3.90267636e-04 
 2.25203616e-06  2.29412176e-04 
 2.25256460e-06  1.65034992e-04 
 2.25328487e-06  9.09439249e-05 
 2.25402934e-06  1.37420561e-04 
 2.25469702e-06  6.50377125e-05 
 2.25539557e-06  1.01370013e-04 
 2.25607970e-06  6.03071034e-05 
 2.25718663e-06  9.71688593e-05 
 2.25818973e-06  4.90217619e-05 
 2.26001141e-06  8.89866583e-05 
 2.26241206e-06  4.69049057e-05 
 2.26621465e-06  8.85183806e-05 
 2.27341559e-06  4.64632262e-05 
 2.28418477e-06  8.76892357e-05 
 2.30405344e-06  4.53966116e-05 
 2.33693969e-06  8.62140956e-05 
 2.39320797e-06  4.38368063e-05 
 2.49131374e-06  8.49025578e-05 
 2.50000000e-06  4.33250694e-05 
 2.50001000e-06  2.43059332e-03 
 2.50003000e-06  2.15568841e-03 
 2.50007000e-06  2.92702844e-03 
 2.50010000e-06  3.80156365e-03 
 2.50010800e-06  1.05179384e-03 
 2.50012400e-06  7.20977847e-04 
 2.50015600e-06  8.13658393e-04 
 2.50022000e-06  5.25467833e-04 
 2.50034800e-06  5.95541286e-04 
 2.50052008e-06  4.01812568e-04 
 2.50086424e-06  5.77652071e-04 
 2.50130131e-06  2.88155205e-04 
 2.50176511e-06  2.82735169e-04 
 2.50220997e-06  1.43848922e-04 
 2.50270273e-06  2.38132157e-04 
 2.50332271e-06  4.46005894e-05 
 2.50405373e-06  1.58564093e-04 
 2.50485438e-06  1.55516989e-05 
 2.50559955e-06  1.56617964e-04 
 2.50673838e-06  2.84266141e-05 
 2.50753330e-06  1.53821692e-04 
 2.50842387e-06  1.87857801e-05 
 2.50946459e-06  1.43135889e-04 
 2.51055873e-06 -2.25737531e-06 
 2.51157157e-06  1.32012350e-04 
 2.51276717e-06 -2.22997562e-06 
 2.51411526e-06  1.30683448e-04 
 2.51681143e-06 -2.13113272e-06 
 2.52085757e-06  1.30410700e-04 
 2.52859863e-06 -2.09288657e-06 
 2.54287784e-06  1.30284347e-04 
 2.56847382e-06 -2.15398462e-06 
 2.61966579e-06  1.30173667e-04 
 2.72204973e-06 -2.23990420e-06 
 2.75010000e-06  1.30115108e-04 
 2.75011000e-06 -2.40223272e-03 
 2.75013000e-06 -2.71012711e-03 
 2.75017000e-06 -1.95813889e-03 
 2.75020000e-06 -2.03459415e-03 
 2.75020793e-06  2.94231506e-04 
 2.75022380e-06  3.88324266e-04 
 2.75025553e-06  3.65653274e-04 
 2.75031899e-06  4.01497246e-04 
 2.75044591e-06  3.21575973e-04 
 2.75069975e-06  4.02422612e-04 
 2.75105633e-06  3.86626789e-04 
 2.75152415e-06  3.87083222e-04 
 2.75201980e-06  2.30857339e-04 
 2.75254471e-06  1.63266231e-04 
 2.75325739e-06  9.10818223e-05 
 2.75403265e-06  1.38207935e-04 
 2.75464727e-06  7.77401973e-05 
 2.75532786e-06  1.12059510e-04 
 2.75604488e-06  6.82273616e-05 
 2.75697144e-06  1.06554852e-04 
 2.75786592e-06  5.07313372e-05 
 2.75885263e-06  9.27426638e-05 
 2.75995932e-06  4.74816397e-05 
 2.76126845e-06  8.51744515e-05 
 2.76317682e-06  4.37596694e-05 
 2.76550891e-06  8.41987470e-05 
 2.76908285e-06  4.39236944e-05 
 2.77521701e-06  8.40780505e-05 
 2.78393775e-06  4.39583216e-05 
 2.79877331e-06  8.40068634e-05 
 2.82162456e-06  4.39499403e-05 
 2.85812316e-06  8.39619124e-05 
 2.91705259e-06  4.39334996e-05 
 3.00000000e-06  8.39355011e-05 
 3.00001000e-06  2.43372420e-03 
 3.00003000e-06  2.14928335e-03 
 3.00007000e-06  2.93080479e-03 
 3.00010000e-06  3.79590627e-03 
 3.00010800e-06  1.05068541e-03 
 3.00012400e-06  7.20666637e-04 
 3.00015600e-06  8.12711520e-04 
 3.00022000e-06  5.25317193e-04 
 3.00034800e-06  5.95274305e-04 
 3.00051994e-06  4.02439237e-04 
 3.00086381e-06  5.77527782e-04 
 3.00129828e-06  2.88097626e-04 
 3.00176067e-06  2.80497743e-04 
 3.00223679e-06  1.49860116e-04 
 3.00276525e-06  2.42096251e-04 
 3.00340550e-06  4.79068061e-05 
 3.00403018e-06  1.61730704e-04 
 3.00457266e-06  3.28714863e-05 
 3.00520706e-06  1.71239802e-04 
 3.00582918e-06  3.39647833e-05 
 3.00644096e-06  1.53331381e-04 
 3.00712222e-06  1.62228408e-05 
 3.00801480e-06  1.41721976e-04 
 3.00901311e-06  1.90394517e-05 
 3.01046572e-06  1.56825954e-04 
 3.01145410e-06  2.85737235e-05 
 3.01255551e-06  1.56747206e-04 
 3.01377298e-06  5.04258050e-05 
 3.01508728e-06  2.05939458e-04 
 3.01615053e-06  7.24188734e-05 
 3.01727497e-06  1.96297511e-04 
 3.01842833e-06  5.96663867e-05 
 3.01962433e-06  1.83321579e-04 
 3.02100927e-06  4.75482748e-05 
 3.02243361e-06  1.72657230e-04 
 3.02457909e-06  4.11851440e-05 
 3.02706028e-06  1.65865131e-04 
 3.03202268e-06  3.34059184e-05 
 3.04060181e-06  1.56458354e-04 
 3.05428529e-06  2.65626084e-05 
 3.07087259e-06  1.53453429e-04 
 3.10387434e-06  2.13286700e-05 
 3.15052907e-06  1.35994969e-04 
 3.19322298e-06  1.58102221e-06 
 3.24175667e-06  1.27898634e-04 
 3.25010000e-06 -1.18830097e-07 
 3.25011000e-06 -2.41603711e-03 
 3.25013000e-06 -2.71015207e-03 
 3.25017000e-06 -1.96856635e-03 
 3.25020000e-06 -2.02746188e-03 
 3.25020800e-06  2.94794159e-04 
 3.25022400e-06  3.88748398e-04 
 3.25025600e-06  3.66905129e-04 
 3.25032000e-06  4.01969524e-04 
 3.25044800e-06  3.22799466e-04 
 3.25070400e-06  4.05062157e-04 
 3.25105753e-06  3.87026513e-04 
 3.25153214e-06  3.85727765e-04 
 3.25203373e-06  2.25464301e-04 
 3.25256141e-06  1.59889606e-04 
 3.25328247e-06  8.94579904e-05 
 3.25404771e-06  1.33889163e-04 
 3.25465619e-06  6.45053006e-05 
 3.25533557e-06  9.65699675e-05 
 3.25599520e-06  5.70459076e-05 
 3.25689360e-06  9.43899745e-05 
 3.25782787e-06  4.70690680e-05 
 3.25954868e-06  8.43704170e-05 
 3.26177500e-06  4.37186399e-05 
 3.26514235e-06  8.40916893e-05 
 3.27087982e-06  4.37021082e-05 
 3.28153777e-06  8.39175750e-05 
 3.29909441e-06  4.36049440e-05 
 3.33143929e-06  8.37818128e-05 
 3.38767521e-06  4.35223131e-05 
 3.49992927e-06  8.37254261e-05 
 3.50000000e-06  4.53285549e-05 
 3.50001000e-06  2.42933958e-03 
 3.50003000e-06  2.15128988e-03 
 3.50007000e-06  2.92921797e-03 
 3.50010000e-06  3.79799772e-03 
 3.50010800e-06  1.05084190e-03 
 3.50012400e-06  7.20200859e-04 
 3.50015600e-06  8.12813054e-04 
 3.50022000e-06  5.24858064e-04 
 3.50034800e-06  5.94914358e-04 
 3.50052010e-06  4.01352250e-04 
 3.50086429e-06  5.77134878e-04 
 3.50130139e-06  2.87732062e-04 
 3.50176520e-06  2.82147880e-04 
 3.50221027e-06  1.43428237e-04 
 3.50270298e-06  2.37506917e-04 
 3.50332322e-06  4.41713815e-05 
 3.50405426e-06  1.58024996e-04 
 3.50485511e-06  1.51113964e-05 
 3.50560723e-06  1.56221062e-04 
 3.50674135e-06  2.76399740e-05 
 3.50753600e-06  1.53303553e-04 
 3.50842538e-06  1.83990915e-05 
 3.50946804e-06  1.42543552e-04 
 3.51056302e-06 -2.62911634e-06 
 3.51157746e-06  1.31461961e-04 
 3.51277474e-06 -2.59709649e-06 
 3.51412325e-06  1.30145611e-04 
 3.51682027e-06 -2.49442001e-06 
 3.52083058e-06  1.29884604e-04 
 3.52849776e-06 -2.44032590e-06 
 3.54254940e-06  1.29785529e-04 
 3.56763359e-06 -2.46040500e-06 
 3.61780198e-06  1.29730923e-04 
 3.71813876e-06 -2.48388157e-06 
 3.75010000e-06  1.29707063e-04 
 3.75011000e-06 -2.40260059e-03 
 3.75013000e-06 -2.71043821e-03 
 3.75017000e-06 -1.95737510e-03 
 3.75020000e-06 -2.03033448e-03 
 3.75020793e-06  2.94419194e-04 
 3.75022380e-06  3.88240142e-04 
 3.75025553e-06  3.65714344e-04 
 3.75031899e-06  4.01193475e-04 
 3.75044592e-06  3.21258214e-04 
 3.75069978e-06  4.02082342e-04 
 3.75105435e-06  3.86538362e-04 
 3.75152289e-06  3.86686569e-04 
 3.75201789e-06  2.31235309e-04 
 3.75254223e-06  1.62979663e-04 
 3.75325573e-06  9.09349180e-05 
 3.75403078e-06  1.37699395e-04 
 3.75464379e-06  7.76874831e-05 
 3.75532327e-06  1.11623614e-04 
 3.75604377e-06  6.80896328e-05 
 3.75695120e-06  1.06272728e-04 
 3.75785485e-06  5.06609681e-05 
 3.75882796e-06  9.22077240e-05 
 3.75994632e-06  4.74553820e-05 
 3.76123643e-06  8.46532055e-05 
 3.76315716e-06  4.36706828e-05 
 3.76545435e-06  8.36346650e-05 
 3.76902176e-06  4.38406439e-05 
 3.77510062e-06  8.35142551e-05 
 3.78374372e-06  4.38773248e-05 
 3.79847243e-06  8.34447070e-05 
 3.82108390e-06  4.38717667e-05 
 3.85725824e-06  8.34029231e-05 
 3.91557458e-06  4.38591708e-05 
 4.00000000e-06  8.33798913e-05 
 4.00001000e-06  2.43143268e-03 
 4.00003000e-06  2.14611125e-03 
 4.00007000e-06  2.93224212e-03 
 4.00010000e-06  3.79341275e-03 
 4.00010800e-06  1.04999789e-03 
 4.00012400e-06  7.20088887e-04 
 4.00015600e-06  8.12112608e-04 
 4.00022000e-06  5.24906187e-04 
 4.00034800e-06  5.94862635e-04 
 4.00051994e-06  4.02151832e-04 
 4.00086381e-06  5.77172610e-04 
 4.00129827e-06  2.87835641e-04 
 4.00176067e-06  2.80083282e-04 
 4.00223646e-06  1.49613513e-04 
 4.00276505e-06  2.41706996e-04 
 4.00340496e-06  4.76703575e-05 
 4.00402963e-06  1.61349608e-04 
 4.00457222e-06  3.26097591e-05 
 4.00520666e-06  1.70854674e-04 
 4.00582922e-06  3.37296332e-05 
 4.00644113e-06  1.52965023e-04 
 4.00712266e-06  1.59681717e-05 
 4.00801557e-06  1.41387888e-04 
 4.00901400e-06  1.89711677e-05 
 4.01046596e-06  1.56957116e-04 
 4.01145527e-06  2.76851764e-05 
 4.01255673e-06  1.53833530e-04 
 4.01377581e-06  4.54224920e-05 
 4.01508631e-06  1.97040920e-04 
 4.01617140e-06  6.36384987e-05 
 4.01731029e-06  1.87162376e-04 
 4.01847761e-06  4.93949280e-05 
 4.01969055e-06  1.72236988e-04 
 4.02107396e-06  3.59542382e-05 
 4.02252084e-06  1.60774130e-04 
 4.02466046e-06  2.96053865e-05 
 4.02733052e-06  1.54307925e-04 
 4.03267064e-06  2.43534508e-05 
 4.04151168e-06  1.50223247e-04 
 4.05131637e-06  2.83967130e-05 
 4.06234353e-06  1.83131536e-04 
 4.07151742e-06  5.33748501e-05 
 4.07596270e-06  1.38325390e-04 
 4.08027706e-06  3.86086557e-05 
 4.08483237e-06  1.39463037e-04 
 4.09044701e-06  3.13015852e-05 
 4.09886844e-06  1.38036990e-04 
 4.11065634e-06  2.65397289e-05 
 4.12797200e-06  1.36509855e-04 
 4.15372401e-06  2.45885725e-05 
 4.19472944e-06  1.36246808e-04 
 4.23714596e-06  2.35709753e-05 
 4.25010000e-06  1.33551810e-04 
 4.25011000e-06 -2.40128228e-03 
 4.25013000e-06 -2.70933204e-03 
 4.25017000e-06 -1.95185335e-03 
 4.25020000e-06 -2.02058269e-03 
 4.25020794e-06  3.04762351e-04 
 4.25022382e-06  3.98566059e-04 
 4.25025557e-06  3.75960675e-04 
 4.25031909e-06  4.12552592e-04 
 4.25044612e-06  3.33817212e-04 
 4.25070017e-06  4.16198028e-04 
 4.25105348e-06  3.99262773e-04 
 4.25152230e-06  3.99174123e-04 
 4.25201708e-06  2.43597930e-04 
 4.25254115e-06  1.75665472e-04 
 4.25326166e-06  1.04509845e-04 
 4.25404233e-06  1.48537450e-04 
 4.25464130e-06  8.12873444e-05 
 4.25531640e-06  1.10944535e-04 
 4.25597940e-06  7.08134411e-05 
 4.25684894e-06  1.06811420e-04 
 4.25775894e-06  5.96980171e-05 
 4.25948561e-06  9.58276171e-05 
 4.26166554e-06  5.57703545e-05 
 4.26499821e-06  9.54180572e-05 
 4.27049494e-06  5.60812221e-05 
 4.27779342e-06  1.02927993e-04 
 4.28699831e-06  6.43633531e-05 
 4.29329154e-06  8.94469062e-05 
 4.30039660e-06  6.19170814e-05 
 4.31006654e-06  8.98418876e-05 
 4.32353239e-06  5.54550885e-05 
 4.33667497e-06  7.97095120e-05 
 4.35091322e-06  4.90974010e-05 
 4.36527071e-06  7.90446160e-05 
 4.38457354e-06  4.82544513e-05 
 4.41768669e-06  7.91358491e-05 
 4.45885013e-06  4.79033573e-05 
 4.50000000e-06  7.91955178e-05 
 4.50001000e-06  2.42758373e-03 
 4.50003000e-06  2.14360686e-03 
 4.50007000e-06  2.93039399e-03 
 4.50010000e-06  3.79216182e-03 
 4.50010800e-06  1.04857349e-03 
 4.50012400e-06  7.18397712e-04 
 4.50015600e-06  8.10783320e-04 
 4.50022000e-06  5.23763803e-04 
 4.50034800e-06  5.94002618e-04 
 4.50052010e-06  4.01206608e-04 
 4.50086430e-06  5.76672482e-04 
 4.50130133e-06  2.87812621e-04 
 4.50176510e-06  2.81733414e-04 
 4.50221038e-06  1.43520239e-04 
 4.50270326e-06  2.37075161e-04 
 4.50332353e-06  4.42575190e-05 
 4.50405439e-06  1.57659422e-04 
 4.50485539e-06  1.52222577e-05 
 4.50560733e-06  1.55870248e-04 
 4.50674124e-06  2.77411594e-05 
 4.50753571e-06  1.52946820e-04 
 4.50842500e-06  1.85071466e-05 
 4.50946756e-06  1.42193870e-04 
 4.51056241e-06 -2.51279218e-06 
 4.51157696e-06  1.31093524e-04 
 4.51277374e-06 -2.48264573e-06 
 4.51412082e-06  1.29776326e-04 
 4.51681499e-06 -2.38173480e-06 
 4.52080720e-06  1.29512979e-04 
 4.52843480e-06 -2.33080505e-06 
 4.54237708e-06  1.29408247e-04 
 4.56721940e-06 -2.35831289e-06 
 4.61690405e-06  1.29344520e-04 
 4.71627334e-06 -2.38962716e-06 
 4.75010000e-06  1.29317539e-04 
 4.75011000e-06 -2.40274483e-03 
 4.75013000e-06 -2.71059920e-03 
 4.75017000e-06 -1.95718466e-03 
 4.75020000e-06 -2.02798943e-03 
 4.75020793e-06  2.94449023e-04 
 4.75022380e-06  3.88153930e-04 
 4.75025553e-06  3.65763398e-04 
 4.75031898e-06  4.01072675e-04 
 4.75044590e-06  3.21139612e-04 
 4.75069974e-06  4.01907077e-04 
 4.75105300e-06  3.86536358e-04 
 4.75152193e-06  3.86511482e-04 
 4.75201641e-06  2.31630240e-04 
 4.75254032e-06  1.62877910e-04 
 4.75325434e-06  9.08942854e-05 
 4.75402993e-06  1.37440729e-04 
 4.75464168e-06  7.77282713e-05 
 4.75532033e-06  1.11375087e-04 
 4.75604259e-06  6.80727878e-05 
 4.75694474e-06  1.06066355e-04 
 4.75785161e-06  5.06704622e-05 
 4.75882198e-06  9.19113331e-05 
 4.75994404e-06  4.74729183e-05 
 4.76122914e-06  8.43631297e-05 
 4.76315468e-06  4.36734618e-05 
 4.76544235e-06  8.33340642e-05 
 4.76901156e-06  4.38448417e-05 
 4.77508677e-06  8.32136957e-05 
 4.78372656e-06  4.38813605e-05 
 4.79847138e-06  8.31440361e-05 
 4.82109571e-06  4.38754775e-05 
 4.85733100e-06  8.31019619e-05 
 4.91575739e-06  4.38624094e-05 
 5.00000000e-06  8.30784645e-05 
 5.00001000e-06  2.43005084e-03 
 5.00003000e-06  2.14452420e-03 
 5.00007000e-06  2.93306361e-03 
 5.00010000e-06  3.79216240e-03 
 5.00010800e-06  1.04972799e-03 
 5.00012400e-06  7.19855498e-04 
 5.00015600e-06  8.11821709e-04 
 5.00022000e-06  5.24674924e-04 
 5.00034800e-06  5.94640124e-04 
 5.00051994e-06  4.02010571e-04 
 5.00086381e-06  5.77005592e-04 
 5.00129826e-06  2.87715722e-04 
 5.00176065e-06  2.79883804e-04 
 5.00223623e-06  1.49493428e-04 
 5.00276503e-06  2.41514807e-04 
 5.00340467e-06  4.75638526e-05 
 5.00402932e-06  1.61172877e-04 
 5.00457209e-06  3.24802034e-05 
 5.00520659e-06  1.70681221e-04 
 5.00582931e-06  3.36176899e-05 
 5.00644126e-06  1.52793232e-04 
 5.00712287e-06  1.58303996e-05 
 5.00801588e-06  1.41212185e-04 
 5.00901421e-06  1.87846534e-05 
 5.01046598e-06  1.55674860e-04 
 5.01145649e-06  2.50636773e-05 
 5.01255835e-06  1.50279637e-04 
 5.01377894e-06  3.95856013e-05 
 5.01508788e-06  1.88547055e-04 
 5.01621166e-06  5.65035138e-05 
 5.01737370e-06  1.84483608e-04 
 5.01851759e-06  5.34408553e-05 
 5.01974560e-06  1.85600139e-04 
 5.02113324e-06  5.84137814e-05 
 5.02258772e-06  1.88411811e-04 
 5.02475630e-06  6.25963275e-05 
 5.02770502e-06  2.08713236e-04 
 5.03115184e-06  7.63164544e-05 
 5.03341181e-06  1.44358306e-04 
 5.03581184e-06  5.18880154e-05 
 5.03825333e-06  1.49075382e-04 
 5.04110812e-06  3.95357280e-05 
 5.04579400e-06  1.44388985e-04 
 5.05120005e-06  2.82362441e-05 
 5.05982772e-06  1.38473490e-04 
 5.07224154e-06  2.38166038e-05 
 5.08546635e-06  1.37830447e-04 
 5.09781675e-06  2.26933686e-05 
 5.12242765e-06  1.38042862e-04 
 5.15142082e-06  2.21260038e-05 
 5.20408812e-06  1.38040587e-04 
 5.25010000e-06  2.18646857e-05 
 5.25011000e-06 -2.39491114e-03 
 5.25013000e-06 -2.68855783e-03 
 5.25017000e-06 -1.94650566e-03 
 5.25020000e-06 -2.00156795e-03 
 5.25020800e-06  3.15816439e-04 
 5.25022400e-06  4.08590419e-04 
 5.25025600e-06  3.85610503e-04 
 5.25032000e-06  4.19017468e-04 
 5.25044800e-06  3.39276218e-04 
 5.25070400e-06  4.21359530e-04 
 5.25105497e-06  4.03513391e-04 
 5.25153047e-06  4.02023298e-04 
 5.25203112e-06  2.43374373e-04 
 5.25255799e-06  1.77877956e-04 
 5.25327981e-06  1.09149278e-04 
 5.25406205e-06  1.53842968e-04 
 5.25467125e-06  8.58205165e-05 
 5.25535456e-06  1.14614351e-04 
 5.25602102e-06  7.42817347e-05 
 5.25691018e-06  1.10200524e-04 
 5.25783729e-06  6.35236557e-05 
 5.25956559e-06  1.00178868e-04 
 5.26180521e-06  6.02592825e-05 
 5.26519564e-06  9.99391957e-05 
 5.27096577e-06  6.02834735e-05 
 5.28156402e-06  9.98180798e-05 
 5.29902897e-06  6.02606286e-05 
 5.33094370e-06  9.97534753e-05 
 5.38620025e-06  6.02326915e-05 
 5.48457424e-06  9.97206082e-05 
 5.50000000e-06  6.02362964e-05 
 5.50001000e-06  2.44147272e-03 
 5.50003000e-06  2.16404574e-03 
 5.50007000e-06  2.94599525e-03 
 5.50010000e-06  3.81117662e-03 
 5.50010800e-06  1.06573877e-03 
 5.50012400e-06  7.35641222e-04 
 5.50015600e-06  8.29353057e-04 
 5.50022000e-06  5.42110116e-04 
 5.50034800e-06  6.11524547e-04 
 5.50052001e-06  4.17958641e-04 
 5.50086404e-06  5.93484835e-04 
 5.50129839e-06  3.03837022e-04 
 5.50176087e-06  2.96605485e-04 
 5.50223667e-06  1.65847636e-04 
 5.50276795e-06  2.56291640e-04 
 5.50340129e-06  5.91450590e-05 
 5.50398933e-06  1.76945029e-04 
 5.50462945e-06  3.34748172e-05 
 5.50532366e-06  1.68745736e-04 
 5.50628319e-06  4.09138676e-05 
 5.50729608e-06  1.70346751e-04 
 5.50826012e-06  3.53982725e-05 
 5.50924978e-06  1.61389547e-04 
 5.51019157e-06  1.57372060e-05 
 5.51122736e-06  1.47356917e-04 
 5.51236748e-06  1.44944529e-05 
 5.51363141e-06  1.45881238e-04 
 5.51615927e-06  1.45130755e-05 
 5.52121498e-06  1.45586530e-04 
 5.53091659e-06  1.45436330e-05 
 5.55031981e-06  1.45493174e-04 
 5.58912626e-06  1.45146292e-05 
 5.66673915e-06  1.45445246e-04 
 5.75010000e-06  1.44990275e-05 
 5.75011000e-06 -2.39511518e-03 
 5.75013000e-06 -2.68631983e-03 
 5.75017000e-06 -1.94665913e-03 
 5.75020000e-06 -2.00201649e-03 
 5.75020800e-06  3.12613193e-04 
 5.75022400e-06  4.05102551e-04 
 5.75025600e-06  3.82085653e-04 
 5.75032000e-06  4.16108849e-04 
 5.75044800e-06  3.37006378e-04 
 5.75070400e-06  4.20211208e-04 
 5.75105480e-06  4.02958150e-04 
 5.75153102e-06  4.02254889e-04 
 5.75203215e-06  2.42917706e-04 
 5.75255924e-06  1.77999383e-04 
 5.75328031e-06  1.06499973e-04 
 5.75405380e-06  1.52624441e-04 
 5.75468548e-06  8.85242883e-05 
 5.75537629e-06  1.19021598e-04 
 5.75608678e-06  7.32260278e-05 
 5.75705059e-06  1.09944675e-04 
 5.75792732e-06  6.26398977e-05 
 5.75968078e-06  1.00570362e-04 
 5.76197257e-06  5.97928257e-05 
 5.76552626e-06  1.00323631e-04 
 5.77155372e-06  5.98523034e-05 
 5.78220345e-06  1.00207561e-04 
 5.79996816e-06  5.98498444e-05 
 5.83150520e-06  1.00149168e-04 
 5.88572145e-06  5.98313436e-05 
 5.98009858e-06  1.00118264e-04 
 6.00000000e-06  5.98352810e-05 
 6.00001000e-06  2.43997772e-03 
 6.00003000e-06  2.16166992e-03 
 6.00007000e-06  2.94576203e-03 
 6.00010000e-06  3.80928685e-03 
 6.00010800e-06  1.06506366e-03 
 6.00012400e-06  7.35424098e-04 
 6.00015600e-06  8.29157959e-04 
 6.00022000e-06  5.42303882e-04 
 6.00034800e-06  6.11572249e-04 
 6.00051987e-06  4.18242243e-04 
 6.00086360e-06  5.93487354e-04 
 6.00129782e-06  3.03906681e-04 
 6.00176012e-06  2.96178790e-04 
 6.00223586e-06  1.66553903e-04 
 6.00276522e-06  2.58876385e-04 
 6.00340428e-06  6.22440265e-05 
 6.00403163e-06  1.75262475e-04 
 6.00457636e-06  4.02443695e-05 
 6.00519956e-06  1.75901424e-04 
 6.00581988e-06  4.06603570e-05 
 6.00642921e-06  1.64778970e-04 
 6.00711166e-06  2.73932072e-05 
 6.00800547e-06  1.51290036e-04 
 6.00900494e-06  2.23281273e-05 
 6.01061723e-06  1.63978388e-04 
 6.01256217e-06  4.12145647e-05 
 6.01401622e-06  1.83073114e-04 
 6.01535649e-06  6.21096250e-05 
 6.01667802e-06  1.78581828e-04 
 6.01794619e-06  4.61963024e-05 
 6.01912740e-06  1.68786738e-04 
 6.02031834e-06  3.60575391e-05 
 6.02167120e-06  1.60860364e-04 
 6.02345632e-06  3.17531132e-05 
 6.02538405e-06  1.57326501e-04 
 6.02862459e-06  2.40885726e-05 
 6.03389483e-06  1.46508180e-04 
 6.04225892e-06  1.57935450e-05 
 6.05270236e-06  1.43919094e-04 
 6.06597889e-06  1.57522801e-05 
 6.08846299e-06  1.44021905e-04 
 6.12696399e-06  1.59278895e-05 
 6.17997883e-06  1.44132464e-04 
 6.25010000e-06  1.59732516e-05 
 6.25011000e-06 -2.39964483e-03 
 6.25013000e-06 -2.69292429e-03 
 6.25017000e-06 -1.95011830e-03 
 6.25020000e-06 -2.00355621e-03 
 6.25020800e-06  3.12959058e-04 
 6.25022400e-06  4.05888710e-04 
 6.25025600e-06  3.83107566e-04 
 6.25032000e-06  4.17454439e-04 
 6.25044800e-06  3.38486565e-04 
 6.25070400e-06  4.21537601e-04 
 6.25105419e-06  4.03514371e-04 
 6.25153000e-06  4.02253883e-04 
 6.25203043e-06  2.43472778e-04 
 6.25255708e-06  1.77944311e-04 
 6.25327908e-06  1.08765231e-04 
 6.25406489e-06  1.53949947e-04 
 6.25467712e-06  8.57878192e-05 
 6.25536288e-06  1.14747706e-04 
 6.25602673e-06  7.43276847e-05 
 6.25691260e-06  1.10315967e-04 
 6.25783754e-06  6.35654475e-05 
 6.25956532e-06  1.00304403e-04 
 6.26180850e-06  6.02944827e-05 
 6.26520024e-06  1.00063863e-04 
 6.27097080e-06  6.03199902e-05 
 6.28153540e-06  9.99455714e-05 
 6.29893621e-06  6.03009166e-05 
 6.33066256e-06  9.98850221e-05 
 6.38550506e-06  6.02763884e-05 
 6.48200421e-06  9.98535948e-05 
 6.50000000e-06  6.02780873e-05 
 6.50001000e-06  2.44100785e-03 
 6.50003000e-06  2.16345121e-03 
 6.50007000e-06  2.94618286e-03 
 6.50010000e-06  3.81059731e-03 
 6.50010800e-06  1.06558712e-03 
 6.50012400e-06  7.35607793e-04 
 6.50015600e-06  8.29501379e-04 
 6.50022000e-06  5.42331263e-04 
 6.50034800e-06  6.11684661e-04 
 6.50052001e-06  4.18020646e-04 
 6.50086404e-06  5.93571481e-04 
 6.50129843e-06  3.03869722e-04 
 6.50176092e-06  2.96733329e-04 
 6.50223662e-06  1.65919467e-04 
 6.50276743e-06  2.56255184e-04 
 6.50340095e-06  5.91173199e-05 
 6.50399505e-06  1.76848625e-04 
 6.50463522e-06  3.35947993e-05 
 6.50532961e-06  1.68827810e-04 
 6.50629196e-06  4.12057341e-05 
 6.50730016e-06  1.70504904e-04 
 6.50826577e-06  3.54669533e-05 
 6.50925590e-06  1.61411043e-04 
 6.51019961e-06  1.58173459e-05 
 6.51123530e-06  1.47415158e-04 
 6.51237506e-06  1.46114935e-05 
 6.51364015e-06  1.45936141e-04 
 6.51617033e-06  1.46353495e-05 
 6.52123068e-06  1.45640868e-04 
 6.53094668e-06  1.46664829e-05 
 6.55037868e-06  1.45547202e-04 
 6.58924268e-06  1.46375497e-05 
 6.66697068e-06  1.45499147e-04 
 6.75010000e-06  1.46220285e-05 
 6.75011000e-06 -2.39501132e-03 
 6.75013000e-06 -2.68612375e-03 
 6.75017000e-06 -1.94628562e-03 
 6.75020000e-06 -2.00100432e-03 
 6.75020800e-06  3.12946489e-04 
 6.75022400e-06  4.05330126e-04 
 6.75025600e-06  3.82158329e-04 
 6.75032000e-06  4.16089818e-04 
 6.75044800e-06  3.37012386e-04 
 6.75070400e-06  4.20318460e-04 
 6.75105411e-06  4.03101824e-04 
 6.75153058e-06  4.02371226e-04 
 6.75203147e-06  2.43197957e-04 
 6.75255835e-06  1.78177263e-04 
 6.75327945e-06  1.06625169e-04 
 6.75405221e-06  1.52702259e-04 
 6.75468347e-06  8.86707292e-05 
 6.75537385e-06  1.19033414e-04 
 6.75608222e-06  7.34052319e-05 
 6.75695476e-06  1.10600548e-04 
 6.75785972e-06  6.30852931e-05 
 6.75963461e-06  1.00551321e-04 
 6.76188945e-06  5.99676681e-05 
 6.76537131e-06  1.00332208e-04 
 6.77120318e-06  6.00211121e-05 
 6.78177092e-06  1.00218084e-04 
 6.79916496e-06  6.00167497e-05 
 6.83041991e-06  1.00160357e-04 
 6.88424182e-06  5.99974879e-05 
 6.97806315e-06  1.00129658e-04 
 7.00000000e-06  5.99995224e-05 
 7.00001000e-06  2.43965271e-03 
 7.00003000e-06  2.16124116e-03 
 7.00007000e-06  2.94586819e-03 
 7.00010000e-06  3.80885494e-03 
 7.00010800e-06  1.06495880e-03 
 7.00012400e-06  7.35420863e-04 
 7.00015600e-06  8.29327628e-04 
 7.00022000e-06  5.42525228e-04 
 7.00034800e-06  6.11736884e-04 
 7.00051987e-06  4.18304379e-04 
 7.00086360e-06  5.93578818e-04 
 7.00129783e-06  3.03936952e-04 
 7.00176014e-06  2.96292621e-04 
 7.00223572e-06  1.66674400e-04 
 7.00276503e-06  2.58986119e-04 
 7.00340397e-06  6.23231308e-05 
 7.00403128e-06  1.75376037e-04 
 7.00457598e-06  4.03118718e-05 
 7.00519915e-06  1.75998298e-04 
 7.00581983e-06  4.07377296e-05 
 7.00642927e-06  1.64876032e-04 
 7.00711196e-06  2.74693431e-05 
 7.00800605e-06  1.51385818e-04 
 7.00900540e-06  2.24091537e-05 
 7.01061807e-06  1.64070823e-04 
 7.01256291e-06  4.12877359e-05 
 7.01401722e-06  1.81401615e-04 
 7.01535431e-06  5.32840034e-05 
 7.01667123e-06  1.71656008e-04 
 7.01794035e-06  4.38231628e-05 
 7.01904973e-06  1.66097397e-04 
 7.02026267e-06  3.13917599e-05 
 7.02156188e-06  1.52977107e-04 
 7.02333729e-06  2.11479840e-05 
 7.02524184e-06  1.46420329e-04 
 7.02846750e-06  1.68210415e-05 
 7.03394291e-06  1.44114446e-04 
 7.04159322e-06  1.61167858e-05 
 7.05625212e-06  1.43898830e-04 
 7.08012558e-06  1.60698641e-05 
 7.11951273e-06  1.43920676e-04 
 7.16515488e-06  1.61101237e-05 
 7.23645004e-06  1.43942613e-04 
 7.25010000e-06  1.61358869e-05 
 7.25011000e-06 -2.39944388e-03 
 7.25013000e-06 -2.69260950e-03 
 7.25017000e-06 -1.94973074e-03 
 7.25020000e-06 -2.00284380e-03 
 7.25020800e-06  3.13176582e-04 
 7.25022400e-06  4.05954698e-04 
 7.25025600e-06  3.83022301e-04 
 7.25032000e-06  4.17229024e-04 
 7.25044800e-06  3.38326354e-04 
 7.25070400e-06  4.21527248e-04 
 7.25105362e-06  4.03577264e-04 
 7.25152965e-06  4.02295076e-04 
 7.25202990e-06  2.43628571e-04 
 7.25255638e-06  1.78161566e-04 
 7.25327856e-06  1.08760737e-04 
 7.25406374e-06  1.53479135e-04 
 7.25467675e-06  8.51681184e-05 
 7.25536298e-06  1.14641427e-04 
 7.25602687e-06  7.44931670e-05 
 7.25691485e-06  1.10414872e-04 
 7.25784117e-06  6.36451662e-05 
 7.25956906e-06  1.00310713e-04 
 7.26181437e-06  6.03016179e-05 
 7.26520897e-06  1.00032537e-04 
 7.27099239e-06  6.03150302e-05 
 7.28152763e-06  9.99129959e-05 
 7.29890425e-06  6.02957551e-05 
 7.33049857e-06  9.98512621e-05 
 7.38505236e-06  6.02690181e-05 
 7.48094730e-06  9.98157312e-05 
 7.50000000e-06  6.02674527e-05 
 7.50001000e-06  2.44051066e-03 
 7.50003000e-06  2.16282076e-03 
 7.50007000e-06  2.94580147e-03 
 7.50010000e-06  3.80994284e-03 
 7.50010800e-06  1.06541163e-03 
 7.50012400e-06  7.35656151e-04 
 7.50015600e-06  8.29691160e-04 
 7.50022000e-06  5.42638003e-04 
 7.50034800e-06  6.11852363e-04 
 7.50052002e-06  4.18044698e-04 
 7.50086405e-06  5.93433535e-04 
 7.50129847e-06  3.03352071e-04 
 7.50176098e-06  2.96589974e-04 
 7.50223656e-06  1.66543287e-04 
 7.50276719e-06  2.56752088e-04 
 7.50340070e-06  5.90874520e-05 
 7.50399503e-06  1.76736191e-04 
 7.50463533e-06  3.34961909e-05 
 7.50532981e-06  1.68737375e-04 
 7.50629245e-06  4.11362829e-05 
 7.50730033e-06  1.70467218e-04 
 7.50826612e-06  3.54172363e-05 
 7.50925637e-06  1.61364768e-04 
 7.51020040e-06  1.57875363e-05 
 7.51123630e-06  1.47373558e-04 
 7.51237606e-06  1.45900656e-05 
 7.51364095e-06  1.45899806e-04 
 7.51617071e-06  1.46177714e-05 
 7.52123025e-06  1.45608074e-04 
 7.53094447e-06  1.46499616e-05 
 7.55037291e-06  1.45514006e-04 
 7.58922980e-06  1.46198769e-05 
 7.66694357e-06  1.45463940e-04 
 7.75010000e-06  1.46018575e-05 
 7.75011000e-06 -2.39485087e-03 
 7.75013000e-06 -2.68582035e-03 
 7.75017000e-06 -1.94595910e-03 
 7.75020000e-06 -2.00047689e-03 
 7.75020800e-06  3.13088755e-04 
 7.75022400e-06  4.05324646e-04 
 7.75025600e-06  3.82025965e-04 
 7.75032000e-06  4.15838743e-04 
 7.75044800e-06  3.36864229e-04 
 7.75070400e-06  4.20298775e-04 
 7.75105264e-06  4.03237836e-04 
 7.75152964e-06  4.02402063e-04 
 7.75202990e-06  2.43759565e-04 
 7.75255638e-06  1.78471076e-04 
 7.75327784e-06  1.06820070e-04 
 7.75404899e-06  1.52019222e-04 
 7.75467892e-06  8.80305028e-05 
 7.75536817e-06  1.18789580e-04 
 7.75607584e-06  7.37443997e-05 
 7.75694885e-06  1.10715527e-04 
 7.75785345e-06  6.33218894e-05 
 7.75962699e-06  1.00463948e-04 
 7.76187634e-06  6.00914662e-05 
 7.76535105e-06  1.00189424e-04 
 7.77115978e-06  6.01190651e-05 
 7.78170994e-06  1.00063460e-04 
 7.79905408e-06  6.01145414e-05 
 7.83024434e-06  1.00004417e-04 
 7.88396733e-06  6.00943793e-05 
 7.97761096e-06  9.99716876e-05 
 8.00000000e-06  6.00952212e-05 
 8.00001000e-06  2.43920408e-03 
 8.00003000e-06  2.16064057e-03 
 8.00007000e-06  2.94542244e-03 
 8.00010000e-06  3.80820608e-03 
 8.00010800e-06  1.06484758e-03 
 8.00012400e-06  7.35449386e-04 
 8.00015600e-06  8.29565192e-04 
 8.00022000e-06  5.42800460e-04 
 8.00034800e-06  6.11934184e-04 
 8.00051987e-06  4.18280773e-04 
 8.00086361e-06  5.93424543e-04 
 8.00129789e-06  3.03438630e-04 
 8.00176022e-06  2.96366008e-04 
 8.00223584e-06  1.66944011e-04 
 8.00276484e-06  2.58247396e-04 
 8.00340398e-06  6.15465149e-05 
 8.00403048e-06  1.76207868e-04 
 8.00457481e-06  4.08270621e-05 
 8.00519785e-06  1.77099991e-04 
 8.00581957e-06  4.18091227e-05 
 8.00642935e-06  1.68346061e-04 
 8.00711276e-06  3.34851141e-05 
 8.00800772e-06  1.59120254e-04 
 8.00900670e-06  1.92480101e-05 
 8.01001062e-06  1.45803237e-04 
 8.01111921e-06  1.51833638e-05 
 8.01252877e-06  1.45375613e-04 
 8.01448827e-06  1.50225810e-05 
 8.01789928e-06  1.45212883e-04 
 8.02337718e-06  1.50667772e-05 
 8.03328588e-06  1.45124538e-04 
 8.05097518e-06  1.50492194e-05 
 8.08635378e-06  1.45064466e-04 
 8.15711098e-06  1.50179254e-05 
 8.25010000e-06  1.45034333e-04 
 8.25011000e-06 -2.39239215e-03 
 8.25013000e-06 -2.69532783e-03 
 8.25017000e-06 -1.93598281e-03 
 8.25020000e-06 -2.01613074e-03 
 8.25020794e-06  2.96462850e-04 
 8.25022381e-06  3.90496455e-04 
 8.25025556e-06  3.70863767e-04 
 8.25031906e-06  4.06229729e-04 
 8.25044606e-06  3.30283830e-04 
 8.25070006e-06  4.12622417e-04 
 8.25105207e-06  3.96845919e-04 
 8.25152157e-06  3.93286149e-04 
 8.25201619e-06  2.38141691e-04 
 8.25253988e-06  1.66280806e-04 
 8.25325766e-06  8.82006419e-05 
 8.25421039e-06  1.29162399e-04 
 8.25513025e-06  6.70233867e-05 
 8.25609227e-06  1.16965884e-04 
 8.25722615e-06  6.54984949e-05 
 8.25854395e-06  1.03271046e-04 
 8.26027615e-06  5.84613865e-05 
 8.26282394e-06  1.01732720e-04 
 8.26621287e-06  5.86520694e-05 
 8.27214069e-06  1.01540594e-04 
 8.28048257e-06  5.87025974e-05 
 8.29394000e-06  1.01441220e-04 
 8.31574074e-06  5.87050566e-05 
 8.35531430e-06  1.01386141e-04 
 8.43369023e-06  5.86880844e-05 
 8.50000000e-06  1.01358693e-04 
