 0.00000000e+00  5.67401657e-05 
 1.00000000e-12  3.81763940e-03 
 2.00000000e-12  4.15352664e-03 
 4.00000000e-12  4.27221405e-03 
 8.00000000e-12  4.14741602e-03 
 1.60000000e-11  4.06188308e-03 
 3.20000000e-11  4.06124638e-03 
 6.40000000e-11  5.63943444e-03 
 1.00000000e-10  8.20470017e-03 
 1.06400000e-10  3.31345130e-03 
 1.19200000e-10  2.60510730e-03 
 1.44800000e-10  2.62290819e-03 
 1.96000000e-10  1.81971972e-03 
 2.98400000e-10  1.71574330e-03 
 4.46650673e-10  1.19728704e-03 
 7.06779575e-10  1.21993629e-03 
 1.00567186e-09  8.85431584e-04 
 1.38392892e-09  1.12710007e-03 
 1.76317332e-09  9.84080642e-04 
 2.17227635e-09  1.06374060e-03 
 2.51395305e-09  8.86724382e-04 
 2.90769600e-09  1.11715757e-03 
 3.32436652e-09  7.37471823e-04 
 3.73284091e-09  7.72000398e-04 
 4.18539195e-09  3.24577831e-04 
 4.69861056e-09  5.16860547e-04 
 5.33716783e-09  2.55318922e-04 
 5.99866959e-09  4.23948181e-04 
 6.71410425e-09  1.25538772e-04 
 7.49201216e-09  2.31019338e-04 
 8.33201923e-09  6.47774048e-05 
 9.32107598e-09  3.15963690e-04 
 1.03351525e-08  6.96827936e-05 
 1.10508003e-08  2.28229701e-04 
 1.17065947e-08  2.74004695e-05 
 1.24387965e-08  2.27978295e-04 
 1.31891623e-08  1.90465488e-05 
 1.41689320e-08  2.22837215e-04 
 1.54047462e-08  1.80987942e-05 
 1.67709498e-08  2.75696264e-04 
 1.81902647e-08  1.05244935e-04 
 1.96556127e-08  3.41697925e-04 
 2.08959913e-08  1.03102129e-04 
 2.18496080e-08  2.12034608e-04 
 2.27144146e-08  5.18129373e-05 
 2.36384534e-08  2.29091820e-04 
 2.49441563e-08  3.44608429e-05 
 2.65433476e-08  2.25642141e-04 
 2.89942574e-08  2.42365208e-05 
 3.26935723e-08  2.24232479e-04 
 3.68817912e-08  3.23461255e-05 
 4.11063209e-08  2.24491423e-04 
 4.60680579e-08  2.51654324e-05 
 5.26646817e-08  2.22584035e-04 
 6.20096162e-08  1.94435522e-05 
 7.84247132e-08  2.17229535e-04 
 1.06318672e-07  1.30856445e-05 
 1.62106589e-07  2.12860173e-04 
 2.50100000e-07  6.35870518e-06 
 2.50110000e-07 -4.76362694e-03 
 2.50130000e-07 -5.45308683e-03 
 2.50170000e-07 -3.82526035e-03 
 2.50200000e-07 -3.41260914e-03 
 2.50206638e-07  5.62902329e-04 
 2.50219913e-07  7.53993180e-04 
 2.50246463e-07  6.31277620e-04 
 2.50299565e-07  6.34067197e-04 
 2.50382215e-07  4.90318607e-04 
 2.50519891e-07  5.43427363e-04 
 2.50665453e-07  5.30882469e-04 
 2.50928584e-07  5.95450925e-04 
 2.51260363e-07  4.52124474e-04 
 2.51642039e-07  3.88722282e-04 
 2.52047388e-07  1.59294508e-04 
 2.52610273e-07  2.38447476e-04 
 2.53280337e-07  1.44284641e-04 
 2.53785635e-07  2.12546840e-04 
 2.54332603e-07  8.19740223e-05 
 2.54908972e-07  1.84932066e-04 
 2.55580025e-07  7.24698232e-05 
 2.56350030e-07  1.65307702e-04 
 2.57805614e-07  5.58751399e-05 
 2.59122699e-07  1.58084521e-04 
 2.61756868e-07  5.53802692e-05 
 2.64993636e-07  1.57188537e-04 
 2.71467171e-07  5.43029303e-05 
 2.84120841e-07  1.55098294e-04 
 3.04707576e-07  5.09166954e-05 
 3.45881045e-07  1.49119778e-04 
 4.27826161e-07  4.09540747e-05 
 5.00000000e-07  1.39776906e-04 
 5.00010000e-07  2.44029937e-03 
 5.00030000e-07  2.29833661e-03 
 5.00070000e-07  3.28970821e-03 
 5.00100000e-07  4.06736092e-03 
 5.00107931e-07  1.31694625e-03 
 5.00123792e-07  9.53483985e-04 
 5.00155514e-07  1.01599581e-03 
 5.00218960e-07  6.72685254e-04 
 5.00336748e-07  7.37926050e-04 
 5.00512765e-07  5.53578395e-04 
 5.00822067e-07  6.98980232e-04 
 5.01184062e-07  2.67006356e-04 
 5.01575310e-07  3.47567185e-04 
 5.02012110e-07  1.89646391e-04 
 5.02414695e-07  2.62715812e-04 
 5.02907901e-07  6.58332232e-05 
 5.03447481e-07  1.93202703e-04 
 5.04022391e-07  3.92800833e-05 
 5.04761885e-07  1.83474299e-04 
 5.05575951e-07  4.34563971e-05 
 5.06705094e-07  1.93846079e-04 
 5.07727810e-07  4.11149635e-05 
 5.08814326e-07  2.02330167e-04 
 5.09968019e-07  7.52455352e-05 
 5.11181270e-07  2.15875925e-04 
 5.12358587e-07  4.27684339e-05 
 5.13774864e-07  1.88480955e-04 
 5.15724787e-07  2.72876721e-05 
 5.17511501e-07  1.64459941e-04 
 5.21084929e-07  1.61982786e-05 
 5.25748736e-07  1.60006878e-04 
 5.33703202e-07  1.59659387e-05 
 5.48098095e-07  1.59329881e-04 
 5.76887883e-07  1.50121681e-05 
 6.34467458e-07  1.57856665e-04 
 7.49626608e-07  1.33277514e-05 
 7.50100000e-07  1.56526245e-04 
 7.50110000e-07 -2.45592286e-03 
 7.50130000e-07 -2.88998149e-03 
 7.50170000e-07 -2.11200342e-03 
 7.50200000e-07 -1.83603544e-03 
 7.50208000e-07  3.87923663e-04 
 7.50224000e-07  4.85980771e-04 
 7.50256000e-07  4.58912016e-04 
 7.50320000e-07  4.76241538e-04 
 7.50448000e-07  4.05004757e-04 
 7.50584231e-07  5.06912130e-04 
 7.50818837e-07  5.07440958e-04 
 7.51288050e-07  4.94627546e-04 
 7.51722523e-07  2.62767840e-04 
 7.52147715e-07  2.00623640e-04 
 7.52769672e-07  1.28942933e-04 
 7.53305220e-07  1.66962563e-04 
 7.53898713e-07  9.81410295e-05 
 7.54506311e-07  1.24361321e-04 
 7.55055193e-07  8.45870710e-05 
 7.55751694e-07  1.12891439e-04 
 7.56525223e-07  7.15779451e-05 
 7.58072281e-07  1.02209473e-04 
 7.60111944e-07  6.85661336e-05 
 7.63256184e-07  1.01960444e-04 
 7.68818863e-07  6.86166295e-05 
 7.79944223e-07  1.01760352e-04 
 8.02194941e-07  6.84945132e-05 
 8.46696379e-07  1.01537709e-04 
 9.35699253e-07  6.82783687e-05 
 1.00000000e-06  1.01377426e-04 
 1.00001000e-06  2.43307306e-03 
 1.00003000e-06  2.28378947e-03 
 1.00007000e-06  3.28027021e-03 
 1.00010000e-06  4.05862491e-03 
 1.00010793e-06  1.31002339e-03 
 1.00012380e-06  9.48386382e-04 
 1.00015554e-06  1.01166060e-03 
 1.00021901e-06  6.69771201e-04 
 1.00033676e-06  7.34485490e-04 
 1.00051344e-06  5.50931546e-04 
 1.00082272e-06  6.94919275e-04 
 1.00118464e-06  2.61968132e-04 
 1.00157561e-06  3.42694824e-04 
 1.00201139e-06  1.89012569e-04 
 1.00242111e-06  2.64442622e-04 
 1.00289085e-06  6.17861836e-05 
 1.00341459e-06  1.92283956e-04 
 1.00396305e-06  4.84688423e-05 
 1.00449910e-06  1.89181311e-04 
 1.00499463e-06  3.56318291e-05 
 1.00554310e-06  1.71716498e-04 
 1.00636141e-06  2.10456703e-05 
 1.00714005e-06  1.67500224e-04 
 1.00862886e-06  4.09813312e-05 
 1.01001981e-06  1.90203711e-04 
 1.01121436e-06  7.55079687e-05 
 1.01220063e-06  2.34770958e-04 
 1.01314282e-06  8.99507092e-05 
 1.01418981e-06  2.22800717e-04 
 1.01512907e-06  7.36340968e-05 
 1.01611159e-06  2.06704749e-04 
 1.01721120e-06  6.25444464e-05 
 1.01876448e-06  1.98697293e-04 
 1.02037817e-06  5.73773070e-05 
 1.02320202e-06  1.91890538e-04 
 1.02782799e-06  4.86689513e-05 
 1.03496488e-06  1.80791136e-04 
 1.04389959e-06  3.51571012e-05 
 1.05330501e-06  1.61956136e-04 
 1.06242321e-06  3.80849283e-05 
 1.06938815e-06  1.50603883e-04 
 1.07495079e-06  2.75749736e-05 
 1.08033113e-06  1.47733810e-04 
 1.08699761e-06  1.57202184e-05 
 1.09375641e-06  1.42663521e-04 
 1.10088020e-06  1.50917862e-05 
 1.10764082e-06  1.42012003e-04 
 1.12116206e-06  1.37976072e-05 
 1.13907192e-06  1.40465716e-04 
 1.17183485e-06  1.06813127e-05 
 1.22711173e-06  1.34573098e-04 
 1.25010000e-06  5.70725483e-06 
 1.25011000e-06 -2.48122723e-03 
 1.25013000e-06 -2.90349101e-03 
 1.25017000e-06 -2.13024351e-03 
 1.25020000e-06 -1.84504544e-03 
 1.25020800e-06  3.72781422e-04 
 1.25022400e-06  4.72214660e-04 
 1.25025600e-06  4.46334913e-04 
 1.25032000e-06  4.63798058e-04 
 1.25044800e-06  3.90835953e-04 
 1.25058433e-06  4.92928299e-04 
 1.25081938e-06  4.92064312e-04 
 1.25128948e-06  4.77975606e-04 
 1.25172425e-06  2.45768716e-04 
 1.25215084e-06  1.82404213e-04 
 1.25277293e-06  1.09791628e-04 
 1.25326480e-06  1.46533916e-04 
 1.25382466e-06  7.06824619e-05 
 1.25436254e-06  1.03589568e-04 
 1.25492132e-06  6.90850318e-05 
 1.25578301e-06  9.65103870e-05 
 1.25677317e-06  5.44102869e-05 
 1.25823862e-06  8.65370175e-05 
 1.26036257e-06  5.24643151e-05 
 1.26354023e-06  8.60055677e-05 
 1.26989555e-06  5.21629076e-05 
 1.28250911e-06  8.52185805e-05 
 1.30773623e-06  5.11203075e-05 
 1.35819047e-06  8.39443654e-05 
 1.45909894e-06  5.03987044e-05 
 1.50000000e-06  8.39674058e-05 
 1.50001000e-06  2.41520369e-03 
 1.50003000e-06  2.26466807e-03 
 1.50007000e-06  3.26723884e-03 
 1.50010000e-06  4.04242836e-03 
 1.50010793e-06  1.29331336e-03 
 1.50012380e-06  9.30088334e-04 
 1.50015554e-06  9.91923464e-04 
 1.50021901e-06  6.49918913e-04 
 1.50033674e-06  7.15840172e-04 
 1.50051305e-06  5.32572050e-04 
 1.50082193e-06  6.78638333e-04 
 1.50118325e-06  2.49213178e-04 
 1.50153591e-06  3.25173441e-04 
 1.50194897e-06  1.64177565e-04 
 1.50234960e-06  2.43224311e-04 
 1.50282038e-06  4.75848968e-05 
 1.50333058e-06  1.73633120e-04 
 1.50388879e-06  2.14471748e-05 
 1.50464524e-06  1.81090383e-04 
 1.50536970e-06  3.27464983e-05 
 1.50595319e-06  1.72681630e-04 
 1.50664964e-06  2.20501437e-05 
 1.50739788e-06  1.50035506e-04 
 1.50822124e-06 -3.33670077e-06 
 1.50922586e-06  1.41282919e-04 
 1.51025134e-06 -4.98472945e-06 
 1.51230229e-06  1.40189382e-04 
 1.51640418e-06 -5.12659638e-06 
 1.52417582e-06  1.40047033e-04 
 1.53971910e-06 -5.14271084e-06 
 1.57080566e-06  1.40038668e-04 
 1.63297877e-06 -5.04056305e-06 
 1.75010000e-06  1.40191264e-04 
 1.75011000e-06 -2.47384149e-03 
 1.75013000e-06 -2.90754682e-03 
 1.75017000e-06 -2.11978272e-03 
 1.75020000e-06 -1.84648314e-03 
 1.75020800e-06  3.71305117e-04 
 1.75022400e-06  4.69937084e-04 
 1.75025600e-06  4.43497557e-04 
 1.75032000e-06  4.60100053e-04 
 1.75044800e-06  3.87046260e-04 
 1.75058422e-06  4.89470198e-04 
 1.75081873e-06  4.89690553e-04 
 1.75128777e-06  4.77045448e-04 
 1.75172247e-06  2.44690112e-04 
 1.75214797e-06  1.82556334e-04 
 1.75276815e-06  1.12614175e-04 
 1.75330194e-06  1.51868407e-04 
 1.75389398e-06  8.84723805e-05 
 1.75450135e-06  1.19153388e-04 
 1.75504821e-06  8.46371956e-05 
 1.75574542e-06  1.06016513e-04 
 1.75652988e-06  5.96515831e-05 
 1.75737079e-06  9.45902517e-05 
 1.75817751e-06  5.45051866e-05 
 1.75949565e-06  8.52783224e-05 
 1.76091449e-06  5.08754220e-05 
 1.76349513e-06  8.46092028e-05 
 1.76682688e-06  5.09841166e-05 
 1.77349038e-06  8.44774494e-05 
 1.78681737e-06  5.09821478e-05 
 1.81347136e-06  8.44040100e-05 
 1.86677934e-06  5.09627184e-05 
 1.97339531e-06  8.43885033e-05 
 2.00000000e-06  5.09734479e-05 
 2.00001000e-06  2.40615979e-03 
 2.00003000e-06  2.26065725e-03 
 2.00007000e-06  3.26396634e-03 
 2.00010000e-06  4.04076622e-03 
 2.00010793e-06  1.29285313e-03 
 2.00012379e-06  9.29987348e-04 
 2.00015551e-06  9.92473764e-04 
 2.00021895e-06  6.50770359e-04 
 2.00033668e-06  7.17078567e-04 
 2.00051328e-06  5.33868137e-04 
 2.00082234e-06  6.78777932e-04 
 2.00118449e-06  2.45396441e-04 
 2.00157568e-06  3.25238134e-04 
 2.00201096e-06  1.69964819e-04 
 2.00242092e-06  2.47345361e-04 
 2.00289939e-06  4.61165945e-05 
 2.00341667e-06  1.82465741e-04 
 2.00389610e-06  4.52662377e-05 
 2.00439545e-06  1.88169435e-04 
 2.00482593e-06  2.93586672e-05 
 2.00532578e-06  1.62760008e-04 
 2.00596217e-06  1.41650606e-05 
 2.00664950e-06  1.57975973e-04 
 2.00766167e-06  3.38909579e-05 
 2.00846571e-06  1.68503452e-04 
 2.00931520e-06  3.94571653e-05 
 2.01016008e-06  1.81468444e-04 
 2.01111131e-06  7.79976347e-05 
 2.01188464e-06  2.41659271e-04 
 2.01265798e-06  9.91892637e-05 
 2.01348625e-06  2.33447931e-04 
 2.01435656e-06  8.72702945e-05 
 2.01522738e-06  2.20728277e-04 
 2.01615928e-06  7.50086801e-05 
 2.01712226e-06  2.09112131e-04 
 2.01863684e-06  6.77637899e-05 
 2.02025948e-06  2.02740881e-04 
 2.02323510e-06  6.05739575e-05 
 2.02832220e-06  1.92365363e-04 
 2.03579803e-06  4.87011937e-05 
 2.04959949e-06  1.79565448e-04 
 2.07715410e-06  3.82570668e-05 
 2.11040386e-06  1.74886748e-04 
 2.14154057e-06  3.54100296e-05 
 2.16324668e-06  2.08284648e-04 
 2.17927317e-06  3.66217424e-05 
 2.18882204e-06  1.82708492e-04 
 2.19634254e-06  3.29968270e-05 
 2.20461800e-06  1.77677331e-04 
 2.22036230e-06  2.79472250e-05 
 2.23572407e-06  1.70963837e-04 
 2.25010000e-06  2.30984082e-05 
 2.25011000e-06 -2.46259183e-03 
 2.25013000e-06 -2.88195788e-03 
 2.25017000e-06 -2.10149642e-03 
 2.25020000e-06 -1.81426597e-03 
 2.25020800e-06  3.98049146e-04 
 2.25022400e-06  4.96515507e-04 
 2.25025600e-06  4.70574402e-04 
 2.25032000e-06  4.87676598e-04 
 2.25044800e-06  4.16346276e-04 
 2.25058432e-06  5.18930629e-04 
 2.25081933e-06  5.18511539e-04 
 2.25128936e-06  5.04154653e-04 
 2.25172442e-06  2.72156570e-04 
 2.25215086e-06  2.10382337e-04 
 2.25277336e-06  1.43337795e-04 
 2.25333023e-06  1.76844438e-04 
 2.25393186e-06  1.00269707e-04 
 2.25453785e-06  1.31588016e-04 
 2.25513476e-06  9.49226923e-05 
 2.25606143e-06  1.18989552e-04 
 2.25715229e-06  7.93145002e-05 
 2.25875631e-06  1.11531011e-04 
 2.26108198e-06  7.80301346e-05 
 2.26501496e-06  1.10497301e-04 
 2.27288092e-06  7.66764878e-05 
 2.28753040e-06  1.08075488e-04 
 2.31682937e-06  7.31270631e-05 
 2.34440807e-06  1.01199108e-04 
 2.37073030e-06  7.04453233e-05 
 2.38994335e-06  8.27748836e-05 
 2.40019761e-06  5.89523106e-05 
 2.41066611e-06  8.08262936e-05 
 2.42151641e-06  5.84269573e-05 
 2.43370220e-06  8.01156690e-05 
 2.44996741e-06  5.75082532e-05 
 2.47111312e-06  7.94939159e-05 
 2.49098071e-06  5.69641233e-05 
 2.50000000e-06  7.95410802e-05 
 2.50001000e-06  2.40840764e-03 
 2.50003000e-06  2.25598776e-03 
 2.50007000e-06  3.26788333e-03 
 2.50010000e-06  4.03854191e-03 
 2.50010793e-06  1.29207255e-03 
 2.50012380e-06  9.28998694e-04 
 2.50015554e-06  9.91143235e-04 
 2.50021901e-06  6.49961323e-04 
 2.50033674e-06  7.16350889e-04 
 2.50051308e-06  5.33496884e-04 
 2.50082180e-06  6.79578395e-04 
 2.50118304e-06  2.49921999e-04 
 2.50153079e-06  3.26464819e-04 
 2.50193922e-06  1.66056345e-04 
 2.50233986e-06  2.45600373e-04 
 2.50281023e-06  4.88296340e-05 
 2.50331988e-06  1.74812937e-04 
 2.50387823e-06  2.20708584e-05 
 2.50462826e-06  1.81748854e-04 
 2.50534915e-06  3.36789953e-05 
 2.50593380e-06  1.73717310e-04 
 2.50662826e-06  2.29385069e-05 
 2.50739489e-06  1.51326695e-04 
 2.50822898e-06 -2.80093166e-06 
 2.50920953e-06  1.42271640e-04 
 2.51027365e-06 -4.35585300e-06 
 2.51240188e-06  1.41108129e-04 
 2.51647374e-06 -4.53406227e-06 
 2.52453015e-06  1.40871637e-04 
 2.54064297e-06 -4.72221177e-06 
 2.57286861e-06  1.40574195e-04 
 2.63731990e-06 -5.04467363e-06 
 2.75010000e-06  1.40258549e-04 
 2.75011000e-06 -2.47386839e-03 
 2.75013000e-06 -2.90754156e-03 
 2.75017000e-06 -2.11724570e-03 
 2.75020000e-06 -1.84174546e-03 
 2.75020800e-06  3.71803213e-04 
 2.75022400e-06  4.70174559e-04 
 2.75025600e-06  4.43881397e-04 
 2.75032000e-06  4.60021517e-04 
 2.75044800e-06  3.86787927e-04 
 2.75058422e-06  4.89440079e-04 
 2.75081877e-06  4.89651999e-04 
 2.75128787e-06  4.76865564e-04 
 2.75172260e-06  2.44401781e-04 
 2.75214815e-06  1.82478632e-04 
 2.75276788e-06  1.12714740e-04 
 2.75329687e-06  1.51848230e-04 
 2.75388487e-06  8.86420795e-05 
 2.75442672e-06  1.19351957e-04 
 2.75498761e-06  8.45056645e-05 
 2.75568637e-06  1.07681433e-04 
 2.75645954e-06  5.96446312e-05 
 2.75725318e-06  9.49236601e-05 
 2.75807361e-06  5.50184115e-05 
 2.75949437e-06  8.49798786e-05 
 2.76082828e-06  5.09129894e-05 
 2.76338631e-06  8.43919570e-05 
 2.76642882e-06  5.10222426e-05 
 2.77251383e-06  8.42420764e-05 
 2.78468386e-06  5.10122358e-05 
 2.80727297e-06  8.41380638e-05 
 2.85245120e-06  5.09518010e-05 
 2.94280766e-06  8.40631238e-05 
 3.00000000e-06  5.09187307e-05 
 3.00001000e-06  2.40376549e-03 
 3.00003000e-06  2.25633997e-03 
 3.00007000e-06  3.26556418e-03 
 3.00010000e-06  4.03813523e-03 
 3.00010793e-06  1.29219866e-03 
 3.00012379e-06  9.29426393e-04 
 3.00015551e-06  9.91944863e-04 
 3.00021894e-06  6.50417258e-04 
 3.00033668e-06  7.16826317e-04 
 3.00051331e-06  5.33688663e-04 
 3.00082231e-06  6.78611768e-04 
 3.00118437e-06  2.44942665e-04 
 3.00157104e-06  3.25387727e-04 
 3.00200276e-06  1.70668794e-04 
 3.00241215e-06  2.48481090e-04 
 3.00289024e-06  4.63407715e-05 
 3.00340720e-06  1.82234810e-04 
 3.00388407e-06  4.49223844e-05 
 3.00438129e-06  1.88345936e-04 
 3.00480560e-06  2.96755322e-05 
 3.00530131e-06  1.62928681e-04 
 3.00593602e-06  1.41623244e-05 
 3.00661036e-06  1.57469726e-04 
 3.00758915e-06  3.32126472e-05 
 3.00849835e-06  1.70086106e-04 
 3.00933332e-06  3.48597547e-05 
 3.01020958e-06  1.77268757e-04 
 3.01118236e-06  7.28840869e-05 
 3.01193295e-06  2.28634068e-04 
 3.01267068e-06  8.92798615e-05 
 3.01350150e-06  2.23422352e-04 
 3.01436587e-06  7.64288307e-05 
 3.01521969e-06  2.09523660e-04 
 3.01614062e-06  6.23107968e-05 
 3.01709786e-06  1.96000404e-04 
 3.01861119e-06  5.32001557e-05 
 3.02022366e-06  1.87928889e-04 
 3.02320161e-06  5.10248505e-05 
 3.02657288e-06  2.13053903e-04 
 3.02973687e-06  7.95621245e-05 
 3.03333767e-06  2.55563600e-04 
 3.03589833e-06  6.65191433e-05 
 3.03793756e-06  1.85517173e-04 
 3.04005209e-06  5.52006573e-05 
 3.04209616e-06  1.85829739e-04 
 3.04479579e-06  5.27132514e-05 
 3.04856104e-06  1.85855532e-04 
 3.05246310e-06  5.48881616e-05 
 3.05755278e-06  1.84955693e-04 
 3.06328995e-06  5.33355578e-05 
 3.07476429e-06  1.81357223e-04 
 3.08980555e-06  4.43156257e-05 
 3.11534483e-06  1.64536082e-04 
 3.15849913e-06  2.39367518e-05 
 3.21191300e-06  1.52653074e-04 
 3.25010000e-06  2.10378554e-05 
 3.25011000e-06 -2.46804912e-03 
 3.25013000e-06 -2.88874281e-03 
 3.25017000e-06 -2.10719108e-03 
 3.25020000e-06 -1.81863495e-03 
 3.25020800e-06  3.90680939e-04 
 3.25022400e-06  4.88939548e-04 
 3.25025600e-06  4.62887276e-04 
 3.25032000e-06  4.79406436e-04 
 3.25044800e-06  4.07447688e-04 
 3.25058432e-06  5.10106108e-04 
 3.25081934e-06  5.09465687e-04 
 3.25128939e-06  4.95090409e-04 
 3.25172447e-06  2.62901509e-04 
 3.25215093e-06  2.01169433e-04 
 3.25277352e-06  1.34253154e-04 
 3.25333125e-06  1.68143310e-04 
 3.25393462e-06  9.14800081e-05 
 3.25454049e-06  1.22930421e-04 
 3.25513758e-06  8.62393259e-05 
 3.25606567e-06  1.10498736e-04 
 3.25715291e-06  7.08969067e-05 
 3.25876209e-06  1.03398551e-04 
 3.26108302e-06  7.00608760e-05 
 3.26503388e-06  1.03056747e-04 
 3.27293560e-06  6.99147003e-05 
 3.28758501e-06  1.02661567e-04 
 3.31688382e-06  6.94442969e-05 
 3.37548145e-06  1.01952871e-04 
 3.49267671e-06  6.86747270e-05 
 3.50000000e-06  1.01521332e-04 
 3.50001000e-06  2.42860924e-03 
 3.50003000e-06  2.27295372e-03 
 3.50007000e-06  3.28706231e-03 
 3.50010000e-06  4.05409193e-03 
 3.50010793e-06  1.30899227e-03 
 3.50012380e-06  9.46755828e-04 
 3.50015554e-06  1.01037426e-03 
 3.50021901e-06  6.68480769e-04 
 3.50033673e-06  7.34034064e-04 
 3.50051294e-06  5.50598819e-04 
 3.50082215e-06  6.96164907e-04 
 3.50118421e-06  2.62958360e-04 
 3.50157849e-06  3.42641430e-04 
 3.50201557e-06  1.85815103e-04 
 3.50242321e-06  2.56818403e-04 
 3.50289691e-06  6.26781149e-05 
 3.50342465e-06  1.90066942e-04 
 3.50399287e-06  4.19272821e-05 
 3.50474444e-06  1.93915238e-04 
 3.50553774e-06  4.73302246e-05 
 3.50619178e-06  1.87678047e-04 
 3.50692294e-06  3.57587169e-05 
 3.50765903e-06  1.61692344e-04 
 3.50848428e-06  1.58411655e-05 
 3.50942945e-06  1.57299703e-04 
 3.51046965e-06  1.42842140e-05 
 3.51255006e-06  1.56525348e-04 
 3.51630010e-06  1.41158556e-05 
 3.52268893e-06  1.56365496e-04 
 3.53545347e-06  1.40256866e-05 
 3.55801661e-06  1.56224670e-04 
 3.60314288e-06  1.39130818e-05 
 3.69339544e-06  1.56104526e-04 
 3.75010000e-06  1.38471963e-05 
 3.75011000e-06 -2.46403608e-03 
 3.75013000e-06 -2.88252109e-03 
 3.75017000e-06 -2.10378426e-03 
 3.75020000e-06 -1.81393214e-03 
 3.75020800e-06  3.90697751e-04 
 3.75022400e-06  4.87583731e-04 
 3.75025600e-06  4.60684287e-04 
 3.75032000e-06  4.76182279e-04 
 3.75044800e-06  4.04183960e-04 
 3.75058425e-06  5.06899387e-04 
 3.75081893e-06  5.07407271e-04 
 3.75128828e-06  4.94196701e-04 
 3.75172311e-06  2.61609854e-04 
 3.75214885e-06  1.99807947e-04 
 3.75277107e-06  1.29082801e-04 
 3.75330643e-06  1.66788276e-04 
 3.75389980e-06  9.77722461e-05 
 3.75444715e-06  1.24846652e-04 
 3.75501221e-06  8.50972288e-05 
 3.75571297e-06  1.13147533e-04 
 3.75649037e-06  7.17705573e-05 
 3.75804517e-06  1.01960808e-04 
 3.76002945e-06  6.85189895e-05 
 3.76314509e-06  1.01711355e-04 
 3.76854353e-06  6.85631864e-05 
 3.77934041e-06  1.01552640e-04 
 3.80093416e-06  6.85232024e-05 
 3.84412165e-06  1.01464870e-04 
 3.93049665e-06  6.84797642e-05 
 4.00000000e-06  1.01429128e-04 
 4.00001000e-06  2.42554967e-03 
 4.00003000e-06  2.26857631e-03 
 4.00007000e-06  3.28516686e-03 
 4.00010000e-06  4.05075064e-03 
 4.00010793e-06  1.30809511e-03 
 4.00012380e-06  9.46850338e-04 
 4.00015554e-06  1.01067123e-03 
 4.00021901e-06  6.69341489e-04 
 4.00033674e-06  7.34395831e-04 
 4.00051337e-06  5.50941678e-04 
 4.00082260e-06  6.95614483e-04 
 4.00118457e-06  2.61819978e-04 
 4.00157705e-06  3.42634620e-04 
 4.00201302e-06  1.88105571e-04 
 4.00242320e-06  2.63510401e-04 
 4.00289238e-06  6.21253383e-05 
 4.00341541e-06  1.92424437e-04 
 4.00396449e-06  4.82723157e-05 
 4.00450169e-06  1.89256162e-04 
 4.00499912e-06  3.58190585e-05 
 4.00554907e-06  1.71962973e-04 
 4.00636555e-06  2.10229030e-05 
 4.00714896e-06  1.67577624e-04 
 4.00863608e-06  4.06556794e-05 
 4.01004034e-06  1.82281801e-04 
 4.01152100e-06  8.34740293e-05 
 4.01258856e-06  2.15371064e-04 
 4.01360284e-06  7.00695388e-05 
 4.01469371e-06  1.96344081e-04 
 4.01579515e-06  5.17726695e-05 
 4.01703218e-06  1.79500201e-04 
 4.01829577e-06  3.97312103e-05 
 4.02024628e-06  1.74021302e-04 
 4.02246281e-06  3.53382941e-05 
 4.02689587e-06  1.71243647e-04 
 4.03371004e-06  3.20461932e-05 
 4.04190187e-06  1.55711315e-04 
 4.04958828e-06  1.72308484e-05 
 4.05801685e-06  1.68243631e-04 
 4.06381173e-06 -6.98721196e-06 
 4.06930169e-06  1.58652028e-04 
 4.07489620e-06 -1.06576676e-05 
 4.08062373e-06  1.55615178e-04 
 4.08807823e-06  3.87396479e-06 
 4.09503140e-06  1.68279679e-04 
 4.10760825e-06  1.13831591e-05 
 4.11542712e-06  1.71953094e-04 
 4.12033829e-06  2.35599772e-05 
 4.12519700e-06  1.52881563e-04 
 4.12995713e-06  1.51257984e-05 
 4.13468946e-06  1.52910358e-04 
 4.14001044e-06  1.50218047e-05 
 4.15065241e-06  1.52736841e-04 
 4.16411424e-06  1.51470428e-05 
 4.18442385e-06  1.53032263e-04 
 4.20573367e-06  1.57103428e-05 
 4.23458432e-06  1.53186023e-04 
 4.25010000e-06  1.60291967e-05 
 4.25011000e-06 -2.47113501e-03 
 4.25013000e-06 -2.89100062e-03 
 4.25017000e-06 -2.10191533e-03 
 4.25020000e-06 -1.81744202e-03 
 4.25020800e-06  3.84558896e-04 
 4.25022400e-06  4.83950968e-04 
 4.25025600e-06  4.65493258e-04 
 4.25032000e-06  4.75878069e-04 
 4.25039012e-06  4.24100736e-04 
 4.25053037e-06  4.65551035e-04 
 4.25071379e-06  5.14553124e-04 
 4.25096479e-06  5.41518898e-04 
 4.25140407e-06  4.17134939e-04 
 4.25180192e-06  2.73357839e-04 
 4.25226995e-06  1.34253260e-04 
 4.25290760e-06  1.80682599e-04 
 4.25354234e-06  1.10694705e-04 
 4.25416810e-06  1.32526825e-04 
 4.25480584e-06  7.80619273e-05 
 4.25546201e-06  1.23695061e-04 
 4.25635325e-06  6.39446560e-05 
 4.25773656e-06  1.10221284e-04 
 4.25955657e-06  5.98041073e-05 
 4.26226037e-06  1.09909221e-04 
 4.26724669e-06  5.97812245e-05 
 4.27721933e-06  1.09829169e-04 
 4.29706703e-06  5.97923047e-05 
 4.33676242e-06  1.09893987e-04 
 4.41615319e-06  5.99373136e-05 
 4.50000000e-06  1.10023308e-04 
 4.50001000e-06  2.41746719e-03 
 4.50003000e-06  2.26589735e-03 
 4.50007000e-06  3.28690548e-03 
 4.50010000e-06  4.05776555e-03 
 4.50010794e-06  1.32124513e-03 
 4.50012382e-06  9.57972671e-04 
 4.50015558e-06  1.01452521e-03 
 4.50021911e-06  6.72178314e-04 
 4.50034616e-06  7.27587316e-04 
 4.50057542e-06  5.49309515e-04 
 4.50089818e-06  6.44813613e-04 
 4.50136494e-06  1.71317019e-04 
 4.50182718e-06  3.60506375e-04 
 4.50229759e-06  1.25158094e-04 
 4.50281225e-06  2.29016808e-04 
 4.50338806e-06  3.17263915e-05 
 4.50394562e-06  2.00786949e-04 
 4.50456995e-06  3.63702378e-05 
 4.50535190e-06  2.04697753e-04 
 4.50592867e-06  3.17533013e-05 
 4.50660396e-06  1.95251205e-04 
 4.50744165e-06  1.54305932e-05 
 4.50831332e-06  1.70297007e-04 
 4.50917659e-06  3.59661937e-06 
 4.51020663e-06  1.68514278e-04 
 4.51134871e-06  2.70209789e-06 
 4.51362199e-06  1.67902264e-04 
 4.51681825e-06  2.64005451e-06 
 4.52274876e-06  1.67724340e-04 
 4.53308425e-06  2.58431463e-06 
 4.55075276e-06  1.67612046e-04 
 4.58608979e-06  2.53536301e-06 
 4.65676384e-06  1.67565108e-04 
 4.75010000e-06  2.52290749e-06 
 4.75011000e-06 -2.46467681e-03 
 4.75013000e-06 -2.88218310e-03 
 4.75017000e-06 -2.09767899e-03 
 4.75020000e-06 -1.81170394e-03 
 4.75020800e-06  3.86547141e-04 
 4.75022400e-06  4.85023917e-04 
 4.75025600e-06  4.65990468e-04 
 4.75032000e-06  4.75569597e-04 
 4.75038993e-06  4.23657063e-04 
 4.75052980e-06  4.64356315e-04 
 4.75071286e-06  5.14098144e-04 
 4.75096312e-06  5.41820927e-04 
 4.75140286e-06  4.18232265e-04 
 4.75180107e-06  2.74158340e-04 
 4.75226849e-06  1.35083709e-04 
 4.75290171e-06  1.78236579e-04 
 4.75353431e-06  1.10715345e-04 
 4.75413582e-06  1.40766472e-04 
 4.75470994e-06  8.11169010e-05 
 4.75530613e-06  1.25401411e-04 
 4.75606098e-06  6.73031512e-05 
 4.75689015e-06  1.11932006e-04 
 4.75854849e-06  6.04994085e-05 
 4.76076583e-06  1.09937389e-04 
 4.76454622e-06  6.05278161e-05 
 4.77210702e-06  1.09818580e-04 
 4.78722860e-06  6.04503824e-05 
 4.81747176e-06  1.09742972e-04 
 4.87795809e-06  6.03960041e-05 
 4.99893074e-06  1.09706433e-04 
 5.00000000e-06  6.03999422e-05 
 5.00001000e-06  2.41563910e-03 
 5.00003000e-06  2.26389327e-03 
 5.00007000e-06  3.28591306e-03 
 5.00010000e-06  4.05638113e-03 
 5.00010793e-06  1.32110285e-03 
 5.00012378e-06  9.57845781e-04 
 5.00015550e-06  1.01491415e-03 
 5.00021892e-06  6.72598330e-04 
 5.00034578e-06  7.27976655e-04 
 5.00057422e-06  5.49481645e-04 
 5.00089717e-06  6.45587593e-04 
 5.00136291e-06  1.71411132e-04 
 5.00182559e-06  3.60759423e-04 
 5.00229656e-06  1.28460241e-04 
 5.00280962e-06  2.34581666e-04 
 5.00339413e-06  3.39923340e-05 
 5.00394157e-06  2.13075724e-04 
 5.00445323e-06  4.06708950e-05 
 5.00492334e-06  1.96293065e-04 
 5.00545033e-06  1.78566196e-05 
 5.00616863e-06  1.78071907e-04 
 5.00691189e-06  1.01722931e-05 
 5.00839841e-06  1.93516831e-04 
 5.00989626e-06  2.76678748e-05 
 5.01119299e-06  2.25003736e-04 
 5.01225909e-06  5.44540105e-05 
 5.01327874e-06  2.12979187e-04 
 5.01435228e-06  3.58734279e-05 
 5.01534824e-06  1.96598041e-04 
 5.01638638e-06  2.04991278e-05 
 5.01753106e-06  1.86064694e-04 
 5.01916736e-06  1.73038607e-05 
 5.02089956e-06  1.84832622e-04 
 5.02413024e-06  1.10300480e-05 
 5.02894853e-06  1.69603189e-04 
 5.03350639e-06 -2.56160370e-06 
 5.03924491e-06  1.73111890e-04 
 5.04669460e-06  8.85752896e-07 
 5.05186972e-06  1.53607430e-04 
 5.05746402e-06 -5.08813914e-06 
 5.06306374e-06  1.45792435e-04 
 5.06898430e-06 -1.19330386e-05 
 5.07469025e-06  1.46824942e-04 
 5.08105620e-06 -1.33025782e-05 
 5.09378811e-06  1.47255141e-04 
 5.11038771e-06 -1.37861013e-05 
 5.13827206e-06  1.47510269e-04 
 5.18874128e-06 -1.36359969e-05 
 5.25010000e-06  1.48606490e-04 
 5.25011000e-06 -2.47643437e-03 
 5.25013000e-06 -2.91155093e-03 
 5.25017000e-06 -2.11245593e-03 
 5.25020000e-06 -1.83755292e-03 
 5.25020793e-06  3.66752185e-04 
 5.25022378e-06  4.65616321e-04 
 5.25025549e-06  4.48443951e-04 
 5.25031892e-06  4.58548785e-04 
 5.25038868e-06  4.06473924e-04 
 5.25052821e-06  4.45997162e-04 
 5.25068580e-06  4.91365642e-04 
 5.25094579e-06  5.27562090e-04 
 5.25136357e-06  4.13809781e-04 
 5.25177801e-06  2.65133137e-04 
 5.25222880e-06  1.19265292e-04 
 5.25284500e-06  1.57451685e-04 
 5.25345492e-06  9.06267910e-05 
 5.25405754e-06  1.11656608e-04 
 5.25467071e-06  5.87661227e-05 
 5.25529566e-06  1.08982997e-04 
 5.25618693e-06  4.78318677e-05 
 5.25741311e-06  9.46981501e-05 
 5.25908422e-06  4.24893146e-05 
 5.26157551e-06  9.42197567e-05 
 5.26586062e-06  4.26765472e-05 
 5.27443084e-06  9.46122432e-05 
 5.29157129e-06  4.37671954e-05 
 5.32585218e-06  9.77265521e-05 
 5.39441396e-06  5.22763989e-05 
 5.50000000e-06  1.09153137e-04 
 5.50001000e-06  2.41426290e-03 
 5.50003000e-06  2.26241255e-03 
 5.50007000e-06  3.28707671e-03 
 5.50010000e-06  4.05558528e-03 
 5.50010793e-06  1.32031373e-03 
 5.50012378e-06  9.56160539e-04 
 5.50015548e-06  1.01202230e-03 
 5.50021889e-06  6.69625167e-04 
 5.50034571e-06  7.25764990e-04 
 5.50057476e-06  5.47423989e-04 
 5.50089707e-06  6.43934344e-04 
 5.50136350e-06  1.73122575e-04 
 5.50182802e-06  3.55305270e-04 
 5.50229769e-06  1.10547668e-04 
 5.50281557e-06  2.23068167e-04 
 5.50335843e-06  3.00328776e-05 
 5.50392845e-06  1.98124659e-04 
 5.50455421e-06  3.79668156e-05 
 5.50533196e-06  2.07278694e-04 
 5.50589380e-06  2.98341872e-05 
 5.50657413e-06  1.94881482e-04 
 5.50740768e-06  1.41689899e-05 
 5.50826682e-06  1.69415632e-04 
 5.50912110e-06  1.44517978e-06 
 5.51012882e-06  1.67584604e-04 
 5.51125247e-06  4.52123841e-07 
 5.51349977e-06  1.67012986e-04 
 5.51676940e-06  4.08569858e-07 
 5.52285063e-06  1.66935661e-04 
 5.53369185e-06  4.89228526e-07 
 5.55248493e-06  1.67050946e-04 
 5.59007108e-06  7.77543523e-07 
 5.66524339e-06  1.67501565e-04 
 5.75010000e-06  1.28364481e-06 
 5.75011000e-06 -2.46505509e-03 
 5.75013000e-06 -2.88272885e-03 
 5.75017000e-06 -2.09753925e-03 
 5.75020000e-06 -1.81046905e-03 
 5.75020800e-06  3.85902242e-04 
 5.75022400e-06  4.84687919e-04 
 5.75025600e-06  4.65963829e-04 
 5.75032000e-06  4.75646576e-04 
 5.75038994e-06  4.23256145e-04 
 5.75052981e-06  4.63948374e-04 
 5.75071287e-06  5.13423810e-04 
 5.75096313e-06  5.41318537e-04 
 5.75140289e-06  4.17589411e-04 
 5.75180076e-06  2.73750668e-04 
 5.75226833e-06  1.34290252e-04 
 5.75290267e-06  1.78684474e-04 
 5.75353258e-06  1.12627478e-04 
 5.75412737e-06  1.49219866e-04 
 5.75469507e-06  9.27379811e-05 
 5.75528771e-06  1.43163401e-04 
 5.75605219e-06  7.47476857e-05 
 5.75687458e-06  1.18309710e-04 
 5.75767822e-06  6.84212697e-05 
 5.75854543e-06  1.12002257e-04 
 5.75997253e-06  6.05737986e-05 
 5.76146457e-06  1.08960841e-04 
 5.76414036e-06  6.04162252e-05 
 5.76822460e-06  1.08936942e-04 
 5.77639307e-06  6.04074041e-05 
 5.79273002e-06  1.08933579e-04 
 5.82540392e-06  6.04562680e-05 
 5.89075172e-06  1.09224190e-04 
 5.93203387e-06  8.78688554e-05 
 5.96010546e-06  9.08074575e-05 
 5.98623205e-06  7.77904096e-05 
 6.00000000e-06  9.66982559e-05 
 6.00001000e-06  2.40402670e-03 
 6.00003000e-06  2.25151986e-03 
 6.00007000e-06  3.27924877e-03 
 6.00010000e-06  4.04809301e-03 
 6.00010794e-06  1.31415701e-03 
 6.00012382e-06  9.51798799e-04 
 6.00015558e-06  1.00962498e-03 
 6.00021911e-06  6.69014389e-04 
 6.00034615e-06  7.26153826e-04 
 6.00057483e-06  5.49055024e-04 
 6.00089806e-06  6.45130907e-04 
 6.00136392e-06  1.71457787e-04 
 6.00182735e-06  3.61538554e-04 
 6.00229717e-06  1.27997353e-04 
 6.00281233e-06  2.36882390e-04 
 6.00338076e-06  4.02424886e-05 
 6.00387183e-06  2.24154564e-04 
 6.00438963e-06  5.50150250e-05 
 6.00483264e-06  2.16468785e-04 
 6.00533738e-06  5.54659186e-05 
 6.00604324e-06  2.31284697e-04 
 6.00654777e-06  5.53606778e-05 
 6.00708779e-06  2.18483542e-04 
 6.00786409e-06  4.91371958e-05 
 6.00871643e-06  2.20554621e-04 
 6.00969627e-06  4.66585983e-05 
 6.01070147e-06  2.30502865e-04 
 6.01174040e-06  7.54009430e-05 
 6.01246548e-06  2.24453166e-04 
 6.01329075e-06  5.05069989e-05 
 6.01414789e-06  2.12782014e-04 
 6.01507790e-06  4.04674136e-05 
 6.01599751e-06  1.96520791e-04 
 6.01696775e-06  2.68681299e-05 
 6.01842408e-06  1.87328379e-04 
 6.01999673e-06  1.96876603e-05 
 6.02265637e-06  1.74546580e-04 
 6.02652741e-06  3.06553436e-06 
 6.02950751e-06  1.68434662e-04 
 6.03329373e-06  2.75198757e-05 
 6.03630653e-06  1.57172776e-04 
 6.03948455e-06  9.00447056e-07 
 6.04280640e-06  1.55778722e-04 
 6.04594697e-06 -1.72632436e-06 
 6.05222813e-06  1.49430662e-04 
 6.05814530e-06 -1.14090955e-05 
 6.06447085e-06  1.46052336e-04 
 6.07118035e-06 -1.14033932e-05 
 6.07924255e-06  1.45583899e-04 
 6.09340711e-06 -1.15310851e-05 
 6.11391113e-06  1.45506307e-04 
 6.15336549e-06 -1.14245976e-05 
 6.22390033e-06  1.45799404e-04 
 6.25010000e-06 -1.11936036e-05 
 6.25011000e-06 -2.47921425e-03 
 6.25013000e-06 -2.90229782e-03 
 6.25017000e-06 -2.11548387e-03 
 6.25020000e-06 -1.82839573e-03 
 6.25020800e-06  3.69116338e-04 
 6.25022400e-06  4.67320240e-04 
 6.25025600e-06  4.49467340e-04 
 6.25032000e-06  4.58224217e-04 
 6.25039011e-06  4.06321739e-04 
 6.25053034e-06  4.46748788e-04 
 6.25068863e-06  4.91355609e-04 
 6.25095126e-06  5.26305174e-04 
 6.25136984e-06  4.11353546e-04 
 6.25178190e-06  2.62872627e-04 
 6.25223419e-06  1.18234934e-04 
 6.25285357e-06  1.56784598e-04 
 6.25346429e-06  8.95239655e-05 
 6.25406061e-06  1.10654877e-04 
 6.25468419e-06  5.84495063e-05 
 6.25530997e-06  1.07801877e-04 
 6.25619756e-06  4.73730762e-05 
 6.25747151e-06  9.35118757e-05 
 6.25913465e-06  4.20641728e-05 
 6.26167819e-06  9.30128492e-05 
 6.26599016e-06  4.20314294e-05 
 6.27461409e-06  9.29419802e-05 
 6.29186195e-06  4.19854153e-05 
 6.32635767e-06  9.29240798e-05 
 6.39534911e-06  4.20129812e-05 
 6.50000000e-06  9.29708105e-05 
 6.50001000e-06  2.39759761e-03 
 6.50003000e-06  2.24520223e-03 
 6.50007000e-06  3.27173647e-03 
 6.50010000e-06  4.03877138e-03 
 6.50010793e-06  1.30433417e-03 
 6.50012378e-06  9.40124470e-04 
 6.50015548e-06  9.95976983e-04 
 6.50021888e-06  6.53739494e-04 
 6.50034569e-06  7.10082103e-04 
 6.50057473e-06  5.31611107e-04 
 6.50089705e-06  6.28133346e-04 
 6.50136347e-06  1.57219347e-04 
 6.50182808e-06  3.39367614e-04 
 6.50229757e-06  9.46627406e-05 
 6.50281453e-06  2.07346622e-04 
 6.50335673e-06  1.42322906e-05 
 6.50392657e-06  1.82280318e-04 
 6.50455562e-06  2.18942945e-05 
 6.50533146e-06  1.90726948e-04 
 6.50589296e-06  1.39199024e-05 
 6.50657424e-06  1.79059221e-04 
 6.50749728e-06 -3.41394670e-06 
 6.50833231e-06  1.53544938e-04 
 6.50925787e-06 -1.47172355e-05 
 6.51032964e-06  1.51706604e-04 
 6.51151042e-06 -1.55928222e-05 
 6.51387200e-06  1.51178126e-04 
 6.51719883e-06 -1.56593297e-05 
 6.52335519e-06  1.51012374e-04 
 6.53414462e-06 -1.57230627e-05 
 6.55257364e-06  1.50901332e-04 
 6.58943166e-06 -1.57790221e-05 
 6.66314772e-06  1.50847571e-04 
 6.75010000e-06 -1.57992256e-05 
 6.75011000e-06 -2.48203724e-03 
 6.75013000e-06 -2.90004401e-03 
 6.75017000e-06 -2.11479589e-03 
 6.75020000e-06 -1.82628461e-03 
 6.75020800e-06  3.68808195e-04 
 6.75022400e-06  4.68087267e-04 
 6.75025600e-06  4.49750285e-04 
 6.75032000e-06  4.59054184e-04 
 6.75038993e-06  4.06523693e-04 
 6.75052980e-06  4.46752044e-04 
 6.75071288e-06  4.96441814e-04 
 6.75096314e-06  5.24212068e-04 
 6.75140293e-06  4.00649799e-04 
 6.75180080e-06  2.56511492e-04 
 6.75226839e-06  1.17275073e-04 
 6.75290273e-06  1.61757314e-04 
 6.75353522e-06  9.57572455e-05 
 6.75413693e-06  1.32174182e-04 
 6.75470944e-06  7.58528436e-05 
 6.75530447e-06  1.25758251e-04 
 6.75606678e-06  5.76133159e-05 
 6.75688805e-06  1.01326573e-04 
 6.75769045e-06  5.15156286e-05 
 6.75856105e-06  9.48323586e-05 
 6.76000554e-06  4.36196242e-05 
 6.76150726e-06  9.18479459e-05 
 6.76419115e-06  4.35024907e-05 
 6.76829262e-06  9.17963047e-05 
 6.77649557e-06  4.34658236e-05 
 6.79290145e-06  9.17285245e-05 
 6.82499729e-06  4.34058318e-05 
 6.88918897e-06  9.16784009e-05 
 7.00000000e-06  4.33747476e-05 
 7.00001000e-06  2.39659013e-03 
 7.00003000e-06  2.24444199e-03 
 7.00007000e-06  3.27082319e-03 
 7.00010000e-06  4.03791985e-03 
 7.00010793e-06  1.30406822e-03 
 7.00012378e-06  9.39919847e-04 
 7.00015550e-06  9.95607188e-04 
 7.00021892e-06  6.53631710e-04 
 7.00034577e-06  7.10447173e-04 
 7.00057424e-06  5.32290811e-04 
 7.00089717e-06  6.28143999e-04 
 7.00136290e-06  1.54472380e-04 
 7.00182563e-06  3.42933070e-04 
 7.00229627e-06  1.09706218e-04 
 7.00280707e-06  2.19022251e-04 
 7.00338366e-06  1.93727970e-05 
 7.00393273e-06  2.08275853e-04 
 7.00444524e-06  3.75653022e-05 
 7.00491034e-06  1.89624663e-04 
 7.00543503e-06  5.43985230e-06 
 7.00618377e-06  1.68373021e-04 
 7.00690820e-06  6.26249066e-06 
 7.00795996e-06  1.99088320e-04 
 7.00876559e-06  3.41205107e-05 
 7.00962533e-06  1.96372282e-04 
 7.01052013e-06  3.74656017e-05 
 7.01148925e-06  2.25404394e-04 
 7.01217917e-06  3.49061297e-05 
 7.01283739e-06  1.99457679e-04 
 7.01367014e-06  2.90586067e-05 
 7.01455375e-06  1.84859585e-04 
 7.01538151e-06  1.08681186e-05 
 7.01641154e-06  1.63906458e-04 
 7.01748529e-06 -8.72752580e-06 
 7.01911931e-06  1.53130412e-04 
 7.02116959e-06 -1.54869116e-05 
 7.02496232e-06  1.50646856e-04 
 7.02884213e-06 -1.56728521e-05 
 7.03660175e-06  1.51065196e-04 
 7.05212099e-06 -1.53309973e-05 
 7.07599021e-06  1.51149116e-04 
 7.11766514e-06 -1.54784791e-05 
 7.17465200e-06  1.50918545e-04 
 7.25010000e-06 -1.56712717e-05 
 7.25011000e-06 -2.48112383e-03 
 7.25013000e-06 -2.90282417e-03 
 7.25017000e-06 -2.11556169e-03 
 7.25020000e-06 -1.82688028e-03 
 7.25020800e-06  3.69319377e-04 
 7.25022400e-06  4.67489183e-04 
 7.25025600e-06  4.49915643e-04 
 7.25032000e-06  4.58397555e-04 
 7.25039008e-06  4.06803131e-04 
 7.25053024e-06  4.46880955e-04 
 7.25068863e-06  4.91838322e-04 
 7.25095103e-06  5.26446421e-04 
 7.25136978e-06  4.11711783e-04 
 7.25178172e-06  2.62367021e-04 
 7.25223413e-06  1.17738318e-04 
 7.25285281e-06  1.59674658e-04 
 7.25347416e-06  9.14225478e-05 
 7.25403842e-06  1.13981901e-04 
 7.25462461e-06  5.79070844e-05 
 7.25521618e-06  1.09778197e-04 
 7.25614955e-06  4.76692910e-05 
 7.25715103e-06  9.49140710e-05 
 7.25890002e-06  4.19007211e-05 
 7.26115977e-06  9.36236422e-05 
 7.26542527e-06  4.19228568e-05 
 7.27395626e-06  9.34844268e-05 
 7.29017671e-06  4.18311370e-05 
 7.32261761e-06  9.33818970e-05 
 7.38749941e-06  4.17497303e-05 
 7.50000000e-06  9.33178901e-05 
 7.50001000e-06  2.39732690e-03 
 7.50003000e-06  2.24438209e-03 
 7.50007000e-06  3.27224911e-03 
 7.50010000e-06  4.03813472e-03 
 7.50010793e-06  1.30423817e-03 
 7.50012378e-06  9.40054519e-04 
 7.50015548e-06  9.95942690e-04 
 7.50021888e-06  6.53738298e-04 
 7.50034568e-06  7.10076519e-04 
 7.50057471e-06  5.31642143e-04 
 7.50089700e-06  6.28177482e-04 
 7.50136342e-06  1.57285655e-04 
 7.50182792e-06  3.39360870e-04 
 7.50229739e-06  9.47462279e-05 
 7.50281404e-06  2.07348315e-04 
 7.50335609e-06  1.42824219e-05 
 7.50392588e-06  1.82278239e-04 
 7.50454929e-06  2.17767574e-05 
 7.50532673e-06  1.90961754e-04 
 7.50588802e-06  1.39303379e-05 
 7.50656796e-06  1.79114038e-04 
 7.50748876e-06 -3.19171880e-06 
 7.50832054e-06  1.53569846e-04 
 7.50924249e-06 -1.46511377e-05 
 7.51030658e-06  1.51698013e-04 
 7.51148223e-06 -1.55391922e-05 
 7.51383353e-06  1.51160437e-04 
 7.51717429e-06 -1.56102274e-05 
 7.52335982e-06  1.50993028e-04 
 7.53425480e-06 -1.56780211e-05 
 7.55292884e-06  1.50877283e-04 
 7.59027692e-06 -1.57414112e-05 
 7.66497307e-06  1.50814138e-04 
 7.75010000e-06 -1.57695402e-05 
 7.75011000e-06 -2.48203178e-03 
 7.75013000e-06 -2.90001180e-03 
 7.75017000e-06 -2.11451218e-03 
 7.75020000e-06 -1.82535368e-03 
 7.75020800e-06  3.68950432e-04 
 7.75022400e-06  4.68166087e-04 
 7.75025600e-06  4.49826847e-04 
 7.75032000e-06  4.59065988e-04 
 7.75038994e-06  4.06541670e-04 
 7.75052981e-06  4.46746015e-04 
 7.75071288e-06  4.96448769e-04 
 7.75096314e-06  5.24197336e-04 
 7.75140293e-06  4.00651268e-04 
 7.75180081e-06  2.56490649e-04 
 7.75226840e-06  1.17283408e-04 
 7.75290273e-06  1.61731015e-04 
 7.75353526e-06  9.58836876e-05 
 7.75413685e-06  1.32046950e-04 
 7.75471081e-06  7.58368183e-05 
 7.75530688e-06  1.25713681e-04 
 7.75606898e-06  5.75683024e-05 
 7.75689654e-06  1.01303502e-04 
 7.75770170e-06  5.14675733e-05 
 7.75857538e-06  9.47452281e-05 
 7.76018635e-06  4.34690326e-05 
 7.76164093e-06  9.18258024e-05 
 7.76449730e-06  4.35149971e-05 
 7.76861778e-06  9.17732841e-05 
 7.77685873e-06  4.34789180e-05 
 7.79334064e-06  9.17057484e-05 
 7.82514655e-06  4.34194370e-05 
 7.88875835e-06  9.16554516e-05 
 8.00000000e-06  4.33876602e-05 
 8.00001000e-06  2.39613070e-03 
 8.00003000e-06  2.24381189e-03 
 8.00007000e-06  3.27103717e-03 
 8.00010000e-06  4.03748587e-03 
 8.00010793e-06  1.30394383e-03 
 8.00012378e-06  9.39850065e-04 
 8.00015550e-06  9.95527599e-04 
 8.00021892e-06  6.53640244e-04 
 8.00034578e-06  7.10397235e-04 
 8.00057426e-06  5.32281096e-04 
 8.00089719e-06  6.28105567e-04 
 8.00136293e-06  1.54718990e-04 
 8.00182566e-06  3.42211963e-04 
 8.00229640e-06  1.07815920e-04 
 8.00280718e-06  2.18619970e-04 
 8.00338378e-06  2.05857049e-05 
 8.00394386e-06  2.09302447e-04 
 8.00445162e-06  3.93603571e-05 
 8.00491914e-06  1.93002102e-04 
 8.00544615e-06  1.32235099e-05 
 8.00621049e-06  1.78142683e-04 
 8.00692905e-06  5.65071346e-06 
 8.00778349e-06  1.76671356e-04 
 8.00861751e-06  5.70336358e-06 
 8.00943898e-06  1.69502166e-04 
 8.01032786e-06 -2.73616957e-06 
 8.01128306e-06  1.60211881e-04 
 8.01319347e-06 -1.26543470e-05 
 8.01568308e-06  1.62873982e-04 
 8.01810828e-06 -6.31379169e-07 
 8.02133539e-06  1.69879740e-04 
 8.02778959e-06  2.85581246e-06 
 8.04069800e-06  1.69856623e-04 
 8.05380824e-06  2.30332810e-06 
 8.07494459e-06  1.69782536e-04 
 8.10082768e-06  6.69200351e-06 
 8.13563776e-06  1.71454529e-04 
 8.15849725e-06  9.46179277e-07 
 8.18300896e-06  1.70805962e-04 
 8.21247629e-06  6.73988453e-07 
 8.25010000e-06  1.70001750e-04 
 8.25011000e-06 -2.45679889e-03 
 8.25013000e-06 -2.88545774e-03 
 8.25017000e-06 -2.09411326e-03 
 8.25020000e-06 -1.82242253e-03 
 8.25020800e-06  3.73236836e-04 
 8.25022400e-06  4.70072916e-04 
 8.25025600e-06  4.47757507e-04 
 8.25032000e-06  4.62716328e-04 
 8.25044800e-06  3.95752222e-04 
 8.25058409e-06  4.97787009e-04 
 8.25078600e-06  4.99946322e-04 
 8.25118982e-06  4.96639673e-04 
 8.25160267e-06  3.10540136e-04 
 8.25199287e-06  2.08214366e-04 
 8.25255288e-06  1.06049727e-04 
 8.25326270e-06  1.42850783e-04 
 8.25400195e-06  7.78693277e-05 
 8.25475033e-06  1.23108221e-04 
 8.25569781e-06  7.69339784e-05 
 8.25668603e-06  1.06287541e-04 
 8.25813364e-06  6.72728510e-05 
 8.26006843e-06  1.03277250e-04 
 8.26281095e-06  6.75583474e-05 
 8.26765384e-06  1.02987280e-04 
 8.27450367e-06  6.76151909e-05 
 8.28595530e-06  1.02821482e-04 
 8.30381059e-06  6.75881436e-05 
 8.33646549e-06  1.02710691e-04 
 8.40177528e-06  6.75293413e-05 
 8.50000000e-06  1.02644025e-04 
