 1.00000000e-12  1.78200000e+00  3.41264615e-01 
 1.02772000e-12  1.78150104e+00  3.46393161e-01 
 1.08316000e-12  1.78050312e+00  3.53550095e-01 
 1.19404001e-12  1.77850728e+00  3.62102539e-01 
 1.33845817e-12  1.77590775e+00  3.72717501e-01 
 1.62729450e-12  1.77070870e+00  3.91615507e-01 
 2.20496715e-12  1.76031059e+00  4.17729272e-01 
 3.05084632e-12  1.74508477e+00  4.37968902e-01 
 3.95631879e-12  1.72878626e+00  4.48051319e-01 
 5.17324067e-12  1.70688167e+00  4.53098717e-01 
 6.90452755e-12  1.67571850e+00  4.53876246e-01 
 1.02130549e-11  1.61616501e+00  4.50046806e-01 
 1.38980305e-11  1.54983545e+00  4.45894381e-01 
 2.08004600e-11  1.42559172e+00  4.41805665e-01 
 2.75232542e-11  1.30458142e+00  4.40538746e-01 
 3.66271446e-11  1.14071140e+00  4.39824031e-01 
 4.76091849e-11  9.43034672e-01  4.39633780e-01 
 6.52541371e-11  6.25425531e-01  4.39324276e-01 
 8.59664065e-11  2.52604683e-01  4.39535292e-01 
 1.00000000e-10  0.00000000e+00  4.39779808e-01 
 1.01148073e-10  0.00000000e+00  4.40043279e-01 
 1.03444220e-10  0.00000000e+00  4.40457458e-01 
 1.08036513e-10  0.00000000e+00  4.41141781e-01 
 1.17221100e-10  0.00000000e+00  4.42063615e-01 
 1.35590272e-10  0.00000000e+00  4.43499225e-01 
 1.72328618e-10  0.00000000e+00  4.46380551e-01 
 2.45805309e-10  0.00000000e+00  4.52200944e-01 
 3.92758692e-10  0.00000000e+00  4.62657823e-01 
 5.51979349e-10  0.00000000e+00  4.72676740e-01 
 8.08629957e-10  0.00000000e+00  4.88131821e-01 
 1.14960813e-09  0.00000000e+00  5.03998162e-01 
 1.57098951e-09  0.00000000e+00  5.13257474e-01 
 2.19466417e-09  0.00000000e+00  5.15050628e-01 
 2.84536200e-09  0.00000000e+00  5.07594344e-01 
 3.92602255e-09  0.00000000e+00  4.75176568e-01 
 4.73904130e-09  0.00000000e+00  4.42852815e-01 
 5.60518343e-09  0.00000000e+00  4.07695265e-01 
 6.81728641e-09  0.00000000e+00  3.59657014e-01 
 7.93797628e-09  0.00000000e+00  3.18626039e-01 
 9.26619740e-09  0.00000000e+00  2.74430400e-01 
 1.01520543e-08  0.00000000e+00  2.46810914e-01 
 1.09760309e-08  0.00000000e+00  2.22311739e-01 
 1.19035133e-08  0.00000000e+00  1.96931998e-01 
 1.29027989e-08  0.00000000e+00  1.72384685e-01 
 1.49013703e-08  0.00000000e+00  1.31023901e-01 
 1.76939281e-08  0.00000000e+00  8.79902783e-02 
 2.18734798e-08  0.00000000e+00  4.72070476e-02 
 2.65046722e-08  0.00000000e+00  2.31163063e-02 
 3.00628269e-08  0.00000000e+00  1.34439654e-02 
 3.38043786e-08  0.00000000e+00  7.49238433e-03 
 3.69544975e-08  0.00000000e+00  4.67759880e-03 
 4.02890923e-08  0.00000000e+00  2.74287094e-03 
 4.52338671e-08  0.00000000e+00  1.31058435e-03 
 5.23407271e-08  0.00000000e+00  3.50226932e-04 
 6.43977209e-08  0.00000000e+00  6.50299988e-05 
 8.70868681e-08  0.00000000e+00 -4.07101696e-05 
 1.27846606e-07  0.00000000e+00  4.49913402e-05 
 1.90402942e-07  0.00000000e+00 -4.14996667e-05 
 2.50100000e-07  0.00000000e+00  4.30574349e-05 
 2.50110000e-07  1.80000000e-01  2.11525226e-03 
 2.50130000e-07  5.40000000e-01  5.30083414e-03 
 2.50170000e-07  1.26000000e+00  9.00801118e-03 
 2.50200000e-07  1.80000000e+00  1.06101793e-02 
 2.50200526e-07  1.80000000e+00  1.04655571e-02 
 2.50201578e-07  1.80000000e+00  1.01795998e-02 
 2.50203682e-07  1.80000000e+00  9.63968420e-03 
 2.50207891e-07  1.80000000e+00  8.84021287e-03 
 2.50216308e-07  1.80000000e+00  7.84032928e-03 
 2.50233142e-07  1.80000000e+00  6.33830411e-03 
 2.50266810e-07  1.80000000e+00  3.88516166e-03 
 2.50334147e-07  1.80000000e+00  1.79174205e-03 
 2.50415564e-07  1.80000000e+00  1.80020997e-04 
 2.50578398e-07  1.80000000e+00 -8.56198346e-04 
 2.50740156e-07  1.80000000e+00 -1.01012458e-03 
 2.51063674e-07  1.80000000e+00 -1.06400501e-04 
 2.51432551e-07  1.80000000e+00  1.08540652e-03 
 2.51999651e-07  1.80000000e+00  2.05549788e-03 
 2.52605305e-07  1.80000000e+00  9.61004690e-04 
 2.53305345e-07  1.80000000e+00  6.04287758e-04 
 2.54251190e-07  1.80000000e+00  3.89981799e-05 
 2.55267090e-07  1.80000000e+00 -5.29015289e-05 
 2.56208705e-07  1.80000000e+00  5.30638690e-04 
 2.57137041e-07  1.80000000e+00  5.69223484e-04 
 2.58161355e-07  1.80000000e+00  3.50454074e-04 
 2.59136897e-07  1.80000000e+00  5.74366094e-04 
 2.60806337e-07  1.80000000e+00  4.12646371e-04 
 2.63151103e-07  1.80000000e+00  4.64856813e-04 
 2.65566434e-07  1.80000000e+00  2.51459736e-04 
 2.69724025e-07  1.80000000e+00  2.37354081e-04 
 2.75756557e-07  1.80000000e+00  4.89752702e-05 
 2.87821621e-07  1.80000000e+00  7.80401200e-05 
 3.11951750e-07  1.80000000e+00 -3.88911833e-05 
 3.56893535e-07  1.80000000e+00  5.16440494e-05 
 4.46777104e-07  1.80000000e+00 -4.47335179e-05 
 5.00000000e-07  1.80000000e+00  4.88790698e-05 
 5.00010000e-07  1.62000000e+00 -8.25594442e-04 
 5.00030000e-07  1.26000000e+00 -2.17771488e-03 
 5.00070000e-07  5.40000000e-01 -3.55821477e-03 
 5.00100000e-07  0.00000000e+00 -4.41910171e-03 
 5.00104238e-07  0.00000000e+00 -4.12569676e-03 
 5.00112714e-07  0.00000000e+00 -3.50206526e-03 
 5.00129665e-07  0.00000000e+00 -2.83336587e-03 
 5.00163568e-07  0.00000000e+00 -2.17874148e-03 
 5.00231375e-07  0.00000000e+00 -1.18877785e-03 
 5.00366987e-07  0.00000000e+00 -3.99909775e-04 
 5.00554904e-07  0.00000000e+00  2.98946936e-05 
 5.00930738e-07  0.00000000e+00  5.51965287e-04 
 5.01441091e-07  0.00000000e+00 -5.94853994e-04 
 5.01987605e-07  0.00000000e+00 -6.57353609e-03 
 5.02571519e-07  0.00000000e+00 -1.32340670e-02 
 5.03298589e-07  0.00000000e+00  1.34670832e-02 
 5.03988198e-07  0.00000000e+00  7.83250691e-02 
 5.04868324e-07  0.00000000e+00  1.75002513e-01 
 5.05731612e-07  0.00000000e+00  2.71397752e-01 
 5.06711689e-07  0.00000000e+00  3.77704459e-01 
 5.07961836e-07  0.00000000e+00  5.06802831e-01 
 5.09473439e-07  0.00000000e+00  6.54598551e-01 
 5.11505709e-07  0.00000000e+00  8.45804390e-01 
 5.13937305e-07  0.00000000e+00  1.04103461e+00 
 5.15834670e-07  0.00000000e+00  1.16167979e+00 
 5.17885862e-07  0.00000000e+00  1.32528552e+00 
 5.20498656e-07  0.00000000e+00  1.56281836e+00 
 5.23121618e-07  0.00000000e+00  1.71950230e+00 
 5.25906937e-07  0.00000000e+00  1.77917136e+00 
 5.31216339e-07  0.00000000e+00  1.80136838e+00 
 5.38400630e-07  0.00000000e+00  1.79995548e+00 
 5.48665717e-07  0.00000000e+00  1.79999434e+00 
 5.69195889e-07  0.00000000e+00  1.80010834e+00 
 5.99927085e-07  0.00000000e+00  1.79991469e+00 
 6.61389478e-07  0.00000000e+00  1.80011116e+00 
 7.50100000e-07  9.52912066e-13  1.79989733e+00 
 7.50110000e-07  1.80000000e-01  1.80056831e+00 
 7.50130000e-07  5.40000000e-01  1.80190961e+00 
 7.50170000e-07  1.26000000e+00  1.80465415e+00 
 7.50200000e-07  1.80000000e+00  1.80657653e+00 
 7.50200745e-07  1.80000000e+00  1.80658305e+00 
 7.50202234e-07  1.80000000e+00  1.80654713e+00 
 7.50205212e-07  1.80000000e+00  1.80634883e+00 
 7.50211168e-07  1.80000000e+00  1.80599004e+00 
 7.50223081e-07  1.80000000e+00  1.80562425e+00 
 7.50246906e-07  1.80000000e+00  1.80527239e+00 
 7.50294556e-07  1.80000000e+00  1.80474693e+00 
 7.50389857e-07  1.80000000e+00  1.80403141e+00 
 7.50580459e-07  1.80000000e+00  1.80308983e+00 
 7.50956160e-07  1.80000000e+00  1.80218479e+00 
 7.51478183e-07  1.80000000e+00  1.80396697e+00 
 7.52135978e-07  1.80000000e+00  1.80524675e+00 
 7.52787144e-07  1.80000000e+00  1.80292427e+00 
 7.53535979e-07  1.80000000e+00  1.80089568e+00 
 7.54575467e-07  1.80000000e+00  1.79981428e+00 
 7.55318751e-07  1.80000000e+00  1.80010575e+00 
 7.56167403e-07  1.80000000e+00  1.80121489e+00 
 7.56917600e-07  1.80000000e+00  1.79960046e+00 
 7.57751938e-07  1.80000000e+00  1.79994338e+00 
 7.58784111e-07  1.80000000e+00  1.79977169e+00 
 7.59912431e-07  1.80000000e+00  1.79998293e+00 
 7.62169072e-07  1.80000000e+00  1.79988718e+00 
 7.64634683e-07  1.80000000e+00  1.80003291e+00 
 7.68697909e-07  1.80000000e+00  1.79994131e+00 
 7.74006194e-07  1.80000000e+00  1.80005598e+00 
 7.84622765e-07  1.80000000e+00  1.79995710e+00 
 8.05855907e-07  1.80000000e+00  1.80005651e+00 
 8.48322190e-07  1.80000000e+00  1.79995625e+00 
 9.33254757e-07  1.80000000e+00  1.80005385e+00 
 1.00000000e-06  1.80000000e+00  1.79995451e+00 
 1.00001000e-06  1.62000000e+00  1.79881229e+00 
 1.00003000e-06  1.26000000e+00  1.79679314e+00 
 1.00007000e-06  5.40000000e-01  1.79433929e+00 
 1.00010000e-06  0.00000000e+00  1.79311019e+00 
 1.00010421e-06  0.00000000e+00  1.79342164e+00 
 1.00011264e-06  0.00000000e+00  1.79417544e+00 
 1.00012950e-06  0.00000000e+00  1.79520654e+00 
 1.00016320e-06  0.00000000e+00  1.79632795e+00 
 1.00023062e-06  0.00000000e+00  1.79807261e+00 
 1.00036546e-06  0.00000000e+00  1.79979466e+00 
 1.00055264e-06  0.00000000e+00  1.80082441e+00 
 1.00092699e-06  0.00000000e+00  1.80156253e+00 
 1.00143646e-06  0.00000000e+00  1.80163695e+00 
 1.00198237e-06  0.00000000e+00  1.80086577e+00 
 1.00256121e-06  0.00000000e+00  1.79927192e+00 
 1.00320619e-06  0.00000000e+00  1.79801719e+00 
 1.00387913e-06  0.00000000e+00  1.79885256e+00 
 1.00466734e-06  0.00000000e+00  1.79854500e+00 
 1.00548723e-06  0.00000000e+00  1.79964934e+00 
 1.00635291e-06  0.00000000e+00  1.79457460e+00 
 1.00730622e-06  0.00000000e+00  1.79188506e+00 
 1.00811008e-06  0.00000000e+00  1.79086196e+00 
 1.00904933e-06  0.00000000e+00  1.78802159e+00 
 1.00997877e-06  0.00000000e+00  1.79064407e+00 
 1.01119386e-06  0.00000000e+00  1.79446189e+00 
 1.01294089e-06  0.00000000e+00  1.79745908e+00 
 1.01554401e-06  0.00000000e+00  1.79930954e+00 
 1.01798696e-06  0.00000000e+00  1.80000829e+00 
 1.02016892e-06  0.00000000e+00  1.80016269e+00 
 1.02200102e-06  0.00000000e+00  1.79946774e+00 
 1.02397080e-06  0.00000000e+00  1.79936268e+00 
 1.02578821e-06  0.00000000e+00  1.79850046e+00 
 1.02762277e-06  0.00000000e+00  1.79826057e+00 
 1.02995563e-06  0.00000000e+00  1.79943980e+00 
 1.03217255e-06  0.00000000e+00  1.79978172e+00 
 1.03521243e-06  0.00000000e+00  1.79992376e+00 
 1.03941020e-06  0.00000000e+00  1.79998804e+00 
 1.04517401e-06  0.00000000e+00  1.79996341e+00 
 1.05440350e-06  0.00000000e+00  1.79999686e+00 
 1.06831065e-06  0.00000000e+00  1.79996707e+00 
 1.09077543e-06  0.00000000e+00  1.80000364e+00 
 1.12709972e-06  0.00000000e+00  1.79997304e+00 
 1.18567942e-06  0.00000000e+00  1.80001006e+00 
 1.25010000e-06  0.00000000e+00  1.79997753e+00 
 1.25011000e-06  1.80000000e-01  1.80073695e+00 
 1.25013000e-06  5.40000000e-01  1.80227546e+00 
 1.25017000e-06  1.26000000e+00  1.80527058e+00 
 1.25020000e-06  1.80000000e+00  1.80736932e+00 
 1.25020075e-06  1.80000000e+00  1.80738175e+00 
 1.25020224e-06  1.80000000e+00  1.80735382e+00 
 1.25020522e-06  1.80000000e+00  1.80715381e+00 
 1.25021118e-06  1.80000000e+00  1.80677309e+00 
 1.25022310e-06  1.80000000e+00  1.80637345e+00 
 1.25024694e-06  1.80000000e+00  1.80596496e+00 
 1.25029462e-06  1.80000000e+00  1.80532581e+00 
 1.25038998e-06  1.80000000e+00  1.80442791e+00 
 1.25058071e-06  1.80000000e+00  1.80329424e+00 
 1.25091313e-06  1.80000000e+00  1.80225798e+00 
 1.25146018e-06  1.80000000e+00  1.80349998e+00 
 1.25208426e-06  1.80000000e+00  1.80503294e+00 
 1.25275503e-06  1.80000000e+00  1.80270283e+00 
 1.25349198e-06  1.80000000e+00  1.80105994e+00 
 1.25451789e-06  1.80000000e+00  1.80012172e+00 
 1.25527254e-06  1.80000000e+00  1.79953429e+00 
 1.25613419e-06  1.80000000e+00  1.79873224e+00 
 1.25702149e-06  1.80000000e+00  1.79830709e+00 
 1.25795073e-06  1.80000000e+00  1.79847812e+00 
 1.25924888e-06  1.80000000e+00  1.79879795e+00 
 1.26107583e-06  1.80000000e+00  1.79920467e+00 
 1.26326564e-06  1.80000000e+00  1.79950354e+00 
 1.26648029e-06  1.80000000e+00  1.79976571e+00 
 1.27075127e-06  1.80000000e+00  1.79991068e+00 
 1.27929324e-06  1.80000000e+00  1.79999886e+00 
 1.29637717e-06  1.80000000e+00  1.79999888e+00 
 1.32619669e-06  1.80000000e+00  1.80000130e+00 
 1.38583574e-06  1.80000000e+00  1.79999846e+00 
 1.49965120e-06  1.80000000e+00  1.80000145e+00 
 1.50000000e-06  1.80000000e+00  1.80000329e+00 
 1.50000526e-06  1.70528504e+00  1.79936145e+00 
 1.50001579e-06  1.51585511e+00  1.79798936e+00 
 1.50003683e-06  1.13699525e+00  1.79606581e+00 
 1.50007893e-06  3.79275540e-01  1.79350843e+00 
 1.50010000e-06  0.00000000e+00  1.79250896e+00 
 1.50010302e-06  0.00000000e+00  1.79273904e+00 
 1.50010906e-06  0.00000000e+00  1.79331598e+00 
 1.50012113e-06  0.00000000e+00  1.79422698e+00 
 1.50014529e-06  0.00000000e+00  1.79522462e+00 
 1.50019359e-06  0.00000000e+00  1.79679466e+00 
 1.50029020e-06  0.00000000e+00  1.79873722e+00 
 1.50044821e-06  0.00000000e+00  1.80025368e+00 
 1.50070635e-06  0.00000000e+00  1.80118603e+00 
 1.50122262e-06  0.00000000e+00  1.80163111e+00 
 1.50186103e-06  0.00000000e+00  1.80070207e+00 
 1.50262673e-06  0.00000000e+00  1.79896457e+00 
 1.50337362e-06  0.00000000e+00  1.79875696e+00 
 1.50407055e-06  0.00000000e+00  1.79944695e+00 
 1.50505581e-06  0.00000000e+00  1.79967718e+00 
 1.50594737e-06  0.00000000e+00  1.79977613e+00 
 1.50693872e-06  0.00000000e+00  1.79984471e+00 
 1.50843735e-06  0.00000000e+00  1.79987017e+00 
 1.50990526e-06  0.00000000e+00  1.79991863e+00 
 1.51115117e-06  0.00000000e+00  1.79998451e+00 
 1.51251858e-06  0.00000000e+00  1.79992969e+00 
 1.51422661e-06  0.00000000e+00  1.79998834e+00 
 1.51599998e-06  0.00000000e+00  1.79993593e+00 
 1.51765553e-06  0.00000000e+00  1.79999186e+00 
 1.51988446e-06  0.00000000e+00  1.79994012e+00 
 1.52224346e-06  0.00000000e+00  1.79999420e+00 
 1.52619407e-06  0.00000000e+00  1.79994458e+00 
 1.53199801e-06  0.00000000e+00  1.79999889e+00 
 1.54164882e-06  0.00000000e+00  1.79995130e+00 
 1.55883835e-06  0.00000000e+00  1.80000705e+00 
 1.58799456e-06  0.00000000e+00  1.79996084e+00 
 1.64130063e-06  0.00000000e+00  1.80001639e+00 
 1.73590034e-06  0.00000000e+00  1.79996896e+00 
 1.75010000e-06  0.00000000e+00  1.80002020e+00 
 1.75011000e-06  1.80000000e-01  1.80068132e+00 
 1.75013000e-06  5.40000000e-01  1.80207976e+00 
 1.75017000e-06  1.26000000e+00  1.80500051e+00 
 1.75020000e-06  1.80000000e+00  1.80710054e+00 
 1.75020076e-06  1.80000000e+00  1.80711292e+00 
 1.75020227e-06  1.80000000e+00  1.80708445e+00 
 1.75020531e-06  1.80000000e+00  1.80688501e+00 
 1.75021137e-06  1.80000000e+00  1.80651368e+00 
 1.75022350e-06  1.80000000e+00  1.80613367e+00 
 1.75024776e-06  1.80000000e+00  1.80574915e+00 
 1.75029628e-06  1.80000000e+00  1.80514321e+00 
 1.75039332e-06  1.80000000e+00  1.80428998e+00 
 1.75058739e-06  1.80000000e+00  1.80320222e+00 
 1.75092616e-06  1.80000000e+00  1.80223726e+00 
 1.75146544e-06  1.80000000e+00  1.80356507e+00 
 1.75210279e-06  1.80000000e+00  1.80502123e+00 
 1.75276056e-06  1.80000000e+00  1.80271435e+00 
 1.75349601e-06  1.80000000e+00  1.80109786e+00 
 1.75452177e-06  1.80000000e+00  1.80025813e+00 
 1.75525847e-06  1.80000000e+00  1.79973519e+00 
 1.75610349e-06  1.80000000e+00  1.79895621e+00 
 1.75684117e-06  1.80000000e+00  1.79838804e+00 
 1.75766638e-06  1.80000000e+00  1.79836767e+00 
 1.75867518e-06  1.80000000e+00  1.79859602e+00 
 1.75980050e-06  1.80000000e+00  1.79888142e+00 
 1.76205115e-06  1.80000000e+00  1.79932518e+00 
 1.76442375e-06  1.80000000e+00  1.79959634e+00 
 1.76841964e-06  1.80000000e+00  1.79984714e+00 
 1.77340907e-06  1.80000000e+00  1.79994844e+00 
 1.78338793e-06  1.80000000e+00  1.80000687e+00 
 1.80334566e-06  1.80000000e+00  1.79999407e+00 
 1.84326110e-06  1.80000000e+00  1.80000552e+00 
 1.92309199e-06  1.80000000e+00  1.79999443e+00 
 2.00000000e-06  1.80000000e+00  1.80000539e+00 
 2.00001000e-06  1.62000000e+00  1.79880175e+00 
 2.00003000e-06  1.26000000e+00  1.79664695e+00 
 2.00007000e-06  5.40000000e-01  1.79396924e+00 
 2.00010000e-06  3.67639252e-12  1.79257409e+00 
 2.00010421e-06  0.00000000e+00  1.79286659e+00 
 2.00011264e-06  0.00000000e+00  1.79360344e+00 
 2.00012948e-06  0.00000000e+00  1.79465526e+00 
 2.00016318e-06  0.00000000e+00  1.79583884e+00 
 2.00023056e-06  0.00000000e+00  1.79772048e+00 
 2.00036534e-06  0.00000000e+00  1.79961536e+00 
 2.00054486e-06  0.00000000e+00  1.80072657e+00 
 2.00090391e-06  0.00000000e+00  1.80153743e+00 
 2.00141334e-06  0.00000000e+00  1.80149071e+00 
 2.00196324e-06  0.00000000e+00  1.80044004e+00 
 2.00254751e-06  0.00000000e+00  1.79906886e+00 
 2.00319552e-06  0.00000000e+00  1.79852036e+00 
 2.00387380e-06  0.00000000e+00  1.79922644e+00 
 2.00463310e-06  0.00000000e+00  1.79959837e+00 
 2.00545058e-06  0.00000000e+00  1.79974457e+00 
 2.00635357e-06  0.00000000e+00  1.79978566e+00 
 2.00727674e-06  0.00000000e+00  1.79993200e+00 
 2.00813801e-06  0.00000000e+00  1.79987664e+00 
 2.00904893e-06  0.00000000e+00  1.79996354e+00 
 2.00999508e-06  0.00000000e+00  1.79990416e+00 
 2.01122991e-06  0.00000000e+00  1.79998263e+00 
 2.01291826e-06  0.00000000e+00  1.79992924e+00 
 2.01555279e-06  0.00000000e+00  1.80004690e+00 
 2.01805935e-06  0.00000000e+00  1.80019166e+00 
 2.02022821e-06  0.00000000e+00  1.80027981e+00 
 2.02201943e-06  0.00000000e+00  1.79952031e+00 
 2.02374495e-06  0.00000000e+00  1.79939951e+00 
 2.02560124e-06  0.00000000e+00  1.79886126e+00 
 2.02732135e-06  0.00000000e+00  1.79814337e+00 
 2.02946341e-06  0.00000000e+00  1.79910030e+00 
 2.03163069e-06  0.00000000e+00  1.79974211e+00 
 2.03427972e-06  0.00000000e+00  1.79984296e+00 
 2.03811470e-06  0.00000000e+00  1.80002124e+00 
 2.04347654e-06  0.00000000e+00  1.79992661e+00 
 2.05204179e-06  0.00000000e+00  1.80003190e+00 
 2.06391789e-06  0.00000000e+00  1.79992195e+00 
 2.07621303e-06  0.00000000e+00  1.79998596e+00 
 2.08920917e-06  0.00000000e+00  1.80003519e+00 
 2.09845822e-06  0.00000000e+00  1.79994670e+00 
 2.10727880e-06  0.00000000e+00  1.80003829e+00 
 2.11432756e-06  0.00000000e+00  1.79995449e+00 
 2.12198831e-06  0.00000000e+00  1.80002354e+00 
 2.13010430e-06  0.00000000e+00  1.79996021e+00 
 2.13772095e-06  0.00000000e+00  1.80001523e+00 
 2.15173801e-06  0.00000000e+00  1.79996971e+00 
 2.16906478e-06  0.00000000e+00  1.80001178e+00 
 2.19454589e-06  0.00000000e+00  1.79997528e+00 
 2.23547567e-06  0.00000000e+00  1.80001141e+00 
 2.25010000e-06  0.00000000e+00  1.79998023e+00 
 2.25011000e-06  1.80000000e-01  1.80062960e+00 
 2.25013000e-06  5.40000000e-01  1.80204454e+00 
 2.25017000e-06  1.26000000e+00  1.80496002e+00 
 2.25020000e-06  1.80000000e+00  1.80703330e+00 
 2.25020076e-06  1.80000000e+00  1.80704829e+00 
 2.25020228e-06  1.80000000e+00  1.80702667e+00 
 2.25020531e-06  1.80000000e+00  1.80683768e+00 
 2.25021138e-06  1.80000000e+00  1.80646311e+00 
 2.25022351e-06  1.80000000e+00  1.80606618e+00 
 2.25024778e-06  1.80000000e+00  1.80567482e+00 
 2.25029633e-06  1.80000000e+00  1.80508097e+00 
 2.25039341e-06  1.80000000e+00  1.80426843e+00 
 2.25058758e-06  1.80000000e+00  1.80321159e+00 
 2.25092783e-06  1.80000000e+00  1.80224560e+00 
 2.25146456e-06  1.80000000e+00  1.80356208e+00 
 2.25210373e-06  1.80000000e+00  1.80496661e+00 
 2.25275960e-06  1.80000000e+00  1.80253225e+00 
 2.25349610e-06  1.80000000e+00  1.80065389e+00 
 2.25451934e-06  1.80000000e+00  1.79980905e+00 
 2.25523050e-06  1.80000000e+00  1.79979076e+00 
 2.25604915e-06  1.80000000e+00  1.79981874e+00 
 2.25695459e-06  1.80000000e+00  1.79979162e+00 
 2.25788678e-06  1.80000000e+00  1.79983920e+00 
 2.25911921e-06  1.80000000e+00  1.79987541e+00 
 2.26113427e-06  1.80000000e+00  1.79992323e+00 
 2.26323869e-06  1.80000000e+00  1.79995030e+00 
 2.26649770e-06  1.80000000e+00  1.79997706e+00 
 2.27066871e-06  1.80000000e+00  1.79999105e+00 
 2.27901074e-06  1.80000000e+00  1.79999953e+00 
 2.29569479e-06  1.80000000e+00  1.80000009e+00 
 2.32506715e-06  1.80000000e+00  1.79999978e+00 
 2.38381189e-06  1.80000000e+00  1.80000008e+00 
 2.47725205e-06  1.80000000e+00  1.79999981e+00 
 2.50000000e-06  1.80000000e+00  1.80000010e+00 
 2.50001000e-06  1.62000000e+00  1.79880593e+00 
 2.50003000e-06  1.26000000e+00  1.79664544e+00 
 2.50007000e-06  5.40000000e-01  1.79395984e+00 
 2.50010000e-06  3.67639252e-12  1.79258837e+00 
 2.50010421e-06  0.00000000e+00  1.79287890e+00 
 2.50011264e-06  0.00000000e+00  1.79362814e+00 
 2.50012948e-06  0.00000000e+00  1.79472364e+00 
 2.50016318e-06  0.00000000e+00  1.79591394e+00 
 2.50023056e-06  0.00000000e+00  1.79776630e+00 
 2.50036534e-06  0.00000000e+00  1.79959389e+00 
 2.50054496e-06  0.00000000e+00  1.80068050e+00 
 2.50090422e-06  0.00000000e+00  1.80148574e+00 
 2.50141384e-06  0.00000000e+00  1.80165167e+00 
 2.50196365e-06  0.00000000e+00  1.80093669e+00 
 2.50250738e-06  0.00000000e+00  1.79946864e+00 
 2.50320513e-06  0.00000000e+00  1.79776495e+00 
 2.50384965e-06  0.00000000e+00  1.79786509e+00 
 2.50461923e-06  0.00000000e+00  1.79832138e+00 
 2.50543360e-06  0.00000000e+00  1.79886577e+00 
 2.50634392e-06  0.00000000e+00  1.79922618e+00 
 2.50756926e-06  0.00000000e+00  1.79956286e+00 
 2.50879051e-06  0.00000000e+00  1.79967293e+00 
 2.51012199e-06  0.00000000e+00  1.79986755e+00 
 2.51161467e-06  0.00000000e+00  1.79987915e+00 
 2.51308352e-06  0.00000000e+00  1.79996576e+00 
 2.51454362e-06  0.00000000e+00  1.79992736e+00 
 2.51609935e-06  0.00000000e+00  1.79999172e+00 
 2.51767751e-06  0.00000000e+00  1.79994283e+00 
 2.51946043e-06  0.00000000e+00  1.79999938e+00 
 2.52302625e-06  0.00000000e+00  1.79994903e+00 
 2.53015791e-06  0.00000000e+00  1.80000481e+00 
 2.54265169e-06  0.00000000e+00  1.79995483e+00 
 2.56763925e-06  0.00000000e+00  1.80001226e+00 
 2.61761437e-06  0.00000000e+00  1.79996388e+00 
 2.71756462e-06  0.00000000e+00  1.80002094e+00 
 2.75010000e-06  0.00000000e+00  1.79996851e+00 
 2.75011000e-06  1.80000000e-01  1.80066959e+00 
 2.75013000e-06  5.40000000e-01  1.80210045e+00 
 2.75017000e-06  1.26000000e+00  1.80499340e+00 
 2.75020000e-06  1.80000000e+00  1.80706690e+00 
 2.75020074e-06  1.80000000e+00  1.80708093e+00 
 2.75020223e-06  1.80000000e+00  1.80705860e+00 
 2.75020521e-06  1.80000000e+00  1.80686997e+00 
 2.75021117e-06  1.80000000e+00  1.80649774e+00 
 2.75022309e-06  1.80000000e+00  1.80610368e+00 
 2.75024692e-06  1.80000000e+00  1.80571370e+00 
 2.75029459e-06  1.80000000e+00  1.80512067e+00 
 2.75038993e-06  1.80000000e+00  1.80430311e+00 
 2.75058061e-06  1.80000000e+00  1.80324632e+00 
 2.75091413e-06  1.80000000e+00  1.80225090e+00 
 2.75145443e-06  1.80000000e+00  1.80351074e+00 
 2.75208216e-06  1.80000000e+00  1.80504013e+00 
 2.75274871e-06  1.80000000e+00  1.80261446e+00 
 2.75347989e-06  1.80000000e+00  1.80064040e+00 
 2.75449983e-06  1.80000000e+00  1.79953655e+00 
 2.75523885e-06  1.80000000e+00  1.79961553e+00 
 2.75609332e-06  1.80000000e+00  1.80001944e+00 
 2.75683852e-06  1.80000000e+00  1.80033813e+00 
 2.75766455e-06  1.80000000e+00  1.80085488e+00 
 2.75867034e-06  1.80000000e+00  1.80117135e+00 
 2.75979170e-06  1.80000000e+00  1.80110978e+00 
 2.76093405e-06  1.80000000e+00  1.80084314e+00 
 2.76259562e-06  1.80000000e+00  1.80059976e+00 
 2.76446763e-06  1.80000000e+00  1.80041337e+00 
 2.76698407e-06  1.80000000e+00  1.80024024e+00 
 2.77020298e-06  1.80000000e+00  1.80011275e+00 
 2.77483269e-06  1.80000000e+00  1.80003890e+00 
 2.78409213e-06  1.80000000e+00  1.79999847e+00 
 2.80022646e-06  1.80000000e+00  1.80000116e+00 
 2.83249514e-06  1.80000000e+00  1.79999873e+00 
 2.89703248e-06  1.80000000e+00  1.80000112e+00 
 3.00000000e-06  1.80000000e+00  1.79999879e+00 
 3.00001000e-06  1.62000000e+00  1.79880635e+00 
 3.00003000e-06  1.26000000e+00  1.79665043e+00 
 3.00007000e-06  5.40000000e-01  1.79396744e+00 
 3.00010000e-06  3.67639252e-12  1.79259610e+00 
 3.00010421e-06  0.00000000e+00  1.79288700e+00 
 3.00011264e-06  0.00000000e+00  1.79363680e+00 
 3.00012948e-06  0.00000000e+00  1.79473240e+00 
 3.00016318e-06  0.00000000e+00  1.79592152e+00 
 3.00023057e-06  0.00000000e+00  1.79777030e+00 
 3.00036535e-06  0.00000000e+00  1.79959302e+00 
 3.00054488e-06  0.00000000e+00  1.80067760e+00 
 3.00090396e-06  0.00000000e+00  1.80148314e+00 
 3.00141299e-06  0.00000000e+00  1.80166472e+00 
 3.00196254e-06  0.00000000e+00  1.80095821e+00 
 3.00254423e-06  0.00000000e+00  1.79937853e+00 
 3.00319259e-06  0.00000000e+00  1.79796165e+00 
 3.00387005e-06  0.00000000e+00  1.79877913e+00 
 3.00462708e-06  0.00000000e+00  1.79778645e+00 
 3.00543589e-06  0.00000000e+00  1.79861642e+00 
 3.00628385e-06  0.00000000e+00  1.79997361e+00 
 3.00707247e-06  0.00000000e+00  1.80049629e+00 
 3.00795027e-06  0.00000000e+00  1.80074355e+00 
 3.00886030e-06  0.00000000e+00  1.80029989e+00 
 3.00977396e-06  0.00000000e+00  1.80032255e+00 
 3.01108846e-06  0.00000000e+00  1.80006602e+00 
 3.01258355e-06  0.00000000e+00  1.80010327e+00 
 3.01473752e-06  0.00000000e+00  1.79998894e+00 
 3.01630511e-06  0.00000000e+00  1.80010737e+00 
 3.01798958e-06  0.00000000e+00  1.80023510e+00 
 3.01978263e-06  0.00000000e+00  1.80035988e+00 
 3.02119403e-06  0.00000000e+00  1.79974910e+00 
 3.02258685e-06  0.00000000e+00  1.79913443e+00 
 3.02425885e-06  0.00000000e+00  1.79969769e+00 
 3.02585498e-06  0.00000000e+00  1.79848823e+00 
 3.02733672e-06  0.00000000e+00  1.79820521e+00 
 3.02928645e-06  0.00000000e+00  1.79911937e+00 
 3.03172017e-06  0.00000000e+00  1.79974550e+00 
 3.03434359e-06  0.00000000e+00  1.79988213e+00 
 3.03890543e-06  0.00000000e+00  1.79999659e+00 
 3.04515911e-06  0.00000000e+00  1.79995941e+00 
 3.05539859e-06  0.00000000e+00  1.80000242e+00 
 3.06549192e-06  0.00000000e+00  1.80012637e+00 
 3.07320685e-06  0.00000000e+00  1.79989650e+00 
 3.07832463e-06  0.00000000e+00  1.79967534e+00 
 3.08191475e-06  0.00000000e+00  1.80031587e+00 
 3.08584996e-06  0.00000000e+00  1.79966792e+00 
 3.09177056e-06  0.00000000e+00  1.80029447e+00 
 3.09730324e-06  0.00000000e+00  1.79969260e+00 
 3.10566148e-06  0.00000000e+00  1.80027296e+00 
 3.11555351e-06  0.00000000e+00  1.79971301e+00 
 3.12862203e-06  0.00000000e+00  1.80025944e+00 
 3.14649868e-06  0.00000000e+00  1.79972681e+00 
 3.16966424e-06  0.00000000e+00  1.80025280e+00 
 3.20174567e-06  0.00000000e+00  1.79973571e+00 
 3.23901210e-06  0.00000000e+00  1.80024980e+00 
 3.25010000e-06  0.00000000e+00  1.79974697e+00 
 3.25011000e-06  1.80000000e-01  1.80037964e+00 
 3.25013000e-06  5.40000000e-01  1.80180942e+00 
 3.25017000e-06  1.26000000e+00  1.80484013e+00 
 3.25020000e-06  1.80000000e+00  1.80694472e+00 
 3.25020075e-06  1.80000000e+00  1.80696055e+00 
 3.25020224e-06  1.80000000e+00  1.80694041e+00 
 3.25020522e-06  1.80000000e+00  1.80675480e+00 
 3.25021118e-06  1.80000000e+00  1.80639824e+00 
 3.25022310e-06  1.80000000e+00  1.80603175e+00 
 3.25024694e-06  1.80000000e+00  1.80567003e+00 
 3.25029463e-06  1.80000000e+00  1.80510387e+00 
 3.25039000e-06  1.80000000e+00  1.80428992e+00 
 3.25058075e-06  1.80000000e+00  1.80322102e+00 
 3.25091385e-06  1.80000000e+00  1.80222412e+00 
 3.25145391e-06  1.80000000e+00  1.80348868e+00 
 3.25208147e-06  1.80000000e+00  1.80505818e+00 
 3.25274772e-06  1.80000000e+00  1.80273801e+00 
 3.25347925e-06  1.80000000e+00  1.80108757e+00 
 3.25449834e-06  1.80000000e+00  1.80015958e+00 
 3.25524767e-06  1.80000000e+00  1.79957380e+00 
 3.25611402e-06  1.80000000e+00  1.79876539e+00 
 3.25698770e-06  1.80000000e+00  1.79832010e+00 
 3.25790684e-06  1.80000000e+00  1.79847267e+00 
 3.25922527e-06  1.80000000e+00  1.79879512e+00 
 3.26096439e-06  1.80000000e+00  1.79918420e+00 
 3.26319431e-06  1.80000000e+00  1.79949874e+00 
 3.26629998e-06  1.80000000e+00  1.79975408e+00 
 3.27060273e-06  1.80000000e+00  1.79990993e+00 
 3.27920823e-06  1.80000000e+00  1.79999721e+00 
 3.29601666e-06  1.80000000e+00  1.80000073e+00 
 3.32510082e-06  1.80000000e+00  1.79999943e+00 
 3.38326912e-06  1.80000000e+00  1.80000034e+00 
 3.49749640e-06  1.80000000e+00  1.79999955e+00 
 3.50000000e-06  1.80000000e+00  1.80000084e+00 
 3.50001000e-06  1.62000000e+00  1.79880875e+00 
 3.50003000e-06  1.26000000e+00  1.79666956e+00 
 3.50007000e-06  5.40000000e-01  1.79399418e+00 
 3.50010000e-06  3.67639252e-12  1.79259441e+00 
 3.50010421e-06  0.00000000e+00  1.79288028e+00 
 3.50011263e-06  0.00000000e+00  1.79361104e+00 
 3.50012948e-06  0.00000000e+00  1.79466072e+00 
 3.50016317e-06  0.00000000e+00  1.79583974e+00 
 3.50023056e-06  0.00000000e+00  1.79771886e+00 
 3.50036533e-06  0.00000000e+00  1.79961020e+00 
 3.50054491e-06  0.00000000e+00  1.80072412e+00 
 3.50090407e-06  0.00000000e+00  1.80153708e+00 
 3.50141314e-06  0.00000000e+00  1.80150164e+00 
 3.50196272e-06  0.00000000e+00  1.80044859e+00 
 3.50254888e-06  0.00000000e+00  1.79904990e+00 
 3.50319378e-06  0.00000000e+00  1.79850540e+00 
 3.50387033e-06  0.00000000e+00  1.79930932e+00 
 3.50463652e-06  0.00000000e+00  1.79963910e+00 
 3.50545701e-06  0.00000000e+00  1.79973834e+00 
 3.50631677e-06  0.00000000e+00  1.79979730e+00 
 3.50751960e-06  0.00000000e+00  1.79989561e+00 
 3.50871804e-06  0.00000000e+00  1.79984007e+00 
 3.51000667e-06  0.00000000e+00  1.79998498e+00 
 3.51145076e-06  0.00000000e+00  1.79992421e+00 
 3.51291956e-06  0.00000000e+00  1.79999493e+00 
 3.51433164e-06  0.00000000e+00  1.79992792e+00 
 3.51582824e-06  0.00000000e+00  1.79999957e+00 
 3.51733129e-06  0.00000000e+00  1.79993196e+00 
 3.51907128e-06  0.00000000e+00  1.80000174e+00 
 3.52255126e-06  0.00000000e+00  1.79993578e+00 
 3.52871868e-06  0.00000000e+00  1.80000669e+00 
 3.54105353e-06  0.00000000e+00  1.79994369e+00 
 3.56572322e-06  0.00000000e+00  1.80001719e+00 
 3.61506261e-06  0.00000000e+00  1.79995557e+00 
 3.71374139e-06  0.00000000e+00  1.80002777e+00 
 3.75010000e-06  0.00000000e+00  1.79996105e+00 
 3.75011000e-06  1.80000000e-01  1.80064904e+00 
 3.75013000e-06  5.40000000e-01  1.80206763e+00 
 3.75017000e-06  1.26000000e+00  1.80498230e+00 
 3.75020000e-06  1.80000000e+00  1.80705264e+00 
 3.75020074e-06  1.80000000e+00  1.80706597e+00 
 3.75020223e-06  1.80000000e+00  1.80704131e+00 
 3.75020521e-06  1.80000000e+00  1.80685002e+00 
 3.75021117e-06  1.80000000e+00  1.80648764e+00 
 3.75022309e-06  1.80000000e+00  1.80611325e+00 
 3.75024692e-06  1.80000000e+00  1.80573741e+00 
 3.75029459e-06  1.80000000e+00  1.80514737e+00 
 3.75038993e-06  1.80000000e+00  1.80430999e+00 
 3.75058060e-06  1.80000000e+00  1.80323460e+00 
 3.75091409e-06  1.80000000e+00  1.80224234e+00 
 3.75145347e-06  1.80000000e+00  1.80350754e+00 
 3.75208142e-06  1.80000000e+00  1.80507749e+00 
 3.75274726e-06  1.80000000e+00  1.80276159e+00 
 3.75347890e-06  1.80000000e+00  1.80112161e+00 
 3.75449731e-06  1.80000000e+00  1.80028102e+00 
 3.75523496e-06  1.80000000e+00  1.79976463e+00 
 3.75608914e-06  1.80000000e+00  1.79898400e+00 
 3.75682898e-06  1.80000000e+00  1.79840272e+00 
 3.75765553e-06  1.80000000e+00  1.79836402e+00 
 3.75866265e-06  1.80000000e+00  1.79859765e+00 
 3.75978251e-06  1.80000000e+00  1.79887368e+00 
 3.76202222e-06  1.80000000e+00  1.79932389e+00 
 3.76438730e-06  1.80000000e+00  1.79958957e+00 
 3.76836622e-06  1.80000000e+00  1.79984825e+00 
 3.77331313e-06  1.80000000e+00  1.79994406e+00 
 3.78320693e-06  1.80000000e+00  1.80000981e+00 
 3.80299453e-06  1.80000000e+00  1.79999105e+00 
 3.84175979e-06  1.80000000e+00  1.80000857e+00 
 3.91929031e-06  1.80000000e+00  1.79999138e+00 
 4.00000000e-06  1.80000000e+00  1.80000846e+00 
 4.00001000e-06  1.62000000e+00  1.79881550e+00 
 4.00003000e-06  1.26000000e+00  1.79667829e+00 
 4.00007000e-06  5.40000000e-01  1.79400219e+00 
 4.00010000e-06  0.00000000e+00  1.79259965e+00 
 4.00010421e-06  0.00000000e+00  1.79288723e+00 
 4.00011264e-06  0.00000000e+00  1.79361885e+00 
 4.00012948e-06  0.00000000e+00  1.79466529e+00 
 4.00016318e-06  0.00000000e+00  1.79584157e+00 
 4.00023056e-06  0.00000000e+00  1.79771933e+00 
 4.00036534e-06  0.00000000e+00  1.79961303e+00 
 4.00054487e-06  0.00000000e+00  1.80072732e+00 
 4.00090394e-06  0.00000000e+00  1.80153814e+00 
 4.00141301e-06  0.00000000e+00  1.80149558e+00 
 4.00196259e-06  0.00000000e+00  1.80044122e+00 
 4.00254710e-06  0.00000000e+00  1.79905864e+00 
 4.00319564e-06  0.00000000e+00  1.79850562e+00 
 4.00387414e-06  0.00000000e+00  1.79922864e+00 
 4.00463348e-06  0.00000000e+00  1.79959860e+00 
 4.00545049e-06  0.00000000e+00  1.79975142e+00 
 4.00635327e-06  0.00000000e+00  1.79978632e+00 
 4.00727966e-06  0.00000000e+00  1.79993549e+00 
 4.00808216e-06  0.00000000e+00  1.79987333e+00 
 4.00904464e-06  0.00000000e+00  1.79996596e+00 
 4.00996266e-06  0.00000000e+00  1.79990262e+00 
 4.01119093e-06  0.00000000e+00  1.79998371e+00 
 4.01292275e-06  0.00000000e+00  1.79993003e+00 
 4.01527023e-06  0.00000000e+00  1.80004706e+00 
 4.01786293e-06  0.00000000e+00  1.80019503e+00 
 4.02003828e-06  0.00000000e+00  1.80026162e+00 
 4.02176049e-06  0.00000000e+00  1.79953556e+00 
 4.02338279e-06  0.00000000e+00  1.79936748e+00 
 4.02524248e-06  0.00000000e+00  1.79906864e+00 
 4.02692748e-06  0.00000000e+00  1.79817363e+00 
 4.02911085e-06  0.00000000e+00  1.79894274e+00 
 4.03111242e-06  0.00000000e+00  1.79968379e+00 
 4.03391187e-06  0.00000000e+00  1.79982006e+00 
 4.03762158e-06  0.00000000e+00  1.79997075e+00 
 4.04346524e-06  0.00000000e+00  1.79987509e+00 
 4.05185322e-06  0.00000000e+00  1.80005785e+00 
 4.05984698e-06  0.00000000e+00  1.80003698e+00 
 4.06583363e-06  0.00000000e+00  1.79991964e+00 
 4.07180350e-06  0.00000000e+00  1.80003199e+00 
 4.07659016e-06  0.00000000e+00  1.79996485e+00 
 4.08243662e-06  0.00000000e+00  1.80000559e+00 
 4.09016406e-06  0.00000000e+00  1.79998020e+00 
 4.09664404e-06  0.00000000e+00  1.79998654e+00 
 4.10421722e-06  0.00000000e+00  1.79999422e+00 
 4.11633097e-06  0.00000000e+00  1.79998031e+00 
 4.13278506e-06  0.00000000e+00  1.80000181e+00 
 4.15709086e-06  0.00000000e+00  1.79997888e+00 
 4.19357783e-06  0.00000000e+00  1.80000717e+00 
 4.24824534e-06  0.00000000e+00  1.79998006e+00 
 4.25010000e-06  6.67038446e-12  1.80002761e+00 
 4.25011000e-06  1.80000000e-01  1.80066356e+00 
 4.25013000e-06  5.40000000e-01  1.80205971e+00 
 4.25017000e-06  1.26000000e+00  1.80495716e+00 
 4.25020000e-06  1.80000000e+00  1.80700396e+00 
 4.25020076e-06  1.80000000e+00  1.80701827e+00 
 4.25020228e-06  1.80000000e+00  1.80699552e+00 
 4.25020531e-06  1.80000000e+00  1.80680585e+00 
 4.25021138e-06  1.80000000e+00  1.80643368e+00 
 4.25022351e-06  1.80000000e+00  1.80604156e+00 
 4.25024778e-06  1.80000000e+00  1.80565848e+00 
 4.25029631e-06  1.80000000e+00  1.80507380e+00 
 4.25039339e-06  1.80000000e+00  1.80426951e+00 
 4.25058753e-06  1.80000000e+00  1.80321363e+00 
 4.25092579e-06  1.80000000e+00  1.80224598e+00 
 4.25146209e-06  1.80000000e+00  1.80355594e+00 
 4.25209973e-06  1.80000000e+00  1.80498013e+00 
 4.25275556e-06  1.80000000e+00  1.80254872e+00 
 4.25349175e-06  1.80000000e+00  1.80066231e+00 
 4.25451146e-06  1.80000000e+00  1.79981357e+00 
 4.25522078e-06  1.80000000e+00  1.79979046e+00 
 4.25603992e-06  1.80000000e+00  1.79981984e+00 
 4.25693553e-06  1.80000000e+00  1.79979274e+00 
 4.25786047e-06  1.80000000e+00  1.79983900e+00 
 4.25910055e-06  1.80000000e+00  1.79987536e+00 
 4.26107091e-06  1.80000000e+00  1.79992162e+00 
 4.26322500e-06  1.80000000e+00  1.79995086e+00 
 4.26638922e-06  1.80000000e+00  1.79997575e+00 
 4.27062319e-06  1.80000000e+00  1.79999169e+00 
 4.27909112e-06  1.80000000e+00  1.79999885e+00 
 4.29602698e-06  1.80000000e+00  1.80000081e+00 
 4.32534833e-06  1.80000000e+00  1.79999905e+00 
 4.38399103e-06  1.80000000e+00  1.80000086e+00 
 4.50000000e-06  1.80000000e+00  1.79999904e+00 
 4.50001000e-06  1.62000000e+00  1.79881557e+00 
 4.50003000e-06  1.26000000e+00  1.79667370e+00 
 4.50007000e-06  5.40000000e-01  1.79398415e+00 
 4.50010000e-06  0.00000000e+00  1.79260743e+00 
 4.50010426e-06  0.00000000e+00  1.79290369e+00 
 4.50011277e-06  0.00000000e+00  1.79366091e+00 
 4.50012980e-06  0.00000000e+00  1.79475465e+00 
 4.50016386e-06  0.00000000e+00  1.79594304e+00 
 4.50023199e-06  0.00000000e+00  1.79779455e+00 
 4.50036823e-06  0.00000000e+00  1.79961691e+00 
 4.50054853e-06  0.00000000e+00  1.80069432e+00 
 4.50090915e-06  0.00000000e+00  1.80149330e+00 
 4.50141833e-06  0.00000000e+00  1.80165029e+00 
 4.50196812e-06  0.00000000e+00  1.80092684e+00 
 4.50250998e-06  0.00000000e+00  1.79945812e+00 
 4.50320620e-06  0.00000000e+00  1.79776296e+00 
 4.50385126e-06  0.00000000e+00  1.79786811e+00 
 4.50462281e-06  0.00000000e+00  1.79832416e+00 
 4.50543688e-06  0.00000000e+00  1.79887129e+00 
 4.50629333e-06  0.00000000e+00  1.79920856e+00 
 4.50753143e-06  0.00000000e+00  1.79955564e+00 
 4.50870697e-06  0.00000000e+00  1.79966292e+00 
 4.50997764e-06  0.00000000e+00  1.79985896e+00 
 4.51140122e-06  0.00000000e+00  1.79986970e+00 
 4.51287944e-06  0.00000000e+00  1.79996347e+00 
 4.51428380e-06  0.00000000e+00  1.79992276e+00 
 4.51575053e-06  0.00000000e+00  1.79999133e+00 
 4.51730883e-06  0.00000000e+00  1.79993970e+00 
 4.51910032e-06  0.00000000e+00  1.80000029e+00 
 4.52245084e-06  0.00000000e+00  1.79994663e+00 
 4.52739032e-06  0.00000000e+00  1.80000535e+00 
 4.53726928e-06  0.00000000e+00  1.79995165e+00 
 4.55664793e-06  0.00000000e+00  1.80001215e+00 
 4.59382134e-06  0.00000000e+00  1.79996028e+00 
 4.66816816e-06  0.00000000e+00  1.80002109e+00 
 4.75010000e-06  6.67038446e-12  1.79996679e+00 
 4.75011000e-06  1.80000000e-01  1.80066865e+00 
 4.75013000e-06  5.40000000e-01  1.80209905e+00 
 4.75017000e-06  1.26000000e+00  1.80498297e+00 
 4.75020000e-06  1.80000000e+00  1.80703641e+00 
 4.75020074e-06  1.80000000e+00  1.80704993e+00 
 4.75020223e-06  1.80000000e+00  1.80702696e+00 
 4.75020521e-06  1.80000000e+00  1.80683885e+00 
 4.75021117e-06  1.80000000e+00  1.80646998e+00 
 4.75022308e-06  1.80000000e+00  1.80608056e+00 
 4.75024690e-06  1.80000000e+00  1.80569666e+00 
 4.75029455e-06  1.80000000e+00  1.80511329e+00 
 4.75038985e-06  1.80000000e+00  1.80430451e+00 
 4.75058044e-06  1.80000000e+00  1.80324965e+00 
 4.75091173e-06  1.80000000e+00  1.80225186e+00 
 4.75145257e-06  1.80000000e+00  1.80350405e+00 
 4.75207642e-06  1.80000000e+00  1.80505477e+00 
 4.75274453e-06  1.80000000e+00  1.80262948e+00 
 4.75347443e-06  1.80000000e+00  1.80065085e+00 
 4.75448832e-06  1.80000000e+00  1.79954331e+00 
 4.75522463e-06  1.80000000e+00  1.79961031e+00 
 4.75607953e-06  1.80000000e+00  1.80001144e+00 
 4.75682420e-06  1.80000000e+00  1.80032993e+00 
 4.75764998e-06  1.80000000e+00  1.80084619e+00 
 4.75865170e-06  1.80000000e+00  1.80117209e+00 
 4.75976699e-06  1.80000000e+00  1.80111317e+00 
 4.76089815e-06  1.80000000e+00  1.80085253e+00 
 4.76256529e-06  1.80000000e+00  1.80060072e+00 
 4.76441266e-06  1.80000000e+00  1.80042045e+00 
 4.76692289e-06  1.80000000e+00  1.80024110e+00 
 4.77010231e-06  1.80000000e+00  1.80011791e+00 
 4.77469335e-06  1.80000000e+00  1.80003773e+00 
 4.78387542e-06  1.80000000e+00  1.80000114e+00 
 4.79907326e-06  1.80000000e+00  1.79999861e+00 
 4.82946895e-06  1.80000000e+00  1.80000128e+00 
 4.89026032e-06  1.80000000e+00  1.79999857e+00 
 5.00000000e-06  1.80000000e+00  1.80000133e+00 
 5.00001000e-06  1.62000000e+00  1.79881217e+00 
 5.00003000e-06  1.26000000e+00  1.79666675e+00 
 5.00007000e-06  5.40000000e-01  1.79398683e+00 
 5.00010000e-06  0.00000000e+00  1.79261088e+00 
 5.00010421e-06  0.00000000e+00  1.79290329e+00 
 5.00011263e-06  0.00000000e+00  1.79365401e+00 
 5.00012948e-06  0.00000000e+00  1.79474381e+00 
 5.00016317e-06  0.00000000e+00  1.79592521e+00 
 5.00023055e-06  0.00000000e+00  1.79776771e+00 
 5.00036530e-06  0.00000000e+00  1.79958872e+00 
 5.00054442e-06  0.00000000e+00  1.80067567e+00 
 5.00090266e-06  0.00000000e+00  1.80148254e+00 
 5.00141123e-06  0.00000000e+00  1.80166572e+00 
 5.00196051e-06  0.00000000e+00  1.80095958e+00 
 5.00254225e-06  0.00000000e+00  1.79938199e+00 
 5.00319931e-06  0.00000000e+00  1.79795248e+00 
 5.00388302e-06  0.00000000e+00  1.79876842e+00 
 5.00464600e-06  0.00000000e+00  1.79779655e+00 
 5.00545757e-06  0.00000000e+00  1.79862968e+00 
 5.00625845e-06  0.00000000e+00  1.79996009e+00 
 5.00707935e-06  0.00000000e+00  1.80048841e+00 
 5.00788453e-06  0.00000000e+00  1.80076105e+00 
 5.00879256e-06  0.00000000e+00  1.80030935e+00 
 5.00968434e-06  0.00000000e+00  1.80033018e+00 
 5.01088297e-06  0.00000000e+00  1.80007952e+00 
 5.01254409e-06  0.00000000e+00  1.80011027e+00 
 5.01380989e-06  0.00000000e+00  1.79999704e+00 
 5.01520305e-06  0.00000000e+00  1.80007661e+00 
 5.01656071e-06  0.00000000e+00  1.80005375e+00 
 5.01814336e-06  0.00000000e+00  1.80033532e+00 
 5.01959745e-06  0.00000000e+00  1.80034017e+00 
 5.02081303e-06  0.00000000e+00  1.79991065e+00 
 5.02200680e-06  0.00000000e+00  1.79930819e+00 
 5.02346090e-06  0.00000000e+00  1.79960564e+00 
 5.02486222e-06  0.00000000e+00  1.79916281e+00 
 5.02626491e-06  0.00000000e+00  1.79828518e+00 
 5.02812546e-06  0.00000000e+00  1.79905571e+00 
 5.02985275e-06  0.00000000e+00  1.80014953e+00 
 5.03184999e-06  0.00000000e+00  1.79912128e+00 
 5.03370690e-06  0.00000000e+00  1.79963331e+00 
 5.03557586e-06  0.00000000e+00  1.79954153e+00 
 5.03761379e-06  0.00000000e+00  1.79999479e+00 
 5.03984047e-06  0.00000000e+00  1.79988450e+00 
 5.04429384e-06  0.00000000e+00  1.79999575e+00 
 5.05093109e-06  0.00000000e+00  1.79997919e+00 
 5.05887771e-06  0.00000000e+00  1.79996872e+00 
 5.07283868e-06  0.00000000e+00  1.80000628e+00 
 5.08758148e-06  0.00000000e+00  1.79995771e+00 
 5.10283035e-06  0.00000000e+00  1.80002434e+00 
 5.12329260e-06  0.00000000e+00  1.79994872e+00 
 5.16421711e-06  0.00000000e+00  1.80003594e+00 
 5.23748199e-06  0.00000000e+00  1.79994933e+00 
 5.25010000e-06  6.67038446e-12  1.80004785e+00 
 5.25011000e-06  1.80000000e-01  1.80058503e+00 
 5.25013000e-06  5.40000000e-01  1.80191192e+00 
 5.25017000e-06  1.26000000e+00  1.80485711e+00 
 5.25020000e-06  1.80000000e+00  1.80692403e+00 
 5.25020076e-06  1.80000000e+00  1.80693833e+00 
 5.25020227e-06  1.80000000e+00  1.80691350e+00 
 5.25020531e-06  1.80000000e+00  1.80672054e+00 
 5.25021137e-06  1.80000000e+00  1.80636179e+00 
 5.25022351e-06  1.80000000e+00  1.80599857e+00 
 5.25024777e-06  1.80000000e+00  1.80563737e+00 
 5.25029630e-06  1.80000000e+00  1.80507209e+00 
 5.25039336e-06  1.80000000e+00  1.80426409e+00 
 5.25058749e-06  1.80000000e+00  1.80319670e+00 
 5.25092544e-06  1.80000000e+00  1.80223582e+00 
 5.25146206e-06  1.80000000e+00  1.80355736e+00 
 5.25209305e-06  1.80000000e+00  1.80504263e+00 
 5.25275179e-06  1.80000000e+00  1.80273126e+00 
 5.25348481e-06  1.80000000e+00  1.80108397e+00 
 5.25450528e-06  1.80000000e+00  1.80016038e+00 
 5.25525508e-06  1.80000000e+00  1.79957628e+00 
 5.25611842e-06  1.80000000e+00  1.79877392e+00 
 5.25699285e-06  1.80000000e+00  1.79832455e+00 
 5.25791218e-06  1.80000000e+00  1.79847433e+00 
 5.25922294e-06  1.80000000e+00  1.79879407e+00 
 5.26098163e-06  1.80000000e+00  1.79918629e+00 
 5.26319743e-06  1.80000000e+00  1.79949929e+00 
 5.26632632e-06  1.80000000e+00  1.79975491e+00 
 5.27061577e-06  1.80000000e+00  1.79991073e+00 
 5.27919466e-06  1.80000000e+00  1.79999646e+00 
 5.29593913e-06  1.80000000e+00  1.80000137e+00 
 5.32477600e-06  1.80000000e+00  1.79999880e+00 
 5.38244975e-06  1.80000000e+00  1.80000100e+00 
 5.49277604e-06  1.80000000e+00  1.79999891e+00 
 5.50000000e-06  1.80000000e+00  1.80000101e+00 
 5.50001000e-06  1.62000000e+00  1.79880830e+00 
 5.50003000e-06  1.26000000e+00  1.79668033e+00 
 5.50007000e-06  5.40000000e-01  1.79401188e+00 
 5.50010000e-06  0.00000000e+00  1.79260807e+00 
 5.50010421e-06  0.00000000e+00  1.79290089e+00 
 5.50011264e-06  0.00000000e+00  1.79363671e+00 
 5.50012948e-06  0.00000000e+00  1.79467656e+00 
 5.50016318e-06  0.00000000e+00  1.79584413e+00 
 5.50023056e-06  0.00000000e+00  1.79771355e+00 
 5.50036534e-06  0.00000000e+00  1.79960581e+00 
 5.50054491e-06  0.00000000e+00  1.80072443e+00 
 5.50090407e-06  0.00000000e+00  1.80153864e+00 
 5.50141348e-06  0.00000000e+00  1.80150515e+00 
 5.50196336e-06  0.00000000e+00  1.80044897e+00 
 5.50254960e-06  0.00000000e+00  1.79904018e+00 
 5.50319469e-06  0.00000000e+00  1.79849497e+00 
 5.50387134e-06  0.00000000e+00  1.79931091e+00 
 5.50463739e-06  0.00000000e+00  1.79964331e+00 
 5.50545795e-06  0.00000000e+00  1.79974266e+00 
 5.50637107e-06  0.00000000e+00  1.79980293e+00 
 5.50755782e-06  0.00000000e+00  1.79989271e+00 
 5.50880039e-06  0.00000000e+00  1.79984826e+00 
 5.50999487e-06  0.00000000e+00  1.79998636e+00 
 5.51126055e-06  0.00000000e+00  1.79992040e+00 
 5.51268818e-06  0.00000000e+00  1.79999589e+00 
 5.51404585e-06  0.00000000e+00  1.79992608e+00 
 5.51545383e-06  0.00000000e+00  1.79999967e+00 
 5.51694703e-06  0.00000000e+00  1.79993088e+00 
 5.51866893e-06  0.00000000e+00  1.80000166e+00 
 5.52202112e-06  0.00000000e+00  1.79993511e+00 
 5.52701511e-06  0.00000000e+00  1.80000598e+00 
 5.53700310e-06  0.00000000e+00  1.79994213e+00 
 5.55697907e-06  0.00000000e+00  1.80001553e+00 
 5.59693101e-06  0.00000000e+00  1.79995378e+00 
 5.67683491e-06  0.00000000e+00  1.80002664e+00 
 5.75010000e-06  6.67038446e-12  1.79996093e+00 
 5.75011000e-06  1.80000000e-01  1.80065318e+00 
 5.75013000e-06  5.40000000e-01  1.80206978e+00 
 5.75017000e-06  1.26000000e+00  1.80497129e+00 
 5.75020000e-06  1.80000000e+00  1.80702905e+00 
 5.75020074e-06  1.80000000e+00  1.80704087e+00 
 5.75020223e-06  1.80000000e+00  1.80701344e+00 
 5.75020521e-06  1.80000000e+00  1.80682058e+00 
 5.75021117e-06  1.80000000e+00  1.80646097e+00 
 5.75022309e-06  1.80000000e+00  1.80609186e+00 
 5.75024692e-06  1.80000000e+00  1.80572369e+00 
 5.75029459e-06  1.80000000e+00  1.80514388e+00 
 5.75038993e-06  1.80000000e+00  1.80431306e+00 
 5.75058060e-06  1.80000000e+00  1.80323593e+00 
 5.75091401e-06  1.80000000e+00  1.80224238e+00 
 5.75145316e-06  1.80000000e+00  1.80350966e+00 
 5.75207755e-06  1.80000000e+00  1.80508627e+00 
 5.75274451e-06  1.80000000e+00  1.80276912e+00 
 5.75347467e-06  1.80000000e+00  1.80112430e+00 
 5.75449282e-06  1.80000000e+00  1.80028493e+00 
 5.75523140e-06  1.80000000e+00  1.79977056e+00 
 5.75608740e-06  1.80000000e+00  1.79899122e+00 
 5.75682805e-06  1.80000000e+00  1.79840682e+00 
 5.75765533e-06  1.80000000e+00  1.79836214e+00 
 5.75866225e-06  1.80000000e+00  1.79859787e+00 
 5.75978057e-06  1.80000000e+00  1.79887056e+00 
 5.76201720e-06  1.80000000e+00  1.79932367e+00 
 5.76438382e-06  1.80000000e+00  1.79958748e+00 
 5.76835929e-06  1.80000000e+00  1.79984908e+00 
 5.77330456e-06  1.80000000e+00  1.79994263e+00 
 5.78319511e-06  1.80000000e+00  1.80001108e+00 
 5.80297621e-06  1.80000000e+00  1.79998984e+00 
 5.84120563e-06  1.80000000e+00  1.80000978e+00 
 5.91766447e-06  1.80000000e+00  1.79999017e+00 
 6.00000000e-06  1.80000000e+00  1.80000966e+00 
 6.00001000e-06  1.62000000e+00  1.79881698e+00 
 6.00003000e-06  1.26000000e+00  1.79668887e+00 
 6.00007000e-06  5.40000000e-01  1.79401810e+00 
 6.00010000e-06  0.00000000e+00  1.79261221e+00 
 6.00010421e-06  0.00000000e+00  1.79290490e+00 
 6.00011264e-06  0.00000000e+00  1.79364020e+00 
 6.00012948e-06  0.00000000e+00  1.79467849e+00 
 6.00016318e-06  0.00000000e+00  1.79584432e+00 
 6.00023057e-06  0.00000000e+00  1.79771367e+00 
 6.00036535e-06  0.00000000e+00  1.79960839e+00 
 6.00054486e-06  0.00000000e+00  1.80072733e+00 
 6.00090389e-06  0.00000000e+00  1.80153948e+00 
 6.00141329e-06  0.00000000e+00  1.80149929e+00 
 6.00196317e-06  0.00000000e+00  1.80044151e+00 
 6.00254775e-06  0.00000000e+00  1.79904944e+00 
 6.00319712e-06  0.00000000e+00  1.79849608e+00 
 6.00387623e-06  0.00000000e+00  1.79923123e+00 
 6.00463599e-06  0.00000000e+00  1.79959998e+00 
 6.00545284e-06  0.00000000e+00  1.79975566e+00 
 6.00630140e-06  0.00000000e+00  1.79978155e+00 
 6.00724207e-06  0.00000000e+00  1.79993632e+00 
 6.00801089e-06  0.00000000e+00  1.79987166e+00 
 6.00887449e-06  0.00000000e+00  1.79996468e+00 
 6.00987745e-06  0.00000000e+00  1.79990149e+00 
 6.01100449e-06  0.00000000e+00  1.79998289e+00 
 6.01289189e-06  0.00000000e+00  1.79992811e+00 
 6.01530049e-06  0.00000000e+00  1.80004266e+00 
 6.01803984e-06  0.00000000e+00  1.80018845e+00 
 6.02027045e-06  0.00000000e+00  1.80024289e+00 
 6.02207879e-06  0.00000000e+00  1.79947652e+00 
 6.02379311e-06  0.00000000e+00  1.79947396e+00 
 6.02542041e-06  0.00000000e+00  1.79878612e+00 
 6.02715249e-06  0.00000000e+00  1.79811129e+00 
 6.02910035e-06  0.00000000e+00  1.79902046e+00 
 6.03124444e-06  0.00000000e+00  1.79970756e+00 
 6.03380840e-06  0.00000000e+00  1.79981875e+00 
 6.03762031e-06  0.00000000e+00  1.80000511e+00 
 6.04309595e-06  0.00000000e+00  1.79985711e+00 
 6.04929979e-06  0.00000000e+00  1.80002567e+00 
 6.05753515e-06  0.00000000e+00  1.79996429e+00 
 6.06534101e-06  0.00000000e+00  1.80013996e+00 
 6.07096137e-06  0.00000000e+00  1.79977319e+00 
 6.07695899e-06  0.00000000e+00  1.80019492e+00 
 6.08623059e-06  0.00000000e+00  1.79979226e+00 
 6.09463714e-06  0.00000000e+00  1.80017252e+00 
 6.10812361e-06  0.00000000e+00  1.79981121e+00 
 6.12378672e-06  0.00000000e+00  1.80016308e+00 
 6.14431624e-06  0.00000000e+00  1.79983588e+00 
 6.15751982e-06  0.00000000e+00  1.80013042e+00 
 6.16551979e-06  0.00000000e+00  1.79992021e+00 
 6.17426766e-06  0.00000000e+00  1.80003735e+00 
 6.18418503e-06  0.00000000e+00  1.79991365e+00 
 6.19460927e-06  0.00000000e+00  1.80005543e+00 
 6.20762483e-06  0.00000000e+00  1.79993761e+00 
 6.22131394e-06  0.00000000e+00  1.80004462e+00 
 6.24869216e-06  0.00000000e+00  1.79994593e+00 
 6.25010000e-06  6.67038446e-12  1.80002495e+00 
 6.25011000e-06  1.80000000e-01  1.80068528e+00 
 6.25013000e-06  5.40000000e-01  1.80208309e+00 
 6.25017000e-06  1.26000000e+00  1.80497818e+00 
 6.25020000e-06  1.80000000e+00  1.80701738e+00 
 6.25020076e-06  1.80000000e+00  1.80703101e+00 
 6.25020228e-06  1.80000000e+00  1.80700602e+00 
 6.25020531e-06  1.80000000e+00  1.80681167e+00 
 6.25021138e-06  1.80000000e+00  1.80644730e+00 
 6.25022351e-06  1.80000000e+00  1.80607452e+00 
 6.25024778e-06  1.80000000e+00  1.80569853e+00 
 6.25029632e-06  1.80000000e+00  1.80511173e+00 
 6.25039340e-06  1.80000000e+00  1.80428218e+00 
 6.25058755e-06  1.80000000e+00  1.80320368e+00 
 6.25092756e-06  1.80000000e+00  1.80223827e+00 
 6.25146286e-06  1.80000000e+00  1.80356783e+00 
 6.25210081e-06  1.80000000e+00  1.80502531e+00 
 6.25275574e-06  1.80000000e+00  1.80272570e+00 
 6.25349201e-06  1.80000000e+00  1.80107305e+00 
 6.25451212e-06  1.80000000e+00  1.80014527e+00 
 6.25526292e-06  1.80000000e+00  1.79955812e+00 
 6.25612430e-06  1.80000000e+00  1.79877207e+00 
 6.25700123e-06  1.80000000e+00  1.79832403e+00 
 6.25792300e-06  1.80000000e+00  1.79847910e+00 
 6.25923789e-06  1.80000000e+00  1.79879695e+00 
 6.26102199e-06  1.80000000e+00  1.79919499e+00 
 6.26323095e-06  1.80000000e+00  1.79950211e+00 
 6.26639349e-06  1.80000000e+00  1.79975976e+00 
 6.27068348e-06  1.80000000e+00  1.79991125e+00 
 6.27926348e-06  1.80000000e+00  1.79999736e+00 
 6.29606362e-06  1.80000000e+00  1.80000054e+00 
 6.32485199e-06  1.80000000e+00  1.79999964e+00 
 6.38242874e-06  1.80000000e+00  1.80000015e+00 
 6.48863629e-06  1.80000000e+00  1.79999975e+00 
 6.50000000e-06  1.80000000e+00  1.80000011e+00 
 6.50001000e-06  1.62000000e+00  1.79881423e+00 
 6.50003000e-06  1.26000000e+00  1.79668983e+00 
 6.50007000e-06  5.40000000e-01  1.79402121e+00 
 6.50010000e-06  0.00000000e+00  1.79261822e+00 
 6.50010421e-06  0.00000000e+00  1.79290471e+00 
 6.50011264e-06  0.00000000e+00  1.79363513e+00 
 6.50012948e-06  0.00000000e+00  1.79467715e+00 
 6.50016318e-06  0.00000000e+00  1.79584153e+00 
 6.50023057e-06  0.00000000e+00  1.79770908e+00 
 6.50036534e-06  0.00000000e+00  1.79960234e+00 
 6.50054492e-06  0.00000000e+00  1.80072475e+00 
 6.50090408e-06  0.00000000e+00  1.80153991e+00 
 6.50141317e-06  0.00000000e+00  1.80150607e+00 
 6.50196276e-06  0.00000000e+00  1.80044853e+00 
 6.50254816e-06  0.00000000e+00  1.79904285e+00 
 6.50319312e-06  0.00000000e+00  1.79849603e+00 
 6.50386934e-06  0.00000000e+00  1.79930842e+00 
 6.50463708e-06  0.00000000e+00  1.79964105e+00 
 6.50545689e-06  0.00000000e+00  1.79974294e+00 
 6.50631821e-06  0.00000000e+00  1.79979732e+00 
 6.50751710e-06  0.00000000e+00  1.79989884e+00 
 6.50871917e-06  0.00000000e+00  1.79983596e+00 
 6.51001787e-06  0.00000000e+00  1.79998640e+00 
 6.51147712e-06  0.00000000e+00  1.79992469e+00 
 6.51293009e-06  0.00000000e+00  1.79999571e+00 
 6.51434182e-06  0.00000000e+00  1.79992785e+00 
 6.51582224e-06  0.00000000e+00  1.79999993e+00 
 6.51744047e-06  0.00000000e+00  1.79993184e+00 
 6.51928090e-06  0.00000000e+00  1.80000212e+00 
 6.52263790e-06  0.00000000e+00  1.79993564e+00 
 6.52755973e-06  0.00000000e+00  1.80000628e+00 
 6.53720746e-06  0.00000000e+00  1.79994228e+00 
 6.55536865e-06  0.00000000e+00  1.80001516e+00 
 6.58974149e-06  0.00000000e+00  1.79995300e+00 
 6.65848715e-06  0.00000000e+00  1.80002584e+00 
 6.75010000e-06  6.67038446e-12  1.79996095e+00 
 6.75011000e-06  1.80000000e-01  1.80064756e+00 
 6.75013000e-06  5.40000000e-01  1.80206310e+00 
 6.75017000e-06  1.26000000e+00  1.80496797e+00 
 6.75020000e-06  1.80000000e+00  1.80701850e+00 
 6.75020074e-06  1.80000000e+00  1.80703131e+00 
 6.75020223e-06  1.80000000e+00  1.80700596e+00 
 6.75020521e-06  1.80000000e+00  1.80681504e+00 
 6.75021117e-06  1.80000000e+00  1.80645612e+00 
 6.75022309e-06  1.80000000e+00  1.80608736e+00 
 6.75024692e-06  1.80000000e+00  1.80572025e+00 
 6.75029459e-06  1.80000000e+00  1.80514377e+00 
 6.75038992e-06  1.80000000e+00  1.80431612e+00 
 6.75058059e-06  1.80000000e+00  1.80323767e+00 
 6.75091400e-06  1.80000000e+00  1.80224216e+00 
 6.75145327e-06  1.80000000e+00  1.80351125e+00 
 6.75208116e-06  1.80000000e+00  1.80507937e+00 
 6.75274629e-06  1.80000000e+00  1.80276487e+00 
 6.75347803e-06  1.80000000e+00  1.80111927e+00 
 6.75449549e-06  1.80000000e+00  1.80028281e+00 
 6.75523195e-06  1.80000000e+00  1.79976638e+00 
 6.75608513e-06  1.80000000e+00  1.79899161e+00 
 6.75682483e-06  1.80000000e+00  1.79840912e+00 
 6.75765198e-06  1.80000000e+00  1.79836279e+00 
 6.75865498e-06  1.80000000e+00  1.79859630e+00 
 6.75976975e-06  1.80000000e+00  1.79886791e+00 
 6.76199930e-06  1.80000000e+00  1.79932113e+00 
 6.76436302e-06  1.80000000e+00  1.79958555e+00 
 6.76832711e-06  1.80000000e+00  1.79984801e+00 
 6.77325215e-06  1.80000000e+00  1.79994186e+00 
 6.78310223e-06  1.80000000e+00  1.80001112e+00 
 6.80280238e-06  1.80000000e+00  1.79998974e+00 
 6.84087190e-06  1.80000000e+00  1.80000989e+00 
 6.91701094e-06  1.80000000e+00  1.79999002e+00 
 7.00000000e-06  1.80000000e+00  1.80000979e+00 
 7.00001000e-06  1.62000000e+00  1.79882197e+00 
 7.00003000e-06  1.26000000e+00  1.79669702e+00 
 7.00007000e-06  5.40000000e-01  1.79402735e+00 
 7.00010000e-06  0.00000000e+00  1.79262211e+00 
 7.00010421e-06  0.00000000e+00  1.79291047e+00 
 7.00011264e-06  0.00000000e+00  1.79364207e+00 
 7.00012948e-06  0.00000000e+00  1.79468097e+00 
 7.00016318e-06  0.00000000e+00  1.79584241e+00 
 7.00023057e-06  0.00000000e+00  1.79770862e+00 
 7.00036534e-06  0.00000000e+00  1.79960446e+00 
 7.00054487e-06  0.00000000e+00  1.80072750e+00 
 7.00090393e-06  0.00000000e+00  1.80154069e+00 
 7.00141302e-06  0.00000000e+00  1.80150066e+00 
 7.00196261e-06  0.00000000e+00  1.80044219e+00 
 7.00254666e-06  0.00000000e+00  1.79905102e+00 
 7.00319586e-06  0.00000000e+00  1.79849414e+00 
 7.00387465e-06  0.00000000e+00  1.79922980e+00 
 7.00463433e-06  0.00000000e+00  1.79959948e+00 
 7.00545100e-06  0.00000000e+00  1.79975648e+00 
 7.00635242e-06  0.00000000e+00  1.79978484e+00 
 7.00728224e-06  0.00000000e+00  1.79993906e+00 
 7.00805236e-06  0.00000000e+00  1.79987239e+00 
 7.00893414e-06  0.00000000e+00  1.79996597e+00 
 7.00992475e-06  0.00000000e+00  1.79990186e+00 
 7.01107141e-06  0.00000000e+00  1.79998368e+00 
 7.01294226e-06  0.00000000e+00  1.79992692e+00 
 7.01543514e-06  0.00000000e+00  1.80004136e+00 
 7.01821487e-06  0.00000000e+00  1.80018215e+00 
 7.02044300e-06  0.00000000e+00  1.80026089e+00 
 7.02227779e-06  0.00000000e+00  1.79949042e+00 
 7.02402325e-06  0.00000000e+00  1.79944977e+00 
 7.02569740e-06  0.00000000e+00  1.79877663e+00 
 7.02745508e-06  0.00000000e+00  1.79811782e+00 
 7.02945129e-06  0.00000000e+00  1.79906847e+00 
 7.03161848e-06  0.00000000e+00  1.79972163e+00 
 7.03421108e-06  0.00000000e+00  1.79981674e+00 
 7.03805970e-06  0.00000000e+00  1.79998015e+00 
 7.04205442e-06  0.00000000e+00  1.79988762e+00 
 7.04755998e-06  0.00000000e+00  1.80003634e+00 
 7.05374952e-06  0.00000000e+00  1.79993766e+00 
 7.06229131e-06  0.00000000e+00  1.80007823e+00 
 7.07175344e-06  0.00000000e+00  1.79995170e+00 
 7.07866277e-06  0.00000000e+00  1.79996589e+00 
 7.08623280e-06  0.00000000e+00  1.80001443e+00 
 7.09629698e-06  0.00000000e+00  1.79996274e+00 
 7.11036218e-06  0.00000000e+00  1.80001237e+00 
 7.12966627e-06  0.00000000e+00  1.79996853e+00 
 7.15842365e-06  0.00000000e+00  1.80001296e+00 
 7.20580633e-06  0.00000000e+00  1.79997314e+00 
 7.25010000e-06  6.67038446e-12  1.80001480e+00 
 7.25011000e-06  1.80000000e-01  1.80067556e+00 
 7.25013000e-06  5.40000000e-01  1.80206994e+00 
 7.25017000e-06  1.26000000e+00  1.80495133e+00 
 7.25020000e-06  1.80000000e+00  1.80699773e+00 
 7.25020075e-06  1.80000000e+00  1.80701151e+00 
 7.25020224e-06  1.80000000e+00  1.80698908e+00 
 7.25020522e-06  1.80000000e+00  1.80680285e+00 
 7.25021118e-06  1.80000000e+00  1.80644019e+00 
 7.25022310e-06  1.80000000e+00  1.80606335e+00 
 7.25024694e-06  1.80000000e+00  1.80569848e+00 
 7.25029462e-06  1.80000000e+00  1.80513510e+00 
 7.25038998e-06  1.80000000e+00  1.80432711e+00 
 7.25058070e-06  1.80000000e+00  1.80325483e+00 
 7.25091793e-06  1.80000000e+00  1.80224733e+00 
 7.25145454e-06  1.80000000e+00  1.80351308e+00 
 7.25208589e-06  1.80000000e+00  1.80500910e+00 
 7.25274837e-06  1.80000000e+00  1.80258771e+00 
 7.25348139e-06  1.80000000e+00  1.80068424e+00 
 7.25449872e-06  1.80000000e+00  1.79981430e+00 
 7.25520104e-06  1.80000000e+00  1.79978638e+00 
 7.25601493e-06  1.80000000e+00  1.79981876e+00 
 7.25691695e-06  1.80000000e+00  1.79979230e+00 
 7.25784457e-06  1.80000000e+00  1.79983609e+00 
 7.25907794e-06  1.80000000e+00  1.79987674e+00 
 7.26107890e-06  1.80000000e+00  1.79992048e+00 
 7.26319616e-06  1.80000000e+00  1.79995256e+00 
 7.26638357e-06  1.80000000e+00  1.79997438e+00 
 7.27056985e-06  1.80000000e+00  1.79999343e+00 
 7.27894241e-06  1.80000000e+00  1.79999724e+00 
 7.29568754e-06  1.80000000e+00  1.80000255e+00 
 7.32409372e-06  1.80000000e+00  1.79999748e+00 
 7.38090607e-06  1.80000000e+00  1.80000433e+00 
 7.43498063e-06  1.80000000e+00  1.79975565e+00 
 7.47424714e-06  1.80000000e+00  1.80008715e+00 
 7.50000000e-06  1.80000000e+00  1.80000252e+00 
 7.50001000e-06  1.62000000e+00  1.79883670e+00 
 7.50003000e-06  1.26000000e+00  1.79672285e+00 
 7.50007000e-06  5.40000000e-01  1.79404249e+00 
 7.50010000e-06  0.00000000e+00  1.79264121e+00 
 7.50010426e-06  0.00000000e+00  1.79293253e+00 
 7.50011277e-06  0.00000000e+00  1.79367049e+00 
 7.50012980e-06  0.00000000e+00  1.79471142e+00 
 7.50016387e-06  0.00000000e+00  1.79586738e+00 
 7.50023199e-06  0.00000000e+00  1.79772392e+00 
 7.50036824e-06  0.00000000e+00  1.79960575e+00 
 7.50054914e-06  0.00000000e+00  1.80071370e+00 
 7.50091093e-06  0.00000000e+00  1.80150383e+00 
 7.50141645e-06  0.00000000e+00  1.80145783e+00 
 7.50196054e-06  0.00000000e+00  1.80040846e+00 
 7.50253882e-06  0.00000000e+00  1.79902139e+00 
 7.50318487e-06  0.00000000e+00  1.79847022e+00 
 7.50385829e-06  0.00000000e+00  1.79928564e+00 
 7.50463695e-06  0.00000000e+00  1.79958940e+00 
 7.50545446e-06  0.00000000e+00  1.79971335e+00 
 7.50637443e-06  0.00000000e+00  1.79978181e+00 
 7.50757712e-06  0.00000000e+00  1.79988724e+00 
 7.50881768e-06  0.00000000e+00  1.79983372e+00 
 7.51012541e-06  0.00000000e+00  1.79998440e+00 
 7.51158168e-06  0.00000000e+00  1.79992579e+00 
 7.51308791e-06  0.00000000e+00  1.79999469e+00 
 7.51449016e-06  0.00000000e+00  1.79993071e+00 
 7.51596999e-06  0.00000000e+00  1.79999874e+00 
 7.51750323e-06  0.00000000e+00  1.79993480e+00 
 7.51927462e-06  0.00000000e+00  1.80000079e+00 
 7.52266080e-06  0.00000000e+00  1.79993852e+00 
 7.52761057e-06  0.00000000e+00  1.80000473e+00 
 7.53751010e-06  0.00000000e+00  1.79994490e+00 
 7.55730916e-06  0.00000000e+00  1.80001344e+00 
 7.59570140e-06  0.00000000e+00  1.79995480e+00 
 7.64592511e-06  0.00000000e+00  1.80002374e+00 
 7.70206060e-06  0.00000000e+00  1.79996134e+00 
 7.75010000e-06  0.00000000e+00  1.80002684e+00 
 7.75011000e-06  1.80000000e-01  1.80067228e+00 
 7.75013000e-06  5.40000000e-01  1.80206477e+00 
 7.75017000e-06  1.26000000e+00  1.80496575e+00 
 7.75020000e-06  1.80000000e+00  1.80700489e+00 
 7.75020076e-06  1.80000000e+00  1.80701781e+00 
 7.75020228e-06  1.80000000e+00  1.80699100e+00 
 7.75020531e-06  1.80000000e+00  1.80679551e+00 
 7.75021138e-06  1.80000000e+00  1.80643443e+00 
 7.75022352e-06  1.80000000e+00  1.80606855e+00 
 7.75024779e-06  1.80000000e+00  1.80570276e+00 
 7.75029635e-06  1.80000000e+00  1.80512542e+00 
 7.75039345e-06  1.80000000e+00  1.80429478e+00 
 7.75058766e-06  1.80000000e+00  1.80320536e+00 
 7.75093138e-06  1.80000000e+00  1.80223831e+00 
 7.75146444e-06  1.80000000e+00  1.80358930e+00 
 7.75210711e-06  1.80000000e+00  1.80502120e+00 
 7.75275896e-06  1.80000000e+00  1.80273046e+00 
 7.75349725e-06  1.80000000e+00  1.80109684e+00 
 7.75451740e-06  1.80000000e+00  1.80024674e+00 
 7.75523791e-06  1.80000000e+00  1.79972983e+00 
 7.75606504e-06  1.80000000e+00  1.79899361e+00 
 7.75679749e-06  1.80000000e+00  1.79841891e+00 
 7.75761657e-06  1.80000000e+00  1.79836771e+00 
 7.75862932e-06  1.80000000e+00  1.79859299e+00 
 7.75975572e-06  1.80000000e+00  1.79886702e+00 
 7.76200852e-06  1.80000000e+00  1.79932157e+00 
 7.76438207e-06  1.80000000e+00  1.79958831e+00 
 7.76838021e-06  1.80000000e+00  1.79984923e+00 
 7.77338180e-06  1.80000000e+00  1.79994455e+00 
 7.78338496e-06  1.80000000e+00  1.80001049e+00 
 7.80339129e-06  1.80000000e+00  1.79999053e+00 
 7.84340396e-06  1.80000000e+00  1.80000905e+00 
 7.92342928e-06  1.80000000e+00  1.79999090e+00 
 8.00000000e-06  1.80000000e+00  1.80000888e+00 
 8.00001000e-06  1.62000000e+00  1.79882206e+00 
 8.00003000e-06  1.26000000e+00  1.79670118e+00 
 8.00007000e-06  5.40000000e-01  1.79403468e+00 
 8.00010000e-06  0.00000000e+00  1.79262987e+00 
 8.00010421e-06  0.00000000e+00  1.79291950e+00 
 8.00011264e-06  0.00000000e+00  1.79365196e+00 
 8.00012948e-06  0.00000000e+00  1.79468808e+00 
 8.00016318e-06  0.00000000e+00  1.79584344e+00 
 8.00023057e-06  0.00000000e+00  1.79770404e+00 
 8.00036536e-06  0.00000000e+00  1.79960234e+00 
 8.00054515e-06  0.00000000e+00  1.80073096e+00 
 8.00090475e-06  0.00000000e+00  1.80153709e+00 
 8.00140945e-06  0.00000000e+00  1.80148502e+00 
 8.00195271e-06  0.00000000e+00  1.80044965e+00 
 8.00253285e-06  0.00000000e+00  1.79911471e+00 
 8.00318231e-06  0.00000000e+00  1.79853096e+00 
 8.00385858e-06  0.00000000e+00  1.79921756e+00 
 8.00462391e-06  0.00000000e+00  1.79957495e+00 
 8.00543840e-06  0.00000000e+00  1.79974294e+00 
 8.00628261e-06  0.00000000e+00  1.79977029e+00 
 8.00724817e-06  0.00000000e+00  1.79993234e+00 
 8.00803279e-06  0.00000000e+00  1.79986816e+00 
 8.00893788e-06  0.00000000e+00  1.79996441e+00 
 8.00988004e-06  0.00000000e+00  1.79990094e+00 
 8.01104720e-06  0.00000000e+00  1.79998481e+00 
 8.01282721e-06  0.00000000e+00  1.79992259e+00 
 8.01564661e-06  0.00000000e+00  1.80000132e+00 
 8.01863575e-06  0.00000000e+00  1.79993416e+00 
 8.02100831e-06  0.00000000e+00  1.80000559e+00 
 8.02360752e-06  0.00000000e+00  1.79993777e+00 
 8.02685539e-06  0.00000000e+00  1.80000737e+00 
 8.03029612e-06  0.00000000e+00  1.79994109e+00 
 8.03571554e-06  0.00000000e+00  1.80000997e+00 
 8.04282512e-06  0.00000000e+00  1.79994558e+00 
 8.05380157e-06  0.00000000e+00  1.80001459e+00 
 8.07094042e-06  0.00000000e+00  1.79995161e+00 
 8.09883769e-06  0.00000000e+00  1.80002102e+00 
 8.14771922e-06  0.00000000e+00  1.79995852e+00 
 8.22768247e-06  0.00000000e+00  1.80002727e+00 
 8.25010000e-06  0.00000000e+00  1.79996187e+00 
 8.25011000e-06  1.80000000e-01  1.80065085e+00 
 8.25013000e-06  5.40000000e-01  1.80206745e+00 
 8.25017000e-06  1.26000000e+00  1.80496690e+00 
 8.25020000e-06  1.80000000e+00  1.80701101e+00 
 8.25020074e-06  1.80000000e+00  1.80702301e+00 
 8.25020223e-06  1.80000000e+00  1.80699572e+00 
 8.25020521e-06  1.80000000e+00  1.80680197e+00 
 8.25021117e-06  1.80000000e+00  1.80644269e+00 
 8.25022308e-06  1.80000000e+00  1.80607685e+00 
 8.25024691e-06  1.80000000e+00  1.80571509e+00 
 8.25029457e-06  1.80000000e+00  1.80514851e+00 
 8.25038989e-06  1.80000000e+00  1.80432689e+00 
 8.25058052e-06  1.80000000e+00  1.80324359e+00 
 8.25096179e-06  1.80000000e+00  1.80225605e+00 
 8.25146961e-06  1.80000000e+00  1.80365059e+00 
 8.25213936e-06  1.80000000e+00  1.80484520e+00 
 8.25277587e-06  1.80000000e+00  1.80245545e+00 
 8.25352649e-06  1.80000000e+00  1.80061083e+00 
 8.25455166e-06  1.80000000e+00  1.79984553e+00 
 8.25554923e-06  1.80000000e+00  1.79974428e+00 
 8.25694428e-06  1.80000000e+00  1.79980110e+00 
 8.25848980e-06  1.80000000e+00  1.79985803e+00 
 8.25999484e-06  1.80000000e+00  1.79990573e+00 
 8.26246299e-06  1.80000000e+00  1.79994379e+00 
 8.26512701e-06  1.80000000e+00  1.79997061e+00 
 8.26940333e-06  1.80000000e+00  1.79998863e+00 
 8.27587405e-06  1.80000000e+00  1.79999805e+00 
 8.28881550e-06  1.80000000e+00  1.80000033e+00 
 8.31469838e-06  1.80000000e+00  1.79999961e+00 
 8.36646416e-06  1.80000000e+00  1.80000026e+00 
 8.46999570e-06  1.80000000e+00  1.79999964e+00 
 8.50000000e-06  1.80000000e+00  1.80000029e+00 
 8.50001000e-06  1.62000000e+00  1.79881200e+00 
 8.50003000e-06  1.26000000e+00  1.79669174e+00 
 8.50007000e-06  5.40000000e-01  1.79403139e+00 
 8.50010000e-06  0.00000000e+00  1.79262990e+00 
 8.50010421e-06  0.00000000e+00  1.79292287e+00 
 8.50011264e-06  0.00000000e+00  1.79366079e+00 
 8.50012950e-06  0.00000000e+00  1.79470035e+00 
 8.50016321e-06  0.00000000e+00  1.79585544e+00 
 8.50023063e-06  0.00000000e+00  1.79771068e+00 
 8.50036547e-06  0.00000000e+00  1.79960590e+00 
 8.50063045e-06  0.00000000e+00  1.80108606e+00 
 8.50106249e-06  0.00000000e+00  1.80177832e+00 
 8.50180476e-06  0.00000000e+00  1.80070113e+00 
 8.50253688e-06  0.00000000e+00  1.79891131e+00 
 8.50314662e-06  0.00000000e+00  1.80560934e+00 
 8.50389281e-06  0.00000000e+00  1.82444720e+00 
 8.50464875e-06  0.00000000e+00  1.81505702e+00 
 8.50548867e-06  0.00000000e+00  1.77259281e+00 
 8.50653438e-06  0.00000000e+00  1.71716976e+00 
 8.50761753e-06  0.00000000e+00  1.66046696e+00 
 8.50924538e-06  0.00000000e+00  1.57412286e+00 
 8.51106235e-06  0.00000000e+00  1.47766370e+00 
 8.51263667e-06  0.00000000e+00  1.39369298e+00 
 8.51426803e-06  0.00000000e+00  1.30678788e+00 
 8.51632135e-06  0.00000000e+00  1.19760307e+00 
 8.51890269e-06  0.00000000e+00  1.06167590e+00 
 8.52161672e-06  0.00000000e+00  9.21449395e-01 
 8.52704478e-06  0.00000000e+00  6.68738062e-01 
 8.53309286e-06  0.00000000e+00  4.18992303e-01 
 8.53731137e-06  0.00000000e+00  2.73126213e-01 
 8.54091062e-06  0.00000000e+00  1.72542730e-01 
 8.54400752e-06  0.00000000e+00  1.15810846e-01 
 8.54672619e-06  0.00000000e+00  7.73858221e-02 
 8.54891787e-06  0.00000000e+00  5.81559047e-02 
 8.55107341e-06  0.00000000e+00  4.16819257e-02 
 8.55309423e-06  0.00000000e+00  3.19202426e-02 
 8.55502904e-06  0.00000000e+00  2.34366439e-02 
 8.55777258e-06  0.00000000e+00  1.60919079e-02 
 8.56092204e-06  0.00000000e+00  9.66801360e-03 
 8.56384266e-06  0.00000000e+00  6.55670511e-03 
 8.56880657e-06  0.00000000e+00  2.81452004e-03 
 8.57404924e-06  0.00000000e+00  1.45453142e-03 
 8.58335165e-06  0.00000000e+00  1.34832740e-04 
 8.59234806e-06  0.00000000e+00  1.88449670e-04 
 8.60928482e-06  0.00000000e+00 -9.57196831e-05 
 8.62784020e-06  0.00000000e+00  1.30653286e-04 
 8.64680139e-06  0.00000000e+00 -8.48214661e-05 
 8.66694958e-06  0.00000000e+00  1.20320795e-04 
 8.69650376e-06  0.00000000e+00 -8.07044045e-05 
 8.73958632e-06  0.00000000e+00  1.13355942e-04 
 8.75010000e-06  0.00000000e+00 -7.43162628e-05 
 8.75011000e-06  1.80000000e-01  9.28586611e-04 
 8.75013000e-06  5.40000000e-01  2.62483353e-03 
 8.75017000e-06  1.26000000e+00  4.55910769e-03 
 8.75020000e-06  1.80000000e+00  5.72266678e-03 
 8.75020076e-06  1.80000000e+00  5.71527137e-03 
 8.75020228e-06  1.80000000e+00  5.64726013e-03 
 8.75020531e-06  1.80000000e+00  5.40194154e-03 
 8.75021138e-06  1.80000000e+00  5.01299358e-03 
 8.75022352e-06  1.80000000e+00  4.58936607e-03 
 8.75024780e-06  1.80000000e+00  4.07234057e-03 
 8.75029637e-06  1.80000000e+00  3.29273911e-03 
 8.75039349e-06  1.80000000e+00  2.32239495e-03 
 8.75058775e-06  1.80000000e+00  1.46659929e-03 
 8.75096972e-06  1.80000000e+00  1.20580726e-03 
 8.75147987e-06  1.80000000e+00  2.35405837e-03 
 8.75215754e-06  1.80000000e+00  2.27105707e-03 
 8.75280367e-06  1.80000000e+00  1.34383011e-03 
 8.75353968e-06  1.80000000e+00  9.86106330e-04 
 8.75446196e-06  1.80000000e+00 -7.22805176e-04 
 8.75521237e-06  1.80000000e+00 -1.69842425e-03 
 8.75607387e-06  1.80000000e+00 -8.81741681e-04 
 8.75688502e-06  1.80000000e+00 -3.65482567e-04 
 8.75775916e-06  1.80000000e+00 -1.42325270e-04 
 8.75913612e-06  1.80000000e+00  2.32176177e-04 
 8.76057044e-06  1.80000000e+00  3.74302063e-04 
 8.76296036e-06  1.80000000e+00  5.40194382e-04 
 8.76574091e-06  1.80000000e+00  4.76902402e-04 
 8.77017935e-06  1.80000000e+00  4.18181642e-04 
 8.77763401e-06  1.80000000e+00  2.49680283e-04 
 8.79254333e-06  1.80000000e+00  1.38405936e-04 
 8.81967413e-06  1.80000000e+00  4.93070908e-05 
 8.87392773e-06  1.80000000e+00  4.91020440e-05 
 8.95398593e-06  1.80000000e+00  8.71634654e-06 
 9.00000000e-06  1.80000000e+00  3.21510451e-05 
