 0.00000000e+00  1.02070687e-04 
 1.00000000e-12  6.53651335e-03 
 2.00000000e-12  7.29527311e-03 
 4.00000000e-12  7.51405939e-03 
 8.00000000e-12  7.18071813e-03 
 1.60000000e-11  7.31129555e-03 
 3.20000000e-11  7.22832448e-03 
 6.40000000e-11  9.14691049e-03 
 1.00000000e-10  1.13409771e-02 
 1.01502794e-10  4.16280299e-03 
 1.04508383e-10  2.65116551e-03 
 1.10519560e-10  3.75398725e-03 
 1.22541915e-10  2.64663130e-03 
 1.46586625e-10  3.30604272e-03 
 1.94676044e-10  2.10548849e-03 
 2.90854882e-10  2.51927460e-03 
 4.60259658e-10  1.38046144e-03 
 7.25635683e-10  1.86638703e-03 
 1.08501049e-09  7.55965415e-04 
 1.56332458e-09  1.41732524e-03 
 2.16618115e-09  5.35354359e-04 
 2.84265544e-09  1.34278029e-03 
 3.60703438e-09  4.86589798e-04 
 4.49804277e-09  1.26807235e-03 
 5.32022968e-09  1.47959254e-04 
 6.12274980e-09  8.83942862e-04 
 6.91797063e-09 -6.52272597e-05 
 7.77860169e-09  7.84634192e-04 
 8.81839861e-09 -1.45523397e-04 
 9.85202443e-09  7.16266112e-04 
 1.08751850e-08 -2.56987980e-04 
 1.20449864e-08  5.46782594e-04 
 1.32441023e-08 -3.25322494e-04 
 1.45181989e-08  5.64803516e-04 
 1.63347023e-08 -2.75866793e-04 
 1.76345914e-08  5.09717351e-04 
 1.90338410e-08 -3.33685206e-04 
 2.03184556e-08  5.10554484e-04 
 2.19512841e-08 -3.36933252e-04 
 2.36693196e-08  5.15478448e-04 
 2.65873966e-08 -3.34104399e-04 
 2.95368207e-08  5.14268487e-04 
 3.24288863e-08 -3.42057488e-04 
 3.57701769e-08  5.68135613e-04 
 3.87908863e-08 -2.13508835e-04 
 4.12024967e-08  5.77880268e-04 
 4.28415847e-08 -3.38019560e-04 
 4.40442462e-08  5.41388415e-04 
 4.53715822e-08 -3.22598632e-04 
 4.69651135e-08  5.25644794e-04 
 4.88459682e-08 -3.23989457e-04 
 5.15457868e-08  5.27403988e-04 
 5.52310031e-08 -3.10134952e-04 
 5.93653733e-08  5.30854976e-04 
 6.44001117e-08 -3.12607669e-04 
 6.93595198e-08  5.31832186e-04 
 7.92783359e-08 -3.13278588e-04 
 9.21706017e-08  5.31428349e-04 
 1.17830501e-07 -3.13840395e-04 
 1.41737899e-07  5.30828002e-04 
 1.82879536e-07 -3.15020575e-04 
 2.29360990e-07  5.28125372e-04 
 2.50100000e-07 -3.18039685e-04 
 2.50110000e-07 -7.79251091e-03 
 2.50130000e-07 -8.40522042e-03 
 2.50170000e-07 -7.22315624e-03 
 2.50200000e-07 -6.71807412e-03 
 2.50200520e-07 -9.63196543e-04 
 2.50201559e-07  9.62289576e-04 
 2.50203638e-07 -1.02601301e-04 
 2.50207796e-07  4.08713854e-04 
 2.50216111e-07  6.40349812e-05 
 2.50232742e-07  4.65399923e-04 
 2.50266003e-07  2.03026415e-04 
 2.50332527e-07  4.98269910e-04 
 2.50437199e-07  2.26204640e-04 
 2.50614569e-07  5.12962494e-04 
 2.50821346e-07  2.60942120e-04 
 2.51149375e-07  6.45310238e-04 
 2.51609742e-07  3.88412898e-04 
 2.52170314e-07  5.92640002e-04 
 2.52777872e-07  7.48835457e-05 
 2.53438764e-07  3.32435345e-04 
 2.54301509e-07  2.63488153e-05 
 2.55236302e-07  3.43425695e-04 
 2.56108116e-07 -1.64238565e-05 
 2.56985501e-07  2.77910648e-04 
 2.57970371e-07 -2.89015979e-05 
 2.58868750e-07  2.70827715e-04 
 2.60665509e-07 -4.08917625e-05 
 2.62631680e-07  2.55245701e-04 
 2.65336369e-07 -4.65011378e-05 
 2.69333080e-07  2.53650798e-04 
 2.74600318e-07 -4.71080230e-05 
 2.85134795e-07  2.52186725e-04 
 3.06203748e-07 -4.96770317e-05 
 3.45839085e-07  2.47064625e-04 
 4.25109760e-07 -5.91437165e-05 
 5.00000000e-07  2.36539380e-04 
 5.00010000e-07  3.71221697e-03 
 5.00030000e-07  3.65066348e-03 
 5.00070000e-07  4.67591693e-03 
 5.00100000e-07  5.33259216e-03 
 5.00104315e-07  1.51053307e-03 
 5.00112944e-07  1.09591175e-03 
 5.00130203e-07  1.32780593e-03 
 5.00164720e-07  8.91848824e-04 
 5.00233754e-07  1.07729550e-03 
 5.00371823e-07  6.44230016e-04 
 5.00573337e-07  8.78444178e-04 
 5.00954038e-07  5.14809264e-04 
 5.01538031e-07  5.22964964e-04 
 5.02096764e-07  7.33552163e-05 
 5.02766927e-07  4.12219876e-04 
 5.03533733e-07  5.13791083e-05 
 5.04330872e-07  3.02463958e-04 
 5.05154951e-07 -4.27118735e-05 
 5.05969427e-07  2.74942420e-04 
 5.07080343e-07 -5.24268486e-05 
 5.08144357e-07  2.71711514e-04 
 5.09970954e-07 -4.86826720e-05 
 5.12234273e-07  2.98373980e-04 
 5.14417619e-07 -1.65438716e-05 
 5.16730033e-07  2.67241954e-04 
 5.18921256e-07 -5.47837614e-05 
 5.21492604e-07  2.51601300e-04 
 5.24239809e-07 -7.49590065e-05 
 5.29260553e-07  2.47135672e-04 
 5.35651269e-07 -7.71455587e-05 
 5.46671588e-07  2.46860966e-04 
 5.65455215e-07 -7.83932240e-05 
 5.95819832e-07  2.45374456e-04 
 6.55516499e-07 -8.07077758e-05 
 7.50100000e-07  2.42731786e-04 
 7.50110000e-07 -3.70237646e-03 
 7.50130000e-07 -4.04339234e-03 
 7.50170000e-07 -3.54450548e-03 
 7.50200000e-07 -3.25622087e-03 
 7.50200746e-07 -3.52984357e-04 
 7.50202237e-07  5.00920741e-04 
 7.50205220e-07 -1.21011671e-04 
 7.50211187e-07  3.22237076e-04 
 7.50223119e-07  5.28689915e-06 
 7.50246984e-07  3.74485696e-04 
 7.50294714e-07  1.04728086e-04 
 7.50390173e-07  4.36561552e-04 
 7.50581092e-07  1.68362402e-04 
 7.50959215e-07  5.65340068e-04 
 7.51571877e-07  3.60163119e-04 
 7.52190962e-07  5.78004147e-04 
 7.52840163e-07  3.32768637e-05 
 7.53541409e-07  3.15412217e-04 
 7.54447823e-07 -1.61716355e-05 
 7.55180115e-07  2.96563191e-04 
 7.56013197e-07 -5.23901225e-05 
 7.56742799e-07  2.53930222e-04 
 7.57549818e-07 -6.54838839e-05 
 7.58562706e-07  2.50329938e-04 
 7.59651617e-07 -6.90179044e-05 
 7.61829439e-07  2.38832114e-04 
 7.64153215e-07 -7.70057580e-05 
 7.68214173e-07  2.37484924e-04 
 7.72586065e-07 -7.69133795e-05 
 7.81329849e-07  2.37237748e-04 
 7.98817416e-07 -7.70631829e-05 
 8.31713847e-07  2.36867871e-04 
 8.97506709e-07 -7.75403096e-05 
 1.00000000e-06  2.36321628e-04 
 1.00001000e-06  3.70033493e-03 
 1.00003000e-06  3.62648283e-03 
 1.00007000e-06  4.67105469e-03 
 1.00010000e-06  5.31254963e-03 
 1.00010430e-06  1.50101835e-03 
 1.00011289e-06  1.08714853e-03 
 1.00013008e-06  1.31735996e-03 
 1.00016447e-06  8.85516232e-04 
 1.00023323e-06  1.06909408e-03 
 1.00037076e-06  6.39229233e-04 
 1.00057187e-06  8.70349940e-04 
 1.00095117e-06  5.09383675e-04 
 1.00153768e-06  5.14483249e-04 
 1.00209229e-06  6.68607529e-05 
 1.00276003e-06  4.05512120e-04 
 1.00352798e-06  4.92977015e-05 
 1.00439922e-06  2.88257834e-04 
 1.00519131e-06 -4.98108364e-05 
 1.00605670e-06  2.72859068e-04 
 1.00684376e-06 -5.02887156e-05 
 1.00758605e-06  2.64238373e-04 
 1.00846282e-06 -6.38607792e-05 
 1.00937997e-06  2.49917453e-04 
 1.01056325e-06 -7.51917327e-05 
 1.01241045e-06  2.45423104e-04 
 1.01476302e-06 -6.20750750e-05 
 1.01828965e-06  2.73178717e-04 
 1.02069538e-06 -3.59258356e-05 
 1.02282465e-06  3.18721212e-04 
 1.02484985e-06 -7.26926687e-06 
 1.02662684e-06  2.99610934e-04 
 1.02848256e-06 -2.56225683e-05 
 1.03073123e-06  2.86642677e-04 
 1.03323738e-06 -3.42616928e-05 
 1.03622253e-06  2.79911422e-04 
 1.04042731e-06 -4.21916324e-05 
 1.04608206e-06  2.71752283e-04 
 1.05299275e-06 -5.70716597e-05 
 1.05919992e-06  2.56047742e-04 
 1.06428810e-06 -6.69308382e-05 
 1.06945372e-06  2.66303336e-04 
 1.07362527e-06 -4.76336579e-05 
 1.07699188e-06  2.37030611e-04 
 1.08073373e-06 -6.02983220e-05 
 1.08535793e-06  2.39891286e-04 
 1.09011776e-06 -6.57177548e-05 
 1.09752273e-06  2.34550851e-04 
 1.10444321e-06 -7.39209136e-05 
 1.11117744e-06  2.33613300e-04 
 1.11960661e-06 -7.54659400e-05 
 1.13223695e-06  2.32889133e-04 
 1.15323473e-06 -7.77001550e-05 
 1.18315691e-06  2.30135770e-04 
 1.23465847e-06 -8.34474086e-05 
 1.25010000e-06  2.25320273e-04 
 1.25011000e-06 -3.72471019e-03 
 1.25013000e-06 -4.06691112e-03 
 1.25017000e-06 -3.56050285e-03 
 1.25020000e-06 -3.26233910e-03 
 1.25020075e-06 -3.65993663e-04 
 1.25020224e-06  4.84099918e-04 
 1.25020522e-06 -1.35512752e-04 
 1.25021118e-06  3.06679847e-04 
 1.25022311e-06 -7.52638843e-06 
 1.25024696e-06  3.62326245e-04 
 1.25029467e-06  9.60652967e-05 
 1.25039008e-06  4.27791383e-04 
 1.25058090e-06  1.60409327e-04 
 1.25091333e-06  5.34731168e-04 
 1.25155741e-06  3.53485492e-04 
 1.25215538e-06  5.75990041e-04 
 1.25279058e-06  3.49880013e-05 
 1.25349630e-06  3.00025912e-04 
 1.25439552e-06 -2.55838421e-05 
 1.25511493e-06  2.79392331e-04 
 1.25592854e-06 -6.77396341e-05 
 1.25678253e-06  2.36066619e-04 
 1.25766773e-06 -7.27608657e-05 
 1.25883833e-06  2.35438101e-04 
 1.26072954e-06 -8.01645883e-05 
 1.26320846e-06  2.23175620e-04 
 1.26621774e-06 -8.45382759e-05 
 1.27055430e-06  2.22557730e-04 
 1.27707515e-06 -8.52657605e-05 
 1.29011686e-06  2.21205373e-04 
 1.31620026e-06 -8.75271837e-05 
 1.36836707e-06  2.17798845e-04 
 1.47270068e-06 -9.09093266e-05 
 1.50000000e-06  2.16372187e-04 
 1.50001000e-06  3.68095204e-03 
 1.50003000e-06  3.60566530e-03 
 1.50007000e-06  4.66372144e-03 
 1.50010000e-06  5.29824575e-03 
 1.50010430e-06  1.49004284e-03 
 1.50011290e-06  1.07655306e-03 
 1.50013010e-06  1.30541915e-03 
 1.50016451e-06  8.72081198e-04 
 1.50023331e-06  1.05502934e-03 
 1.50037093e-06  6.24011324e-04 
 1.50056611e-06  8.56298963e-04 
 1.50092692e-06  4.99366153e-04 
 1.50143514e-06  5.51626475e-04 
 1.50196185e-06  6.59037366e-05 
 1.50256371e-06  3.73700298e-04 
 1.50327867e-06  3.94239643e-05 
 1.50402630e-06  2.93962326e-04 
 1.50495089e-06 -6.21805667e-05 
 1.50585314e-06  2.46751351e-04 
 1.50685616e-06 -6.76302378e-05 
 1.50810819e-06  2.55236401e-04 
 1.50936257e-06 -7.44136155e-05 
 1.51066738e-06  2.37889936e-04 
 1.51200324e-06 -7.76317991e-05 
 1.51365858e-06  2.34010620e-04 
 1.51502823e-06 -9.40623726e-05 
 1.51662195e-06  2.23168293e-04 
 1.51816937e-06 -9.47911533e-05 
 1.51996072e-06  2.21291531e-04 
 1.52354342e-06 -9.52516587e-05 
 1.52950006e-06  2.20882403e-04 
 1.53972446e-06 -9.52061976e-05 
 1.56017325e-06  2.20891990e-04 
 1.60107084e-06 -9.50905674e-05 
 1.68286601e-06  2.21108391e-04 
 1.75010000e-06 -9.48376251e-05 
 1.75011000e-06 -3.73007341e-03 
 1.75013000e-06 -4.05570346e-03 
 1.75017000e-06 -3.56702348e-03 
 1.75020000e-06 -3.24936912e-03 
 1.75020073e-06 -3.78421877e-04 
 1.75020219e-06  4.75572128e-04 
 1.75020511e-06 -1.35540654e-04 
 1.75021095e-06  2.94700103e-04 
 1.75022263e-06 -9.36736034e-06 
 1.75024599e-06  3.48950023e-04 
 1.75029271e-06  9.27044766e-05 
 1.75038614e-06  4.13401215e-04 
 1.75057302e-06  1.55660187e-04 
 1.75090066e-06  5.15572339e-04 
 1.75155593e-06  3.52547644e-04 
 1.75214860e-06  5.65651289e-04 
 1.75278019e-06  3.69563820e-05 
 1.75348213e-06  2.89956141e-04 
 1.75439416e-06 -2.27160343e-05 
 1.75514382e-06  2.73343229e-04 
 1.75598576e-06 -5.07942958e-05 
 1.75671196e-06  2.40827139e-04 
 1.75751921e-06 -5.60034235e-05 
 1.75855222e-06  2.32860514e-04 
 1.75965203e-06 -7.19900912e-05 
 1.76078474e-06  2.21164807e-04 
 1.76246832e-06 -7.89819798e-05 
 1.76453613e-06  2.11816367e-04 
 1.76717413e-06 -8.42238757e-05 
 1.77072963e-06  2.10603766e-04 
 1.77526265e-06 -8.39918348e-05 
 1.78432869e-06  2.10465419e-04 
 1.79842267e-06 -8.39090950e-05 
 1.82661063e-06  2.10444877e-04 
 1.88298654e-06 -8.38415638e-05 
 1.99573837e-06  2.10504533e-04 
 2.00000000e-06 -8.37055242e-05 
 2.00001000e-06  3.66620050e-03 
 2.00003000e-06  3.60909951e-03 
 2.00007000e-06  4.65729661e-03 
 2.00010000e-06  5.30250082e-03 
 2.00010434e-06  1.48833688e-03 
 2.00011301e-06  1.07625736e-03 
 2.00013035e-06  1.30305653e-03 
 2.00016504e-06  8.71178324e-04 
 2.00023441e-06  1.05287729e-03 
 2.00037316e-06  6.23996952e-04 
 2.00056888e-06  8.56088184e-04 
 2.00093278e-06  4.99606798e-04 
 2.00144707e-06  5.43995786e-04 
 2.00197776e-06  6.24211897e-05 
 2.00262007e-06  3.80772930e-04 
 2.00338306e-06  4.66286427e-05 
 2.00414593e-06  2.93099951e-04 
 2.00498420e-06 -5.90069086e-05 
 2.00569716e-06  2.68130152e-04 
 2.00648592e-06 -5.02037904e-05 
 2.00720302e-06  2.54616784e-04 
 2.00804333e-06 -7.12564993e-05 
 2.00882930e-06  2.42669263e-04 
 2.00991232e-06 -8.24276155e-05 
 2.01107616e-06  2.31638704e-04 
 2.01313187e-06 -7.84196244e-05 
 2.01599338e-06  2.56824574e-04 
 2.01790220e-06 -6.48267647e-05 
 2.02001961e-06  2.65753075e-04 
 2.02197400e-06 -9.86227314e-06 
 2.02343260e-06  3.17008712e-04 
 2.02481386e-06 -1.30521499e-05 
 2.02604127e-06  3.00758564e-04 
 2.02741405e-06 -2.51134143e-05 
 2.02903501e-06  2.88465047e-04 
 2.03099858e-06 -3.48608518e-05 
 2.03375538e-06  2.81079389e-04 
 2.03713674e-06 -4.22136196e-05 
 2.04389947e-06  2.71654085e-04 
 2.05419934e-06 -5.34491922e-05 
 2.07176964e-06  2.60658252e-04 
 2.10251676e-06 -6.10905945e-05 
 2.15283548e-06  2.54947086e-04 
 2.21641319e-06 -7.16534028e-05 
 2.25010000e-06  2.43179751e-04 
 2.25011000e-06 -3.70688531e-03 
 2.25013000e-06 -4.05045361e-03 
 2.25017000e-06 -3.54155682e-03 
 2.25020000e-06 -3.23431978e-03 
 2.25020074e-06 -3.46382519e-04 
 2.25020223e-06  4.98467282e-04 
 2.25020521e-06 -1.18086559e-04 
 2.25021117e-06  3.22131242e-04 
 2.25022309e-06  9.20367440e-06 
 2.25024693e-06  3.77199505e-04 
 2.25029460e-06  1.11772781e-04 
 2.25038995e-06  4.41404382e-04 
 2.25058064e-06  1.74637901e-04 
 2.25091486e-06  5.48518379e-04 
 2.25156839e-06  3.67310081e-04 
 2.25217030e-06  5.84285786e-04 
 2.25280960e-06  4.39970271e-05 
 2.25351045e-06  3.14536976e-04 
 2.25441002e-06 -1.04671652e-05 
 2.25512976e-06  2.93175621e-04 
 2.25594862e-06 -5.43840252e-05 
 2.25679539e-06  2.49448956e-04 
 2.25767862e-06 -5.96063355e-05 
 2.25885275e-06  2.48596435e-04 
 2.26067573e-06 -6.70935737e-05 
 2.26317256e-06  2.36114060e-04 
 2.26615926e-06 -7.19663291e-05 
 2.27049706e-06  2.35083082e-04 
 2.27688167e-06 -7.32985911e-05 
 2.28965089e-06  2.32620834e-04 
 2.31518933e-06 -7.78335874e-05 
 2.36626620e-06  2.24921659e-04 
 2.41927122e-06 -8.56833645e-05 
 2.48093535e-06  2.19697601e-04 
 2.50000000e-06 -8.81597072e-05 
 2.50001000e-06  3.66705390e-03 
 2.50003000e-06  3.61035906e-03 
 2.50007000e-06  4.66146615e-03 
 2.50010000e-06  5.30423796e-03 
 2.50010434e-06  1.49077366e-03 
 2.50011301e-06  1.07837471e-03 
 2.50013037e-06  1.30591734e-03 
 2.50016507e-06  8.73253714e-04 
 2.50023448e-06  1.05555048e-03 
 2.50037329e-06  6.25662799e-04 
 2.50056918e-06  8.58127827e-04 
 2.50093327e-06  5.00966360e-04 
 2.50144952e-06  5.46436976e-04 
 2.50198147e-06  6.61497587e-05 
 2.50258874e-06  3.77259594e-04 
 2.50330348e-06  4.02382500e-05 
 2.50406173e-06  2.94244712e-04 
 2.50498011e-06 -5.99746160e-05 
 2.50590553e-06  2.49407668e-04 
 2.50688874e-06 -6.46784668e-05 
 2.50813491e-06  2.57250183e-04 
 2.50933992e-06 -7.22989197e-05 
 2.51064318e-06  2.40540095e-04 
 2.51197041e-06 -7.40009973e-05 
 2.51358592e-06  2.36892334e-04 
 2.51493914e-06 -9.15807077e-05 
 2.51650965e-06  2.25776554e-04 
 2.51803874e-06 -9.24473878e-05 
 2.51980793e-06  2.23853912e-04 
 2.52334630e-06 -9.30101283e-05 
 2.52928269e-06  2.23280795e-04 
 2.53971923e-06 -9.32391839e-05 
 2.56059232e-06  2.22815054e-04 
 2.60233849e-06 -9.39286191e-05 
 2.68583082e-06  2.21860870e-04 
 2.75010000e-06 -9.46635537e-05 
 2.75011000e-06 -3.72985978e-03 
 2.75013000e-06 -4.05537376e-03 
 2.75017000e-06 -3.56502359e-03 
 2.75020000e-06 -3.23984334e-03 
 2.75020073e-06 -3.74733051e-04 
 2.75020219e-06  4.75319909e-04 
 2.75020511e-06 -1.33712445e-04 
 2.75021095e-06  2.95331002e-04 
 2.75022263e-06 -7.90519674e-06 
 2.75024598e-06  3.49539512e-04 
 2.75029269e-06  9.38463409e-05 
 2.75038611e-06  4.13601288e-04 
 2.75057295e-06  1.56183349e-04 
 2.75090043e-06  5.15563038e-04 
 2.75155539e-06  3.53193956e-04 
 2.75215111e-06  5.64731593e-04 
 2.75278466e-06  3.64890222e-05 
 2.75348695e-06  2.89943358e-04 
 2.75439826e-06 -2.20735684e-05 
 2.75514239e-06  2.73268492e-04 
 2.75597949e-06 -5.01256088e-05 
 2.75670248e-06  2.40762362e-04 
 2.75750601e-06 -5.53463540e-05 
 2.75854392e-06  2.32919285e-04 
 2.75964798e-06 -7.13949496e-05 
 2.76076540e-06  2.21133624e-04 
 2.76248957e-06 -7.84441472e-05 
 2.76448593e-06  2.11787207e-04 
 2.76718174e-06 -8.36340304e-05 
 2.77067964e-06  2.10472990e-04 
 2.77526109e-06 -8.34121498e-05 
 2.78442399e-06  2.10289846e-04 
 2.79764894e-06 -8.33938377e-05 
 2.82409885e-06  2.10159952e-04 
 2.87699867e-06 -8.34965307e-05 
 2.98279831e-06  2.09990895e-04 
 3.00000000e-06 -8.35613285e-05 
 3.00001000e-06  3.66235215e-03 
 3.00003000e-06  3.60380175e-03 
 3.00007000e-06  4.66010363e-03 
 3.00010000e-06  5.29818849e-03 
 3.00010434e-06  1.48739644e-03 
 3.00011301e-06  1.07554470e-03 
 3.00013035e-06  1.30217197e-03 
 3.00016504e-06  8.70667826e-04 
 3.00023441e-06  1.05230065e-03 
 3.00037316e-06  6.23858765e-04 
 3.00056892e-06  8.55764943e-04 
 3.00093288e-06  4.99553938e-04 
 3.00144755e-06  5.43478290e-04 
 3.00197836e-06  6.22666123e-05 
 3.00261969e-06  3.80502906e-04 
 3.00338313e-06  4.57735514e-05 
 3.00414577e-06  2.91020896e-04 
 3.00498395e-06 -6.11944309e-05 
 3.00571752e-06  2.68272192e-04 
 3.00649672e-06 -5.03412598e-05 
 3.00722667e-06  2.54080161e-04 
 3.00805613e-06 -7.22873228e-05 
 3.00886741e-06  2.41329199e-04 
 3.00994831e-06 -8.35319576e-05 
 3.01114782e-06  2.31893935e-04 
 3.01296386e-06 -7.52967566e-05 
 3.01490839e-06  2.46383457e-04 
 3.01657939e-06 -6.24241225e-05 
 3.01830942e-06  2.51740873e-04 
 3.02019259e-06 -3.56711240e-05 
 3.02171138e-06  3.09886418e-04 
 3.02322439e-06 -9.89031482e-06 
 3.02503676e-06  2.96440260e-04 
 3.02674904e-06 -2.98896108e-05 
 3.02829297e-06  2.78939646e-04 
 3.03036799e-06 -4.24757970e-05 
 3.03333000e-06  2.68085737e-04 
 3.03601355e-06 -4.99795398e-05 
 3.04105793e-06  2.60024139e-04 
 3.04749528e-06 -5.75320234e-05 
 3.05755174e-06  2.54794942e-04 
 3.07391374e-06 -6.10173393e-05 
 3.10103951e-06  2.47740582e-04 
 3.12819166e-06 -7.48130648e-05 
 3.15539325e-06  2.54831536e-04 
 3.18237995e-06 -4.68952732e-05 
 3.19930796e-06  2.21691423e-04 
 3.21526626e-06 -5.29833998e-05 
 3.23438801e-06  2.21546200e-04 
 3.25010000e-06 -5.64973000e-05 
 3.25011000e-06 -3.69984871e-03 
 3.25013000e-06 -4.02809102e-03 
 3.25017000e-06 -3.53652573e-03 
 3.25020000e-06 -3.20753963e-03 
 3.25020073e-06 -3.42585648e-04 
 3.25020219e-06  5.07132867e-04 
 3.25020511e-06 -1.01728113e-04 
 3.25021095e-06  3.26794011e-04 
 3.25022263e-06  2.26545142e-05 
 3.25024600e-06  3.78814206e-04 
 3.25029273e-06  1.20912313e-04 
 3.25038618e-06  4.38405845e-04 
 3.25057310e-06  1.78748346e-04 
 3.25090036e-06  5.36422692e-04 
 3.25155174e-06  3.72508555e-04 
 3.25214895e-06  5.84122190e-04 
 3.25278282e-06  5.59293892e-05 
 3.25348523e-06  3.09927541e-04 
 3.25439894e-06 -1.65132499e-06 
 3.25514861e-06  2.90295545e-04 
 3.25599083e-06 -4.47978301e-05 
 3.25684914e-06  2.44417784e-04 
 3.25774809e-06 -5.30657381e-05 
 3.25894439e-06  2.41473235e-04 
 3.26081138e-06 -6.13774655e-05 
 3.26323359e-06  2.29657537e-04 
 3.26634189e-06 -6.51736107e-05 
 3.27064639e-06  2.29306049e-04 
 3.27747832e-06 -6.54305211e-05 
 3.29114219e-06  2.28754431e-04 
 3.31800662e-06 -6.61798431e-05 
 3.37173548e-06  2.27673034e-04 
 3.47919320e-06 -6.74335179e-05 
 3.50000000e-06  2.26914128e-04 
 3.50001000e-06  3.68939651e-03 
 3.50003000e-06  3.61052161e-03 
 3.50007000e-06  4.68447874e-03 
 3.50010000e-06  5.30433558e-03 
 3.50010430e-06  1.50376110e-03 
 3.50011291e-06  1.09046827e-03 
 3.50013011e-06  1.32033055e-03 
 3.50016453e-06  8.88344193e-04 
 3.50023336e-06  1.07249311e-03 
 3.50037103e-06  6.41404251e-04 
 3.50056624e-06  8.73455139e-04 
 3.50092724e-06  5.16265852e-04 
 3.50143476e-06  5.67461224e-04 
 3.50196083e-06  8.06087274e-05 
 3.50260378e-06  3.96929713e-04 
 3.50336984e-06  6.13650973e-05 
 3.50412123e-06  3.05504869e-04 
 3.50492915e-06 -4.60620018e-05 
 3.50581719e-06  2.65655875e-04 
 3.50673771e-06 -5.21375733e-05 
 3.50782978e-06  2.68719107e-04 
 3.50918097e-06 -5.61959205e-05 
 3.51037356e-06  2.55733305e-04 
 3.51163879e-06 -6.01366208e-05 
 3.51346415e-06  2.49944746e-04 
 3.51493716e-06 -7.82763007e-05 
 3.51654051e-06  2.40405822e-04 
 3.51811948e-06 -7.85969763e-05 
 3.51996850e-06  2.38544051e-04 
 3.52349953e-06 -7.88641201e-05 
 3.52856861e-06  2.38130526e-04 
 3.53870677e-06 -7.88817031e-05 
 3.55898311e-06  2.37920049e-04 
 3.59953577e-06 -7.97170485e-05 
 3.64907895e-06  2.34571533e-04 
 3.70211926e-06 -7.69762171e-05 
 3.73838556e-06  2.30066993e-04 
 3.75010000e-06 -7.84755049e-05 
 3.75011000e-06 -3.71455174e-03 
 3.75013000e-06 -4.04002181e-03 
 3.75017000e-06 -3.54885446e-03 
 3.75020000e-06 -3.21965815e-03 
 3.75020073e-06 -3.57530027e-04 
 3.75020219e-06  4.90350185e-04 
 3.75020511e-06 -1.17443112e-04 
 3.75021095e-06  3.10842761e-04 
 3.75022263e-06  7.46634734e-06 
 3.75024599e-06  3.64195323e-04 
 3.75029271e-06  1.07890055e-04 
 3.75038614e-06  4.26876011e-04 
 3.75057301e-06  1.68887667e-04 
 3.75090050e-06  5.27965534e-04 
 3.75155548e-06  3.65314713e-04 
 3.75215328e-06  5.76070261e-04 
 3.75278822e-06  4.77128727e-05 
 3.75349079e-06  3.01804341e-04 
 3.75440190e-06 -9.81372973e-06 
 3.75513459e-06  2.85018306e-04 
 3.75596153e-06 -3.78752299e-05 
 3.75668073e-06  2.52567632e-04 
 3.75747783e-06 -4.34343062e-05 
 3.75851038e-06  2.45003140e-04 
 3.75960906e-06 -5.96017591e-05 
 3.76066817e-06  2.32822897e-04 
 3.76244209e-06 -6.68547561e-05 
 3.76420197e-06  2.23209748e-04 
 3.76708789e-06 -7.27870653e-05 
 3.77033357e-06  2.20427903e-04 
 3.77500580e-06 -7.43277060e-05 
 3.78349075e-06  2.16483216e-04 
 3.79462181e-06 -7.92754984e-05 
 3.81518288e-06  2.11485255e-04 
 3.84053253e-06 -8.27092566e-05 
 3.89123183e-06  2.09857437e-04 
 3.96779761e-06 -8.34016096e-05 
 4.00000000e-06  2.09657700e-04 
 4.00001000e-06  3.67183830e-03 
 4.00003000e-06  3.59285571e-03 
 4.00007000e-06  4.67063308e-03 
 4.00010000e-06  5.28773533e-03 
 4.00010430e-06  1.48814880e-03 
 4.00011290e-06  1.07550053e-03 
 4.00013011e-06  1.30348801e-03 
 4.00016452e-06  8.71432210e-04 
 4.00023333e-06  1.05394519e-03 
 4.00037097e-06  6.24713303e-04 
 4.00056610e-06  8.56588850e-04 
 4.00092703e-06  5.00600687e-04 
 4.00143488e-06  5.50335981e-04 
 4.00196119e-06  6.42600330e-05 
 4.00260399e-06  3.79656757e-04 
 4.00336206e-06  4.75744360e-05 
 4.00411866e-06  2.94546769e-04 
 4.00495497e-06 -5.89423031e-05 
 4.00567117e-06  2.67412925e-04 
 4.00646163e-06 -4.95766991e-05 
 4.00718286e-06  2.55231609e-04 
 4.00803120e-06 -7.12159282e-05 
 4.00883886e-06  2.40996750e-04 
 4.00992901e-06 -8.39171827e-05 
 4.01114023e-06  2.34631125e-04 
 4.01297289e-06 -7.31092938e-05 
 4.01430059e-06  2.36471833e-04 
 4.01576201e-06 -6.65967784e-05 
 4.01715475e-06  2.51032597e-04 
 4.01859564e-06 -5.91278904e-05 
 4.02009909e-06  3.07766629e-04 
 4.02123609e-06  2.72752658e-05 
 4.02232737e-06  3.46611468e-04 
 4.02378011e-06  3.12293039e-05 
 4.02513449e-06  3.27222080e-04 
 4.02650512e-06  1.03751221e-05 
 4.02792823e-06  3.22483885e-04 
 4.02944964e-06  3.27737392e-05 
 4.03092200e-06  3.27540374e-04 
 4.03243349e-06 -5.21018229e-05 
 4.03397234e-06  2.79743829e-04 
 4.03572641e-06 -4.91084885e-05 
 4.03792273e-06  2.73675325e-04 
 4.04226670e-06 -4.89281990e-05 
 4.04799707e-06  2.70267213e-04 
 4.05899159e-06 -5.40891589e-05 
 4.07696847e-06  2.56750206e-04 
 4.09409895e-06 -7.05427926e-05 
 4.11598718e-06  2.43822063e-04 
 4.14019911e-06 -7.75779024e-05 
 4.16556881e-06  2.40365616e-04 
 4.19265107e-06 -7.85808009e-05 
 4.23488046e-06  2.39326805e-04 
 4.25010000e-06 -7.89047480e-05 
 4.25011000e-06 -3.72041422e-03 
 4.25013000e-06 -4.04649890e-03 
 4.25017000e-06 -3.55162250e-03 
 4.25020000e-06 -3.21813019e-03 
 4.25020073e-06 -3.54936702e-04 
 4.25020219e-06  4.93136609e-04 
 4.25020511e-06 -1.15049323e-04 
 4.25021096e-06  3.13571632e-04 
 4.25022264e-06  1.00536275e-05 
 4.25024601e-06  3.67100469e-04 
 4.25029276e-06  1.11056658e-04 
 4.25038624e-06  4.31195515e-04 
 4.25057321e-06  1.74346525e-04 
 4.25089993e-06  5.33655272e-04 
 4.25155337e-06  3.70162433e-04 
 4.25215190e-06  5.80842146e-04 
 4.25278703e-06  5.23409706e-05 
 4.25348974e-06  3.07617410e-04 
 4.25440200e-06 -4.22146067e-06 
 4.25515566e-06  2.87823435e-04 
 4.25600104e-06 -4.75978933e-05 
 4.25685974e-06  2.42227378e-04 
 4.25775875e-06 -5.57023085e-05 
 4.25895993e-06  2.39337443e-04 
 4.26084650e-06 -6.38187880e-05 
 4.26325451e-06  2.27709841e-04 
 4.26639742e-06 -6.74726180e-05 
 4.27070010e-06  2.27501899e-04 
 4.27748486e-06 -6.74977334e-05 
 4.29105439e-06  2.27308039e-04 
 4.31761288e-06 -6.76950945e-05 
 4.37072986e-06  2.26968203e-04 
 4.47696382e-06 -6.80940043e-05 
 4.50000000e-06  2.26716006e-04 
 4.50001000e-06  3.68744929e-03 
 4.50003000e-06  3.60854275e-03 
 4.50007000e-06  4.68506226e-03 
 4.50010000e-06  5.30239787e-03 
 4.50010431e-06  1.50286563e-03 
 4.50011292e-06  1.08941905e-03 
 4.50013014e-06  1.31951451e-03 
 4.50016458e-06  8.87084449e-04 
 4.50023347e-06  1.07130005e-03 
 4.50037124e-06  6.40128907e-04 
 4.50056628e-06  8.72595408e-04 
 4.50092631e-06  5.15573765e-04 
 4.50143304e-06  5.67713206e-04 
 4.50195840e-06  8.04434336e-05 
 4.50260133e-06  3.96182081e-04 
 4.50336593e-06  6.08742329e-05 
 4.50411659e-06  3.05336525e-04 
 4.50492115e-06 -4.60172484e-05 
 4.50582404e-06  2.65105499e-04 
 4.50674751e-06 -5.19455133e-05 
 4.50784943e-06  2.67583981e-04 
 4.50904841e-06 -5.68256951e-05 
 4.51021058e-06  2.55892792e-04 
 4.51143135e-06 -5.84560438e-05 
 4.51309199e-06  2.48889830e-04 
 4.51450080e-06 -7.83650948e-05 
 4.51601174e-06  2.39776352e-04 
 4.51756212e-06 -7.88871178e-05 
 4.51935623e-06  2.38107310e-04 
 4.52277872e-06 -7.91396589e-05 
 4.52779269e-06  2.37769341e-04 
 4.53782063e-06 -7.91137792e-05 
 4.55787651e-06  2.37692590e-04 
 4.59798826e-06 -7.91603076e-05 
 4.67821176e-06  2.37610117e-04 
 4.75010000e-06 -7.92141655e-05 
 4.75011000e-06 -3.71460564e-03 
 4.75013000e-06 -4.03953965e-03 
 4.75017000e-06 -3.54619221e-03 
 4.75020000e-06 -3.21417946e-03 
 4.75020073e-06 -3.53928090e-04 
 4.75020219e-06  4.92978126e-04 
 4.75020511e-06 -1.14154916e-04 
 4.75021094e-06  3.13463075e-04 
 4.75022262e-06  1.02835741e-05 
 4.75024597e-06  3.66165995e-04 
 4.75029266e-06  1.10001770e-04 
 4.75038606e-06  4.28806945e-04 
 4.75057285e-06  1.72436365e-04 
 4.75089805e-06  5.30478387e-04 
 4.75154845e-06  3.69638673e-04 
 4.75214713e-06  5.80507551e-04 
 4.75278149e-06  5.30222155e-05 
 4.75348440e-06  3.04851577e-04 
 4.75440194e-06 -6.10516861e-06 
 4.75514603e-06  2.86910529e-04 
 4.75598206e-06 -4.23746705e-05 
 4.75670706e-06  2.42796471e-04 
 4.75751105e-06 -5.55096398e-05 
 4.75854749e-06  2.38764634e-04 
 4.75964924e-06 -5.88727893e-05 
 4.76185273e-06  2.27004191e-04 
 4.76417358e-06 -6.72018288e-05 
 4.76825082e-06  2.25624553e-04 
 4.77262531e-06 -6.70537473e-05 
 4.78137429e-06  2.25466619e-04 
 4.79887226e-06 -6.70155056e-05 
 4.83386820e-06  2.25408422e-04 
 4.90386007e-06 -6.70280358e-05 
 5.00000000e-06  2.25375594e-04 
 5.00001000e-06  3.68562497e-03 
 5.00003000e-06  3.60624841e-03 
 5.00007000e-06  4.68516623e-03 
 5.00010000e-06  5.30080918e-03 
 5.00010430e-06  1.50273287e-03 
 5.00011291e-06  1.09056561e-03 
 5.00013012e-06  1.31853886e-03 
 5.00016453e-06  8.88643812e-04 
 5.00023337e-06  1.07070286e-03 
 5.00037104e-06  6.41749561e-04 
 5.00056589e-06  8.71834538e-04 
 5.00092578e-06  5.17052205e-04 
 5.00143202e-06  5.67008381e-04 
 5.00195704e-06  8.13610078e-05 
 5.00259658e-06  3.94905403e-04 
 5.00335992e-06  6.44924915e-05 
 5.00411592e-06  3.07116613e-04 
 5.00496563e-06 -4.57552925e-05 
 5.00571584e-06  2.70044960e-04 
 5.00653105e-06 -4.72119844e-05 
 5.00734177e-06  2.63354292e-04 
 5.00833493e-06 -6.13898368e-05 
 5.00923554e-06  2.47723146e-04 
 5.01049902e-06 -7.33771102e-05 
 5.01208103e-06  2.41468827e-04 
 5.01442633e-06 -6.22674950e-05 
 5.01784445e-06  2.67579822e-04 
 5.02020369e-06 -2.40206068e-05 
 5.02226638e-06  2.99310891e-04 
 5.02423868e-06 -2.89333254e-05 
 5.02617371e-06  2.72457233e-04 
 5.02804700e-06 -4.80041296e-05 
 5.03032394e-06  2.60764545e-04 
 5.03246427e-06 -5.29215994e-05 
 5.03543694e-06  2.58845644e-04 
 5.03882062e-06 -5.72612930e-05 
 5.04394484e-06  2.50639676e-04 
 5.05128149e-06 -7.02840642e-05 
 5.06228270e-06  2.36821035e-04 
 5.07707440e-06 -7.81191384e-05 
 5.09482489e-06  2.34693036e-04 
 5.11980555e-06 -7.83974654e-05 
 5.15032472e-06  2.34911307e-04 
 5.20305423e-06 -7.77284237e-05 
 5.25010000e-06  2.35459133e-04 
 5.25011000e-06 -3.71140412e-03 
 5.25013000e-06 -4.05421532e-03 
 5.25017000e-06 -3.54355650e-03 
 5.25020000e-06 -3.22601495e-03 
 5.25020074e-06 -3.45910550e-04 
 5.25020223e-06  4.93410103e-04 
 5.25020521e-06 -1.20085528e-04 
 5.25021117e-06  3.18326647e-04 
 5.25022309e-06  5.84944033e-06 
 5.25024693e-06  3.72013366e-04 
 5.25029460e-06  1.06380338e-04 
 5.25038994e-06  4.34916094e-04 
 5.25058062e-06  1.69411654e-04 
 5.25091261e-06  5.42500939e-04 
 5.25157659e-06  3.63009803e-04 
 5.25218206e-06  5.76150830e-04 
 5.25282571e-06  3.76567738e-05 
 5.25352822e-06  3.11693858e-04 
 5.25443232e-06 -1.16618791e-05 
 5.25516485e-06  2.92800262e-04 
 5.25599589e-06 -5.47561555e-05 
 5.25684825e-06  2.47531006e-04 
 5.25773811e-06 -6.30961698e-05 
 5.25892792e-06  2.44724191e-04 
 5.26077837e-06 -7.11818059e-05 
 5.26320834e-06  2.33029392e-04 
 5.26629891e-06 -7.48933898e-05 
 5.27059448e-06  2.32908282e-04 
 5.27729806e-06 -7.48299979e-05 
 5.29070524e-06  2.32865666e-04 
 5.31660352e-06 -7.47669537e-05 
 5.36840010e-06  2.32929611e-04 
 5.47199325e-06 -7.46471800e-05 
 5.50000000e-06  2.32991114e-04 
 5.50001000e-06  3.68635347e-03 
 5.50003000e-06  3.60712750e-03 
 5.50007000e-06  4.68540514e-03 
 5.50010000e-06  5.30140465e-03 
 5.50010430e-06  1.50280242e-03 
 5.50011290e-06  1.08959989e-03 
 5.50013010e-06  1.31950463e-03 
 5.50016450e-06  8.87623358e-04 
 5.50023329e-06  1.07180260e-03 
 5.50037089e-06  6.40936097e-04 
 5.50056607e-06  8.72937518e-04 
 5.50092678e-06  5.15954373e-04 
 5.50143360e-06  5.67547920e-04 
 5.50195932e-06  8.02114206e-05 
 5.50260199e-06  3.95957524e-04 
 5.50336632e-06  6.11829367e-05 
 5.50411750e-06  3.06276445e-04 
 5.50494825e-06 -4.48766651e-05 
 5.50594464e-06  2.63836143e-04 
 5.50685244e-06 -5.15704323e-05 
 5.50810713e-06  2.67328596e-04 
 5.50918260e-06 -5.80092354e-05 
 5.51051577e-06  2.57299322e-04 
 5.51186960e-06 -5.97246510e-05 
 5.51336466e-06  2.43600876e-04 
 5.51509024e-06 -7.82472473e-05 
 5.51665490e-06  2.38519280e-04 
 5.51889422e-06 -7.89660896e-05 
 5.52120171e-06  2.37591633e-04 
 5.52519467e-06 -7.90281292e-05 
 5.53117494e-06  2.37484159e-04 
 5.54122779e-06 -7.90122046e-05 
 5.55976755e-06  2.37455680e-04 
 5.59172681e-06 -7.90136053e-05 
 5.65178154e-06  2.37447398e-04 
 5.75010000e-06 -7.90096977e-05 
 5.75011000e-06 -3.71373931e-03 
 5.75013000e-06 -4.03850085e-03 
 5.75017000e-06 -3.54535759e-03 
 5.75020000e-06 -3.21217471e-03 
 5.75020073e-06 -3.52901883e-04 
 5.75020219e-06  4.92846490e-04 
 5.75020511e-06 -1.13951372e-04 
 5.75021095e-06  3.13669583e-04 
 5.75022263e-06  1.03812109e-05 
 5.75024599e-06  3.66111292e-04 
 5.75029270e-06  1.09589798e-04 
 5.75038613e-06  4.28304594e-04 
 5.75057300e-06  1.71613496e-04 
 5.75090035e-06  5.31237541e-04 
 5.75155506e-06  3.69233756e-04 
 5.75215536e-06  5.79040017e-04 
 5.75279180e-06  5.06848723e-05 
 5.75349473e-06  3.05257165e-04 
 5.75440482e-06 -6.79973402e-06 
 5.75514362e-06  2.87009966e-04 
 5.75597615e-06 -4.28058496e-05 
 5.75669786e-06  2.43450739e-04 
 5.75749849e-06 -5.59882551e-05 
 5.75853056e-06  2.39382824e-04 
 5.75962804e-06 -5.94755109e-05 
 5.76182298e-06  2.27654990e-04 
 5.76413689e-06 -6.77764940e-05 
 5.76820201e-06  2.26272823e-04 
 5.77255759e-06 -6.76315868e-05 
 5.78126875e-06  2.26119534e-04 
 5.79869107e-06 -6.75901422e-05 
 5.83353570e-06  2.26069363e-04 
 5.90322496e-06 -6.75919795e-05 
 6.00000000e-06  2.26047870e-04 
 6.00001000e-06  3.68451295e-03 
 6.00003000e-06  3.60506956e-03 
 6.00007000e-06  4.68482059e-03 
 6.00010000e-06  5.29939808e-03 
 6.00010430e-06  1.50203448e-03 
 6.00011290e-06  1.08955119e-03 
 6.00013011e-06  1.31851297e-03 
 6.00016452e-06  8.87962294e-04 
 6.00023335e-06  1.07133180e-03 
 6.00037099e-06  6.41639651e-04 
 6.00056608e-06  8.72735563e-04 
 6.00092709e-06  5.16637116e-04 
 6.00143439e-06  5.66559671e-04 
 6.00196041e-06  8.05076166e-05 
 6.00260276e-06  3.96154911e-04 
 6.00336537e-06  6.32465196e-05 
 6.00412062e-06  3.05802440e-04 
 6.00497164e-06 -4.78225048e-05 
 6.00574532e-06  2.71969751e-04 
 6.00655107e-06 -4.79138725e-05 
 6.00730590e-06  2.62305367e-04 
 6.00819584e-06 -6.17100455e-05 
 6.00909763e-06  2.48974350e-04 
 6.01026055e-06 -7.24338806e-05 
 6.01204850e-06  2.41903288e-04 
 6.01418242e-06 -6.44655004e-05 
 6.01683036e-06  2.67447723e-04 
 6.01900187e-06 -4.91669189e-05 
 6.02132632e-06  2.98337964e-04 
 6.02301149e-06 -2.52492889e-05 
 6.02458494e-06  2.75283820e-04 
 6.02589806e-06 -4.31061577e-05 
 6.02740921e-06  2.62683201e-04 
 6.02914241e-06 -5.37638552e-05 
 6.03117344e-06  2.54654877e-04 
 6.03391172e-06 -6.12926058e-05 
 6.03737292e-06  2.43045340e-04 
 6.04405460e-06 -7.52918673e-05 
 6.05199369e-06  2.34218974e-04 
 6.06065344e-06 -7.67306129e-05 
 6.07139953e-06  2.34158539e-04 
 6.08960377e-06 -7.66936127e-05 
 6.11523881e-06  2.34188321e-04 
 6.16650888e-06 -7.64730798e-05 
 6.24356841e-06  2.34458139e-04 
 6.25010000e-06 -7.62554956e-05 
 6.25011000e-06 -3.71897897e-03 
 6.25013000e-06 -4.04564868e-03 
 6.25017000e-06 -3.55088484e-03 
 6.25020000e-06 -3.21489592e-03 
 6.25020073e-06 -3.53832690e-04 
 6.25020219e-06  4.93041152e-04 
 6.25020511e-06 -1.14376623e-04 
 6.25021095e-06  3.13698037e-04 
 6.25022263e-06  1.05529178e-05 
 6.25024600e-06  3.66859449e-04 
 6.25029273e-06  1.10748089e-04 
 6.25038619e-06  4.29958211e-04 
 6.25057311e-06  1.73271089e-04 
 6.25090126e-06  5.32872197e-04 
 6.25155438e-06  3.69175383e-04 
 6.25215572e-06  5.78570754e-04 
 6.25279263e-06  5.00980874e-05 
 6.25349552e-06  3.05883292e-04 
 6.25440537e-06 -5.35775869e-06 
 6.25515960e-06  2.86867539e-04 
 6.25600535e-06 -4.86360661e-05 
 6.25686182e-06  2.41361888e-04 
 6.25775932e-06 -5.64983329e-05 
 6.25896925e-06  2.38388104e-04 
 6.26083996e-06 -6.48119600e-05 
 6.26325641e-06  2.26788149e-04 
 6.26639079e-06 -6.83274062e-05 
 6.27069552e-06  2.26652367e-04 
 6.27762181e-06 -6.82744366e-05 
 6.29147438e-06  2.26595014e-04 
 6.31782354e-06 -6.82356628e-05 
 6.37052186e-06  2.26621463e-04 
 6.47591850e-06 -6.81705728e-05 
 6.50000000e-06  2.26643700e-04 
 6.50001000e-06  3.68545757e-03 
 6.50003000e-06  3.60679976e-03 
 6.50007000e-06  4.68526024e-03 
 6.50010000e-06  5.30092908e-03 
 6.50010430e-06  1.50254581e-03 
 6.50011291e-06  1.08950246e-03 
 6.50013011e-06  1.31929630e-03 
 6.50016453e-06  8.87648790e-04 
 6.50023336e-06  1.07179716e-03 
 6.50037102e-06  6.41066425e-04 
 6.50056623e-06  8.72939664e-04 
 6.50092722e-06  5.15960599e-04 
 6.50143475e-06  5.66955935e-04 
 6.50196082e-06  8.01642372e-05 
 6.50260306e-06  3.96231526e-04 
 6.50336792e-06  6.07731492e-05 
 6.50411924e-06  3.04654043e-04 
 6.50492164e-06 -4.65400642e-05 
 6.50581356e-06  2.64497589e-04 
 6.50674529e-06 -5.28953519e-05 
 6.50783417e-06  2.67561140e-04 
 6.50920786e-06 -5.65280576e-05 
 6.51040153e-06  2.57343097e-04 
 6.51167264e-06 -5.93927468e-05 
 6.51352424e-06  2.44064899e-04 
 6.51522129e-06 -7.84415242e-05 
 6.51686496e-06  2.38815831e-04 
 6.51886820e-06 -7.89641799e-05 
 6.52106464e-06  2.37739395e-04 
 6.52466958e-06 -7.90128639e-05 
 6.52996198e-06  2.37579366e-04 
 6.53910898e-06 -7.89836844e-05 
 6.55555402e-06  2.37538271e-04 
 6.58459398e-06 -7.89865918e-05 
 6.63928972e-06  2.37518683e-04 
 6.73952525e-06 -7.89912929e-05 
 6.75010000e-06  2.37502426e-04 
 6.75011000e-06 -3.70669674e-03 
 6.75013000e-06 -4.04669756e-03 
 6.75017000e-06 -3.53703828e-03 
 6.75020000e-06 -3.21988070e-03 
 6.75020075e-06 -3.42388379e-04 
 6.75020224e-06  4.94669587e-04 
 6.75020522e-06 -1.18012610e-04 
 6.75021118e-06  3.19862709e-04 
 6.75022310e-06  7.26277162e-06 
 6.75024694e-06  3.72579348e-04 
 6.75029462e-06  1.06314219e-04 
 6.75038999e-06  4.33955570e-04 
 6.75058072e-06  1.68283886e-04 
 6.75091320e-06  5.41915014e-04 
 6.75157814e-06  3.63209775e-04 
 6.75218521e-06  5.75771185e-04 
 6.75283012e-06  3.74013281e-05 
 6.75353293e-06  3.11054292e-04 
 6.75442575e-06 -1.28938840e-05 
 6.75514106e-06  2.93583466e-04 
 6.75595428e-06 -4.85445890e-05 
 6.75666718e-06  2.50148259e-04 
 6.75745688e-06 -6.24017741e-05 
 6.75847020e-06  2.45996137e-04 
 6.75955101e-06 -6.55908023e-05 
 6.76171262e-06  2.34397842e-04 
 6.76400014e-06 -7.42238581e-05 
 6.76800986e-06  2.32806988e-04 
 6.77229923e-06 -7.40805688e-05 
 6.78087797e-06  2.32650049e-04 
 6.79803544e-06 -7.40379720e-05 
 6.83235039e-06  2.32597975e-04 
 6.90098028e-06 -7.40406492e-05 
 7.00000000e-06  2.32574781e-04 
 7.00001000e-06  3.68429626e-03 
 7.00003000e-06  3.60449424e-03 
 7.00007000e-06  4.68501334e-03 
 7.00010000e-06  5.29877474e-03 
 7.00010430e-06  1.50193236e-03 
 7.00011290e-06  1.08944014e-03 
 7.00013009e-06  1.31849962e-03 
 7.00016449e-06  8.88057737e-04 
 7.00023327e-06  1.07150126e-03 
 7.00037084e-06  6.41803877e-04 
 7.00056592e-06  8.72777135e-04 
 7.00092674e-06  5.16761937e-04 
 7.00143381e-06  5.66872720e-04 
 7.00195957e-06  8.06360024e-05 
 7.00260195e-06  3.96127051e-04 
 7.00336408e-06  6.39378659e-05 
 7.00411900e-06  3.07328853e-04 
 7.00496978e-06 -4.61083690e-05 
 7.00571929e-06  2.71182912e-04 
 7.00653407e-06 -4.73262594e-05 
 7.00730729e-06  2.63851579e-04 
 7.00825952e-06 -6.12323006e-05 
 7.00915229e-06  2.48554908e-04 
 7.01036952e-06 -7.33405794e-05 
 7.01199863e-06  2.41657519e-04 
 7.01424255e-06 -6.52810823e-05 
 7.01716741e-06  2.67376655e-04 
 7.01947275e-06 -4.88701023e-05 
 7.02190429e-06  2.91844276e-04 
 7.02366723e-06 -3.58912161e-05 
 7.02529201e-06  2.67056133e-04 
 7.02680137e-06 -4.80314286e-05 
 7.02837553e-06  2.51910616e-04 
 7.03017435e-06 -6.64659424e-05 
 7.03268050e-06  2.37399579e-04 
 7.03532068e-06 -7.59539404e-05 
 7.03988210e-06  2.33477971e-04 
 7.04421623e-06 -7.61199556e-05 
 7.05162997e-06  2.34130433e-04 
 7.06064693e-06 -7.57912790e-05 
 7.07822205e-06  2.34009512e-04 
 7.10640947e-06 -7.58234900e-05 
 7.16262902e-06  2.34052654e-04 
 7.23190127e-06 -7.57010458e-05 
 7.25010000e-06  2.34098439e-04 
 7.25011000e-06 -3.71092477e-03 
 7.25013000e-06 -4.05340957e-03 
 7.25017000e-06 -3.54245138e-03 
 7.25020000e-06 -3.22288613e-03 
 7.25020074e-06 -3.44011013e-04 
 7.25020223e-06  4.94394414e-04 
 7.25020521e-06 -1.18762480e-04 
 7.25021117e-06  3.19406506e-04 
 7.25022309e-06  7.03212137e-06 
 7.25024693e-06  3.72722096e-04 
 7.25029460e-06  1.06993991e-04 
 7.25038994e-06  4.35132530e-04 
 7.25058062e-06  1.69955912e-04 
 7.25091835e-06  5.45681184e-04 
 7.25157908e-06  3.63648774e-04 
 7.25218907e-06  5.74599815e-04 
 7.25283553e-06  3.58881204e-05 
 7.25353813e-06  3.12333258e-04 
 7.25442911e-06 -1.12504744e-05 
 7.25513111e-06  2.94097147e-04 
 7.25593071e-06 -5.40362835e-05 
 7.25678740e-06  2.48317722e-04 
 7.25767075e-06 -6.30075110e-05 
 7.25883162e-06  2.45604273e-04 
 7.26071535e-06 -7.09506382e-05 
 7.26318959e-06  2.33584609e-04 
 7.26620001e-06 -7.49215046e-05 
 7.27052001e-06  2.33491346e-04 
 7.27697704e-06 -7.48911088e-05 
 7.28989108e-06  2.33421616e-04 
 7.31571917e-06 -7.48812556e-05 
 7.36737535e-06  2.33407594e-04 
 7.47068771e-06 -7.48630395e-05 
 7.50000000e-06  2.33408670e-04 
 7.50001000e-06  3.68616633e-03 
 7.50003000e-06  3.60734839e-03 
 7.50007000e-06  4.68619125e-03 
 7.50010000e-06  5.30137595e-03 
 7.50010430e-06  1.50329370e-03 
 7.50011290e-06  1.08995484e-03 
 7.50013010e-06  1.31938107e-03 
 7.50016449e-06  8.87746618e-04 
 7.50023328e-06  1.07161804e-03 
 7.50037086e-06  6.40787963e-04 
 7.50056345e-06  8.73026139e-04 
 7.50092059e-06  5.17166790e-04 
 7.50144900e-06  5.59593101e-04 
 7.50198543e-06  7.68432442e-05 
 7.50264443e-06  3.99079948e-04 
 7.50340945e-06  5.69366395e-05 
 7.50418128e-06  3.01637601e-04 
 7.50497175e-06 -4.55300464e-05 
 7.50593660e-06  2.64175388e-04 
 7.50684109e-06 -5.29364495e-05 
 7.50804441e-06  2.68025877e-04 
 7.50927840e-06 -5.79129487e-05 
 7.51051866e-06  2.56580614e-04 
 7.51180114e-06 -5.93553314e-05 
 7.51346399e-06  2.48356498e-04 
 7.51490323e-06 -7.88466852e-05 
 7.51643605e-06  2.40260797e-04 
 7.51807006e-06 -7.94881302e-05 
 7.51992252e-06  2.38670372e-04 
 7.52331878e-06 -7.97290378e-05 
 7.52826218e-06  2.38364597e-04 
 7.53814897e-06 -7.96968949e-05 
 7.55704071e-06  2.38313793e-04 
 7.59353272e-06 -7.97039484e-05 
 7.66651674e-06  2.38288708e-04 
 7.75010000e-06 -7.97100926e-05 
 7.75011000e-06 -3.71393053e-03 
 7.75013000e-06 -4.03884198e-03 
 7.75017000e-06 -3.54564646e-03 
 7.75020000e-06 -3.21072374e-03 
 7.75020073e-06 -3.52337356e-04 
 7.75020219e-06  4.92789190e-04 
 7.75020511e-06 -1.13764672e-04 
 7.75021095e-06  3.13696413e-04 
 7.75022263e-06  1.05548945e-05 
 7.75024598e-06  3.65931539e-04 
 7.75029270e-06  1.09515764e-04 
 7.75038612e-06  4.27964682e-04 
 7.75057298e-06  1.71862225e-04 
 7.75090568e-06  5.33881096e-04 
 7.75157107e-06  3.69496860e-04 
 7.75217424e-06  5.74365429e-04 
 7.75281512e-06  4.60700377e-05 
 7.75351843e-06  3.05966825e-04 
 7.75441765e-06 -6.72025029e-06 
 7.75511668e-06  2.87976345e-04 
 7.75591211e-06 -4.32058600e-05 
 7.75662600e-06  2.44532921e-04 
 7.75740661e-06 -5.66697105e-05 
 7.75843747e-06  2.40462035e-04 
 7.75952988e-06 -5.99062539e-05 
 7.76171469e-06  2.28746742e-04 
 7.76401918e-06 -6.85657063e-05 
 7.76804110e-06  2.27200380e-04 
 7.77235671e-06 -6.84229868e-05 
 7.78098791e-06  2.27042638e-04 
 7.79825033e-06 -6.83803642e-05 
 7.83277516e-06  2.26990000e-04 
 7.90182483e-06 -6.83836069e-05 
 8.00000000e-06  2.26966208e-04 
 8.00001000e-06  3.68506649e-03 
 8.00003000e-06  3.60608414e-03 
 8.00007000e-06  4.68588017e-03 
 8.00010000e-06  5.29989713e-03 
 8.00010430e-06  1.50264013e-03 
 8.00011290e-06  1.09003326e-03 
 8.00013011e-06  1.31804724e-03 
 8.00016452e-06  8.88328326e-04 
 8.00023334e-06  1.07077885e-03 
 8.00037098e-06  6.41684612e-04 
 8.00056353e-06  8.72377857e-04 
 8.00092088e-06  5.17919202e-04 
 8.00144982e-06  5.58046380e-04 
 8.00198663e-06  7.73763171e-05 
 8.00264567e-06  3.98565760e-04 
 8.00340896e-06  5.86143429e-05 
 8.00418449e-06  2.98874795e-04 
 8.00504716e-06 -4.88956728e-05 
 8.00586568e-06  2.72162139e-04 
 8.00666089e-06 -4.78366961e-05 
 8.00741702e-06  2.63397304e-04 
 8.00831362e-06 -6.10654015e-05 
 8.00921947e-06  2.50106202e-04 
 8.01039621e-06 -7.19972454e-05 
 8.01220044e-06  2.41942686e-04 
 8.01437542e-06 -7.22671641e-05 
 8.01717362e-06  2.47385231e-04 
 8.01983108e-06 -7.56758682e-05 
 8.02251633e-06  2.39278297e-04 
 8.02522537e-06 -7.74730907e-05 
 8.02811987e-06  2.37374833e-04 
 8.03390888e-06 -7.82060968e-05 
 8.04245488e-06  2.36860101e-04 
 8.05443158e-06 -7.81996808e-05 
 8.07669870e-06  2.36815280e-04 
 8.12123293e-06 -7.82011709e-05 
 8.21030139e-06  2.36789292e-04 
 8.25010000e-06 -7.82029341e-05 
 8.25011000e-06 -3.71795989e-03 
 8.25013000e-06 -4.04031293e-03 
 8.25017000e-06 -3.53796859e-03 
 8.25020000e-06 -3.21099953e-03 
 8.25020073e-06 -3.52336949e-04 
 8.25020219e-06  4.90618879e-04 
 8.25020511e-06 -1.17424132e-04 
 8.25021095e-06  3.12421033e-04 
 8.25022262e-06  9.53976750e-06 
 8.25024598e-06  3.67278842e-04 
 8.25029269e-06  1.10656856e-04 
 8.25038610e-06  4.29868150e-04 
 8.25057294e-06  1.72921456e-04 
 8.25094660e-06  5.52456809e-04 
 8.25158001e-06  3.56620770e-04 
 8.25220546e-06  5.51996391e-04 
 8.25285887e-06  1.99499034e-05 
 8.25356075e-06  2.89382204e-04 
 8.25444095e-06 -2.99239700e-05 
 8.25540214e-06  2.53952563e-04 
 8.25661829e-06 -6.36820190e-05 
 8.25790657e-06  2.45429317e-04 
 8.25938249e-06 -6.44048547e-05 
 8.26204259e-06  2.32943370e-04 
 8.26458251e-06 -7.35581149e-05 
 8.26858318e-06  2.32141836e-04 
 8.27332328e-06 -7.33144096e-05 
 8.28280348e-06  2.31935021e-04 
 8.30176387e-06 -7.32573753e-05 
 8.33968467e-06  2.31868192e-04 
 8.41552626e-06 -7.32593510e-05 
 8.50000000e-06  2.31840125e-04 
