 0.00000000e+00  5.98828983e-05 
 1.00000000e-12  3.89540850e-03 
 2.00000000e-12  4.20767337e-03 
 4.00000000e-12  4.28683346e-03 
 8.00000000e-12  4.13868170e-03 
 1.60000000e-11  3.97423041e-03 
 3.20000000e-11  3.86333941e-03 
 6.40000000e-11  4.92007521e-03 
 1.00000000e-10  7.55029710e-03 
 1.06400000e-10  2.63394362e-03 
 1.19200000e-10  2.01989509e-03 
 1.44800000e-10  2.14349318e-03 
 1.96000000e-10  1.46916197e-03 
 2.98400000e-10  1.45832555e-03 
 4.51198945e-10  9.83796484e-04 
 7.56796835e-10  1.03284879e-03 
 1.04164457e-09  6.85353540e-04 
 1.50284936e-09  9.29675563e-04 
 1.91785480e-09  6.51991747e-04 
 2.38885635e-09  1.02475588e-03 
 2.84751986e-09  5.30154535e-04 
 3.24805413e-09  9.54109466e-04 
 3.71857115e-09  5.90175354e-04 
 4.21173843e-09  8.52752324e-04 
 4.70521076e-09  3.65183202e-04 
 5.25267725e-09  5.35944570e-04 
 5.84527117e-09  1.49811097e-04 
 6.64974800e-09  4.55536336e-04 
 7.41444445e-09  1.16404301e-04 
 8.29538913e-09  3.75668402e-04 
 9.24310972e-09 -3.84716400e-05 
 1.01509086e-08  2.73448950e-04 
 1.12070549e-08  1.73692154e-05 
 1.23547135e-08  3.29855649e-04 
 1.32872416e-08 -5.60055225e-05 
 1.42148010e-08  2.81685676e-04 
 1.50857855e-08 -6.12825695e-05 
 1.60245155e-08  2.75160473e-04 
 1.73249546e-08 -6.65930899e-05 
 1.99258329e-08  2.93455001e-04 
 2.26284975e-08  2.61082103e-05 
 2.51914711e-08  3.61975767e-04 
 2.65215071e-08 -8.18106428e-05 
 2.78216123e-08  3.11752410e-04 
 2.91472499e-08 -6.10668255e-05 
 3.05643954e-08  2.95387575e-04 
 3.27801535e-08 -6.14398902e-05 
 3.54004119e-08  2.80046130e-04 
 3.84338950e-08 -5.65729311e-05 
 4.16041119e-08  2.83555154e-04 
 4.57339069e-08 -5.87021840e-05 
 5.00272889e-08  2.80280490e-04 
 5.81302416e-08 -6.01291629e-05 
 6.85963256e-08  2.76279394e-04 
 8.81811725e-08 -6.40666381e-05 
 1.23212470e-07  2.71175603e-04 
 1.79587597e-07 -6.68966293e-05 
 2.27105633e-07  2.70262509e-04 
 2.50100000e-07 -7.44392075e-05 
 2.50110000e-07 -4.62369070e-03 
 2.50130000e-07 -5.08822178e-03 
 2.50170000e-07 -3.46723184e-03 
 2.50200000e-07 -3.64393586e-03 
 2.50206634e-07  4.65323871e-04 
 2.50219903e-07  6.32267698e-04 
 2.50246440e-07  5.57869643e-04 
 2.50299515e-07  5.48926361e-04 
 2.50403772e-07  4.18728102e-04 
 2.50516727e-07  4.41538615e-04 
 2.50720947e-07  4.17890700e-04 
 2.50943741e-07  4.85407728e-04 
 2.51389329e-07  3.73516904e-04 
 2.51880142e-07  3.72067976e-04 
 2.52347464e-07  1.62848930e-04 
 2.52987421e-07  2.02187406e-04 
 2.53837318e-07  1.28438498e-04 
 2.54415756e-07  2.05112831e-04 
 2.55082819e-07  1.03893803e-04 
 2.55779846e-07  1.83449457e-04 
 2.56635979e-07  7.73673893e-05 
 2.57528814e-07  1.41480525e-04 
 2.58916549e-07  5.47934985e-05 
 2.60497701e-07  1.33616416e-04 
 2.63154290e-07  5.29636045e-05 
 2.66484639e-07  1.32150828e-04 
 2.73145337e-07  4.74037534e-05 
 2.79670124e-07  1.22775658e-04 
 2.86422325e-07  4.38081908e-05 
 2.93768710e-07  1.23116737e-04 
 3.01792190e-07  4.29095507e-05 
 3.16913610e-07  1.22341482e-04 
 3.38774442e-07  4.12282121e-05 
 3.82496105e-07  1.18966025e-04 
 4.69939431e-07  3.38532840e-05 
 5.00000000e-07  1.12514305e-04 
 5.00010000e-07  2.43538286e-03 
 5.00030000e-07  2.17424576e-03 
 5.00070000e-07  2.91725454e-03 
 5.00100000e-07  3.79278421e-03 
 5.00108000e-07  1.04245320e-03 
 5.00124000e-07  7.12344369e-04 
 5.00156000e-07  8.07569091e-04 
 5.00220000e-07  5.23973733e-04 
 5.00348000e-07  6.00472034e-04 
 5.00519837e-07  4.09055939e-04 
 5.00863510e-07  5.86379880e-04 
 5.01300912e-07  2.95748147e-04 
 5.01764959e-07  2.93281595e-04 
 5.02213635e-07  1.51800090e-04 
 5.02709103e-07  2.46538043e-04 
 5.03323419e-07  5.41980657e-05 
 5.04075617e-07  1.68403785e-04 
 5.04875186e-07  2.20802326e-05 
 5.05681625e-07  1.56527012e-04 
 5.06797444e-07  2.39817164e-05 
 5.08148418e-07  1.63673604e-04 
 5.09655252e-07  2.55647818e-05 
 5.10955121e-07  1.57863442e-04 
 5.12315897e-07  3.70263439e-05 
 5.14048045e-07  1.72158699e-04 
 5.15896822e-07  2.92036169e-05 
 5.17975699e-07  1.54651476e-04 
 5.20323669e-07  1.67795537e-05 
 5.22668500e-07  1.37492340e-04 
 5.27358161e-07  7.87665155e-06 
 5.32891551e-07  1.34438717e-04 
 5.41894792e-07  7.35138160e-06 
 5.59472325e-07  1.33392443e-04 
 5.84435235e-07  5.82283155e-06 
 6.32834522e-07  1.31219312e-04 
 7.10796793e-07  3.02270240e-06 
 7.50100000e-07  1.29272962e-04 
 7.50110000e-07 -2.39473557e-03 
 7.50130000e-07 -2.69847332e-03 
 7.50170000e-07 -1.95321105e-03 
 7.50200000e-07 -2.01964036e-03 
 7.50207769e-07  3.06666666e-04 
 7.50223307e-07  4.00150293e-04 
 7.50254382e-07  3.74416384e-04 
 7.50316533e-07  4.09743936e-04 
 7.50440836e-07  3.26647688e-04 
 7.50614467e-07  3.76647771e-04 
 7.50848881e-07  3.90418598e-04 
 7.51262085e-07  4.14647086e-04 
 7.51750523e-07  3.12180232e-04 
 7.52256065e-07  2.07707440e-04 
 7.52826279e-07  1.00388624e-04 
 7.53589299e-07  1.41660236e-04 
 7.54155244e-07  9.16118197e-05 
 7.54810131e-07  1.20793524e-04 
 7.55395729e-07  7.11841633e-05 
 7.56045870e-07  1.12605918e-04 
 7.56903604e-07  6.73181559e-05 
 7.57796255e-07  9.45667376e-05 
 7.58718317e-07  5.32888371e-05 
 7.59907505e-07  9.07906197e-05 
 7.61144786e-07  4.60763135e-05 
 7.62915902e-07  8.66450266e-05 
 7.65291966e-07  4.51999953e-05 
 7.68585673e-07  8.65209357e-05 
 7.74679423e-07  4.50504304e-05 
 7.83108319e-07  8.63440882e-05 
 7.97512216e-07  4.48329199e-05 
 8.20049076e-07  8.60400807e-05 
 8.55627782e-07  4.44430457e-05 
 9.14591005e-07  8.55662113e-05 
 1.00000000e-06  4.39663530e-05 
 1.00001000e-06  2.42174852e-03 
 1.00003000e-06  2.15492701e-03 
 1.00007000e-06  2.90691561e-03 
 1.00010000e-06  3.77857765e-03 
 1.00010800e-06  1.03195738e-03 
 1.00012400e-06  7.03383991e-04 
 1.00015600e-06  7.99007409e-04 
 1.00022000e-06  5.16778076e-04 
 1.00034800e-06  5.92801496e-04 
 1.00052007e-06  4.02640531e-04 
 1.00086422e-06  5.78912722e-04 
 1.00129877e-06  2.88909994e-04 
 1.00176136e-06  2.81814218e-04 
 1.00223517e-06  1.51120229e-04 
 1.00276483e-06  2.43729272e-04 
 1.00340342e-06  4.88306857e-05 
 1.00402825e-06  1.61938658e-04 
 1.00457105e-06  3.40102021e-05 
 1.00520551e-06  1.69196553e-04 
 1.00581055e-06  3.38788522e-05 
 1.00648936e-06  1.50584303e-04 
 1.00718143e-06  1.58230584e-05 
 1.00806051e-06  1.41934429e-04 
 1.00908087e-06  2.00492302e-05 
 1.01046785e-06  1.52755587e-04 
 1.01146306e-06  2.26910882e-05 
 1.01254485e-06  1.56042619e-04 
 1.01355583e-06  4.14921781e-05 
 1.01468209e-06  2.06295494e-04 
 1.01543188e-06  7.82722747e-05 
 1.01625906e-06  2.06099972e-04 
 1.01735869e-06  7.56703328e-05 
 1.01849247e-06  1.96723973e-04 
 1.01954371e-06  6.62976966e-05 
 1.02082790e-06  1.89059414e-04 
 1.02218664e-06  5.94886380e-05 
 1.02418880e-06  1.85473501e-04 
 1.02676450e-06  5.58083959e-05 
 1.03191591e-06  1.79890568e-04 
 1.04015190e-06  4.77800001e-05 
 1.05417178e-06  1.69229751e-04 
 1.07914514e-06  3.45316843e-05 
 1.12051228e-06  1.55342303e-04 
 1.18104489e-06  2.38188840e-05 
 1.23496259e-06  1.65552462e-04 
 1.25010000e-06  7.97588978e-05 
 1.25011000e-06 -2.33479233e-03 
 1.25013000e-06 -2.62796725e-03 
 1.25017000e-06 -1.88790502e-03 
 1.25020000e-06 -1.94176824e-03 
 1.25020791e-06  3.75390816e-04 
 1.25022373e-06  4.66538664e-04 
 1.25025538e-06  4.38555697e-04 
 1.25031867e-06  4.67532830e-04 
 1.25044525e-06  3.79581724e-04 
 1.25061842e-06  4.25004861e-04 
 1.25085687e-06  4.33743923e-04 
 1.25127143e-06  4.51189719e-04 
 1.25175878e-06  3.48293383e-04 
 1.25226403e-06  2.42902533e-04 
 1.25283636e-06  1.39152794e-04 
 1.25364137e-06  1.79428543e-04 
 1.25421763e-06  1.25235729e-04 
 1.25487285e-06  1.44266484e-04 
 1.25549717e-06  9.52807196e-05 
 1.25616983e-06  1.37273781e-04 
 1.25715482e-06  8.92074552e-05 
 1.25838730e-06  1.24062811e-04 
 1.26011443e-06  8.14565717e-05 
 1.26277204e-06  1.22181879e-04 
 1.26643823e-06  8.01931668e-05 
 1.27163563e-06  1.20831845e-04 
 1.27765587e-06  8.20062685e-05 
 1.28510068e-06  1.21178579e-04 
 1.29203116e-06  8.12244514e-05 
 1.30589213e-06  1.21074312e-04 
 1.32359660e-06  8.05363914e-05 
 1.35323202e-06  1.20288738e-04 
 1.40939840e-06  7.84041111e-05 
 1.48313668e-06  1.14387818e-04 
 1.50000000e-06  7.27900875e-05 
 1.50001000e-06  2.44893281e-03 
 1.50003000e-06  2.17883160e-03 
 1.50007000e-06  2.93866752e-03 
 1.50010000e-06  3.80453986e-03 
 1.50010800e-06  1.05931492e-03 
 1.50012400e-06  7.30529647e-04 
 1.50015600e-06  8.27400473e-04 
 1.50022000e-06  5.45339450e-04 
 1.50034800e-06  6.20976905e-04 
 1.50051970e-06  4.30417881e-04 
 1.50086309e-06  6.07002920e-04 
 1.50129673e-06  3.18101661e-04 
 1.50175881e-06  3.10402314e-04 
 1.50223226e-06  1.79102346e-04 
 1.50276438e-06  2.69649744e-04 
 1.50339298e-06  7.23886718e-05 
 1.50398210e-06  1.91192398e-04 
 1.50461874e-06  4.73907716e-05 
 1.50530826e-06  1.81982876e-04 
 1.50627977e-06  5.42722735e-05 
 1.50744839e-06  1.83903901e-04 
 1.50855786e-06  4.62958422e-05 
 1.50962231e-06  1.64826885e-04 
 1.51091280e-06  2.63075660e-05 
 1.51229496e-06  1.58990794e-04 
 1.51369777e-06  2.60054625e-05 
 1.51650341e-06  1.58058166e-04 
 1.52108985e-06  2.55466658e-05 
 1.52832231e-06  1.57073185e-04 
 1.54190107e-06  2.41045679e-05 
 1.56374085e-06  1.54658907e-04 
 1.60272585e-06  2.05024344e-05 
 1.67600513e-06  1.49488203e-04 
 1.75010000e-06  1.58042041e-05 
 1.75011000e-06 -2.38739348e-03 
 1.75013000e-06 -2.67476277e-03 
 1.75017000e-06 -1.93328408e-03 
 1.75020000e-06 -1.98277295e-03 
 1.75020791e-06  3.27355489e-04 
 1.75022374e-06  4.18428187e-04 
 1.75025539e-06  3.92631229e-04 
 1.75031870e-06  4.24373934e-04 
 1.75044532e-06  3.42316829e-04 
 1.75061846e-06  3.93304741e-04 
 1.75085685e-06  4.07408664e-04 
 1.75127205e-06  4.28915248e-04 
 1.75175890e-06  3.26820901e-04 
 1.75226288e-06  2.20860165e-04 
 1.75283542e-06  1.16647667e-04 
 1.75363391e-06  1.56149823e-04 
 1.75420375e-06  1.05168997e-04 
 1.75485789e-06  1.29083132e-04 
 1.75543811e-06  7.85213824e-05 
 1.75608193e-06  1.16416613e-04 
 1.75692593e-06  7.13590437e-05 
 1.75784103e-06  1.05149592e-04 
 1.75962617e-06  6.17839232e-05 
 1.76188547e-06  1.01680257e-04 
 1.76528202e-06  6.16985337e-05 
 1.77130202e-06  1.01473868e-04 
 1.78334201e-06  6.14098549e-05 
 1.80742199e-06  1.00989965e-04 
 1.85558195e-06  6.06766486e-05 
 1.95190187e-06  1.00064334e-04 
 2.00000000e-06  6.00692338e-05 
 2.00001000e-06  2.43187151e-03 
 2.00003000e-06  2.15879794e-03 
 2.00007000e-06  2.92597593e-03 
 2.00010000e-06  3.78650265e-03 
 2.00010800e-06  1.04514815e-03 
 2.00012400e-06  7.17434174e-04 
 2.00015600e-06  8.14337500e-04 
 2.00022000e-06  5.32955536e-04 
 2.00034800e-06  6.08150296e-04 
 2.00052003e-06  4.17833111e-04 
 2.00086408e-06  5.94127678e-04 
 2.00129860e-06  3.04099275e-04 
 2.00176108e-06  2.96545369e-04 
 2.00223358e-06  1.67173188e-04 
 2.00276460e-06  2.59168810e-04 
 2.00340135e-06  6.26349149e-05 
 2.00402881e-06  1.74993899e-04 
 2.00457386e-06  4.04181836e-05 
 2.00519672e-06  1.73213068e-04 
 2.00580087e-06  3.92619928e-05 
 2.00646885e-06  1.62097357e-04 
 2.00715292e-06  2.63062784e-05 
 2.00803587e-06  1.50941910e-04 
 2.00914437e-06  2.33197576e-05 
 2.01086620e-06  1.66042476e-04 
 2.01269188e-06  4.28203282e-05 
 2.01415993e-06  1.90690327e-04 
 2.01541108e-06  7.75684029e-05 
 2.01661211e-06  2.02064672e-04 
 2.01786756e-06  6.89572941e-05 
 2.01896080e-06  1.90019901e-04 
 2.02014470e-06  5.61665925e-05 
 2.02143856e-06  1.80053608e-04 
 2.02308391e-06  4.92719163e-05 
 2.02502262e-06  1.75478082e-04 
 2.02805885e-06  4.38976435e-05 
 2.03261211e-06  1.63346620e-04 
 2.03728621e-06  2.99493971e-05 
 2.04137553e-06  1.54862003e-04 
 2.04555959e-06  2.50252008e-05 
 2.04832926e-06  1.62330708e-04 
 2.05214370e-06  5.16783996e-05 
 2.05471723e-06  1.39327391e-04 
 2.05761899e-06  3.41342693e-05 
 2.06064439e-06  1.43985240e-04 
 2.06399533e-06  2.92407315e-05 
 2.06925982e-06  1.40226266e-04 
 2.07539203e-06  1.99580216e-05 
 2.08109727e-06  1.37956692e-04 
 2.08834143e-06  1.97794718e-05 
 2.09585918e-06  1.37946460e-04 
 2.11060095e-06  1.90213119e-05 
 2.13235568e-06  1.36920845e-04 
 2.17237888e-06  1.50514475e-05 
 2.25010000e-06  1.27580890e-04 
 2.25011000e-06 -2.40166502e-03 
 2.25013000e-06 -2.70697669e-03 
 2.25017000e-06 -1.94627600e-03 
 2.25020000e-06 -2.00500355e-03 
 2.25020777e-06  3.10656534e-04 
 2.25022332e-06  4.04028287e-04 
 2.25025440e-06  3.79390982e-04 
 2.25031658e-06  4.14117782e-04 
 2.25044092e-06  3.30802353e-04 
 2.25061455e-06  3.80252672e-04 
 2.25084901e-06  3.93943894e-04 
 2.25126208e-06  4.16231648e-04 
 2.25174972e-06  3.14762905e-04 
 2.25225977e-06  2.07369301e-04 
 2.25282852e-06  1.01485102e-04 
 2.25362985e-06  1.39269547e-04 
 2.25418455e-06  8.61805281e-05 
 2.25481654e-06  1.05321314e-04 
 2.25545219e-06  5.94950230e-05 
 2.25612524e-06  1.01892632e-04 
 2.25706353e-06  5.60067144e-05 
 2.25838342e-06  8.93957908e-05 
 2.26000023e-06  4.77642753e-05 
 2.26271591e-06  8.77888035e-05 
 2.26615547e-06  4.73909056e-05 
 2.27303459e-06  8.73238366e-05 
 2.28679284e-06  4.65519612e-05 
 2.31430933e-06  8.59751975e-05 
 2.36934231e-06  4.47269700e-05 
 2.47940827e-06  8.42279963e-05 
 2.50000000e-06  4.39463273e-05 
 2.50001000e-06  2.41676112e-03 
 2.50003000e-06  2.14394324e-03 
 2.50007000e-06  2.91448339e-03 
 2.50010000e-06  3.77227845e-03 
 2.50010800e-06  1.03062969e-03 
 2.50012400e-06  7.01668687e-04 
 2.50015600e-06  7.97404930e-04 
 2.50022000e-06  5.15242043e-04 
 2.50034800e-06  5.91424787e-04 
 2.50051977e-06  4.01304105e-04 
 2.50086330e-06  5.78018615e-04 
 2.50129970e-06  2.89689732e-04 
 2.50176308e-06  2.83165000e-04 
 2.50220520e-06  1.44516492e-04 
 2.50269810e-06  2.38253457e-04 
 2.50331352e-06  4.50968746e-05 
 2.50404388e-06  1.59792881e-04 
 2.50484676e-06  1.67749612e-05 
 2.50558270e-06  1.56554934e-04 
 2.50674011e-06  3.05612631e-05 
 2.50755974e-06  1.54647463e-04 
 2.50849594e-06  1.93259538e-05 
 2.50949787e-06  1.38180377e-04 
 2.51062813e-06 -1.29223363e-06 
 2.51177868e-06  1.30854182e-04 
 2.51325707e-06 -1.60653113e-06 
 2.51548203e-06  1.30003602e-04 
 2.51917109e-06 -1.51885525e-06 
 2.52567085e-06  1.29812971e-04 
 2.53761411e-06 -1.54134490e-06 
 2.56066124e-06  1.29682483e-04 
 2.60675549e-06 -1.62952482e-06 
 2.69894401e-06  1.29575652e-04 
 2.75010000e-06 -1.67795399e-06 
 2.75011000e-06 -2.40537171e-03 
 2.75013000e-06 -2.69334035e-03 
 2.75017000e-06 -1.94985532e-03 
 2.75020000e-06 -1.99514602e-03 
 2.75020791e-06  3.09446452e-04 
 2.75022374e-06  4.00827965e-04 
 2.75025540e-06  3.76059124e-04 
 2.75031871e-06  4.07422545e-04 
 2.75044533e-06  3.24943836e-04 
 2.75061847e-06  3.75202696e-04 
 2.75085675e-06  3.89736036e-04 
 2.75127199e-06  4.10750312e-04 
 2.75175847e-06  3.09178955e-04 
 2.75226263e-06  2.02791519e-04 
 2.75283531e-06  9.92424642e-05 
 2.75360729e-06  1.38922359e-04 
 2.75417211e-06  9.02380929e-05 
 2.75482189e-06  1.17555616e-04 
 2.75539874e-06  7.01956968e-05 
 2.75603980e-06  1.09665892e-04 
 2.75688052e-06  6.66659066e-05 
 2.75778657e-06  9.15514105e-05 
 2.75868672e-06  5.24664155e-05 
 2.75990827e-06  8.79402681e-05 
 2.76111243e-06  4.53156742e-05 
 2.76289729e-06  8.36969327e-05 
 2.76524014e-06  4.43707710e-05 
 2.76852507e-06  8.36624249e-05 
 2.77449592e-06  4.43604136e-05 
 2.78275527e-06  8.36363611e-05 
 2.79678792e-06  4.43354192e-05 
 2.81858618e-06  8.36059516e-05 
 2.85290717e-06  4.43092224e-05 
 2.91043213e-06  8.35808160e-05 
 3.00000000e-06  4.42891477e-05 
 3.00001000e-06  2.41357360e-03 
 3.00003000e-06  2.13915363e-03 
 3.00007000e-06  2.91387440e-03 
 3.00010000e-06  3.76831167e-03 
 3.00010800e-06  1.02959386e-03 
 3.00012400e-06  7.01482024e-04 
 3.00015600e-06  7.97066589e-04 
 3.00022000e-06  5.15555228e-04 
 3.00034800e-06  5.91622975e-04 
 3.00052004e-06  4.01948296e-04 
 3.00086411e-06  5.78107171e-04 
 3.00129878e-06  2.88428051e-04 
 3.00176129e-06  2.80628854e-04 
 3.00223347e-06  1.50552975e-04 
 3.00276371e-06  2.42242656e-04 
 3.00340060e-06  4.83963350e-05 
 3.00402510e-06  1.61324745e-04 
 3.00456859e-06  3.30134220e-05 
 3.00520327e-06  1.68427446e-04 
 3.00581073e-06  3.28524254e-05 
 3.00648866e-06  1.50145248e-04 
 3.00718046e-06  1.52622574e-05 
 3.00806171e-06  1.41463910e-04 
 3.00908077e-06  2.01435649e-05 
 3.01047009e-06  1.56385839e-04 
 3.01146713e-06  2.81208213e-05 
 3.01255024e-06  1.60760769e-04 
 3.01355995e-06  4.59175824e-05 
 3.01468645e-06  2.06042878e-04 
 3.01542922e-06  7.42878897e-05 
 3.01626215e-06  2.00463959e-04 
 3.01737350e-06  6.75130152e-05 
 3.01851338e-06  1.86734598e-04 
 3.01956668e-06  5.48721556e-05 
 3.02086892e-06  1.75583148e-04 
 3.02223479e-06  4.49260990e-05 
 3.02425459e-06  1.69180125e-04 
 3.02687099e-06  3.82798248e-05 
 3.03210380e-06  1.60765768e-04 
 3.04031203e-06  2.90059142e-05 
 3.05436251e-06  1.54000679e-04 
 3.07174862e-06  2.59426147e-05 
 3.10547937e-06  1.48344732e-04 
 3.15367408e-06  7.35339579e-06 
 3.20107332e-06  1.28639092e-04 
 3.24911995e-06  5.55379346e-08 
 3.25010000e-06  1.27407443e-04 
 3.25011000e-06 -2.40211502e-03 
 3.25013000e-06 -2.70856131e-03 
 3.25017000e-06 -1.94749085e-03 
 3.25020000e-06 -2.00373722e-03 
 3.25020777e-06  3.08021772e-04 
 3.25022332e-06  4.01012104e-04 
 3.25025440e-06  3.76236976e-04 
 3.25031658e-06  4.10372720e-04 
 3.25044093e-06  3.26661787e-04 
 3.25061456e-06  3.76043590e-04 
 3.25084899e-06  3.89763898e-04 
 3.25126206e-06  4.11954502e-04 
 3.25174938e-06  3.10421843e-04 
 3.25225959e-06  2.02303560e-04 
 3.25282817e-06  9.75897068e-05 
 3.25362956e-06  1.37073473e-04 
 3.25420411e-06  8.30307180e-05 
 3.25485261e-06  1.01737811e-04 
 3.25547241e-06  5.56646937e-05 
 3.25613835e-06  9.80761310e-05 
 3.25711782e-06  5.16761797e-05 
 3.25833460e-06  8.57371757e-05 
 3.26003503e-06  4.38383986e-05 
 3.26265975e-06  8.40589184e-05 
 3.26623309e-06  4.37206186e-05 
 3.27337978e-06  8.39579353e-05 
 3.28767315e-06  4.35984954e-05 
 3.31625990e-06  8.38290688e-05 
 3.37343338e-06  4.34878519e-05 
 3.48778036e-06  8.37641792e-05 
 3.50000000e-06  4.34690689e-05 
 3.50001000e-06  2.41439110e-03 
 3.50003000e-06  2.14053691e-03 
 3.50007000e-06  2.91586750e-03 
 3.50010000e-06  3.76964629e-03 
 3.50010800e-06  1.02982964e-03 
 3.50012400e-06  7.00975519e-04 
 3.50015600e-06  7.96684489e-04 
 3.50022000e-06  5.14696607e-04 
 3.50034800e-06  5.90866361e-04 
 3.50051977e-06  4.00871975e-04 
 3.50086330e-06  5.77527159e-04 
 3.50129970e-06  2.89292784e-04 
 3.50176308e-06  2.82596307e-04 
 3.50220526e-06  1.44123611e-04 
 3.50269813e-06  2.37676540e-04 
 3.50331361e-06  4.47004529e-05 
 3.50404394e-06  1.59281046e-04 
 3.50484686e-06  1.63636213e-05 
 3.50558650e-06  1.56105739e-04 
 3.50674139e-06  2.96718949e-05 
 3.50756091e-06  1.54145113e-04 
 3.50849672e-06  1.89358843e-05 
 3.50949918e-06  1.37653886e-04 
 3.51062880e-06 -1.65749741e-06 
 3.51177597e-06  1.30344093e-04 
 3.51325654e-06 -1.96978676e-06 
 3.51547223e-06  1.29500510e-04 
 3.51915346e-06 -1.87641893e-06 
 3.52562725e-06  1.29322906e-04 
 3.53750065e-06 -1.87935710e-06 
 3.56043912e-06  1.29225049e-04 
 3.60631606e-06 -1.91986612e-06 
 3.69806995e-06  1.29174995e-04 
 3.75010000e-06 -1.93286390e-06 
 3.75011000e-06 -2.40568762e-03 
 3.75013000e-06 -2.69365663e-03 
 3.75017000e-06 -1.94938063e-03 
 3.75020000e-06 -1.99209191e-03 
 3.75020791e-06  3.09480703e-04 
 3.75022374e-06  4.00654969e-04 
 3.75025540e-06  3.76004801e-04 
 3.75031871e-06  4.07081100e-04 
 3.75044533e-06  3.24568450e-04 
 3.75061847e-06  3.74806720e-04 
 3.75085676e-06  3.89472933e-04 
 3.75127199e-06  4.10354988e-04 
 3.75175827e-06  3.08910672e-04 
 3.75226252e-06  2.02389304e-04 
 3.75283506e-06  9.89818663e-05 
 3.75360691e-06  1.38542757e-04 
 3.75417178e-06  8.99639804e-05 
 3.75482165e-06  1.17196634e-04 
 3.75539831e-06  6.99577053e-05 
 3.75603945e-06  1.09274412e-04 
 3.75688084e-06  6.64022839e-05 
 3.75778500e-06  9.11836928e-05 
 3.75868610e-06  5.21995317e-05 
 3.75990691e-06  8.75650080e-05 
 3.76111115e-06  4.50498735e-05 
 3.76289742e-06  8.33174943e-05 
 3.76523825e-06  4.41031265e-05 
 3.76852385e-06  8.32844134e-05 
 3.77449280e-06  4.40931417e-05 
 3.78274955e-06  8.32597431e-05 
 3.79678023e-06  4.40696680e-05 
 3.81856995e-06  8.32317855e-05 
 3.85288254e-06  4.40464378e-05 
 3.91037986e-06  8.32102777e-05 
 4.00000000e-06  4.40299135e-05 
 4.00001000e-06  2.41176643e-03 
 4.00003000e-06  2.13673249e-03 
 4.00007000e-06  2.91492312e-03 
 4.00010000e-06  3.76637232e-03 
 4.00010800e-06  1.02904168e-03 
 4.00012400e-06  7.00981373e-04 
 4.00015600e-06  7.96566532e-04 
 4.00022000e-06  5.15167220e-04 
 4.00034800e-06  5.91247072e-04 
 4.00052004e-06  4.01642999e-04 
 4.00086411e-06  5.77770913e-04 
 4.00129878e-06  2.88153013e-04 
 4.00176129e-06  2.80234954e-04 
 4.00223318e-06  1.50242957e-04 
 4.00276353e-06  2.41814162e-04 
 4.00340011e-06  4.81162511e-05 
 4.00402459e-06  1.61251005e-04 
 4.00456820e-06  3.27236765e-05 
 4.00520290e-06  1.68076089e-04 
 4.00581076e-06  3.25398225e-05 
 4.00648854e-06  1.49818873e-04 
 4.00718030e-06  1.49130481e-05 
 4.00806190e-06  1.41140157e-04 
 4.00908079e-06  1.99593528e-05 
 4.01047011e-06  1.56296475e-04 
 4.01146794e-06  2.65454455e-05 
 4.01255136e-06  1.50150376e-04 
 4.01387137e-06  4.91598428e-05 
 4.01513584e-06  1.95454493e-04 
 4.01637898e-06  6.39398992e-05 
 4.01765215e-06  1.84786512e-04 
 4.01881440e-06  4.83239782e-05 
 4.02003329e-06  1.68486520e-04 
 4.02139543e-06  3.58582450e-05 
 4.02301508e-06  1.58960943e-04 
 4.02499532e-06  3.01519703e-05 
 4.02798494e-06  1.52790965e-04 
 4.03342250e-06  2.51995990e-05 
 4.04197364e-06  1.49125325e-04 
 4.05181621e-06  3.26234292e-05 
 4.06309445e-06  1.82298911e-04 
 4.07206461e-06  5.10699054e-05 
 4.07660911e-06  1.38285316e-04 
 4.08081766e-06  3.80643155e-05 
 4.08519422e-06  1.39197419e-04 
 4.09239172e-06  3.10682219e-05 
 4.10160132e-06  1.37030522e-04 
 4.11525921e-06  2.67319304e-05 
 4.13561462e-06  1.35669923e-04 
 4.16514684e-06  2.51746446e-05 
 4.20944676e-06  1.35500191e-04 
 4.25010000e-06  2.21545266e-05 
 4.25011000e-06 -2.38961944e-03 
 4.25013000e-06 -2.67941179e-03 
 4.25017000e-06 -1.92443724e-03 
 4.25020000e-06 -1.97301514e-03 
 4.25020785e-06  3.24612237e-04 
 4.25022355e-06  4.15472434e-04 
 4.25025496e-06  3.96169471e-04 
 4.25031776e-06  4.23304769e-04 
 4.25040359e-06  3.56816319e-04 
 4.25057525e-06  3.80029095e-04 
 4.25078180e-06  4.03464470e-04 
 4.25105138e-06  4.42918548e-04 
 4.25157740e-06  3.51056169e-04 
 4.25210700e-06  2.59955926e-04 
 4.25266077e-06  1.19606776e-04 
 4.25339426e-06  1.50249965e-04 
 4.25422405e-06  1.00177860e-04 
 4.25481585e-06  1.24478889e-04 
 4.25550094e-06  6.71568968e-05 
 4.25617352e-06  1.16338076e-04 
 4.25701902e-06  6.23225245e-05 
 4.25792672e-06  1.04137723e-04 
 4.25971051e-06  5.17426463e-05 
 4.26202644e-06  1.00169857e-04 
 4.26554303e-06  5.13239544e-05 
 4.27158341e-06  1.01983853e-04 
 4.27813747e-06  6.55911083e-05 
 4.28465621e-06  1.00709994e-04 
 4.29073816e-06  5.16792931e-05 
 4.29703857e-06  1.00454359e-04 
 4.30436347e-06  5.13392238e-05 
 4.31901326e-06  9.62039268e-05 
 4.33289919e-06  4.04680040e-05 
 4.34711630e-06  8.88255500e-05 
 4.36320211e-06  3.92360059e-05 
 4.37960299e-06  8.81410704e-05 
 4.41184536e-06  3.92209359e-05 
 4.44624171e-06  8.78732836e-05 
 4.50000000e-06  3.91873763e-05 
 4.50001000e-06  2.40667039e-03 
 4.50003000e-06  2.13143541e-03 
 4.50007000e-06  2.91557418e-03 
 4.50010000e-06  3.77028191e-03 
 4.50010800e-06  1.04074102e-03 
 4.50012400e-06  7.10967557e-04 
 4.50015600e-06  8.01012798e-04 
 4.50022000e-06  5.17842324e-04 
 4.50034800e-06  5.91297131e-04 
 4.50059744e-06  3.92853014e-04 
 4.50097266e-06  5.66910683e-04 
 4.50155954e-06  1.74595179e-04 
 4.50211532e-06  2.75748941e-04 
 4.50257464e-06  1.20230512e-04 
 4.50311900e-06  1.92761680e-04 
 4.50371035e-06  3.45074450e-05 
 4.50443624e-06  1.53530507e-04 
 4.50512247e-06  1.88466967e-05 
 4.50590278e-06  1.60589290e-04 
 4.50691743e-06  2.63556587e-05 
 4.50765214e-06  1.53982611e-04 
 4.50848975e-06  1.70030669e-05 
 4.50952808e-06  1.41217616e-04 
 4.51062046e-06 -2.99867982e-06 
 4.51167169e-06  1.31878790e-04 
 4.51294819e-06 -3.40948532e-06 
 4.51435413e-06  1.30959034e-04 
 4.51697755e-06 -3.48407483e-06 
 4.52071557e-06  1.30779394e-04 
 4.52735464e-06 -3.51345451e-06 
 4.53883062e-06  1.30675814e-04 
 4.55813867e-06 -3.57434954e-06 
 4.59675478e-06  1.30601807e-04 
 4.67398700e-06 -3.62411894e-06 
 4.75010000e-06  1.30569055e-04 
 4.75011000e-06 -2.39727656e-03 
 4.75013000e-06 -2.70122871e-03 
 4.75017000e-06 -1.93425411e-03 
 4.75020000e-06 -1.99731446e-03 
 4.75020775e-06  3.04069402e-04 
 4.75022324e-06  3.96111204e-04 
 4.75025422e-06  3.77347749e-04 
 4.75031618e-06  4.07514527e-04 
 4.75040275e-06  3.39668090e-04 
 4.75057589e-06  3.64743197e-04 
 4.75078083e-06  3.87246784e-04 
 4.75105092e-06  4.29222492e-04 
 4.75157416e-06  3.36901092e-04 
 4.75210532e-06  2.47781809e-04 
 4.75265614e-06  1.05405654e-04 
 4.75339466e-06  1.36886405e-04 
 4.75421003e-06  8.84199038e-05 
 4.75480396e-06  1.21617292e-04 
 4.75548850e-06  6.68190146e-05 
 4.75623943e-06  1.12968714e-04 
 4.75709663e-06  6.03337446e-05 
 4.75804866e-06  9.49034193e-05 
 4.75898808e-06  4.68850519e-05 
 4.76013467e-06  9.22851824e-05 
 4.76138987e-06  3.96609687e-05 
 4.76333917e-06  8.83778071e-05 
 4.76557979e-06  3.86489613e-05 
 4.76916129e-06  8.85044764e-05 
 4.77514751e-06  3.85623281e-05 
 4.78368990e-06  8.85212891e-05 
 4.79826130e-06  3.85071942e-05 
 4.82048997e-06  8.85077949e-05 
 4.85616632e-06  3.84709963e-05 
 4.91345125e-06  8.84917344e-05 
 5.00000000e-06  3.84496345e-05 
 5.00001000e-06  2.40549674e-03 
 5.00003000e-06  2.12948795e-03 
 5.00007000e-06  2.91636561e-03 
 5.00010000e-06  3.76914171e-03 
 5.00010800e-06  1.04075023e-03 
 5.00012400e-06  7.11496851e-04 
 5.00015600e-06  8.01044157e-04 
 5.00022000e-06  5.18364027e-04 
 5.00034800e-06  5.91487190e-04 
 5.00059677e-06  3.93687130e-04 
 5.00097200e-06  5.67219688e-04 
 5.00155740e-06  1.74180003e-04 
 5.00211356e-06  2.73566077e-04 
 5.00258698e-06  1.27552455e-04 
 5.00315192e-06  2.01177069e-04 
 5.00374342e-06  4.12416727e-05 
 5.00441539e-06  1.58407187e-04 
 5.00497604e-06  3.85331801e-05 
 5.00558806e-06  1.74277677e-04 
 5.00609535e-06  3.13649972e-05 
 5.00669147e-06  1.51066230e-04 
 5.00741581e-06  1.21776192e-05 
 5.00823568e-06  1.41380943e-04 
 5.00922884e-06  1.86123918e-05 
 5.01078324e-06  1.60058576e-04 
 5.01176184e-06  2.25023372e-05 
 5.01291295e-06  1.49495697e-04 
 5.01414689e-06  4.90189435e-05 
 5.01511569e-06  1.87701637e-04 
 5.01607292e-06  5.39689096e-05 
 5.01726450e-06  1.79847723e-04 
 5.01835168e-06  4.67391236e-05 
 5.01955363e-06  1.79817179e-04 
 5.02093455e-06  5.30722654e-05 
 5.02219366e-06  1.88379290e-04 
 5.02450115e-06  6.10878202e-05 
 5.02660111e-06  1.93589990e-04 
 5.02901683e-06  9.42046522e-05 
 5.03152156e-06  1.94700018e-04 
 5.03380034e-06  2.26050402e-05 
 5.03586628e-06  1.73948437e-04 
 5.03811362e-06  2.51857026e-05 
 5.04056984e-06  1.64741333e-04 
 5.04442405e-06  2.02508448e-05 
 5.04962271e-06  1.54999060e-04 
 5.05859294e-06  1.23633649e-05 
 5.06908958e-06  1.50181757e-04 
 5.07983145e-06  1.15879894e-05 
 5.09487589e-06  1.49228668e-04 
 5.10954824e-06  1.15471932e-05 
 5.13853162e-06  1.48792276e-04 
 5.19215937e-06  1.13698162e-05 
 5.25010000e-06  1.48585324e-04 
 5.25011000e-06 -2.37712056e-03 
 5.25013000e-06 -2.68334807e-03 
 5.25017000e-06 -1.91593037e-03 
 5.25020000e-06 -1.97743758e-03 
 5.25020772e-06  3.23026294e-04 
 5.25022315e-06  4.13950135e-04 
 5.25025403e-06  3.93921145e-04 
 5.25031577e-06  4.23799178e-04 
 5.25040215e-06  3.55654559e-04 
 5.25057492e-06  3.81395108e-04 
 5.25074800e-06  3.96313042e-04 
 5.25103401e-06  4.47129450e-04 
 5.25152018e-06  3.58267832e-04 
 5.25207544e-06  2.76142202e-04 
 5.25258006e-06  1.30464398e-04 
 5.25335641e-06  1.52950001e-04 
 5.25419778e-06  1.06516388e-04 
 5.25479824e-06  1.31266895e-04 
 5.25549091e-06  6.97963987e-05 
 5.25617020e-06  1.19276249e-04 
 5.25700648e-06  6.46046751e-05 
 5.25790356e-06  1.08313783e-04 
 5.25968280e-06  5.51769753e-05 
 5.26198275e-06  1.05114304e-04 
 5.26548041e-06  5.50512165e-05 
 5.27141060e-06  1.05108669e-04 
 5.28234010e-06  5.49619719e-05 
 5.30028793e-06  1.05084095e-04 
 5.33307343e-06  5.49114787e-05 
 5.38976402e-06  1.05058754e-04 
 5.48946159e-06  5.48853150e-05 
 5.50000000e-06  1.05063925e-04 
 5.50001000e-06  2.41948742e-03 
 5.50003000e-06  2.14394535e-03 
 5.50007000e-06  2.93289768e-03 
 5.50010000e-06  3.78421741e-03 
 5.50010800e-06  1.05631022e-03 
 5.50012400e-06  7.27344011e-04 
 5.50015600e-06  8.18241586e-04 
 5.50022000e-06  5.35937207e-04 
 5.50034800e-06  6.08140500e-04 
 5.50059745e-06  4.09693914e-04 
 5.50097267e-06  5.83522949e-04 
 5.50155980e-06  1.89898240e-04 
 5.50211548e-06  2.90242269e-04 
 5.50258728e-06  1.43714603e-04 
 5.50314930e-06  2.15877442e-04 
 5.50366761e-06  5.55983149e-05 
 5.50430321e-06  1.72209897e-04 
 5.50498098e-06  3.60833535e-05 
 5.50562812e-06  1.72059657e-04 
 5.50662745e-06  4.10389750e-05 
 5.50736871e-06  1.71215229e-04 
 5.50824855e-06  3.41252043e-05 
 5.50923422e-06  1.62098019e-04 
 5.51027829e-06  1.40230518e-05 
 5.51125471e-06  1.48803455e-04 
 5.51237374e-06  1.30914630e-05 
 5.51364311e-06  1.47521770e-04 
 5.51618184e-06  1.29778620e-05 
 5.52125931e-06  1.47257846e-04 
 5.53073371e-06  1.29456154e-05 
 5.54968251e-06  1.47145459e-04 
 5.58758011e-06  1.28855932e-05 
 5.66337530e-06  1.47086241e-04 
 5.75010000e-06  1.28609843e-05 
 5.75011000e-06 -2.38755809e-03 
 5.75013000e-06 -2.67759938e-03 
 5.75017000e-06 -1.92161836e-03 
 5.75020000e-06 -1.97099803e-03 
 5.75020783e-06  3.22521330e-04 
 5.75022349e-06  4.13169754e-04 
 5.75025480e-06  3.94008291e-04 
 5.75031744e-06  4.22298640e-04 
 5.75040373e-06  3.55875844e-04 
 5.75057631e-06  3.80780661e-04 
 5.75078226e-06  4.04478577e-04 
 5.75105242e-06  4.45245029e-04 
 5.75157798e-06  3.53503598e-04 
 5.75210698e-06  2.63136642e-04 
 5.75266172e-06  1.22055726e-04 
 5.75339709e-06  1.52464931e-04 
 5.75421568e-06  1.04125342e-04 
 5.75481101e-06  1.33571379e-04 
 5.75549688e-06  7.52015169e-05 
 5.75624554e-06  1.18060122e-04 
 5.75711837e-06  6.46159526e-05 
 5.75805732e-06  1.07114582e-04 
 5.75970445e-06  5.58407655e-05 
 5.76219403e-06  1.04531108e-04 
 5.76568997e-06  5.55938360e-05 
 5.77230264e-06  1.04557533e-04 
 5.78348405e-06  5.55014539e-05 
 5.80266235e-06  1.04541494e-04 
 5.83734165e-06  5.54518288e-05 
 5.89664603e-06  1.04518827e-04 
 6.00000000e-06  5.54252745e-05 
 6.00001000e-06  2.42036061e-03 
 6.00003000e-06  2.14330914e-03 
 6.00007000e-06  2.93237248e-03 
 6.00010000e-06  3.78314818e-03 
 6.00010800e-06  1.05591846e-03 
 6.00012400e-06  7.27361420e-04 
 6.00015600e-06  8.18183062e-04 
 6.00022000e-06  5.36111097e-04 
 6.00034800e-06  6.08264117e-04 
 6.00059672e-06  4.09962041e-04 
 6.00097194e-06  5.83701626e-04 
 6.00155741e-06  1.90372320e-04 
 6.00211354e-06  2.89677229e-04 
 6.00258697e-06  1.44910743e-04 
 6.00315191e-06  2.18330789e-04 
 6.00373567e-06  5.62261939e-05 
 6.00441064e-06  1.72075217e-04 
 6.00497859e-06  4.56855882e-05 
 6.00558618e-06  1.79597635e-04 
 6.00609242e-06  3.75835590e-05 
 6.00668837e-06  1.62848511e-04 
 6.00754057e-06  2.25819530e-05 
 6.00831970e-06  1.51974084e-04 
 6.00987796e-06  2.71630624e-05 
 6.01169740e-06  1.71483464e-04 
 6.01324739e-06  3.84864539e-05 
 6.01485544e-06  1.98967277e-04 
 6.01600979e-06  5.12224274e-05 
 6.01705690e-06  1.78905993e-04 
 6.01827700e-06  4.10821155e-05 
 6.01947515e-06  1.70675406e-04 
 6.02076059e-06  3.20070542e-05 
 6.02208352e-06  1.62959639e-04 
 6.02440568e-06  2.83495589e-05 
 6.02653374e-06  1.57576020e-04 
 6.03078984e-06  1.88907713e-05 
 6.03767259e-06  1.46852767e-04 
 6.04798069e-06  1.35252807e-05 
 6.05882188e-06  1.46074847e-04 
 6.07710246e-06  1.36802212e-05 
 6.10564405e-06  1.46191033e-04 
 6.15569243e-06  1.38413068e-05 
 6.21986081e-06  1.46251041e-04 
 6.25010000e-06  1.38727731e-05 
 6.25011000e-06 -2.38821996e-03 
 6.25013000e-06 -2.67962064e-03 
 6.25017000e-06 -1.92299297e-03 
 6.25020000e-06 -1.97031243e-03 
 6.25020786e-06  3.23284098e-04 
 6.25022357e-06  4.13289823e-04 
 6.25025501e-06  3.94122119e-04 
 6.25031787e-06  4.21893363e-04 
 6.25040377e-06  3.55943198e-04 
 6.25057555e-06  3.80724602e-04 
 6.25074951e-06  3.97451493e-04 
 6.25103578e-06  4.46385880e-04 
 6.25152506e-06  3.58621845e-04 
 6.25207765e-06  2.74563202e-04 
 6.25258596e-06  1.30456503e-04 
 6.25335811e-06  1.51838919e-04 
 6.25419253e-06  1.06936400e-04 
 6.25479047e-06  1.30691326e-04 
 6.25548068e-06  7.06587636e-05 
 6.25616632e-06  1.18667668e-04 
 6.25700963e-06  6.53571975e-05 
 6.25791097e-06  1.07647369e-04 
 6.25969128e-06  5.59621196e-05 
 6.26199282e-06  1.04493799e-04 
 6.26549811e-06  5.58422882e-05 
 6.27145597e-06  1.04490167e-04 
 6.28235150e-06  5.57558201e-05 
 6.30030124e-06  1.04468396e-04 
 6.33295119e-06  5.57080524e-05 
 6.38934995e-06  1.04444599e-04 
 6.48842506e-06  5.56813817e-05 
 6.50000000e-06  1.04447526e-04 
 6.50001000e-06  2.41853305e-03 
 6.50003000e-06  2.14253744e-03 
 6.50007000e-06  2.93356977e-03 
 6.50010000e-06  3.78308858e-03 
 6.50010800e-06  1.05606266e-03 
 6.50012400e-06  7.27220047e-04 
 6.50015600e-06  8.18259027e-04 
 6.50022000e-06  5.36085395e-04 
 6.50034800e-06  6.08268422e-04 
 6.50059745e-06  4.09769910e-04 
 6.50097267e-06  5.83615354e-04 
 6.50155981e-06  1.89920559e-04 
 6.50211549e-06  2.90342308e-04 
 6.50258714e-06  1.43913671e-04 
 6.50314926e-06  2.16022268e-04 
 6.50366369e-06  5.59332320e-05 
 6.50429640e-06  1.72447206e-04 
 6.50497314e-06  3.61152490e-05 
 6.50562117e-06  1.72198178e-04 
 6.50661610e-06  4.08814571e-05 
 6.50736011e-06  1.71373918e-04 
 6.50824695e-06  3.41774410e-05 
 6.50923430e-06  1.62225767e-04 
 6.51028149e-06  1.40833243e-05 
 6.51125942e-06  1.48897279e-04 
 6.51237956e-06  1.31794083e-05 
 6.51364975e-06  1.47608546e-04 
 6.51619013e-06  1.30721050e-05 
 6.52127090e-06  1.47343302e-04 
 6.53070043e-06  1.30408864e-05 
 6.54955947e-06  1.47230480e-04 
 6.58727755e-06  1.29808977e-05 
 6.66271372e-06  1.47170631e-04 
 6.75010000e-06  1.29557737e-05 
 6.75011000e-06 -2.38745145e-03 
 6.75013000e-06 -2.67744536e-03 
 6.75017000e-06 -1.92102597e-03 
 6.75020000e-06 -1.96904142e-03 
 6.75020783e-06  3.22932804e-04 
 6.75022349e-06  4.13446664e-04 
 6.75025481e-06  3.94194433e-04 
 6.75031744e-06  4.22340152e-04 
 6.75040373e-06  3.55942513e-04 
 6.75057631e-06  3.80841569e-04 
 6.75078226e-06  4.04589696e-04 
 6.75105242e-06  4.45329697e-04 
 6.75157798e-06  3.53613247e-04 
 6.75210684e-06  2.63206300e-04 
 6.75266162e-06  1.22193164e-04 
 6.75339688e-06  1.52560229e-04 
 6.75421420e-06  1.04216348e-04 
 6.75480934e-06  1.33613461e-04 
 6.75549492e-06  7.53778891e-05 
 6.75624581e-06  1.18132220e-04 
 6.75710274e-06  6.48268862e-05 
 6.75805148e-06  1.07207249e-04 
 6.75965888e-06  5.59760288e-05 
 6.76217218e-06  1.04599986e-04 
 6.76560308e-06  5.56985898e-05 
 6.77222706e-06  1.04632009e-04 
 6.78330511e-06  5.56049239e-05 
 6.80233743e-06  1.04616624e-04 
 6.83683716e-06  5.55551285e-05 
 6.89558265e-06  1.04594061e-04 
 7.00000000e-06  5.55284231e-05 
 7.00001000e-06  2.41959637e-03 
 7.00003000e-06  2.14224453e-03 
 7.00007000e-06  2.93286109e-03 
 7.00010000e-06  3.78226050e-03 
 7.00010800e-06  1.05571014e-03 
 7.00012400e-06  7.27264888e-04 
 7.00015600e-06  8.18228384e-04 
 7.00022000e-06  5.36269267e-04 
 7.00034800e-06  6.08396144e-04 
 7.00059672e-06  4.10034041e-04 
 7.00097194e-06  5.83792457e-04 
 7.00155741e-06  1.90415013e-04 
 7.00211354e-06  2.89784096e-04 
 7.00258695e-06  1.45049335e-04 
 7.00315190e-06  2.18401682e-04 
 7.00373561e-06  5.62986162e-05 
 7.00441070e-06  1.72169987e-04 
 7.00497860e-06  4.57617039e-05 
 7.00558610e-06  1.79686097e-04 
 7.00609228e-06  3.76712474e-05 
 7.00668821e-06  1.62940814e-04 
 7.00754029e-06  2.26706141e-05 
 7.00831939e-06  1.52065593e-04 
 7.00987760e-06  2.72447094e-05 
 7.01169693e-06  1.71570726e-04 
 7.01324729e-06  3.83613285e-05 
 7.01485513e-06  1.93103436e-04 
 7.01601153e-06  4.18186429e-05 
 7.01706054e-06  1.74271137e-04 
 7.01825769e-06  3.84852179e-05 
 7.01946387e-06  1.67488730e-04 
 7.02074613e-06  2.56558617e-05 
 7.02206199e-06  1.54184046e-04 
 7.02439622e-06  1.69645018e-05 
 7.02651255e-06  1.47769606e-04 
 7.03074519e-06  1.42167999e-05 
 7.03698461e-06  1.46256031e-04 
 7.04723204e-06  1.39163304e-05 
 7.06654237e-06  1.46071395e-04 
 7.10067491e-06  1.39340637e-05 
 7.14075721e-06  1.46086808e-04 
 7.19965098e-06  1.39744319e-05 
 7.25010000e-06  1.46094806e-04 
 7.25011000e-06 -2.37950206e-03 
 7.25013000e-06 -2.68504574e-03 
 7.25017000e-06 -1.91623118e-03 
 7.25020000e-06 -1.97448156e-03 
 7.25020771e-06  3.22708529e-04 
 7.25022314e-06  4.13421346e-04 
 7.25025398e-06  3.93371922e-04 
 7.25031568e-06  4.23396070e-04 
 7.25040220e-06  3.55305871e-04 
 7.25057524e-06  3.81438620e-04 
 7.25074828e-06  3.96378786e-04 
 7.25103447e-06  4.47263006e-04 
 7.25152024e-06  3.58324696e-04 
 7.25207537e-06  2.76255354e-04 
 7.25258007e-06  1.30538860e-04 
 7.25335611e-06  1.52598922e-04 
 7.25418987e-06  1.05851029e-04 
 7.25478838e-06  1.30923475e-04 
 7.25547908e-06  6.96981725e-05 
 7.25616439e-06  1.19630100e-04 
 7.25700817e-06  6.46982583e-05 
 7.25790927e-06  1.08551586e-04 
 7.25968841e-06  5.51791340e-05 
 7.26198825e-06  1.05294008e-04 
 7.26549093e-06  5.50212640e-05 
 7.27143996e-06  1.05280448e-04 
 7.28229149e-06  5.49342934e-05 
 7.30016636e-06  1.05258587e-04 
 7.33261615e-06  5.48857683e-05 
 7.38861123e-06  1.05233057e-04 
 7.48686008e-06  5.48558208e-05 
 7.50000000e-06  1.05232499e-04 
 7.50001000e-06  2.41767145e-03 
 7.50003000e-06  2.14141527e-03 
 7.50007000e-06  2.93361017e-03 
 7.50010000e-06  3.78206559e-03 
 7.50010800e-06  1.05578720e-03 
 7.50012400e-06  7.27157954e-04 
 7.50015600e-06  8.18319682e-04 
 7.50022000e-06  5.36299556e-04 
 7.50034800e-06  6.08374465e-04 
 7.50059745e-06  4.09748104e-04 
 7.50097267e-06  5.83583886e-04 
 7.50155981e-06  1.89531982e-04 
 7.50211548e-06  2.90204787e-04 
 7.50258716e-06  1.44570779e-04 
 7.50314928e-06  2.16404254e-04 
 7.50366368e-06  5.59578874e-05 
 7.50429663e-06  1.72300749e-04 
 7.50497327e-06  3.60486264e-05 
 7.50562144e-06  1.72084099e-04 
 7.50661635e-06  4.08526502e-05 
 7.50736030e-06  1.71305028e-04 
 7.50824699e-06  3.41615130e-05 
 7.50923434e-06  1.62160359e-04 
 7.51028148e-06  1.40877395e-05 
 7.51125962e-06  1.48835498e-04 
 7.51237989e-06  1.31874252e-05 
 7.51364966e-06  1.47552809e-04 
 7.51618918e-06  1.30834658e-05 
 7.52126823e-06  1.47291183e-04 
 7.53065303e-06  1.30533979e-05 
 7.54942264e-06  1.47178161e-04 
 7.58696185e-06  1.29925776e-05 
 7.66204027e-06  1.47116715e-04 
 7.75010000e-06  1.29653790e-05 
 7.75011000e-06 -2.38733402e-03 
 7.75013000e-06 -2.67720418e-03 
 7.75017000e-06 -1.92057538e-03 
 7.75020000e-06 -1.96771987e-03 
 7.75020783e-06  3.23176747e-04 
 7.75022349e-06  4.13525671e-04 
 7.75025481e-06  3.94197173e-04 
 7.75031744e-06  4.22164781e-04 
 7.75040373e-06  3.55847379e-04 
 7.75057631e-06  3.80755420e-04 
 7.75078226e-06  4.04612556e-04 
 7.75105242e-06  4.45304029e-04 
 7.75157798e-06  3.53656861e-04 
 7.75210672e-06  2.63179369e-04 
 7.75266153e-06  1.22436015e-04 
 7.75339670e-06  1.52678442e-04 
 7.75421261e-06  1.03742097e-04 
 7.75480747e-06  1.32737951e-04 
 7.75549257e-06  7.51720469e-05 
 7.75624173e-06  1.18297160e-04 
 7.75709997e-06  6.50865049e-05 
 7.75804703e-06  1.07273397e-04 
 7.75965886e-06  5.60586357e-05 
 7.76216461e-06  1.04562705e-04 
 7.76559754e-06  5.57253787e-05 
 7.77219714e-06  1.04569389e-04 
 7.78324359e-06  5.56214265e-05 
 7.80220030e-06  1.04554595e-04 
 7.83651785e-06  5.55704425e-05 
 7.89494364e-06  1.04531442e-04 
 7.99939284e-06  5.55420657e-05 
 8.00000000e-06  1.04758004e-04 
 8.00001000e-06  2.41742182e-03 
 8.00003000e-06  2.14017995e-03 
 8.00007000e-06  2.93320362e-03 
 8.00010000e-06  3.78073959e-03 
 8.00010800e-06  1.05538280e-03 
 8.00012400e-06  7.27131779e-04 
 8.00015600e-06  8.18279199e-04 
 8.00022000e-06  5.36485128e-04 
 8.00034800e-06  6.08478587e-04 
 8.00059675e-06  4.10000844e-04 
 8.00097198e-06  5.83712147e-04 
 8.00155743e-06  1.90151362e-04 
 8.00211360e-06  2.89655448e-04 
 8.00258700e-06  1.44827415e-04 
 8.00315197e-06  2.17214187e-04 
 8.00373607e-06  5.62895500e-05 
 8.00441027e-06  1.73024845e-04 
 8.00497123e-06  4.64117956e-05 
 8.00558115e-06  1.80868537e-04 
 8.00608690e-06  3.98096086e-05 
 8.00668237e-06  1.67813721e-04 
 8.00753082e-06  2.98607662e-05 
 8.00830849e-06  1.57823433e-04 
 8.00911511e-06  1.78443443e-05 
 8.01002502e-06  1.45507692e-04 
 8.01108840e-06  1.60297646e-05 
 8.01222780e-06  1.44709834e-04 
 8.01450661e-06  1.58603294e-05 
 8.01906423e-06  1.44541027e-04 
 8.02765387e-06  1.58079306e-05 
 8.04483314e-06  1.44436287e-04 
 8.07913942e-06  1.57348153e-05 
 8.14775198e-06  1.44373350e-04 
 8.25010000e-06  1.57016310e-05 
 8.25011000e-06 -2.38817809e-03 
 8.25013000e-06 -2.67529115e-03 
 8.25017000e-06 -1.92376038e-03 
 8.25020000e-06 -1.97632553e-03 
 8.25020791e-06  3.11787149e-04 
 8.25022374e-06  4.02331436e-04 
 8.25025540e-06  3.80390198e-04 
 8.25031871e-06  4.11107242e-04 
 8.25044078e-06  3.33360317e-04 
 8.25061654e-06  3.82607666e-04 
 8.25081099e-06  3.95076839e-04 
 8.25119405e-06  4.28697405e-04 
 8.25166532e-06  3.31536074e-04 
 8.25219245e-06  2.27296850e-04 
 8.25274575e-06  1.01046131e-04 
 8.25349812e-06  1.36341743e-04 
 8.25438266e-06  7.79416113e-05 
 8.25531416e-06  1.13212036e-04 
 8.25627983e-06  7.13625905e-05 
 8.25731928e-06  1.09980473e-04 
 8.25896411e-06  5.75490166e-05 
 8.26058404e-06  1.03115327e-04 
 8.26357065e-06  5.71406570e-05 
 8.26711329e-06  1.03125683e-04 
 8.27419857e-06  5.70755665e-05 
 8.28582243e-06  1.03109005e-04 
 8.30621300e-06  5.70303300e-05 
 8.34699414e-06  1.03082023e-04 
 8.42855643e-06  5.69977801e-05 
 8.50000000e-06  1.03066093e-04 
