 1.00000000e-12  1.78200000e+00  5.65212806e-01 
 1.02800000e-12  1.78149600e+00  5.61438164e-01 
 1.08400000e-12  1.78048800e+00  5.58778731e-01 
 1.19600000e-12  1.77847200e+00  5.63776124e-01 
 1.42000000e-12  1.77444000e+00  5.72564562e-01 
 1.69657273e-12  1.76946169e+00  5.79996319e-01 
 2.24971819e-12  1.75950507e+00  5.88201361e-01 
 3.11981682e-12  1.74384330e+00  5.92336016e-01 
 4.31335002e-12  1.72235970e+00  5.93365939e-01 
 6.24121911e-12  1.68765806e+00  5.93379944e-01 
 9.44576708e-12  1.62997619e+00  5.93418287e-01 
 1.34413629e-11  1.55805547e+00  5.93379866e-01 
 2.01771103e-11  1.43681201e+00  5.93466901e-01 
 3.36486052e-11  1.19432511e+00  5.93600665e-01 
 6.05915950e-11  7.09351291e-01  5.94431670e-01 
 1.00000000e-10  0.00000000e+00  5.97272263e-01 
 1.05388598e-10  0.00000000e+00  5.98160711e-01 
 1.16165794e-10  0.00000000e+00  5.99870795e-01 
 1.37720186e-10  0.00000000e+00  6.03002973e-01 
 1.80828969e-10  0.00000000e+00  6.08788188e-01 
 2.67046537e-10  0.00000000e+00  6.19044267e-01 
 4.39481671e-10  0.00000000e+00  6.34333870e-01 
 6.63913652e-10  0.00000000e+00  6.47661733e-01 
 9.38323987e-10  0.00000000e+00  6.58816252e-01 
 1.35658703e-09  0.00000000e+00  6.68583924e-01 
 1.85076002e-09  0.00000000e+00  6.69520596e-01 
 2.42690779e-09  0.00000000e+00  6.53246548e-01 
 3.16448210e-09  0.00000000e+00  6.17806274e-01 
 4.04977804e-09  0.00000000e+00  5.72978843e-01 
 5.11723205e-09  0.00000000e+00  5.15496639e-01 
 5.97748915e-09  0.00000000e+00  4.68977410e-01 
 6.61377738e-09  0.00000000e+00  4.35713030e-01 
 7.30857036e-09  0.00000000e+00  4.00125907e-01 
 8.07457974e-09  0.00000000e+00  3.63045155e-01 
 8.94742289e-09  0.00000000e+00  3.24781446e-01 
 1.00718488e-08  0.00000000e+00  2.80739765e-01 
 1.09597318e-08  0.00000000e+00  2.48331958e-01 
 1.18394773e-08  0.00000000e+00  2.18012902e-01 
 1.27229210e-08  0.00000000e+00  1.90026664e-01 
 1.35983457e-08  0.00000000e+00  1.65512630e-01 
 1.50807503e-08  0.00000000e+00  1.30176889e-01 
 1.69373172e-08  0.00000000e+00  9.55478682e-02 
 2.01050442e-08  0.00000000e+00  5.52294537e-02 
 2.38913549e-08  0.00000000e+00  2.80251370e-02 
 2.78296808e-08  0.00000000e+00  1.37042636e-02 
 3.19020067e-08  0.00000000e+00  6.45687008e-03 
 3.60590145e-08  0.00000000e+00  3.01421410e-03 
 4.07757159e-08  0.00000000e+00  1.23034219e-03 
 4.67543731e-08  0.00000000e+00  4.04346585e-04 
 5.38059916e-08  0.00000000e+00  8.29996268e-05 
 6.48103038e-08  0.00000000e+00  2.69760687e-05 
 7.82431348e-08  0.00000000e+00 -1.10347648e-05 
 9.85862339e-08  0.00000000e+00  2.21318256e-05 
 1.28142752e-07  0.00000000e+00 -1.60031547e-05 
 1.71452528e-07  0.00000000e+00  1.99228070e-05 
 2.45655555e-07  0.00000000e+00 -1.80394480e-05 
 2.50100000e-07  0.00000000e+00  2.21548474e-05 
 2.50110000e-07  1.80000000e-01  1.37696496e-03 
 2.50130000e-07  5.40000000e-01  4.28729904e-03 
 2.50170000e-07  1.26000000e+00  9.04985435e-03 
 2.50200000e-07  1.80000000e+00  1.02516158e-02 
 2.50207799e-07  1.80000000e+00  9.30798722e-03 
 2.50223398e-07  1.80000000e+00  7.29637477e-03 
 2.50254596e-07  1.80000000e+00  3.78895116e-03 
 2.50316992e-07  1.80000000e+00  8.34585399e-05 
 2.50410997e-07  1.80000000e+00 -1.34006481e-03 
 2.50550402e-07  1.80000000e+00 -1.63448150e-03 
 2.50763580e-07  1.80000000e+00 -1.06838145e-03 
 2.51013596e-07  1.80000000e+00  8.27644350e-04 
 2.51486824e-07  1.80000000e+00  3.51865288e-03 
 2.51971314e-07  1.80000000e+00  1.65051118e-03 
 2.52429060e-07  1.80000000e+00  1.00295306e-03 
 2.53135065e-07  1.80000000e+00  2.91970361e-04 
 2.53825822e-07  1.80000000e+00  2.19211206e-04 
 2.54451829e-07  1.80000000e+00  1.00163096e-03 
 2.55087276e-07  1.80000000e+00  7.11438381e-04 
 2.55766108e-07  1.80000000e+00  6.61746814e-04 
 2.56454367e-07  1.80000000e+00  7.58354076e-04 
 2.57818081e-07  1.80000000e+00  7.39137953e-04 
 2.59358380e-07  1.80000000e+00  6.22912620e-04 
 2.61343903e-07  1.80000000e+00  5.06535314e-04 
 2.64279353e-07  1.80000000e+00  2.89376038e-04 
 2.69342102e-07  1.80000000e+00  1.88397461e-04 
 2.79467600e-07  1.80000000e+00  1.71092283e-05 
 2.99265192e-07  1.80000000e+00  4.40558167e-05 
 3.38860377e-07  1.80000000e+00 -2.47300226e-05 
 4.18050745e-07  1.80000000e+00  3.32384535e-05 
 5.00000000e-07  1.80000000e+00 -2.82654467e-05 
 5.00010000e-07  1.62000000e+00 -8.25608009e-04 
 5.00030000e-07  1.26000000e+00 -2.25672582e-03 
 5.00070000e-07  5.40000000e-01 -4.17262831e-03 
 5.00100000e-07  0.00000000e+00 -4.98306032e-03 
 5.00108000e-07  0.00000000e+00 -4.52006463e-03 
 5.00124000e-07  0.00000000e+00 -3.58029049e-03 
 5.00156000e-07  0.00000000e+00 -2.18123284e-03 
 5.00220000e-07  0.00000000e+00 -6.81179103e-04 
 5.00348000e-07  0.00000000e+00  2.77218537e-04 
 5.00536977e-07  0.00000000e+00  7.43304507e-04 
 5.00857394e-07  0.00000000e+00  9.68149058e-04 
 5.01189753e-07  0.00000000e+00 -3.25245315e-03 
 5.01626855e-07  0.00000000e+00 -1.47222359e-02 
 5.02095219e-07  0.00000000e+00 -2.57242483e-03 
 5.02570393e-07  0.00000000e+00  5.53374101e-02 
 5.03085095e-07  0.00000000e+00  1.40005029e-01 
 5.03660342e-07  0.00000000e+00  2.39642487e-01 
 5.04228344e-07  0.00000000e+00  3.38739153e-01 
 5.04989017e-07  0.00000000e+00  4.65875026e-01 
 5.05804277e-07  0.00000000e+00  5.93080968e-01 
 5.07181750e-07  0.00000000e+00  7.95394326e-01 
 5.08675086e-07  0.00000000e+00  9.97181878e-01 
 5.09872102e-07  0.00000000e+00  1.12896464e+00 
 5.11199936e-07  0.00000000e+00  1.24506706e+00 
 5.12529345e-07  0.00000000e+00  1.37317560e+00 
 5.14156593e-07  0.00000000e+00  1.56906717e+00 
 5.16005669e-07  0.00000000e+00  1.71896822e+00 
 5.17890338e-07  0.00000000e+00  1.77692037e+00 
 5.21659677e-07  0.00000000e+00  1.80177337e+00 
 5.25614849e-07  0.00000000e+00  1.79985964e+00 
 5.33320243e-07  0.00000000e+00  1.80024072e+00 
 5.47109669e-07  0.00000000e+00  1.79986756e+00 
 5.68277297e-07  0.00000000e+00  1.80017493e+00 
 6.09491912e-07  0.00000000e+00  1.79985588e+00 
 6.91921141e-07  0.00000000e+00  1.80015756e+00 
 7.50100000e-07  9.52912066e-13  1.79985253e+00 
 7.50110000e-07  1.80000000e-01  1.80047065e+00 
 7.50130000e-07  5.40000000e-01  1.80190725e+00 
 7.50170000e-07  1.26000000e+00  1.80546648e+00 
 7.50200000e-07  1.80000000e+00  1.80782625e+00 
 7.50207988e-07  1.80000000e+00  1.80753512e+00 
 7.50223964e-07  1.80000000e+00  1.80693246e+00 
 7.50255915e-07  1.80000000e+00  1.80599426e+00 
 7.50319819e-07  1.80000000e+00  1.80481305e+00 
 7.50447625e-07  1.80000000e+00  1.80351033e+00 
 7.50703238e-07  1.80000000e+00  1.80206226e+00 
 7.51108491e-07  1.80000000e+00  1.80460100e+00 
 7.51575617e-07  1.80000000e+00  1.80822710e+00 
 7.52039825e-07  1.80000000e+00  1.80583900e+00 
 7.52525741e-07  1.80000000e+00  1.80271479e+00 
 7.53260256e-07  1.80000000e+00  1.80003540e+00 
 7.53779762e-07  1.80000000e+00  1.80030062e+00 
 7.54364540e-07  1.80000000e+00  1.80192710e+00 
 7.54923023e-07  1.80000000e+00  1.79952703e+00 
 7.55512074e-07  1.80000000e+00  1.79964904e+00 
 7.56350143e-07  1.80000000e+00  1.79968130e+00 
 7.57216886e-07  1.80000000e+00  1.79980681e+00 
 7.58950371e-07  1.80000000e+00  1.79988628e+00 
 7.61210135e-07  1.80000000e+00  1.79994270e+00 
 7.64418143e-07  1.80000000e+00  1.79999494e+00 
 7.69854656e-07  1.80000000e+00  1.79999509e+00 
 7.80727681e-07  1.80000000e+00  1.80001744e+00 
 8.02473731e-07  1.80000000e+00  1.79999468e+00 
 8.45965832e-07  1.80000000e+00  1.80001639e+00 
 9.32950033e-07  1.80000000e+00  1.79999250e+00 
 1.00000000e-06  1.80000000e+00  1.80001481e+00 
 1.00001000e-06  1.62000000e+00  1.79882034e+00 
 1.00003000e-06  1.26000000e+00  1.79662814e+00 
 1.00007000e-06  5.40000000e-01  1.79331298e+00 
 1.00010000e-06  0.00000000e+00  1.79180507e+00 
 1.00010800e-06  0.00000000e+00  1.79238296e+00 
 1.00012400e-06  0.00000000e+00  1.79351772e+00 
 1.00015600e-06  0.00000000e+00  1.79526989e+00 
 1.00022000e-06  0.00000000e+00  1.79766078e+00 
 1.00034800e-06  0.00000000e+00  1.80016240e+00 
 1.00053703e-06  0.00000000e+00  1.80179495e+00 
 1.00085721e-06  0.00000000e+00  1.80247612e+00 
 1.00118969e-06  0.00000000e+00  1.80164812e+00 
 1.00162655e-06  0.00000000e+00  1.79948202e+00 
 1.00209376e-06  0.00000000e+00  1.79742423e+00 
 1.00257601e-06  0.00000000e+00  1.79857087e+00 
 1.00306462e-06  0.00000000e+00  1.79830419e+00 
 1.00363305e-06  0.00000000e+00  1.79785354e+00 
 1.00417725e-06  0.00000000e+00  1.79126507e+00 
 1.00472894e-06  0.00000000e+00  1.78895625e+00 
 1.00523873e-06  0.00000000e+00  1.78857349e+00 
 1.00579585e-06  0.00000000e+00  1.78553706e+00 
 1.00648568e-06  0.00000000e+00  1.78842981e+00 
 1.00730961e-06  0.00000000e+00  1.79284216e+00 
 1.00866676e-06  0.00000000e+00  1.79702919e+00 
 1.01030374e-06  0.00000000e+00  1.79901200e+00 
 1.01188854e-06  0.00000000e+00  1.80009103e+00 
 1.01341774e-06  0.00000000e+00  1.79985692e+00 
 1.01454490e-06  0.00000000e+00  1.79926755e+00 
 1.01556623e-06  0.00000000e+00  1.79978348e+00 
 1.01646163e-06  0.00000000e+00  1.79883759e+00 
 1.01752543e-06  0.00000000e+00  1.79782749e+00 
 1.01864905e-06  0.00000000e+00  1.79807253e+00 
 1.01982513e-06  0.00000000e+00  1.79884976e+00 
 1.02185038e-06  0.00000000e+00  1.79975111e+00 
 1.02432295e-06  0.00000000e+00  1.79988974e+00 
 1.02926809e-06  0.00000000e+00  1.79997626e+00 
 1.03432070e-06  0.00000000e+00  1.79986964e+00 
 1.03904229e-06  0.00000000e+00  1.80002583e+00 
 1.04346957e-06  0.00000000e+00  1.79994509e+00 
 1.04691871e-06  0.00000000e+00  1.80024811e+00 
 1.05043096e-06  0.00000000e+00  1.79990848e+00 
 1.05382209e-06  0.00000000e+00  1.79990436e+00 
 1.05727145e-06  0.00000000e+00  1.80003877e+00 
 1.06121993e-06  0.00000000e+00  1.79996814e+00 
 1.06825756e-06  0.00000000e+00  1.80000228e+00 
 1.07542661e-06  0.00000000e+00  1.79998804e+00 
 1.08258569e-06  0.00000000e+00  1.79997979e+00 
 1.09031561e-06  0.00000000e+00  1.80000124e+00 
 1.09874514e-06  0.00000000e+00  1.79997311e+00 
 1.11336489e-06  0.00000000e+00  1.80000914e+00 
 1.13400410e-06  0.00000000e+00  1.79997221e+00 
 1.17264043e-06  0.00000000e+00  1.80001419e+00 
 1.24294946e-06  0.00000000e+00  1.79997461e+00 
 1.25010000e-06  0.00000000e+00  1.80001976e+00 
 1.25011000e-06  1.80000000e-01  1.80067642e+00 
 1.25013000e-06  5.40000000e-01  1.80219342e+00 
 1.25017000e-06  1.26000000e+00  1.80584481e+00 
 1.25020000e-06  1.80000000e+00  1.80829963e+00 
 1.25020799e-06  1.80000000e+00  1.80799149e+00 
 1.25022396e-06  1.80000000e+00  1.80735070e+00 
 1.25025591e-06  1.80000000e+00  1.80633296e+00 
 1.25031982e-06  1.80000000e+00  1.80505469e+00 
 1.25044762e-06  1.80000000e+00  1.80366034e+00 
 1.25070323e-06  1.80000000e+00  1.80220297e+00 
 1.25110289e-06  1.80000000e+00  1.80420781e+00 
 1.25157083e-06  1.80000000e+00  1.80781263e+00 
 1.25203350e-06  1.80000000e+00  1.80522072e+00 
 1.25251839e-06  1.80000000e+00  1.80225853e+00 
 1.25325122e-06  1.80000000e+00  1.80022965e+00 
 1.25376038e-06  1.80000000e+00  1.79991109e+00 
 1.25432993e-06  1.80000000e+00  1.79976048e+00 
 1.25500175e-06  1.80000000e+00  1.79965542e+00 
 1.25570473e-06  1.80000000e+00  1.79974264e+00 
 1.25645256e-06  1.80000000e+00  1.79975705e+00 
 1.25794823e-06  1.80000000e+00  1.79987090e+00 
 1.25961453e-06  1.80000000e+00  1.79990073e+00 
 1.26242086e-06  1.80000000e+00  1.79997863e+00 
 1.26574489e-06  1.80000000e+00  1.79997593e+00 
 1.27239296e-06  1.80000000e+00  1.80001232e+00 
 1.28568910e-06  1.80000000e+00  1.79998767e+00 
 1.31228138e-06  1.80000000e+00  1.80001214e+00 
 1.36546593e-06  1.80000000e+00  1.79998782e+00 
 1.47183504e-06  1.80000000e+00  1.80001210e+00 
 1.50000000e-06  1.80000000e+00  1.79998791e+00 
 1.50001000e-06  1.62000000e+00  1.79876458e+00 
 1.50003000e-06  1.26000000e+00  1.79651022e+00 
 1.50007000e-06  5.40000000e-01  1.79309748e+00 
 1.50010000e-06  0.00000000e+00  1.79149686e+00 
 1.50010800e-06  0.00000000e+00  1.79208238e+00 
 1.50012400e-06  0.00000000e+00  1.79325124e+00 
 1.50015600e-06  0.00000000e+00  1.79508352e+00 
 1.50022000e-06  0.00000000e+00  1.79756511e+00 
 1.50034800e-06  0.00000000e+00  1.80010071e+00 
 1.50053707e-06  0.00000000e+00  1.80173569e+00 
 1.50085688e-06  0.00000000e+00  1.80243151e+00 
 1.50118900e-06  0.00000000e+00  1.80168109e+00 
 1.50158782e-06  0.00000000e+00  1.79981739e+00 
 1.50203487e-06  0.00000000e+00  1.79735728e+00 
 1.50251427e-06  0.00000000e+00  1.79693679e+00 
 1.50300308e-06  0.00000000e+00  1.79746414e+00 
 1.50356128e-06  0.00000000e+00  1.79816119e+00 
 1.50410758e-06  0.00000000e+00  1.79873640e+00 
 1.50489978e-06  0.00000000e+00  1.79920576e+00 
 1.50562367e-06  0.00000000e+00  1.79948050e+00 
 1.50624810e-06  0.00000000e+00  1.79965023e+00 
 1.50695361e-06  0.00000000e+00  1.79976083e+00 
 1.50794940e-06  0.00000000e+00  1.79985743e+00 
 1.50886746e-06  0.00000000e+00  1.79990109e+00 
 1.50985510e-06  0.00000000e+00  1.79993071e+00 
 1.51098139e-06  0.00000000e+00  1.79994534e+00 
 1.51215272e-06  0.00000000e+00  1.79995599e+00 
 1.51449538e-06  0.00000000e+00  1.79996248e+00 
 1.51903467e-06  0.00000000e+00  1.79996923e+00 
 1.52660655e-06  0.00000000e+00  1.79997223e+00 
 1.54175032e-06  0.00000000e+00  1.79998029e+00 
 1.57203785e-06  0.00000000e+00  1.79998547e+00 
 1.63261290e-06  0.00000000e+00  1.79999278e+00 
 1.75010000e-06  0.00000000e+00  1.79999493e+00 
 1.75011000e-06  1.80000000e-01  1.80055447e+00 
 1.75013000e-06  5.40000000e-01  1.80190523e+00 
 1.75017000e-06  1.26000000e+00  1.80543789e+00 
 1.75020000e-06  1.80000000e+00  1.80792326e+00 
 1.75020799e-06  1.80000000e+00  1.80764342e+00 
 1.75022396e-06  1.80000000e+00  1.80705362e+00 
 1.75025592e-06  1.80000000e+00  1.80611068e+00 
 1.75031982e-06  1.80000000e+00  1.80491507e+00 
 1.75044762e-06  1.80000000e+00  1.80358889e+00 
 1.75070324e-06  1.80000000e+00  1.80218644e+00 
 1.75110053e-06  1.80000000e+00  1.80422077e+00 
 1.75156997e-06  1.80000000e+00  1.80788147e+00 
 1.75203298e-06  1.80000000e+00  1.80533611e+00 
 1.75251798e-06  1.80000000e+00  1.80225318e+00 
 1.75325171e-06  1.80000000e+00  1.79975066e+00 
 1.75377393e-06  1.80000000e+00  1.79962343e+00 
 1.75436051e-06  1.80000000e+00  1.80000022e+00 
 1.75491012e-06  1.80000000e+00  1.80044251e+00 
 1.75549343e-06  1.80000000e+00  1.80118640e+00 
 1.75623798e-06  1.80000000e+00  1.80152744e+00 
 1.75704901e-06  1.80000000e+00  1.80131521e+00 
 1.75787503e-06  1.80000000e+00  1.80097599e+00 
 1.75890678e-06  1.80000000e+00  1.80073466e+00 
 1.76051225e-06  1.80000000e+00  1.80046048e+00 
 1.76212364e-06  1.80000000e+00  1.80029081e+00 
 1.76492750e-06  1.80000000e+00  1.80010822e+00 
 1.76810564e-06  1.80000000e+00  1.80004479e+00 
 1.77446194e-06  1.80000000e+00  1.79999535e+00 
 1.78561324e-06  1.80000000e+00  1.80000485e+00 
 1.80510385e-06  1.80000000e+00  1.79999502e+00 
 1.84408508e-06  1.80000000e+00  1.80000489e+00 
 1.92204754e-06  1.80000000e+00  1.79999505e+00 
 2.00000000e-06  1.80000000e+00  1.80000488e+00 
 2.00001000e-06  1.62000000e+00  1.79878359e+00 
 2.00003000e-06  1.26000000e+00  1.79653555e+00 
 2.00007000e-06  5.40000000e-01  1.79312144e+00 
 2.00010000e-06  3.67639252e-12  1.79151369e+00 
 2.00010800e-06  0.00000000e+00  1.79209822e+00 
 2.00012400e-06  0.00000000e+00  1.79326595e+00 
 2.00015600e-06  0.00000000e+00  1.79509548e+00 
 2.00022000e-06  0.00000000e+00  1.79757208e+00 
 2.00034800e-06  0.00000000e+00  1.80010265e+00 
 2.00053674e-06  0.00000000e+00  1.80173278e+00 
 2.00085672e-06  0.00000000e+00  1.80244153e+00 
 2.00118923e-06  0.00000000e+00  1.80168940e+00 
 2.00162631e-06  0.00000000e+00  1.79956604e+00 
 2.00209301e-06  0.00000000e+00  1.79736797e+00 
 2.00257546e-06  0.00000000e+00  1.79846951e+00 
 2.00307722e-06  0.00000000e+00  1.79724580e+00 
 2.00363574e-06  0.00000000e+00  1.79725397e+00 
 2.00419160e-06  0.00000000e+00  1.79933352e+00 
 2.00470445e-06  0.00000000e+00  1.80021138e+00 
 2.00519298e-06  0.00000000e+00  1.80098702e+00 
 2.00573762e-06  0.00000000e+00  1.80058960e+00 
 2.00639246e-06  0.00000000e+00  1.80046144e+00 
 2.00710197e-06  0.00000000e+00  1.80021655e+00 
 2.00806886e-06  0.00000000e+00  1.80015566e+00 
 2.00920962e-06  0.00000000e+00  1.80005873e+00 
 2.01009664e-06  0.00000000e+00  1.80011686e+00 
 2.01104459e-06  0.00000000e+00  1.80018979e+00 
 2.01197200e-06  0.00000000e+00  1.80053518e+00 
 2.01299196e-06  0.00000000e+00  1.80029429e+00 
 2.01371495e-06  0.00000000e+00  1.79971883e+00 
 2.01440871e-06  0.00000000e+00  1.79926412e+00 
 2.01526783e-06  0.00000000e+00  1.79948760e+00 
 2.01618397e-06  0.00000000e+00  1.79979446e+00 
 2.01709286e-06  0.00000000e+00  1.79811002e+00 
 2.01805724e-06  0.00000000e+00  1.79789925e+00 
 2.01908277e-06  0.00000000e+00  1.79819340e+00 
 2.02096481e-06  0.00000000e+00  1.79950104e+00 
 2.02270800e-06  0.00000000e+00  1.79976163e+00 
 2.02596841e-06  0.00000000e+00  1.80001950e+00 
 2.03248922e-06  0.00000000e+00  1.79993249e+00 
 2.04095636e-06  0.00000000e+00  1.80002322e+00 
 2.05789064e-06  0.00000000e+00  1.79994183e+00 
 2.09175921e-06  0.00000000e+00  1.80003097e+00 
 2.13728649e-06  0.00000000e+00  1.79995059e+00 
 2.20978905e-06  0.00000000e+00  1.80003631e+00 
 2.25010000e-06  0.00000000e+00  1.79995451e+00 
 2.25011000e-06  1.80000000e-01  1.80050901e+00 
 2.25013000e-06  5.40000000e-01  1.80186477e+00 
 2.25017000e-06  1.26000000e+00  1.80540942e+00 
 2.25020000e-06  1.80000000e+00  1.80788368e+00 
 2.25020799e-06  1.80000000e+00  1.80760522e+00 
 2.25022396e-06  1.80000000e+00  1.80701885e+00 
 2.25025591e-06  1.80000000e+00  1.80608544e+00 
 2.25031982e-06  1.80000000e+00  1.80490491e+00 
 2.25044762e-06  1.80000000e+00  1.80359179e+00 
 2.25070323e-06  1.80000000e+00  1.80218920e+00 
 2.25109737e-06  1.80000000e+00  1.80418935e+00 
 2.25156711e-06  1.80000000e+00  1.80787630e+00 
 2.25202919e-06  1.80000000e+00  1.80530485e+00 
 2.25251380e-06  1.80000000e+00  1.80227813e+00 
 2.25324332e-06  1.80000000e+00  1.80023640e+00 
 2.25376419e-06  1.80000000e+00  1.79999221e+00 
 2.25435171e-06  1.80000000e+00  1.79981672e+00 
 2.25500141e-06  1.80000000e+00  1.79968834e+00 
 2.25566009e-06  1.80000000e+00  1.79976070e+00 
 2.25642970e-06  1.80000000e+00  1.79977233e+00 
 2.25796892e-06  1.80000000e+00  1.79987625e+00 
 2.25959094e-06  1.80000000e+00  1.79990627e+00 
 2.26242653e-06  1.80000000e+00  1.79997767e+00 
 2.26569201e-06  1.80000000e+00  1.79997876e+00 
 2.27222296e-06  1.80000000e+00  1.80000975e+00 
 2.28528486e-06  1.80000000e+00  1.79999023e+00 
 2.31140867e-06  1.80000000e+00  1.80000962e+00 
 2.36365628e-06  1.80000000e+00  1.79999034e+00 
 2.46815149e-06  1.80000000e+00  1.80000959e+00 
 2.50000000e-06  1.80000000e+00  1.79999041e+00 
 2.50001000e-06  1.62000000e+00  1.79877429e+00 
 2.50003000e-06  1.26000000e+00  1.79654334e+00 
 2.50007000e-06  5.40000000e-01  1.79313590e+00 
 2.50010000e-06  3.67639252e-12  1.79152487e+00 
 2.50010800e-06  0.00000000e+00  1.79210826e+00 
 2.50012400e-06  0.00000000e+00  1.79327317e+00 
 2.50015600e-06  0.00000000e+00  1.79510013e+00 
 2.50022000e-06  0.00000000e+00  1.79757424e+00 
 2.50034800e-06  0.00000000e+00  1.80010307e+00 
 2.50053708e-06  0.00000000e+00  1.80173653e+00 
 2.50085688e-06  0.00000000e+00  1.80242758e+00 
 2.50118900e-06  0.00000000e+00  1.80167616e+00 
 2.50158815e-06  0.00000000e+00  1.79980642e+00 
 2.50203509e-06  0.00000000e+00  1.79735272e+00 
 2.50251457e-06  0.00000000e+00  1.79693777e+00 
 2.50300319e-06  0.00000000e+00  1.79746583e+00 
 2.50356131e-06  0.00000000e+00  1.79816033e+00 
 2.50410755e-06  0.00000000e+00  1.79873446e+00 
 2.50488248e-06  0.00000000e+00  1.79919785e+00 
 2.50561009e-06  0.00000000e+00  1.79947607e+00 
 2.50624623e-06  0.00000000e+00  1.79965079e+00 
 2.50694392e-06  0.00000000e+00  1.79976067e+00 
 2.50794384e-06  0.00000000e+00  1.79985754e+00 
 2.50885597e-06  0.00000000e+00  1.79990119e+00 
 2.50985246e-06  0.00000000e+00  1.79993079e+00 
 2.51110332e-06  0.00000000e+00  1.79994692e+00 
 2.51223999e-06  0.00000000e+00  1.79995648e+00 
 2.51451333e-06  0.00000000e+00  1.79996261e+00 
 2.51906002e-06  0.00000000e+00  1.79996918e+00 
 2.52622707e-06  0.00000000e+00  1.79997214e+00 
 2.54056117e-06  0.00000000e+00  1.79997980e+00 
 2.56922938e-06  0.00000000e+00  1.79998513e+00 
 2.62656580e-06  0.00000000e+00  1.79999232e+00 
 2.74123863e-06  0.00000000e+00  1.79999488e+00 
 2.75010000e-06  0.00000000e+00  1.79999639e+00 
 2.75011000e-06  1.80000000e-01  1.80055390e+00 
 2.75013000e-06  5.40000000e-01  1.80190417e+00 
 2.75017000e-06  1.26000000e+00  1.80542100e+00 
 2.75020000e-06  1.80000000e+00  1.80787504e+00 
 2.75020799e-06  1.80000000e+00  1.80759842e+00 
 2.75022398e-06  1.80000000e+00  1.80701548e+00 
 2.75025594e-06  1.80000000e+00  1.80608343e+00 
 2.75031988e-06  1.80000000e+00  1.80490119e+00 
 2.75044775e-06  1.80000000e+00  1.80358577e+00 
 2.75070349e-06  1.80000000e+00  1.80218811e+00 
 2.75109657e-06  1.80000000e+00  1.80419325e+00 
 2.75156759e-06  1.80000000e+00  1.80789319e+00 
 2.75203038e-06  1.80000000e+00  1.80535570e+00 
 2.75251523e-06  1.80000000e+00  1.80227184e+00 
 2.75324730e-06  1.80000000e+00  1.79975931e+00 
 2.75377098e-06  1.80000000e+00  1.79962509e+00 
 2.75435883e-06  1.80000000e+00  1.80000553e+00 
 2.75490606e-06  1.80000000e+00  1.80044137e+00 
 2.75548893e-06  1.80000000e+00  1.80118015e+00 
 2.75623340e-06  1.80000000e+00  1.80152753e+00 
 2.75704525e-06  1.80000000e+00  1.80131662e+00 
 2.75786636e-06  1.80000000e+00  1.80097938e+00 
 2.75889939e-06  1.80000000e+00  1.80073562e+00 
 2.76046765e-06  1.80000000e+00  1.80046714e+00 
 2.76209421e-06  1.80000000e+00  1.80029306e+00 
 2.76485358e-06  1.80000000e+00  1.80011168e+00 
 2.76802627e-06  1.80000000e+00  1.80004547e+00 
 2.77437165e-06  1.80000000e+00  1.79999586e+00 
 2.78514129e-06  1.80000000e+00  1.80000440e+00 
 2.80372130e-06  1.80000000e+00  1.79999547e+00 
 2.84088132e-06  1.80000000e+00  1.80000444e+00 
 2.91520137e-06  1.80000000e+00  1.79999550e+00 
 3.00000000e-06  1.80000000e+00  1.80000443e+00 
 3.00001000e-06  1.62000000e+00  1.79878941e+00 
 3.00003000e-06  1.26000000e+00  1.79655839e+00 
 3.00007000e-06  5.40000000e-01  1.79314472e+00 
 3.00010000e-06  3.67639252e-12  1.79153027e+00 
 3.00010800e-06  0.00000000e+00  1.79211351e+00 
 3.00012400e-06  0.00000000e+00  1.79327873e+00 
 3.00015600e-06  0.00000000e+00  1.79510491e+00 
 3.00022000e-06  0.00000000e+00  1.79757737e+00 
 3.00034800e-06  0.00000000e+00  1.80010442e+00 
 3.00053674e-06  0.00000000e+00  1.80173318e+00 
 3.00085672e-06  0.00000000e+00  1.80243891e+00 
 3.00118923e-06  0.00000000e+00  1.80168567e+00 
 3.00162649e-06  0.00000000e+00  1.79955921e+00 
 3.00209311e-06  0.00000000e+00  1.79736618e+00 
 3.00257564e-06  0.00000000e+00  1.79847160e+00 
 3.00307751e-06  0.00000000e+00  1.79724674e+00 
 3.00363612e-06  0.00000000e+00  1.79725581e+00 
 3.00419210e-06  0.00000000e+00  1.79933592e+00 
 3.00470500e-06  0.00000000e+00  1.80021262e+00 
 3.00519381e-06  0.00000000e+00  1.80098759e+00 
 3.00573863e-06  0.00000000e+00  1.80058870e+00 
 3.00639422e-06  0.00000000e+00  1.80046123e+00 
 3.00710370e-06  0.00000000e+00  1.80021610e+00 
 3.00807018e-06  0.00000000e+00  1.80015603e+00 
 3.00921038e-06  0.00000000e+00  1.80005832e+00 
 3.01009811e-06  0.00000000e+00  1.80011667e+00 
 3.01104610e-06  0.00000000e+00  1.80019048e+00 
 3.01197063e-06  0.00000000e+00  1.80053531e+00 
 3.01298801e-06  0.00000000e+00  1.80029737e+00 
 3.01370846e-06  0.00000000e+00  1.79972488e+00 
 3.01440042e-06  0.00000000e+00  1.79926901e+00 
 3.01525713e-06  0.00000000e+00  1.79945454e+00 
 3.01617042e-06  0.00000000e+00  1.79983993e+00 
 3.01707535e-06  0.00000000e+00  1.79812431e+00 
 3.01803429e-06  0.00000000e+00  1.79790112e+00 
 3.01905188e-06  0.00000000e+00  1.79817057e+00 
 3.02087670e-06  0.00000000e+00  1.79945897e+00 
 3.02262677e-06  0.00000000e+00  1.79975418e+00 
 3.02576726e-06  0.00000000e+00  1.80001241e+00 
 3.03204826e-06  0.00000000e+00  1.79993698e+00 
 3.04028377e-06  0.00000000e+00  1.80001884e+00 
 3.05659642e-06  0.00000000e+00  1.79994558e+00 
 3.07808543e-06  0.00000000e+00  1.80002516e+00 
 3.10020141e-06  0.00000000e+00  1.79995252e+00 
 3.12226243e-06  0.00000000e+00  1.80003012e+00 
 3.13840081e-06  0.00000000e+00  1.80009700e+00 
 3.14978477e-06  0.00000000e+00  1.79963683e+00 
 3.16041921e-06  0.00000000e+00  1.80042294e+00 
 3.17264527e-06  0.00000000e+00  1.79955610e+00 
 3.18909827e-06  0.00000000e+00  1.80041774e+00 
 3.21074974e-06  0.00000000e+00  1.79958591e+00 
 3.23530407e-06  0.00000000e+00  1.80038794e+00 
 3.25010000e-06  0.00000000e+00  1.79963198e+00 
 3.25011000e-06  1.80000000e-01  1.80018730e+00 
 3.25013000e-06  5.40000000e-01  1.80151993e+00 
 3.25017000e-06  1.26000000e+00  1.80497010e+00 
 3.25020000e-06  1.80000000e+00  1.80739985e+00 
 3.25020799e-06  1.80000000e+00  1.80714293e+00 
 3.25022398e-06  1.80000000e+00  1.80660181e+00 
 3.25025594e-06  1.80000000e+00  1.80573471e+00 
 3.25031988e-06  1.80000000e+00  1.80462243e+00 
 3.25044775e-06  1.80000000e+00  1.80339317e+00 
 3.25070349e-06  1.80000000e+00  1.80212217e+00 
 3.25109447e-06  1.80000000e+00  1.80416030e+00 
 3.25156544e-06  1.80000000e+00  1.80794527e+00 
 3.25202732e-06  1.80000000e+00  1.80558738e+00 
 3.25251188e-06  1.80000000e+00  1.80299279e+00 
 3.25324004e-06  1.80000000e+00  1.80070022e+00 
 3.25377685e-06  1.80000000e+00  1.79962119e+00 
 3.25437723e-06  1.80000000e+00  1.79867770e+00 
 3.25501723e-06  1.80000000e+00  1.79800531e+00 
 3.25567255e-06  1.80000000e+00  1.79805291e+00 
 3.25645739e-06  1.80000000e+00  1.79830799e+00 
 3.25802707e-06  1.80000000e+00  1.79893468e+00 
 3.25965740e-06  1.80000000e+00  1.79934880e+00 
 3.26252623e-06  1.80000000e+00  1.79975462e+00 
 3.26583483e-06  1.80000000e+00  1.79990965e+00 
 3.27245204e-06  1.80000000e+00  1.80000683e+00 
 3.28568645e-06  1.80000000e+00  1.79999314e+00 
 3.31215528e-06  1.80000000e+00  1.80000599e+00 
 3.34037635e-06  1.80000000e+00  1.79996670e+00 
 3.36610809e-06  1.80000000e+00  1.80052637e+00 
 3.38357055e-06  1.80000000e+00  1.79976827e+00 
 3.39736807e-06  1.80000000e+00  1.80010736e+00 
 3.41063739e-06  1.80000000e+00  1.79994613e+00 
 3.42195613e-06  1.80000000e+00  1.80003022e+00 
 3.43433289e-06  1.80000000e+00  1.79997838e+00 
 3.45908639e-06  1.80000000e+00  1.80001877e+00 
 3.48610998e-06  1.80000000e+00  1.79998327e+00 
 3.50000000e-06  1.80000000e+00  1.80001316e+00 
 3.50001000e-06  1.62000000e+00  1.79880633e+00 
 3.50003000e-06  1.26000000e+00  1.79659151e+00 
 3.50007000e-06  5.40000000e-01  1.79318617e+00 
 3.50010000e-06  3.67639252e-12  1.79156792e+00 
 3.50010800e-06  0.00000000e+00  1.79214975e+00 
 3.50012400e-06  0.00000000e+00  1.79331162e+00 
 3.50015600e-06  0.00000000e+00  1.79513219e+00 
 3.50022000e-06  0.00000000e+00  1.79759351e+00 
 3.50034800e-06  0.00000000e+00  1.80010757e+00 
 3.50053704e-06  0.00000000e+00  1.80173393e+00 
 3.50085675e-06  0.00000000e+00  1.80242634e+00 
 3.50118870e-06  0.00000000e+00  1.80167638e+00 
 3.50157992e-06  0.00000000e+00  1.79985408e+00 
 3.50202067e-06  0.00000000e+00  1.79739431e+00 
 3.50250119e-06  0.00000000e+00  1.79693066e+00 
 3.50299053e-06  0.00000000e+00  1.79745483e+00 
 3.50354877e-06  0.00000000e+00  1.79814983e+00 
 3.50409520e-06  0.00000000e+00  1.79872767e+00 
 3.50485936e-06  0.00000000e+00  1.79918829e+00 
 3.50558223e-06  0.00000000e+00  1.79946653e+00 
 3.50622100e-06  0.00000000e+00  1.79964494e+00 
 3.50691463e-06  0.00000000e+00  1.79975672e+00 
 3.50789909e-06  0.00000000e+00  1.79985325e+00 
 3.50880629e-06  0.00000000e+00  1.79989845e+00 
 3.50983333e-06  0.00000000e+00  1.79992901e+00 
 3.51100188e-06  0.00000000e+00  1.79994491e+00 
 3.51220321e-06  0.00000000e+00  1.79995490e+00 
 3.51460588e-06  0.00000000e+00  1.79996201e+00 
 3.51859074e-06  0.00000000e+00  1.79996763e+00 
 3.52594365e-06  0.00000000e+00  1.79997160e+00 
 3.54064948e-06  0.00000000e+00  1.79997922e+00 
 3.56985799e-06  0.00000000e+00  1.79998529e+00 
 3.62811596e-06  0.00000000e+00  1.79999213e+00 
 3.74463192e-06  0.00000000e+00  1.79999516e+00 
 3.75010000e-06  0.00000000e+00  1.79999615e+00 
 3.75011000e-06  1.80000000e-01  1.80055396e+00 
 3.75013000e-06  5.40000000e-01  1.80190438e+00 
 3.75017000e-06  1.26000000e+00  1.80541594e+00 
 3.75020000e-06  1.80000000e+00  1.80785270e+00 
 3.75020799e-06  1.80000000e+00  1.80757739e+00 
 3.75022398e-06  1.80000000e+00  1.80699764e+00 
 3.75025594e-06  1.80000000e+00  1.80607079e+00 
 3.75031988e-06  1.80000000e+00  1.80489523e+00 
 3.75044775e-06  1.80000000e+00  1.80358505e+00 
 3.75070349e-06  1.80000000e+00  1.80218897e+00 
 3.75109402e-06  1.80000000e+00  1.80417430e+00 
 3.75156589e-06  1.80000000e+00  1.80790055e+00 
 3.75202842e-06  1.80000000e+00  1.80536970e+00 
 3.75251315e-06  1.80000000e+00  1.80228099e+00 
 3.75324389e-06  1.80000000e+00  1.79976099e+00 
 3.75376469e-06  1.80000000e+00  1.79963177e+00 
 3.75435009e-06  1.80000000e+00  1.80000537e+00 
 3.75489658e-06  1.80000000e+00  1.80043919e+00 
 3.75547788e-06  1.80000000e+00  1.80117618e+00 
 3.75622135e-06  1.80000000e+00  1.80152709e+00 
 3.75703331e-06  1.80000000e+00  1.80131942e+00 
 3.75784984e-06  1.80000000e+00  1.80098241e+00 
 3.75888531e-06  1.80000000e+00  1.80073730e+00 
 3.76042410e-06  1.80000000e+00  1.80047218e+00 
 3.76206013e-06  1.80000000e+00  1.80029569e+00 
 3.76478695e-06  1.80000000e+00  1.80011405e+00 
 3.76795198e-06  1.80000000e+00  1.80004652e+00 
 3.77428204e-06  1.80000000e+00  1.79999586e+00 
 3.78477801e-06  1.80000000e+00  1.80000445e+00 
 3.80273793e-06  1.80000000e+00  1.79999542e+00 
 3.83865778e-06  1.80000000e+00  1.80000449e+00 
 3.91049746e-06  1.80000000e+00  1.79999545e+00 
 4.00000000e-06  1.80000000e+00  1.80000448e+00 
 4.00001000e-06  1.62000000e+00  1.79879363e+00 
 4.00003000e-06  1.26000000e+00  1.79657258e+00 
 4.00007000e-06  5.40000000e-01  1.79315761e+00 
 4.00010000e-06  0.00000000e+00  1.79153927e+00 
 4.00010800e-06  0.00000000e+00  1.79212184e+00 
 4.00012400e-06  0.00000000e+00  1.79328578e+00 
 4.00015600e-06  0.00000000e+00  1.79511001e+00 
 4.00022000e-06  0.00000000e+00  1.79757969e+00 
 4.00034800e-06  0.00000000e+00  1.80010432e+00 
 4.00053678e-06  0.00000000e+00  1.80173256e+00 
 4.00085670e-06  0.00000000e+00  1.80244041e+00 
 4.00118912e-06  0.00000000e+00  1.80168748e+00 
 4.00161908e-06  0.00000000e+00  1.79960482e+00 
 4.00208054e-06  0.00000000e+00  1.79739124e+00 
 4.00256346e-06  0.00000000e+00  1.79845535e+00 
 4.00306508e-06  0.00000000e+00  1.79726133e+00 
 4.00362301e-06  0.00000000e+00  1.79722976e+00 
 4.00417630e-06  0.00000000e+00  1.79930158e+00 
 4.00468887e-06  0.00000000e+00  1.80019371e+00 
 4.00516958e-06  0.00000000e+00  1.80097827e+00 
 4.00570986e-06  0.00000000e+00  1.80060630e+00 
 4.00634459e-06  0.00000000e+00  1.80046766e+00 
 4.00705594e-06  0.00000000e+00  1.80022722e+00 
 4.00803457e-06  0.00000000e+00  1.80015364e+00 
 4.00918734e-06  0.00000000e+00  1.80005887e+00 
 4.01006265e-06  0.00000000e+00  1.80011057e+00 
 4.01101140e-06  0.00000000e+00  1.80018437e+00 
 4.01190786e-06  0.00000000e+00  1.80052315e+00 
 4.01291553e-06  0.00000000e+00  1.80034225e+00 
 4.01363264e-06  0.00000000e+00  1.79978271e+00 
 4.01430948e-06  0.00000000e+00  1.79932199e+00 
 4.01516052e-06  0.00000000e+00  1.79921196e+00 
 4.01605561e-06  0.00000000e+00  1.80013779e+00 
 4.01694249e-06  0.00000000e+00  1.79824545e+00 
 4.01797500e-06  0.00000000e+00  1.79791849e+00 
 4.01894688e-06  0.00000000e+00  1.79810996e+00 
 4.02063313e-06  0.00000000e+00  1.79931485e+00 
 4.02239605e-06  0.00000000e+00  1.79974664e+00 
 4.02516342e-06  0.00000000e+00  1.79999704e+00 
 4.02878686e-06  0.00000000e+00  1.79997928e+00 
 4.03232054e-06  0.00000000e+00  1.80004907e+00 
 4.03621497e-06  0.00000000e+00  1.80044005e+00 
 4.03990581e-06  0.00000000e+00  1.79954814e+00 
 4.04290513e-06  0.00000000e+00  1.79978186e+00 
 4.04579532e-06  0.00000000e+00  1.79989017e+00 
 4.04912414e-06  0.00000000e+00  1.80009952e+00 
 4.05254170e-06  0.00000000e+00  1.79985119e+00 
 4.05866353e-06  0.00000000e+00  1.80011496e+00 
 4.06416526e-06  0.00000000e+00  1.79985702e+00 
 4.07024460e-06  0.00000000e+00  1.80010792e+00 
 4.07616578e-06  0.00000000e+00  1.79987061e+00 
 4.08318310e-06  0.00000000e+00  1.80009988e+00 
 4.09676161e-06  0.00000000e+00  1.79987942e+00 
 4.11919404e-06  0.00000000e+00  1.80009969e+00 
 4.15930086e-06  0.00000000e+00  1.79988527e+00 
 4.21145811e-06  0.00000000e+00  1.80010215e+00 
 4.25010000e-06  6.67038446e-12  1.79988899e+00 
 4.25011000e-06  1.80000000e-01  1.80045774e+00 
 4.25013000e-06  5.40000000e-01  1.80182130e+00 
 4.25017000e-06  1.26000000e+00  1.80532989e+00 
 4.25020000e-06  1.80000000e+00  1.80776469e+00 
 4.25020799e-06  1.80000000e+00  1.80750739e+00 
 4.25022398e-06  1.80000000e+00  1.80696232e+00 
 4.25025594e-06  1.80000000e+00  1.80608040e+00 
 4.25031988e-06  1.80000000e+00  1.80491551e+00 
 4.25044775e-06  1.80000000e+00  1.80357935e+00 
 4.25070349e-06  1.80000000e+00  1.80217242e+00 
 4.25109247e-06  1.80000000e+00  1.80414313e+00 
 4.25156412e-06  1.80000000e+00  1.80794835e+00 
 4.25202574e-06  1.80000000e+00  1.80559520e+00 
 4.25251018e-06  1.80000000e+00  1.80299900e+00 
 4.25323719e-06  1.80000000e+00  1.80070825e+00 
 4.25377510e-06  1.80000000e+00  1.79962741e+00 
 4.25437642e-06  1.80000000e+00  1.79867903e+00 
 4.25501301e-06  1.80000000e+00  1.79800463e+00 
 4.25566640e-06  1.80000000e+00  1.79805000e+00 
 4.25645247e-06  1.80000000e+00  1.79830614e+00 
 4.25802460e-06  1.80000000e+00  1.79893362e+00 
 4.25964836e-06  1.80000000e+00  1.79934754e+00 
 4.26251791e-06  1.80000000e+00  1.79975365e+00 
 4.26581448e-06  1.80000000e+00  1.79990945e+00 
 4.27240762e-06  1.80000000e+00  1.80000639e+00 
 4.28559391e-06  1.80000000e+00  1.79999367e+00 
 4.31196649e-06  1.80000000e+00  1.80000615e+00 
 4.36471165e-06  1.80000000e+00  1.79999381e+00 
 4.47020196e-06  1.80000000e+00  1.80000612e+00 
 4.50000000e-06  1.80000000e+00  1.79999388e+00 
 4.50001000e-06  1.62000000e+00  1.79880486e+00 
 4.50003000e-06  1.26000000e+00  1.79661821e+00 
 4.50007000e-06  5.40000000e-01  1.79319569e+00 
 4.50010000e-06  0.00000000e+00  1.79153753e+00 
 4.50010800e-06  0.00000000e+00  1.79209230e+00 
 4.50012400e-06  0.00000000e+00  1.79321147e+00 
 4.50015600e-06  0.00000000e+00  1.79501477e+00 
 4.50022000e-06  0.00000000e+00  1.79752950e+00 
 4.50034800e-06  0.00000000e+00  1.80017108e+00 
 4.50053695e-06  0.00000000e+00  1.80188958e+00 
 4.50085706e-06  0.00000000e+00  1.80235080e+00 
 4.50118956e-06  0.00000000e+00  1.80103080e+00 
 4.50163006e-06  0.00000000e+00  1.79882546e+00 
 4.50209863e-06  0.00000000e+00  1.79776809e+00 
 4.50257849e-06  0.00000000e+00  1.79887277e+00 
 4.50306568e-06  0.00000000e+00  1.79927222e+00 
 4.50362809e-06  0.00000000e+00  1.79936645e+00 
 4.50418261e-06  0.00000000e+00  1.79959784e+00 
 4.50487720e-06  0.00000000e+00  1.79970150e+00 
 4.50568072e-06  0.00000000e+00  1.79980572e+00 
 4.50630004e-06  0.00000000e+00  1.79990410e+00 
 4.50701980e-06  0.00000000e+00  1.79991983e+00 
 4.50793268e-06  0.00000000e+00  1.79995096e+00 
 4.50888394e-06  0.00000000e+00  1.79994862e+00 
 4.50981756e-06  0.00000000e+00  1.79996449e+00 
 4.51093349e-06  0.00000000e+00  1.79995702e+00 
 4.51209397e-06  0.00000000e+00  1.79996898e+00 
 4.51441492e-06  0.00000000e+00  1.79996205e+00 
 4.51897925e-06  0.00000000e+00  1.79997497e+00 
 4.52654506e-06  0.00000000e+00  1.79996990e+00 
 4.54167667e-06  0.00000000e+00  1.79998497e+00 
 4.57193989e-06  0.00000000e+00  1.79998206e+00 
 4.63246633e-06  0.00000000e+00  1.79999673e+00 
 4.75010000e-06  6.67038446e-12  1.79999116e+00 
 4.75011000e-06  1.80000000e-01  1.80054068e+00 
 4.75013000e-06  5.40000000e-01  1.80187394e+00 
 4.75017000e-06  1.26000000e+00  1.80536451e+00 
 4.75020000e-06  1.80000000e+00  1.80779270e+00 
 4.75020799e-06  1.80000000e+00  1.80753603e+00 
 4.75022396e-06  1.80000000e+00  1.80699189e+00 
 4.75025591e-06  1.80000000e+00  1.80610520e+00 
 4.75031982e-06  1.80000000e+00  1.80492809e+00 
 4.75044762e-06  1.80000000e+00  1.80357939e+00 
 4.75070323e-06  1.80000000e+00  1.80217222e+00 
 4.75109209e-06  1.80000000e+00  1.80415007e+00 
 4.75156435e-06  1.80000000e+00  1.80796003e+00 
 4.75202635e-06  1.80000000e+00  1.80561715e+00 
 4.75251097e-06  1.80000000e+00  1.80301899e+00 
 4.75323971e-06  1.80000000e+00  1.80088830e+00 
 4.75376699e-06  1.80000000e+00  1.79990873e+00 
 4.75435827e-06  1.80000000e+00  1.79899597e+00 
 4.75490168e-06  1.80000000e+00  1.79822352e+00 
 4.75548473e-06  1.80000000e+00  1.79797264e+00 
 4.75634659e-06  1.80000000e+00  1.79816731e+00 
 4.75724657e-06  1.80000000e+00  1.79854617e+00 
 4.75900161e-06  1.80000000e+00  1.79914660e+00 
 4.76126379e-06  1.80000000e+00  1.79958735e+00 
 4.76449294e-06  1.80000000e+00  1.79985694e+00 
 4.77003485e-06  1.80000000e+00  1.79998950e+00 
 4.78111866e-06  1.80000000e+00  1.80000137e+00 
 4.80328629e-06  1.80000000e+00  1.79999988e+00 
 4.84762154e-06  1.80000000e+00  1.79999959e+00 
 4.93629204e-06  1.80000000e+00  1.80000051e+00 
 5.00000000e-06  1.80000000e+00  1.79999923e+00 
 5.00001000e-06  1.62000000e+00  1.79881304e+00 
 5.00003000e-06  1.26000000e+00  1.79663012e+00 
 5.00007000e-06  5.40000000e-01  1.79320309e+00 
 5.00010000e-06  0.00000000e+00  1.79154089e+00 
 5.00010800e-06  0.00000000e+00  1.79209475e+00 
 5.00012400e-06  0.00000000e+00  1.79321211e+00 
 5.00015600e-06  0.00000000e+00  1.79501397e+00 
 5.00022000e-06  0.00000000e+00  1.79753170e+00 
 5.00034800e-06  0.00000000e+00  1.80017725e+00 
 5.00053680e-06  0.00000000e+00  1.80189269e+00 
 5.00085675e-06  0.00000000e+00  1.80234264e+00 
 5.00118931e-06  0.00000000e+00  1.80101725e+00 
 5.00162816e-06  0.00000000e+00  1.79883752e+00 
 5.00209560e-06  0.00000000e+00  1.79778173e+00 
 5.00257821e-06  0.00000000e+00  1.79877166e+00 
 5.00306651e-06  0.00000000e+00  1.79919298e+00 
 5.00363579e-06  0.00000000e+00  1.79938542e+00 
 5.00418010e-06  0.00000000e+00  1.79959897e+00 
 5.00473308e-06  0.00000000e+00  1.79976259e+00 
 5.00524391e-06  0.00000000e+00  1.79981700e+00 
 5.00580303e-06  0.00000000e+00  1.79987707e+00 
 5.00649367e-06  0.00000000e+00  1.79989448e+00 
 5.00732164e-06  0.00000000e+00  1.79992979e+00 
 5.00866275e-06  0.00000000e+00  1.79995939e+00 
 5.01029638e-06  0.00000000e+00  1.80006225e+00 
 5.01187617e-06  0.00000000e+00  1.80042333e+00 
 5.01341383e-06  0.00000000e+00  1.80002224e+00 
 5.01454571e-06  0.00000000e+00  1.79932244e+00 
 5.01557402e-06  0.00000000e+00  1.79982137e+00 
 5.01647535e-06  0.00000000e+00  1.79883865e+00 
 5.01754484e-06  0.00000000e+00  1.79783719e+00 
 5.01867770e-06  0.00000000e+00  1.79808225e+00 
 5.01986098e-06  0.00000000e+00  1.79887877e+00 
 5.02189349e-06  0.00000000e+00  1.79975417e+00 
 5.02440749e-06  0.00000000e+00  1.79989777e+00 
 5.02943549e-06  0.00000000e+00  1.80001569e+00 
 5.03580231e-06  0.00000000e+00  1.79987131e+00 
 5.04236698e-06  0.00000000e+00  1.79998985e+00 
 5.04966013e-06  0.00000000e+00  1.80002382e+00 
 5.05772622e-06  0.00000000e+00  1.80007166e+00 
 5.06369715e-06  0.00000000e+00  1.79984039e+00 
 5.07019036e-06  0.00000000e+00  1.80014493e+00 
 5.07855602e-06  0.00000000e+00  1.79984321e+00 
 5.09030738e-06  0.00000000e+00  1.80012755e+00 
 5.10384968e-06  0.00000000e+00  1.79988847e+00 
 5.11529841e-06  0.00000000e+00  1.80008336e+00 
 5.12457420e-06  0.00000000e+00  1.79991186e+00 
 5.13428732e-06  0.00000000e+00  1.79999472e+00 
 5.14469124e-06  0.00000000e+00  1.80001535e+00 
 5.15419404e-06  0.00000000e+00  1.79995731e+00 
 5.17319965e-06  0.00000000e+00  1.80003119e+00 
 5.21121086e-06  0.00000000e+00  1.79995666e+00 
 5.25010000e-06  6.67038446e-12  1.80003400e+00 
 5.25011000e-06  1.80000000e-01  1.80058563e+00 
 5.25013000e-06  5.40000000e-01  1.80191921e+00 
 5.25017000e-06  1.26000000e+00  1.80539365e+00 
 5.25020000e-06  1.80000000e+00  1.80780290e+00 
 5.25020799e-06  1.80000000e+00  1.80754324e+00 
 5.25022398e-06  1.80000000e+00  1.80699473e+00 
 5.25025594e-06  1.80000000e+00  1.80610671e+00 
 5.25031988e-06  1.80000000e+00  1.80492872e+00 
 5.25044775e-06  1.80000000e+00  1.80357322e+00 
 5.25070349e-06  1.80000000e+00  1.80216149e+00 
 5.25109109e-06  1.80000000e+00  1.80412737e+00 
 5.25156322e-06  1.80000000e+00  1.80794963e+00 
 5.25202463e-06  1.80000000e+00  1.80560944e+00 
 5.25250898e-06  1.80000000e+00  1.80300365e+00 
 5.25323509e-06  1.80000000e+00  1.80070399e+00 
 5.25377656e-06  1.80000000e+00  1.79961813e+00 
 5.25438061e-06  1.80000000e+00  1.79868261e+00 
 5.25501700e-06  1.80000000e+00  1.79800912e+00 
 5.25567030e-06  1.80000000e+00  1.79805095e+00 
 5.25646398e-06  1.80000000e+00  1.79830762e+00 
 5.25805133e-06  1.80000000e+00  1.79894173e+00 
 5.25967546e-06  1.80000000e+00  1.79935143e+00 
 5.26256220e-06  1.80000000e+00  1.79975777e+00 
 5.26587440e-06  1.80000000e+00  1.79991044e+00 
 5.27249882e-06  1.80000000e+00  1.80000722e+00 
 5.28574764e-06  1.80000000e+00  1.79999296e+00 
 5.31224530e-06  1.80000000e+00  1.80000683e+00 
 5.36524060e-06  1.80000000e+00  1.79999314e+00 
 5.46858446e-06  1.80000000e+00  1.80000678e+00 
 5.50000000e-06  1.80000000e+00  1.79999323e+00 
 5.50001000e-06  1.62000000e+00  1.79880987e+00 
 5.50003000e-06  1.26000000e+00  1.79663363e+00 
 5.50007000e-06  5.40000000e-01  1.79321384e+00 
 5.50010000e-06  0.00000000e+00  1.79155227e+00 
 5.50010800e-06  0.00000000e+00  1.79210417e+00 
 5.50012400e-06  0.00000000e+00  1.79321654e+00 
 5.50015600e-06  0.00000000e+00  1.79501140e+00 
 5.50022000e-06  0.00000000e+00  1.79752105e+00 
 5.50034800e-06  0.00000000e+00  1.80016684e+00 
 5.50053695e-06  0.00000000e+00  1.80189022e+00 
 5.50085707e-06  0.00000000e+00  1.80235115e+00 
 5.50118956e-06  0.00000000e+00  1.80103021e+00 
 5.50162917e-06  0.00000000e+00  1.79882937e+00 
 5.50209715e-06  0.00000000e+00  1.79776858e+00 
 5.50257708e-06  0.00000000e+00  1.79887002e+00 
 5.50306439e-06  0.00000000e+00  1.79927236e+00 
 5.50362601e-06  0.00000000e+00  1.79936708e+00 
 5.50418045e-06  0.00000000e+00  1.79960047e+00 
 5.50488613e-06  0.00000000e+00  1.79970327e+00 
 5.50568495e-06  0.00000000e+00  1.79980631e+00 
 5.50629761e-06  0.00000000e+00  1.79990238e+00 
 5.50702369e-06  0.00000000e+00  1.79991900e+00 
 5.50794312e-06  0.00000000e+00  1.79995036e+00 
 5.50889674e-06  0.00000000e+00  1.79994835e+00 
 5.50982994e-06  0.00000000e+00  1.79996424e+00 
 5.51093800e-06  0.00000000e+00  1.79995689e+00 
 5.51209682e-06  0.00000000e+00  1.79996887e+00 
 5.51441446e-06  0.00000000e+00  1.79996200e+00 
 5.51898191e-06  0.00000000e+00  1.79997492e+00 
 5.52652808e-06  0.00000000e+00  1.79996986e+00 
 5.54162041e-06  0.00000000e+00  1.79998493e+00 
 5.57180508e-06  0.00000000e+00  1.79998203e+00 
 5.63217441e-06  0.00000000e+00  1.79999671e+00 
 5.75010000e-06  6.67038446e-12  1.79999117e+00 
 5.75011000e-06  1.80000000e-01  1.80053930e+00 
 5.75013000e-06  5.40000000e-01  1.80186921e+00 
 5.75017000e-06  1.26000000e+00  1.80535200e+00 
 5.75020000e-06  1.80000000e+00  1.80777054e+00 
 5.75020799e-06  1.80000000e+00  1.80751660e+00 
 5.75022396e-06  1.80000000e+00  1.80697847e+00 
 5.75025591e-06  1.80000000e+00  1.80610067e+00 
 5.75031982e-06  1.80000000e+00  1.80493163e+00 
 5.75044762e-06  1.80000000e+00  1.80358316e+00 
 5.75070323e-06  1.80000000e+00  1.80217297e+00 
 5.75109088e-06  1.80000000e+00  1.80414030e+00 
 5.75156356e-06  1.80000000e+00  1.80796416e+00 
 5.75202539e-06  1.80000000e+00  1.80562664e+00 
 5.75250997e-06  1.80000000e+00  1.80302426e+00 
 5.75323786e-06  1.80000000e+00  1.80089391e+00 
 5.75376446e-06  1.80000000e+00  1.79990541e+00 
 5.75435520e-06  1.80000000e+00  1.79899144e+00 
 5.75489796e-06  1.80000000e+00  1.79822221e+00 
 5.75548010e-06  1.80000000e+00  1.79797439e+00 
 5.75633571e-06  1.80000000e+00  1.79816478e+00 
 5.75722979e-06  1.80000000e+00  1.79854188e+00 
 5.75897932e-06  1.80000000e+00  1.79914135e+00 
 5.76123453e-06  1.80000000e+00  1.79958457e+00 
 5.76444783e-06  1.80000000e+00  1.79985446e+00 
 5.76993037e-06  1.80000000e+00  1.79998901e+00 
 5.78089545e-06  1.80000000e+00  1.80000110e+00 
 5.80282561e-06  1.80000000e+00  1.80000024e+00 
 5.84668594e-06  1.80000000e+00  1.79999921e+00 
 5.93440659e-06  1.80000000e+00  1.80000090e+00 
 6.00000000e-06  1.80000000e+00  1.79999884e+00 
 6.00001000e-06  1.62000000e+00  1.79881803e+00 
 6.00003000e-06  1.26000000e+00  1.79664477e+00 
 6.00007000e-06  5.40000000e-01  1.79322049e+00 
 6.00010000e-06  0.00000000e+00  1.79155520e+00 
 6.00010800e-06  0.00000000e+00  1.79210628e+00 
 6.00012400e-06  0.00000000e+00  1.79321702e+00 
 6.00015600e-06  0.00000000e+00  1.79501059e+00 
 6.00022000e-06  0.00000000e+00  1.79752318e+00 
 6.00034800e-06  0.00000000e+00  1.80017289e+00 
 6.00053680e-06  0.00000000e+00  1.80189336e+00 
 6.00085675e-06  0.00000000e+00  1.80234316e+00 
 6.00118931e-06  0.00000000e+00  1.80101694e+00 
 6.00162741e-06  0.00000000e+00  1.79884072e+00 
 6.00209434e-06  0.00000000e+00  1.79778240e+00 
 6.00257697e-06  0.00000000e+00  1.79876890e+00 
 6.00306532e-06  0.00000000e+00  1.79919292e+00 
 6.00363447e-06  0.00000000e+00  1.79938484e+00 
 6.00417857e-06  0.00000000e+00  1.79959905e+00 
 6.00473126e-06  0.00000000e+00  1.79976217e+00 
 6.00524103e-06  0.00000000e+00  1.79981695e+00 
 6.00579948e-06  0.00000000e+00  1.79987671e+00 
 6.00648734e-06  0.00000000e+00  1.79989435e+00 
 6.00731408e-06  0.00000000e+00  1.79992943e+00 
 6.00865240e-06  0.00000000e+00  1.79995905e+00 
 6.01027712e-06  0.00000000e+00  1.80006044e+00 
 6.01186062e-06  0.00000000e+00  1.80042186e+00 
 6.01341210e-06  0.00000000e+00  1.80002809e+00 
 6.01455336e-06  0.00000000e+00  1.79932462e+00 
 6.01559395e-06  0.00000000e+00  1.79981584e+00 
 6.01650248e-06  0.00000000e+00  1.79880076e+00 
 6.01757812e-06  0.00000000e+00  1.79782736e+00 
 6.01873223e-06  0.00000000e+00  1.79810555e+00 
 6.01992877e-06  0.00000000e+00  1.79892313e+00 
 6.02197598e-06  0.00000000e+00  1.79976348e+00 
 6.02450731e-06  0.00000000e+00  1.79990159e+00 
 6.02956997e-06  0.00000000e+00  1.80001089e+00 
 6.03672535e-06  0.00000000e+00  1.79991556e+00 
 6.04316785e-06  0.00000000e+00  1.79998788e+00 
 6.05162031e-06  0.00000000e+00  1.79996479e+00 
 6.06031614e-06  0.00000000e+00  1.80010381e+00 
 6.06742941e-06  0.00000000e+00  1.79984936e+00 
 6.07487748e-06  0.00000000e+00  1.80010066e+00 
 6.08227762e-06  0.00000000e+00  1.79989347e+00 
 6.08998665e-06  0.00000000e+00  1.80007740e+00 
 6.10540472e-06  0.00000000e+00  1.79990560e+00 
 6.12830499e-06  0.00000000e+00  1.80007536e+00 
 6.15439928e-06  0.00000000e+00  1.79991104e+00 
 6.18178506e-06  0.00000000e+00  1.80007473e+00 
 6.20714716e-06  0.00000000e+00  1.79991506e+00 
 6.25010000e-06  6.67038446e-12  1.80007463e+00 
 6.25011000e-06  1.80000000e-01  1.80062627e+00 
 6.25013000e-06  5.40000000e-01  1.80195829e+00 
 6.25017000e-06  1.26000000e+00  1.80542285e+00 
 6.25020000e-06  1.80000000e+00  1.80781502e+00 
 6.25020799e-06  1.80000000e+00  1.80754118e+00 
 6.25022396e-06  1.80000000e+00  1.80696745e+00 
 6.25025591e-06  1.80000000e+00  1.80605585e+00 
 6.25031982e-06  1.80000000e+00  1.80490108e+00 
 6.25044762e-06  1.80000000e+00  1.80359544e+00 
 6.25070323e-06  1.80000000e+00  1.80218681e+00 
 6.25108988e-06  1.80000000e+00  1.80412999e+00 
 6.25156214e-06  1.80000000e+00  1.80789867e+00 
 6.25202319e-06  1.80000000e+00  1.80534466e+00 
 6.25250742e-06  1.80000000e+00  1.80234969e+00 
 6.25323230e-06  1.80000000e+00  1.80029198e+00 
 6.25373745e-06  1.80000000e+00  1.79996703e+00 
 6.25430012e-06  1.80000000e+00  1.79979028e+00 
 6.25497106e-06  1.80000000e+00  1.79968206e+00 
 6.25566480e-06  1.80000000e+00  1.79975432e+00 
 6.25640808e-06  1.80000000e+00  1.79977239e+00 
 6.25789464e-06  1.80000000e+00  1.79987553e+00 
 6.25949762e-06  1.80000000e+00  1.79990632e+00 
 6.26230068e-06  1.80000000e+00  1.79997736e+00 
 6.26551187e-06  1.80000000e+00  1.79997841e+00 
 6.27193427e-06  1.80000000e+00  1.80000979e+00 
 6.28477906e-06  1.80000000e+00  1.79999013e+00 
 6.31046864e-06  1.80000000e+00  1.80000974e+00 
 6.36184779e-06  1.80000000e+00  1.79999021e+00 
 6.46460611e-06  1.80000000e+00  1.80000972e+00 
 6.50000000e-06  1.80000000e+00  1.79999026e+00 
 6.50001000e-06  1.62000000e+00  1.79879457e+00 
 6.50003000e-06  1.26000000e+00  1.79660514e+00 
 6.50007000e-06  5.40000000e-01  1.79320224e+00 
 6.50010000e-06  0.00000000e+00  1.79157672e+00 
 6.50010800e-06  0.00000000e+00  1.79215220e+00 
 6.50012400e-06  0.00000000e+00  1.79329910e+00 
 6.50015600e-06  0.00000000e+00  1.79510218e+00 
 6.50022000e-06  0.00000000e+00  1.79755680e+00 
 6.50034800e-06  0.00000000e+00  1.80008974e+00 
 6.50053717e-06  0.00000000e+00  1.80173727e+00 
 6.50085684e-06  0.00000000e+00  1.80243745e+00 
 6.50118874e-06  0.00000000e+00  1.80167595e+00 
 6.50157441e-06  0.00000000e+00  1.79987868e+00 
 6.50201061e-06  0.00000000e+00  1.79743183e+00 
 6.50249219e-06  0.00000000e+00  1.79692203e+00 
 6.50298207e-06  0.00000000e+00  1.79745314e+00 
 6.50354028e-06  0.00000000e+00  1.79814512e+00 
 6.50408731e-06  0.00000000e+00  1.79873025e+00 
 6.50485910e-06  0.00000000e+00  1.79919026e+00 
 6.50557608e-06  0.00000000e+00  1.79946701e+00 
 6.50620749e-06  0.00000000e+00  1.79964207e+00 
 6.50690451e-06  0.00000000e+00  1.79975451e+00 
 6.50787859e-06  0.00000000e+00  1.79985062e+00 
 6.50878556e-06  0.00000000e+00  1.79989661e+00 
 6.50983200e-06  0.00000000e+00  1.79992776e+00 
 6.51095382e-06  0.00000000e+00  1.79994359e+00 
 6.51220241e-06  0.00000000e+00  1.79995376e+00 
 6.51465884e-06  0.00000000e+00  1.79996156e+00 
 6.51825394e-06  0.00000000e+00  1.79996641e+00 
 6.52526496e-06  0.00000000e+00  1.79997096e+00 
 6.53886341e-06  0.00000000e+00  1.79997803e+00 
 6.56606033e-06  0.00000000e+00  1.79998474e+00 
 6.62045415e-06  0.00000000e+00  1.79999134e+00 
 6.72924181e-06  0.00000000e+00  1.79999508e+00 
 6.75010000e-06  6.67038446e-12  1.79999588e+00 
 6.75011000e-06  1.80000000e-01  1.80055106e+00 
 6.75013000e-06  5.40000000e-01  1.80189440e+00 
 6.75017000e-06  1.26000000e+00  1.80538649e+00 
 6.75020000e-06  1.80000000e+00  1.80779315e+00 
 6.75020799e-06  1.80000000e+00  1.80752407e+00 
 6.75022398e-06  1.80000000e+00  1.80695870e+00 
 6.75025594e-06  1.80000000e+00  1.80605407e+00 
 6.75031988e-06  1.80000000e+00  1.80490114e+00 
 6.75044774e-06  1.80000000e+00  1.80359509e+00 
 6.75070348e-06  1.80000000e+00  1.80219050e+00 
 6.75109021e-06  1.80000000e+00  1.80414323e+00 
 6.75156339e-06  1.80000000e+00  1.80791333e+00 
 6.75202537e-06  1.80000000e+00  1.80539704e+00 
 6.75250995e-06  1.80000000e+00  1.80230331e+00 
 6.75323821e-06  1.80000000e+00  1.79977445e+00 
 6.75376463e-06  1.80000000e+00  1.79961737e+00 
 6.75435517e-06  1.80000000e+00  1.79999756e+00 
 6.75489827e-06  1.80000000e+00  1.80043261e+00 
 6.75548043e-06  1.80000000e+00  1.80117021e+00 
 6.75622503e-06  1.80000000e+00  1.80153003e+00 
 6.75703863e-06  1.80000000e+00  1.80132169e+00 
 6.75785261e-06  1.80000000e+00  1.80098571e+00 
 6.75888755e-06  1.80000000e+00  1.80073834e+00 
 6.76040053e-06  1.80000000e+00  1.80047761e+00 
 6.76205232e-06  1.80000000e+00  1.80029686e+00 
 6.76474417e-06  1.80000000e+00  1.80011683e+00 
 6.76791161e-06  1.80000000e+00  1.80004673e+00 
 6.77424650e-06  1.80000000e+00  1.79999638e+00 
 6.78447243e-06  1.80000000e+00  1.80000393e+00 
 6.80168764e-06  1.80000000e+00  1.79999594e+00 
 6.83611806e-06  1.80000000e+00  1.80000396e+00 
 6.90497890e-06  1.80000000e+00  1.79999598e+00 
 7.00000000e-06  1.80000000e+00  1.80000396e+00 
 7.00001000e-06  1.62000000e+00  1.79880644e+00 
 7.00003000e-06  1.26000000e+00  1.79661012e+00 
 7.00007000e-06  5.40000000e-01  1.79319992e+00 
 7.00010000e-06  0.00000000e+00  1.79157416e+00 
 7.00010800e-06  0.00000000e+00  1.79215100e+00 
 7.00012400e-06  0.00000000e+00  1.79330100e+00 
 7.00015600e-06  0.00000000e+00  1.79510712e+00 
 7.00022000e-06  0.00000000e+00  1.79756305e+00 
 7.00034800e-06  0.00000000e+00  1.80009382e+00 
 7.00053674e-06  0.00000000e+00  1.80173503e+00 
 7.00085672e-06  0.00000000e+00  1.80243934e+00 
 7.00118923e-06  0.00000000e+00  1.80168212e+00 
 7.00162660e-06  0.00000000e+00  1.79955126e+00 
 7.00209309e-06  0.00000000e+00  1.79736288e+00 
 7.00257569e-06  0.00000000e+00  1.79847080e+00 
 7.00307772e-06  0.00000000e+00  1.79725142e+00 
 7.00363648e-06  0.00000000e+00  1.79725501e+00 
 7.00419255e-06  0.00000000e+00  1.79933922e+00 
 7.00470553e-06  0.00000000e+00  1.80021591e+00 
 7.00519462e-06  0.00000000e+00  1.80098924e+00 
 7.00573962e-06  0.00000000e+00  1.80058936e+00 
 7.00639596e-06  0.00000000e+00  1.80046039e+00 
 7.00710541e-06  0.00000000e+00  1.80021582e+00 
 7.00806803e-06  0.00000000e+00  1.80015589e+00 
 7.00920815e-06  0.00000000e+00  1.80006095e+00 
 7.01010092e-06  0.00000000e+00  1.80013532e+00 
 7.01104832e-06  0.00000000e+00  1.80023710e+00 
 7.01196578e-06  0.00000000e+00  1.80060427e+00 
 7.01297929e-06  0.00000000e+00  1.80038168e+00 
 7.01369412e-06  0.00000000e+00  1.79979235e+00 
 7.01439634e-06  0.00000000e+00  1.79930586e+00 
 7.01526282e-06  0.00000000e+00  1.79949121e+00 
 7.01618317e-06  0.00000000e+00  1.79992625e+00 
 7.01709319e-06  0.00000000e+00  1.79811368e+00 
 7.01805845e-06  0.00000000e+00  1.79796008e+00 
 7.01908283e-06  0.00000000e+00  1.79828968e+00 
 7.02094785e-06  0.00000000e+00  1.79995412e+00 
 7.02269220e-06  0.00000000e+00  1.79924779e+00 
 7.02443765e-06  0.00000000e+00  1.79998318e+00 
 7.02646472e-06  0.00000000e+00  1.80012285e+00 
 7.02852006e-06  0.00000000e+00  1.79978655e+00 
 7.03083221e-06  0.00000000e+00  1.79988830e+00 
 7.03437923e-06  0.00000000e+00  1.79986351e+00 
 7.03854829e-06  0.00000000e+00  1.80006210e+00 
 7.04356377e-06  0.00000000e+00  1.79990231e+00 
 7.05311152e-06  0.00000000e+00  1.80005649e+00 
 7.06896980e-06  0.00000000e+00  1.79991411e+00 
 7.09359135e-06  0.00000000e+00  1.80005996e+00 
 7.14085466e-06  0.00000000e+00  1.79992198e+00 
 7.21630748e-06  0.00000000e+00  1.80006513e+00 
 7.25010000e-06  6.67038446e-12  1.79992603e+00 
 7.25011000e-06  1.80000000e-01  1.80050207e+00 
 7.25013000e-06  5.40000000e-01  1.80186687e+00 
 7.25017000e-06  1.26000000e+00  1.80534193e+00 
 7.25020000e-06  1.80000000e+00  1.80773477e+00 
 7.25020799e-06  1.80000000e+00  1.80747937e+00 
 7.25022398e-06  1.80000000e+00  1.80694093e+00 
 7.25025594e-06  1.80000000e+00  1.80607150e+00 
 7.25031988e-06  1.80000000e+00  1.80492146e+00 
 7.25044775e-06  1.80000000e+00  1.80358966e+00 
 7.25070349e-06  1.80000000e+00  1.80217775e+00 
 7.25108938e-06  1.80000000e+00  1.80412086e+00 
 7.25156214e-06  1.80000000e+00  1.80796019e+00 
 7.25202329e-06  1.80000000e+00  1.80561946e+00 
 7.25250756e-06  1.80000000e+00  1.80301283e+00 
 7.25323271e-06  1.80000000e+00  1.80072015e+00 
 7.25377250e-06  1.80000000e+00  1.79963034e+00 
 7.25437545e-06  1.80000000e+00  1.79868433e+00 
 7.25500910e-06  1.80000000e+00  1.79801050e+00 
 7.25566088e-06  1.80000000e+00  1.79805003e+00 
 7.25644950e-06  1.80000000e+00  1.79830519e+00 
 7.25802673e-06  1.80000000e+00  1.79893430e+00 
 7.25964323e-06  1.80000000e+00  1.79934671e+00 
 7.26251675e-06  1.80000000e+00  1.79975354e+00 
 7.26580294e-06  1.80000000e+00  1.79990925e+00 
 7.27237531e-06  1.80000000e+00  1.80000612e+00 
 7.28552004e-06  1.80000000e+00  1.79999385e+00 
 7.31180952e-06  1.80000000e+00  1.80000598e+00 
 7.36438847e-06  1.80000000e+00  1.79999397e+00 
 7.46954637e-06  1.80000000e+00  1.80000596e+00 
 7.50000000e-06  1.80000000e+00  1.79999404e+00 
 7.50001000e-06  1.62000000e+00  1.79881654e+00 
 7.50003000e-06  1.26000000e+00  1.79665092e+00 
 7.50007000e-06  5.40000000e-01  1.79323262e+00 
 7.50010000e-06  0.00000000e+00  1.79156758e+00 
 7.50010800e-06  0.00000000e+00  1.79211772e+00 
 7.50012400e-06  0.00000000e+00  1.79322503e+00 
 7.50015600e-06  0.00000000e+00  1.79501337e+00 
 7.50022000e-06  0.00000000e+00  1.79751628e+00 
 7.50034800e-06  0.00000000e+00  1.80016160e+00 
 7.50053695e-06  0.00000000e+00  1.80188976e+00 
 7.50085706e-06  0.00000000e+00  1.80235111e+00 
 7.50118956e-06  0.00000000e+00  1.80102950e+00 
 7.50163011e-06  0.00000000e+00  1.79882364e+00 
 7.50209862e-06  0.00000000e+00  1.79776795e+00 
 7.50257851e-06  0.00000000e+00  1.79887016e+00 
 7.50306578e-06  0.00000000e+00  1.79927296e+00 
 7.50362812e-06  0.00000000e+00  1.79936784e+00 
 7.50418273e-06  0.00000000e+00  1.79960000e+00 
 7.50487953e-06  0.00000000e+00  1.79970223e+00 
 7.50568256e-06  0.00000000e+00  1.79980648e+00 
 7.50630171e-06  0.00000000e+00  1.79990415e+00 
 7.50702235e-06  0.00000000e+00  1.79991980e+00 
 7.50793640e-06  0.00000000e+00  1.79995094e+00 
 7.50888892e-06  0.00000000e+00  1.79994854e+00 
 7.50982246e-06  0.00000000e+00  1.79996443e+00 
 7.51093765e-06  0.00000000e+00  1.79995696e+00 
 7.51209707e-06  0.00000000e+00  1.79996891e+00 
 7.51441593e-06  0.00000000e+00  1.79996202e+00 
 7.51896849e-06  0.00000000e+00  1.79997490e+00 
 7.52649940e-06  0.00000000e+00  1.79996987e+00 
 7.54156121e-06  0.00000000e+00  1.79998490e+00 
 7.57168484e-06  0.00000000e+00  1.79998204e+00 
 7.63193210e-06  0.00000000e+00  1.79999668e+00 
 7.75010000e-06  0.00000000e+00  1.79999119e+00 
 7.75011000e-06  1.80000000e-01  1.80053917e+00 
 7.75013000e-06  5.40000000e-01  1.80186739e+00 
 7.75017000e-06  1.26000000e+00  1.80534153e+00 
 7.75020000e-06  1.80000000e+00  1.80774541e+00 
 7.75020799e-06  1.80000000e+00  1.80749323e+00 
 7.75022396e-06  1.80000000e+00  1.80695976e+00 
 7.75025591e-06  1.80000000e+00  1.80609091e+00 
 7.75031982e-06  1.80000000e+00  1.80493248e+00 
 7.75044762e-06  1.80000000e+00  1.80358731e+00 
 7.75070323e-06  1.80000000e+00  1.80217482e+00 
 7.75108771e-06  1.80000000e+00  1.80411104e+00 
 7.75156153e-06  1.80000000e+00  1.80797325e+00 
 7.75202289e-06  1.80000000e+00  1.80564630e+00 
 7.75250729e-06  1.80000000e+00  1.80303589e+00 
 7.75323340e-06  1.80000000e+00  1.80090138e+00 
 7.75376270e-06  1.80000000e+00  1.79991280e+00 
 7.75435588e-06  1.80000000e+00  1.79900211e+00 
 7.75489665e-06  1.80000000e+00  1.79823277e+00 
 7.75547944e-06  1.80000000e+00  1.79797505e+00 
 7.75633282e-06  1.80000000e+00  1.79816334e+00 
 7.75722615e-06  1.80000000e+00  1.79853719e+00 
 7.75897130e-06  1.80000000e+00  1.79913861e+00 
 7.76122615e-06  1.80000000e+00  1.79958199e+00 
 7.76443180e-06  1.80000000e+00  1.79985415e+00 
 7.76989793e-06  1.80000000e+00  1.79998799e+00 
 7.78083019e-06  1.80000000e+00  1.80000187e+00 
 7.80269472e-06  1.80000000e+00  1.79999951e+00 
 7.84642378e-06  1.80000000e+00  1.79999992e+00 
 7.93388189e-06  1.80000000e+00  1.80000019e+00 
 8.00000000e-06  1.80000000e+00  1.79999954e+00 
 8.00001000e-06  1.62000000e+00  1.79882454e+00 
 8.00003000e-06  1.26000000e+00  1.79666136e+00 
 8.00007000e-06  5.40000000e-01  1.79323856e+00 
 8.00010000e-06  0.00000000e+00  1.79156987e+00 
 8.00010800e-06  0.00000000e+00  1.79211907e+00 
 8.00012400e-06  0.00000000e+00  1.79322458e+00 
 8.00015600e-06  0.00000000e+00  1.79501162e+00 
 8.00022000e-06  0.00000000e+00  1.79751795e+00 
 8.00034800e-06  0.00000000e+00  1.80016783e+00 
 8.00053680e-06  0.00000000e+00  1.80189296e+00 
 8.00085675e-06  0.00000000e+00  1.80234319e+00 
 8.00118931e-06  0.00000000e+00  1.80101657e+00 
 8.00162816e-06  0.00000000e+00  1.79883634e+00 
 8.00209557e-06  0.00000000e+00  1.79778062e+00 
 8.00257818e-06  0.00000000e+00  1.79876732e+00 
 8.00306651e-06  0.00000000e+00  1.79919557e+00 
 8.00363577e-06  0.00000000e+00  1.79939148e+00 
 8.00419582e-06  0.00000000e+00  1.79960613e+00 
 8.00474432e-06  0.00000000e+00  1.79976552e+00 
 8.00525963e-06  0.00000000e+00  1.79981951e+00 
 8.00582330e-06  0.00000000e+00  1.79987854e+00 
 8.00653022e-06  0.00000000e+00  1.79989722e+00 
 8.00736708e-06  0.00000000e+00  1.79993146e+00 
 8.00818064e-06  0.00000000e+00  1.79993547e+00 
 8.00904358e-06  0.00000000e+00  1.79995447e+00 
 8.01006298e-06  0.00000000e+00  1.79995160e+00 
 8.01117352e-06  0.00000000e+00  1.79996506e+00 
 8.01339461e-06  0.00000000e+00  1.79996104e+00 
 8.01783679e-06  0.00000000e+00  1.79997366e+00 
 8.02553451e-06  0.00000000e+00  1.79996978e+00 
 8.04092995e-06  0.00000000e+00  1.79998423e+00 
 8.07172083e-06  0.00000000e+00  1.79998250e+00 
 8.13330259e-06  0.00000000e+00  1.79999629e+00 
 8.25010000e-06  0.00000000e+00  1.79999165e+00 
 8.25011000e-06  1.80000000e-01  1.80053991e+00 
 8.25013000e-06  5.40000000e-01  1.80186790e+00 
 8.25017000e-06  1.26000000e+00  1.80533642e+00 
 8.25020000e-06  1.80000000e+00  1.80773627e+00 
 8.25020799e-06  1.80000000e+00  1.80748634e+00 
 8.25022396e-06  1.80000000e+00  1.80695760e+00 
 8.25025591e-06  1.80000000e+00  1.80609621e+00 
 8.25031982e-06  1.80000000e+00  1.80494354e+00 
 8.25044762e-06  1.80000000e+00  1.80359236e+00 
 8.25070323e-06  1.80000000e+00  1.80217601e+00 
 8.25109081e-06  1.80000000e+00  1.80414671e+00 
 8.25156284e-06  1.80000000e+00  1.80787858e+00 
 8.25202407e-06  1.80000000e+00  1.80533090e+00 
 8.25250837e-06  1.80000000e+00  1.80241137e+00 
 8.25323395e-06  1.80000000e+00  1.80037648e+00 
 8.25392196e-06  1.80000000e+00  1.79975687e+00 
 8.25482626e-06  1.80000000e+00  1.79969641e+00 
 8.25575159e-06  1.80000000e+00  1.79974059e+00 
 8.25675198e-06  1.80000000e+00  1.79982085e+00 
 8.25837476e-06  1.80000000e+00  1.79988825e+00 
 8.26013091e-06  1.80000000e+00  1.79993826e+00 
 8.26307827e-06  1.80000000e+00  1.79997517e+00 
 8.26681344e-06  1.80000000e+00  1.79999369e+00 
 8.27428379e-06  1.80000000e+00  1.80000009e+00 
 8.28922449e-06  1.80000000e+00  1.79999995e+00 
 8.31910589e-06  1.80000000e+00  1.79999993e+00 
 8.37886870e-06  1.80000000e+00  1.80000000e+00 
 8.49839430e-06  1.80000000e+00  1.79999994e+00 
 8.50000000e-06  1.80000000e+00  1.79999949e+00 
 8.50001000e-06  1.62000000e+00  1.79882512e+00 
 8.50003000e-06  1.26000000e+00  1.79666265e+00 
 8.50007000e-06  5.40000000e-01  1.79324592e+00 
 8.50010000e-06  0.00000000e+00  1.79157898e+00 
 8.50010800e-06  0.00000000e+00  1.79212940e+00 
 8.50012400e-06  0.00000000e+00  1.79323367e+00 
 8.50015600e-06  0.00000000e+00  1.79501162e+00 
 8.50022000e-06  0.00000000e+00  1.79750261e+00 
 8.50034800e-06  0.00000000e+00  1.80014816e+00 
 8.50057729e-06  0.00000000e+00  1.80219944e+00 
 8.50096414e-06  0.00000000e+00  1.80227604e+00 
 8.50141182e-06  0.00000000e+00  1.79941275e+00 
 8.50196583e-06  0.00000000e+00  1.80115382e+00 
 8.50247712e-06  0.00000000e+00  1.81813967e+00 
 8.50310019e-06  0.00000000e+00  1.82937062e+00 
 8.50368393e-06  0.00000000e+00  1.80294498e+00 
 8.50428667e-06  0.00000000e+00  1.76627098e+00 
 8.50474741e-06  0.00000000e+00  1.74180302e+00 
 8.50529864e-06  0.00000000e+00  1.71039918e+00 
 8.50596461e-06  0.00000000e+00  1.67304658e+00 
 8.50666815e-06  0.00000000e+00  1.63314642e+00 
 8.50807523e-06  0.00000000e+00  1.55334931e+00 
 8.50982530e-06  0.00000000e+00  1.45364358e+00 
 8.51291869e-06  0.00000000e+00  1.27793094e+00 
 8.51832198e-06  0.00000000e+00  9.79255777e-01 
 8.52407562e-06  0.00000000e+00  6.96505569e-01 
 8.52949438e-06  0.00000000e+00  4.34857121e-01 
 8.53330361e-06  0.00000000e+00  2.71309137e-01 
 8.53721462e-06  0.00000000e+00  1.51044133e-01 
 8.54011947e-06  0.00000000e+00  9.57183015e-02 
 8.54246986e-06  0.00000000e+00  6.42546250e-02 
 8.54491140e-06  0.00000000e+00  4.32133557e-02 
 8.54733687e-06  0.00000000e+00  2.80005339e-02 
 8.55015439e-06  0.00000000e+00  1.76758149e-02 
 8.55377565e-06  0.00000000e+00  8.90835115e-03 
 8.55796873e-06  0.00000000e+00  4.58762086e-03 
 8.56393600e-06  0.00000000e+00  1.16382452e-03 
 8.57145811e-06  0.00000000e+00  5.62998956e-04 
 8.58200808e-06  0.00000000e+00 -1.91174271e-04 
 8.59672473e-06  0.00000000e+00  2.60081630e-04 
 8.61657847e-06  0.00000000e+00 -2.00042812e-04 
 8.64299213e-06  0.00000000e+00  2.54605727e-04 
 8.68926117e-06  0.00000000e+00 -2.01583109e-04 
 8.75010000e-06  0.00000000e+00  2.47793999e-04 
 8.75011000e-06  1.80000000e-01  1.08450872e-03 
 8.75013000e-06  5.40000000e-01  2.73030556e-03 
 8.75017000e-06  1.26000000e+00  5.48982167e-03 
 8.75020000e-06  1.80000000e+00  6.85013725e-03 
 8.75020799e-06  1.80000000e+00  6.45202200e-03 
 8.75022396e-06  1.80000000e+00  5.65851366e-03 
 8.75025592e-06  1.80000000e+00  4.42458333e-03 
 8.75031982e-06  1.80000000e+00  2.94109819e-03 
 8.75044763e-06  1.80000000e+00  1.74858806e-03 
 8.75070325e-06  1.80000000e+00  1.33031365e-03 
 8.75108892e-06  1.80000000e+00  2.64264843e-03 
 8.75156129e-06  1.80000000e+00  4.00318522e-03 
 8.75202180e-06  1.80000000e+00  2.35601786e-03 
 8.75250606e-06  1.80000000e+00  1.75011844e-03 
 8.75322009e-06  1.80000000e+00 -3.40094416e-05 
 8.75375392e-06  1.80000000e+00 -1.10376656e-03 
 8.75435442e-06  1.80000000e+00 -5.51335764e-04 
 8.75495976e-06  1.80000000e+00 -3.54994538e-04 
 8.75558896e-06  1.80000000e+00 -4.58976961e-05 
 8.75637760e-06  1.80000000e+00  2.20066407e-04 
 8.75789403e-06  1.80000000e+00  5.63211928e-04 
 8.75944693e-06  1.80000000e+00  7.11116485e-04 
 8.76225989e-06  1.80000000e+00  6.39900937e-04 
 8.76539989e-06  1.80000000e+00  5.57064351e-04 
 8.77167990e-06  1.80000000e+00  3.32757835e-04 
 8.78423992e-06  1.80000000e+00  1.70459706e-04 
 8.80935995e-06  1.80000000e+00  6.09513034e-05 
 8.85960001e-06  1.80000000e+00  5.84046483e-05 
 8.96008014e-06  1.80000000e+00  1.12715653e-05 
 9.00000000e-06  1.80000000e+00  3.69976674e-05 
