 0.00000000e+00  1.01781025e-04 
 1.00000000e-12  6.64044221e-03 
 2.00000000e-12  7.46277164e-03 
 4.00000000e-12  7.74105286e-03 
 8.00000000e-12  7.39455574e-03 
 1.60000000e-11  7.49618595e-03 
 3.20000000e-11  7.33823375e-03 
 6.40000000e-11  9.07061784e-03 
 1.00000000e-10  1.15399043e-02 
 1.01502797e-10  4.22376699e-03 
 1.04508390e-10  2.57020923e-03 
 1.10519577e-10  3.66577668e-03 
 1.22541951e-10  2.55740303e-03 
 1.46586699e-10  3.21412697e-03 
 1.94676194e-10  2.01718060e-03 
 2.90855185e-10  2.42419013e-03 
 4.40083033e-10  1.32390223e-03 
 7.34063204e-10  1.85334395e-03 
 1.08266123e-09  7.83925146e-04 
 1.60978764e-09  1.44554253e-03 
 2.19767653e-09  6.82798882e-04 
 2.78293662e-09  1.40586071e-03 
 3.47569699e-09  6.20401376e-04 
 4.23113307e-09  1.40947047e-03 
 4.88682026e-09  3.31742752e-04 
 5.59828084e-09  9.82496132e-04 
 6.32105740e-09  1.05228398e-05 
 6.98852099e-09  8.32143365e-04 
 7.86637520e-09 -6.53491024e-05 
 8.79341854e-09  7.32885695e-04 
 9.83174527e-09 -2.07450120e-04 
 1.09902336e-08  5.22810442e-04 
 1.23367196e-08 -2.77518419e-04 
 1.37025034e-08  5.80793693e-04 
 1.50160068e-08 -2.78634600e-04 
 1.61403048e-08  5.00763330e-04 
 1.73437418e-08 -3.14108835e-04 
 1.86683916e-08  5.00989672e-04 
 2.02645041e-08 -3.14994071e-04 
 2.27801224e-08  5.02858356e-04 
 2.47338627e-08 -3.13865247e-04 
 2.72693097e-08  5.05044543e-04 
 3.01263337e-08 -3.13464352e-04 
 3.38878684e-08  4.99508789e-04 
 3.80847555e-08 -3.04836513e-04 
 4.21822056e-08  6.31699684e-04 
 4.53219134e-08 -2.73318788e-04 
 4.70078897e-08  5.15656854e-04 
 4.83393819e-08 -2.92336410e-04 
 4.98021905e-08  5.22472171e-04 
 5.17087334e-08 -3.05322775e-04 
 5.38794463e-08  5.28520217e-04 
 5.69957219e-08 -2.95098977e-04 
 6.05273176e-08  5.31000037e-04 
 6.48536616e-08 -2.98074699e-04 
 6.94720164e-08  5.31493576e-04 
 7.87087259e-08 -2.99601799e-04 
 9.29071489e-08  5.29720699e-04 
 1.15545266e-07 -3.01765043e-04 
 1.48362781e-07  5.27957136e-04 
 1.92241950e-07 -3.03380062e-04 
 2.50100000e-07  5.24775072e-04 
 2.50110000e-07 -7.89603681e-03 
 2.50130000e-07 -8.65903937e-03 
 2.50170000e-07 -7.02516333e-03 
 2.50200000e-07 -6.84281470e-03 
 2.50200520e-07 -9.58040798e-04 
 2.50201560e-07  1.13416054e-03 
 2.50203641e-07  1.46891291e-04 
 2.50207802e-07  6.50916071e-04 
 2.50216124e-07  3.08905526e-04 
 2.50232768e-07  7.23571464e-04 
 2.50266056e-07  3.46809936e-04 
 2.50332632e-07  6.55618858e-04 
 2.50409321e-07  2.93073676e-04 
 2.50562697e-07  6.14924745e-04 
 2.50726991e-07  3.11299882e-04 
 2.51026264e-07  7.25771268e-04 
 2.51380439e-07  3.88731149e-04 
 2.51879834e-07  6.54360340e-04 
 2.52423491e-07  1.16817963e-04 
 2.53051039e-07  3.51832193e-04 
 2.53903918e-07  2.44048331e-05 
 2.54647458e-07  3.66215255e-04 
 2.55465720e-07 -1.43936259e-05 
 2.56238957e-07  3.00119092e-04 
 2.57103261e-07 -3.26563252e-05 
 2.57934918e-07  2.90361379e-04 
 2.59345306e-07 -4.84876939e-05 
 2.61248288e-07  2.73197375e-04 
 2.63513928e-07 -5.39932995e-05 
 2.67034660e-07  2.72254495e-04 
 2.72202222e-07 -5.45786955e-05 
 2.82537348e-07  2.71018119e-04 
 3.03207599e-07 -5.66656516e-05 
 3.34113799e-07  2.67324998e-04 
 3.59674240e-07 -6.78808893e-05 
 3.70478617e-07  2.77277233e-04 
 3.81485614e-07 -9.45082992e-05 
 3.88636484e-07  2.64304993e-04 
 3.96803888e-07 -9.94929039e-05 
 4.02948975e-07  2.59295147e-04 
 4.11067316e-07 -9.74901368e-05 
 4.22229402e-07  2.55988554e-04 
 4.36320202e-07 -9.79052569e-05 
 4.57340997e-07  2.52771044e-04 
 4.89231786e-07 -1.00429969e-04 
 5.00000000e-07  2.49528386e-04 
 5.00010000e-07  3.80759710e-03 
 5.00030000e-07  3.72337728e-03 
 5.00070000e-07  4.62021961e-03 
 5.00100000e-07  5.46937950e-03 
 5.00104223e-07  1.49658624e-03 
 5.00112668e-07  1.01400380e-03 
 5.00129559e-07  1.27328989e-03 
 5.00163341e-07  8.27495732e-04 
 5.00230905e-07  1.03510387e-03 
 5.00366033e-07  5.90905960e-04 
 5.00553117e-07  8.53042958e-04 
 5.00927284e-07  5.04460344e-04 
 5.01509254e-07  5.98955235e-04 
 5.02043518e-07  1.02337193e-04 
 5.02636161e-07  4.22730109e-04 
 5.03267694e-07  1.96690994e-05 
 5.03994944e-07  2.99918388e-04 
 5.04754152e-07 -6.14840383e-05 
 5.05525956e-07  2.68740941e-04 
 5.06583127e-07 -7.04919522e-05 
 5.07604102e-07  2.67424647e-04 
 5.09540162e-07 -6.34422026e-05 
 5.12185782e-07  2.93023023e-04 
 5.14018057e-07 -5.61439114e-05 
 5.16109857e-07  2.72886572e-04 
 5.18434702e-07 -7.49461649e-05 
 5.20811740e-07  2.50469660e-04 
 5.23512061e-07 -9.43333818e-05 
 5.28175009e-07  2.42990049e-04 
 5.34656851e-07 -9.65523345e-05 
 5.45759065e-07  2.42329108e-04 
 5.65037076e-07 -9.77116050e-05 
 5.97323010e-07  2.40609070e-04 
 6.56260909e-07 -1.00095336e-04 
 7.50100000e-07  2.37892400e-04 
 7.50110000e-07 -3.78106539e-03 
 7.50130000e-07 -4.20464868e-03 
 7.50170000e-07 -3.46496951e-03 
 7.50200000e-07 -3.31764568e-03 
 7.50200744e-07 -3.31364731e-04 
 7.50202233e-07  6.11819367e-04 
 7.50205211e-07  8.58666617e-07 
 7.50211167e-07  4.48141222e-04 
 7.50223078e-07  1.29970522e-04 
 7.50246901e-07  4.92684615e-04 
 7.50294547e-07  2.01361295e-04 
 7.50389839e-07  5.13023442e-04 
 7.50580423e-07  2.32456588e-04 
 7.50953884e-07  6.63895213e-04 
 7.51428833e-07  3.50011350e-04 
 7.51992441e-07  5.77927100e-04 
 7.52594388e-07  3.56203445e-05 
 7.53250285e-07  2.99729523e-04 
 7.54106821e-07 -2.34921395e-05 
 7.54725289e-07  2.89812575e-04 
 7.55450039e-07 -5.15977428e-05 
 7.56121981e-07  2.62076367e-04 
 7.56854562e-07 -6.03952096e-05 
 7.57770058e-07  2.57682910e-04 
 7.58766677e-07 -8.06659703e-05 
 7.59800686e-07  2.40350113e-04 
 7.61313664e-07 -8.82836446e-05 
 7.62889878e-07  2.30659155e-04 
 7.65198223e-07 -9.32852042e-05 
 7.67925573e-07  2.29651433e-04 
 7.72122310e-07 -9.32526434e-05 
 7.80515783e-07  2.29412915e-04 
 7.93188957e-07 -9.34115772e-05 
 8.18535306e-07  2.29102833e-04 
 8.69228004e-07 -9.38431469e-05 
 9.70613399e-07  2.28522502e-04 
 1.00000000e-06 -9.41937425e-05 
 1.00001000e-06  3.77298229e-03 
 1.00003000e-06  3.70121901e-03 
 1.00007000e-06  4.59429081e-03 
 1.00010000e-06  5.45763128e-03 
 1.00010423e-06  1.48243893e-03 
 1.00011268e-06  9.98149370e-04 
 1.00012958e-06  1.25929521e-03 
 1.00016339e-06  8.15316978e-04 
 1.00023100e-06  1.02500110e-03 
 1.00036623e-06  5.82136817e-04 
 1.00055330e-06  8.45660875e-04 
 1.00092744e-06  4.97012844e-04 
 1.00151007e-06  5.90020387e-04 
 1.00204157e-06  9.33509296e-05 
 1.00261462e-06  4.29227144e-04 
 1.00329181e-06  2.34775931e-05 
 1.00408262e-06  2.88816574e-04 
 1.00484640e-06 -6.11388500e-05 
 1.00553334e-06  2.87422057e-04 
 1.00625046e-06 -5.30451844e-05 
 1.00697375e-06  2.72231144e-04 
 1.00775504e-06 -7.43031291e-05 
 1.00854768e-06  2.54775146e-04 
 1.00964933e-06 -8.97293901e-05 
 1.01106209e-06  2.54673281e-04 
 1.01326923e-06 -6.38479161e-05 
 1.01474706e-06  2.68861457e-04 
 1.01639738e-06 -6.68211267e-05 
 1.01803882e-06  2.97783122e-04 
 1.01953252e-06 -1.86272301e-06 
 1.02078183e-06  3.39049752e-04 
 1.02209172e-06 -1.26972051e-05 
 1.02344463e-06  3.20656239e-04 
 1.02506155e-06 -2.38029423e-05 
 1.02673565e-06  3.10926784e-04 
 1.02917681e-06 -2.83471557e-05 
 1.03226967e-06  3.04154439e-04 
 1.03830629e-06 -3.65789837e-05 
 1.04771906e-06  2.92315166e-04 
 1.06483529e-06 -5.15732988e-05 
 1.09263725e-06  2.74711230e-04 
 1.13064953e-06 -6.75793480e-05 
 1.16509930e-06  2.92398201e-04 
 1.19339617e-06 -4.68047794e-05 
 1.20529618e-06  2.74111776e-04 
 1.21734117e-06 -4.73589604e-05 
 1.23026521e-06  2.73286151e-04 
 1.24814841e-06 -4.81493857e-05 
 1.25010000e-06  2.74792390e-04 
 1.25011000e-06 -3.74882403e-03 
 1.25013000e-06 -4.17284196e-03 
 1.25017000e-06 -3.42251627e-03 
 1.25020000e-06 -3.27088496e-03 
 1.25020074e-06 -2.90373813e-04 
 1.25020223e-06  6.49410045e-04 
 1.25020521e-06  4.12368316e-05 
 1.25021117e-06  4.86836179e-04 
 1.25022307e-06  1.69975332e-04 
 1.25024689e-06  5.31832697e-04 
 1.25029453e-06  2.42138333e-04 
 1.25038981e-06  5.54620762e-04 
 1.25058036e-06  2.76767589e-04 
 1.25091334e-06  6.98065532e-04 
 1.25140734e-06  3.98308876e-04 
 1.25204152e-06  6.04378341e-04 
 1.25261852e-06  7.95055457e-05 
 1.25329729e-06  3.41961591e-04 
 1.25412234e-06  2.52239988e-05 
 1.25472807e-06  3.28996267e-04 
 1.25543198e-06 -2.12498682e-05 
 1.25632976e-06  2.87181887e-04 
 1.25716660e-06 -3.13868266e-05 
 1.25830765e-06  2.82006902e-04 
 1.26023732e-06 -4.64003741e-05 
 1.26218172e-06  2.71718599e-04 
 1.26532775e-06 -4.73436917e-05 
 1.26925912e-06  2.71376843e-04 
 1.27712186e-06 -4.76538673e-05 
 1.29284735e-06  2.70598187e-04 
 1.32429831e-06 -4.93722722e-05 
 1.38720025e-06  2.65251957e-04 
 1.47922992e-06 -6.20685866e-05 
 1.50000000e-06  2.54836900e-04 
 1.50001000e-06  3.80831472e-03 
 1.50003000e-06  3.71183345e-03 
 1.50007000e-06  4.63648398e-03 
 1.50010000e-06  5.47511845e-03 
 1.50010419e-06  1.51563277e-03 
 1.50011258e-06  1.02973528e-03 
 1.50012935e-06  1.29291082e-03 
 1.50016289e-06  8.49336199e-04 
 1.50022997e-06  1.06012577e-03 
 1.50036413e-06  6.14243818e-04 
 1.50054087e-06  8.78137568e-04 
 1.50089437e-06  5.27272361e-04 
 1.50138574e-06  6.81411465e-04 
 1.50189661e-06  1.41862285e-04 
 1.50243672e-06  4.58127716e-04 
 1.50310183e-06  6.98247811e-05 
 1.50375543e-06  3.34685094e-04 
 1.50449856e-06 -3.20437962e-05 
 1.50536098e-06  2.88078150e-04 
 1.50620005e-06 -4.45524367e-05 
 1.50748182e-06  2.96258813e-04 
 1.50882958e-06 -4.53210983e-05 
 1.51009743e-06  2.87190722e-04 
 1.51140110e-06 -5.14864925e-05 
 1.51305159e-06  2.63193390e-04 
 1.51457969e-06 -7.04024337e-05 
 1.51653911e-06  2.61052108e-04 
 1.51832103e-06 -7.22262441e-05 
 1.52188488e-06  2.60339913e-04 
 1.52901045e-06 -7.32286327e-05 
 1.53986185e-06  2.59027829e-04 
 1.56156463e-06 -7.54216866e-05 
 1.60497020e-06  2.55358713e-04 
 1.69178134e-06 -8.05618774e-05 
 1.75010000e-06  2.51479767e-04 
 1.75011000e-06 -3.76696925e-03 
 1.75013000e-06 -4.18874357e-03 
 1.75017000e-06 -3.43938873e-03 
 1.75020000e-06 -3.28537591e-03 
 1.75020074e-06 -3.10564798e-04 
 1.75020223e-06  6.25031650e-04 
 1.75020521e-06  1.84670875e-05 
 1.75021116e-06  4.62869764e-04 
 1.75022307e-06  1.46253861e-04 
 1.75024688e-06  5.06683675e-04 
 1.75029451e-06  2.16462896e-04 
 1.75038976e-06  5.27069390e-04 
 1.75058026e-06  2.48725692e-04 
 1.75091415e-06  6.69909718e-04 
 1.75140573e-06  3.71300837e-04 
 1.75204281e-06  5.76359364e-04 
 1.75261776e-06  5.26820137e-05 
 1.75330413e-06  3.12132364e-04 
 1.75414291e-06 -3.87410291e-06 
 1.75474796e-06  3.01292765e-04 
 1.75544677e-06 -4.23905139e-05 
 1.75613518e-06  2.62504921e-04 
 1.75686513e-06 -5.86303377e-05 
 1.75780789e-06  2.57891599e-04 
 1.75883525e-06 -6.77922834e-05 
 1.76088998e-06  2.44288108e-04 
 1.76306866e-06 -7.41735157e-05 
 1.76680588e-06  2.43894667e-04 
 1.77159174e-06 -7.42199764e-05 
 1.78116344e-06  2.43639436e-04 
 1.80030685e-06 -7.45016138e-05 
 1.83859366e-06  2.43131848e-04 
 1.91516729e-06 -7.51535676e-05 
 2.00000000e-06  2.42568915e-04 
 2.00001000e-06  3.79326450e-03 
 2.00003000e-06  3.69365187e-03 
 2.00007000e-06  4.62610642e-03 
 2.00010000e-06  5.45853274e-03 
 2.00010419e-06  1.50253297e-03 
 2.00011258e-06  1.01680716e-03 
 2.00012935e-06  1.27995909e-03 
 2.00016289e-06  8.36986672e-04 
 2.00022997e-06  1.04782974e-03 
 2.00036414e-06  6.02564808e-04 
 2.00054082e-06  8.66326342e-04 
 2.00089418e-06  5.15805803e-04 
 2.00138552e-06  6.69433471e-04 
 2.00189636e-06  1.30075106e-04 
 2.00243521e-06  4.47029388e-04 
 2.00309846e-06  6.11034330e-05 
 2.00375447e-06  3.25773587e-04 
 2.00453403e-06 -4.65012823e-05 
 2.00518926e-06  2.84210983e-04 
 2.00589879e-06 -4.96751624e-05 
 2.00674545e-06  2.86051366e-04 
 2.00748088e-06 -5.85734125e-05 
 2.00826746e-06  2.70823340e-04 
 2.00933649e-06 -7.36737587e-05 
 2.01037414e-06  2.57630075e-04 
 2.01228227e-06 -6.69819429e-05 
 2.01467990e-06  2.84409262e-04 
 2.01664153e-06 -5.04963145e-05 
 2.01869834e-06  3.30559976e-04 
 2.02019833e-06  5.41842097e-06 
 2.02159503e-06  3.26027054e-04 
 2.02283777e-06 -1.23733133e-05 
 2.02422211e-06  3.06482638e-04 
 2.02573848e-06 -2.75813613e-05 
 2.02799791e-06  2.95139416e-04 
 2.03013146e-06 -3.62326144e-05 
 2.03413360e-06  2.85295888e-04 
 2.03983734e-06 -4.74744173e-05 
 2.04856686e-06  2.74069728e-04 
 2.06343815e-06 -5.73726647e-05 
 2.08585335e-06  2.68232228e-04 
 2.12035651e-06 -6.08667783e-05 
 2.17009088e-06  2.60291909e-04 
 2.23309670e-06 -7.46031191e-05 
 2.25010000e-06  2.52253598e-04 
 2.25011000e-06 -3.76818223e-03 
 2.25013000e-06 -4.19164122e-03 
 2.25017000e-06 -3.43795116e-03 
 2.25020000e-06 -3.27924626e-03 
 2.25020074e-06 -3.06168155e-04 
 2.25020223e-06  6.28762151e-04 
 2.25020521e-06  2.28336576e-05 
 2.25021116e-06  4.66886289e-04 
 2.25022306e-06  1.50857537e-04 
 2.25024687e-06  5.11133865e-04 
 2.25029447e-06  2.21511750e-04 
 2.25038969e-06  5.31799375e-04 
 2.25058013e-06  2.53693444e-04 
 2.25091357e-06  6.73961219e-04 
 2.25140461e-06  3.75047373e-04 
 2.25204222e-06  5.79272161e-04 
 2.25261664e-06  5.60663990e-05 
 2.25330337e-06  3.16311763e-04 
 2.25414358e-06  1.36065718e-06 
 2.25475381e-06  3.03040278e-04 
 2.25545908e-06 -4.57183446e-05 
 2.25634422e-06  2.62622637e-04 
 2.25721815e-06 -5.52628683e-05 
 2.25831059e-06  2.57071825e-04 
 2.26022270e-06 -7.01813308e-05 
 2.26217459e-06  2.46727989e-04 
 2.26534048e-06 -7.12942103e-05 
 2.26927292e-06  2.46239219e-04 
 2.27713779e-06 -7.18021596e-05 
 2.29286752e-06  2.45306833e-04 
 2.32432700e-06 -7.30011504e-05 
 2.38724595e-06  2.43698942e-04 
 2.45230008e-06 -7.42766988e-05 
 2.50000000e-06  2.43203572e-04 
 2.50001000e-06  3.79281852e-03 
 2.50003000e-06  3.69271829e-03 
 2.50007000e-06  4.62901908e-03 
 2.50010000e-06  5.45843784e-03 
 2.50010419e-06  1.50316445e-03 
 2.50011258e-06  1.01808415e-03 
 2.50012935e-06  1.28049334e-03 
 2.50016289e-06  8.38035721e-04 
 2.50022997e-06  1.04825259e-03 
 2.50036414e-06  6.03518788e-04 
 2.50054088e-06  8.66621123e-04 
 2.50089438e-06  5.16716204e-04 
 2.50138571e-06  6.70055409e-04 
 2.50189639e-06  1.31348480e-04 
 2.50243602e-06  4.46907035e-04 
 2.50310018e-06  5.95552518e-05 
 2.50375363e-06  3.23548968e-04 
 2.50449461e-06 -4.20883345e-05 
 2.50535779e-06  2.77073893e-04 
 2.50617970e-06 -5.48231295e-05 
 2.50747444e-06  2.84926736e-04 
 2.50880591e-06 -5.60711342e-05 
 2.51005555e-06  2.77316166e-04 
 2.51134703e-06 -6.03857163e-05 
 2.51298837e-06  2.52952054e-04 
 2.51447682e-06 -8.01294217e-05 
 2.51620991e-06  2.51191904e-04 
 2.51801970e-06 -8.17009815e-05 
 2.52163927e-06  2.50811103e-04 
 2.52855656e-06 -8.19391004e-05 
 2.53996402e-06  2.50763740e-04 
 2.56277894e-06 -8.20265346e-05 
 2.60840878e-06  2.50670036e-04 
 2.69966846e-06 -8.21262150e-05 
 2.75010000e-06  2.50613904e-04 
 2.75011000e-06 -3.76762366e-03 
 2.75013000e-06 -4.18927411e-03 
 2.75017000e-06 -3.43755970e-03 
 2.75020000e-06 -3.27740077e-03 
 2.75020074e-06 -3.07866910e-04 
 2.75020223e-06  6.24053100e-04 
 2.75020521e-06  1.92531392e-05 
 2.75021116e-06  4.62623023e-04 
 2.75022307e-06  1.46679101e-04 
 2.75024688e-06  5.06282596e-04 
 2.75029451e-06  2.16411092e-04 
 2.75038976e-06  5.26160922e-04 
 2.75058025e-06  2.48137382e-04 
 2.75091405e-06  6.68965008e-04 
 2.75140456e-06  3.70949080e-04 
 2.75197819e-06  5.96920396e-04 
 2.75257760e-06  5.79588510e-05 
 2.75322582e-06  3.14244038e-04 
 2.75406330e-06 -5.59882995e-06 
 2.75467738e-06  3.03400305e-04 
 2.75539165e-06 -4.15556204e-05 
 2.75604195e-06  2.63166358e-04 
 2.75676428e-06 -5.93383856e-05 
 2.75765591e-06  2.58174674e-04 
 2.75864702e-06 -6.71305078e-05 
 2.76062925e-06  2.43875843e-04 
 2.76272755e-06 -7.46243034e-05 
 2.76626524e-06  2.43267911e-04 
 2.77061569e-06 -7.45481865e-05 
 2.77931660e-06  2.43143091e-04 
 2.79671841e-06 -7.45489473e-05 
 2.83152204e-06  2.43080804e-04 
 2.90112931e-06 -7.45784264e-05 
 3.00000000e-06  2.43046034e-04 
 3.00001000e-06  3.79075696e-03 
 3.00003000e-06  3.68867034e-03 
 3.00007000e-06  4.62936696e-03 
 3.00010000e-06  5.45496633e-03 
 3.00010419e-06  1.50223205e-03 
 3.00011258e-06  1.01687090e-03 
 3.00012935e-06  1.27975533e-03 
 3.00016290e-06  8.37379804e-04 
 3.00022998e-06  1.04804121e-03 
 3.00036416e-06  6.03353462e-04 
 3.00054087e-06  8.66714702e-04 
 3.00089427e-06  5.16632144e-04 
 3.00138562e-06  6.69835190e-04 
 3.00189632e-06  1.30973333e-04 
 3.00243460e-06  4.47485803e-04 
 3.00309756e-06  6.12192542e-05 
 3.00375340e-06  3.25115500e-04 
 3.00453269e-06 -4.82681752e-05 
 3.00519381e-06  2.85018972e-04 
 3.00590055e-06 -4.88943497e-05 
 3.00677156e-06  2.86112842e-04 
 3.00752785e-06 -5.88284579e-05 
 3.00832742e-06  2.70338324e-04 
 3.00949212e-06 -7.42760247e-05 
 3.01054828e-06  2.58607799e-04 
 3.01258797e-06 -6.33462041e-05 
 3.01494907e-06  2.84700295e-04 
 3.01681138e-06 -4.24961845e-05 
 3.01884373e-06  3.33904624e-04 
 3.02021150e-06 -2.20997848e-06 
 3.02175476e-06  3.15874636e-04 
 3.02313073e-06 -2.50681498e-05 
 3.02458261e-06  2.94150356e-04 
 3.02627914e-06 -4.15747467e-05 
 3.02857217e-06  2.82256679e-04 
 3.03099521e-06 -5.07940779e-05 
 3.03559420e-06  2.72003618e-04 
 3.04182302e-06 -6.82914760e-05 
 3.04751469e-06  2.56739350e-04 
 3.05132860e-06 -7.49344259e-05 
 3.05687590e-06  2.71001356e-04 
 3.06078727e-06 -5.16784405e-05 
 3.06416365e-06  2.41710160e-04 
 3.06783611e-06 -6.34116993e-05 
 3.07251673e-06  2.45432542e-04 
 3.07731476e-06 -6.94999240e-05 
 3.08355211e-06  2.38556962e-04 
 3.08976355e-06 -7.83125830e-05 
 3.09618520e-06  2.37326500e-04 
 3.10335488e-06 -8.23265371e-05 
 3.11769423e-06  2.33763219e-04 
 3.13562115e-06 -8.80685124e-05 
 3.16574756e-06  2.29119871e-04 
 3.20723466e-06 -9.19133188e-05 
 3.24576235e-06  2.27502326e-04 
 3.25010000e-06 -9.31104672e-05 
 3.25011000e-06 -3.79597024e-03 
 3.25013000e-06 -4.20206575e-03 
 3.25017000e-06 -3.46668075e-03 
 3.25020000e-06 -3.28508407e-03 
 3.25020073e-06 -3.33488748e-04 
 3.25020219e-06  6.05754851e-04 
 3.25020512e-06  6.94976939e-06 
 3.25021096e-06  4.40971170e-04 
 3.25022266e-06  1.34850225e-04 
 3.25024604e-06  4.86568608e-04 
 3.25029282e-06  2.07320657e-04 
 3.25038637e-06  5.07763547e-04 
 3.25057347e-06  2.36918855e-04 
 3.25090217e-06  6.45093417e-04 
 3.25139375e-06  3.60350212e-04 
 3.25202174e-06  5.60367063e-04 
 3.25260252e-06  4.23405466e-05 
 3.25328150e-06  2.86952072e-04 
 3.25412460e-06 -2.11234543e-05 
 3.25471947e-06  2.70599491e-04 
 3.25540372e-06 -6.59844490e-05 
 3.25623939e-06  2.35989865e-04 
 3.25720309e-06 -7.10695629e-05 
 3.25820098e-06  2.32314061e-04 
 3.26019676e-06 -8.53801726e-05 
 3.26209242e-06  2.21341437e-04 
 3.26525190e-06 -8.62578829e-05 
 3.26908719e-06  2.21122271e-04 
 3.27675778e-06 -8.63162131e-05 
 3.29209896e-06  2.20905856e-04 
 3.32278132e-06 -8.65545283e-05 
 3.38414604e-06  2.20591801e-04 
 3.50000000e-06 -8.68184665e-05 
 3.50001000e-06  3.76319901e-03 
 3.50003000e-06  3.68350052e-03 
 3.50007000e-06  4.60636015e-03 
 3.50010000e-06  5.44966226e-03 
 3.50010423e-06  1.48541486e-03 
 3.50011269e-06  1.00205468e-03 
 3.50012961e-06  1.26110915e-03 
 3.50016344e-06  8.19183958e-04 
 3.50023111e-06  1.02697375e-03 
 3.50036645e-06  5.84763919e-04 
 3.50054423e-06  8.47296127e-04 
 3.50089981e-06  4.99684834e-04 
 3.50139678e-06  6.47534414e-04 
 3.50191099e-06  1.14312403e-04 
 3.50242018e-06  4.22736794e-04 
 3.50304255e-06  3.55203227e-05 
 3.50369768e-06  3.04586815e-04 
 3.50456468e-06 -6.50057497e-05 
 3.50534945e-06  2.58741153e-04 
 3.50628663e-06 -7.12497428e-05 
 3.50742502e-06  2.71908967e-04 
 3.50872161e-06 -7.20745485e-05 
 3.50986869e-06  2.61610166e-04 
 3.51106264e-06 -7.75221714e-05 
 3.51249402e-06  2.37823184e-04 
 3.51407545e-06 -9.81802067e-05 
 3.51568494e-06  2.33852650e-04 
 3.51757580e-06 -9.91639855e-05 
 3.52102003e-06  2.33152490e-04 
 3.52602472e-06 -9.92970518e-05 
 3.53572373e-06  2.33082136e-04 
 3.55404617e-06 -9.93320348e-05 
 3.58799483e-06  2.33024523e-04 
 3.65589214e-06 -9.93743149e-05 
 3.75010000e-06  2.32988581e-04 
 3.75011000e-06 -3.78571000e-03 
 3.75013000e-06 -4.20797705e-03 
 3.75017000e-06 -3.45613585e-03 
 3.75020000e-06 -3.29223412e-03 
 3.75020074e-06 -3.25342185e-04 
 3.75020223e-06  6.04771696e-04 
 3.75020521e-06  6.84715265e-07 
 3.75021116e-06  4.44039060e-04 
 3.75022307e-06  1.29112240e-04 
 3.75024688e-06  4.89350308e-04 
 3.75029450e-06  2.00646614e-04 
 3.75038975e-06  5.09735647e-04 
 3.75058025e-06  2.31039110e-04 
 3.75091394e-06  6.51205558e-04 
 3.75140440e-06  3.53518052e-04 
 3.75197779e-06  5.79219899e-04 
 3.75257701e-06  4.09069530e-05 
 3.75322476e-06  2.96971044e-04 
 3.75406847e-06 -2.19999362e-05 
 3.75468364e-06  2.88142926e-04 
 3.75539678e-06 -4.93979309e-05 
 3.75605069e-06  2.58581729e-04 
 3.75677321e-06 -5.92766111e-05 
 3.75767215e-06  2.53239653e-04 
 3.75867697e-06 -7.87522923e-05 
 3.75967450e-06  2.36762274e-04 
 3.76119206e-06 -8.65669703e-05 
 3.76282584e-06  2.26528022e-04 
 3.76512139e-06 -9.17677543e-05 
 3.76792375e-06  2.25461486e-04 
 3.77213749e-06 -9.16461411e-05 
 3.78056496e-06  2.25355066e-04 
 3.79517356e-06 -9.16302672e-05 
 3.82439074e-06  2.25297056e-04 
 3.88282511e-06 -9.16513920e-05 
 3.99969385e-06  2.25263016e-04 
 4.00000000e-06 -9.08319786e-05 
 4.00000464e-06  3.69228571e-03 
 4.00001391e-06  3.85636093e-03 
 4.00003246e-06  3.58857586e-03 
 4.00006955e-06  4.72034036e-03 
 4.00010000e-06  5.32750121e-03 
 4.00010421e-06  1.48124169e-03 
 4.00011263e-06  1.00938505e-03 
 4.00012947e-06  1.25484547e-03 
 4.00016316e-06  8.26800145e-04 
 4.00023053e-06  1.02075866e-03 
 4.00036527e-06  5.92683204e-04 
 4.00054240e-06  8.41104209e-04 
 4.00089665e-06  5.07270826e-04 
 4.00138948e-06  6.42916208e-04 
 4.00190117e-06  1.20575210e-04 
 4.00243910e-06  4.21144070e-04 
 4.00309936e-06  5.13527875e-05 
 4.00375840e-06  3.02777425e-04 
 4.00452505e-06 -5.07794932e-05 
 4.00515653e-06  2.73219432e-04 
 4.00585166e-06 -4.19747690e-05 
 4.00653213e-06  2.69896999e-04 
 4.00720600e-06 -5.88209265e-05 
 4.00793168e-06  2.54041880e-04 
 4.00888661e-06 -7.49845283e-05 
 4.00986510e-06  2.43070033e-04 
 4.01134071e-06 -6.41650149e-05 
 4.01254072e-06  2.48937867e-04 
 4.01383086e-06 -5.41565881e-05 
 4.01513488e-06  2.62275510e-04 
 4.01657474e-06 -3.73923559e-05 
 4.01796100e-06  3.21420948e-04 
 4.01898967e-06  2.84326513e-06 
 4.02002449e-06  3.10287857e-04 
 4.02125454e-06 -1.18802114e-05 
 4.02242097e-06  2.90073038e-04 
 4.02362646e-06 -3.21297147e-05 
 4.02503656e-06  2.73524918e-04 
 4.02696268e-06 -4.49599215e-05 
 4.02907649e-06  2.64900551e-04 
 4.03250804e-06 -5.27032621e-05 
 4.03833974e-06  2.58814741e-04 
 4.04680919e-06 -5.65595634e-05 
 4.06191248e-06  2.50595553e-04 
 4.08298345e-06 -7.66866835e-05 
 4.10508475e-06  2.39545438e-04 
 4.12828765e-06 -8.65079853e-05 
 4.14960256e-06  2.24441133e-04 
 4.16996191e-06 -8.92004509e-05 
 4.19131999e-06  2.23646399e-04 
 4.21866038e-06 -9.02660574e-05 
 4.23413348e-06  2.23584780e-04 
 4.25010000e-06 -9.02934588e-05 
 4.25011000e-06 -3.80046136e-03 
 4.25013000e-06 -4.20591768e-03 
 4.25017000e-06 -3.46910371e-03 
 4.25020000e-06 -3.28450501e-03 
 4.25020073e-06 -3.34763408e-04 
 4.25020219e-06  6.02460882e-04 
 4.25020512e-06  4.33348605e-06 
 4.25021097e-06  4.38507040e-04 
 4.25022266e-06  1.32461366e-04 
 4.25024606e-06  4.84464462e-04 
 4.25029285e-06  2.05618889e-04 
 4.25038643e-06  5.06491064e-04 
 4.25057359e-06  2.36143766e-04 
 4.25090090e-06  6.44185428e-04 
 4.25139334e-06  3.59909717e-04 
 4.25202030e-06  5.59719370e-04 
 4.25260144e-06  4.10091542e-05 
 4.25327969e-06  2.87653397e-04 
 4.25412260e-06 -1.99449274e-05 
 4.25472289e-06  2.71161760e-04 
 4.25541805e-06 -6.59809138e-05 
 4.25629068e-06  2.35023235e-04 
 4.25717196e-06 -7.16304012e-05 
 4.25823651e-06  2.31496339e-04 
 4.26011374e-06 -8.56692703e-05 
 4.26203766e-06  2.20657721e-04 
 4.26510658e-06 -8.68999842e-05 
 4.26897374e-06  2.20474591e-04 
 4.27670804e-06 -8.68853298e-05 
 4.29217664e-06  2.20399669e-04 
 4.32311385e-06 -8.68980086e-05 
 4.38498826e-06  2.20375880e-04 
 4.50000000e-06 -8.69056930e-05 
 4.50001000e-06  3.76162601e-03 
 4.50003000e-06  3.68154162e-03 
 4.50007000e-06  4.60725668e-03 
 4.50010000e-06  5.44795835e-03 
 4.50010423e-06  1.48413595e-03 
 4.50011269e-06  1.00232241e-03 
 4.50012961e-06  1.25973802e-03 
 4.50016345e-06  8.19134010e-04 
 4.50023114e-06  1.02558264e-03 
 4.50036650e-06  5.84709482e-04 
 4.50054388e-06  8.46040014e-04 
 4.50089863e-06  4.99861646e-04 
 4.50139464e-06  6.47427540e-04 
 4.50190816e-06  1.15394402e-04 
 4.50241627e-06  4.21815113e-04 
 4.50303824e-06  3.62591185e-05 
 4.50369130e-06  3.03807985e-04 
 4.50455756e-06 -6.39252168e-05 
 4.50534181e-06  2.57863223e-04 
 4.50628340e-06 -6.97550062e-05 
 4.50743295e-06  2.70526884e-04 
 4.50870130e-06 -7.14787831e-05 
 4.50989814e-06  2.61034422e-04 
 4.51112211e-06 -7.84759936e-05 
 4.51228866e-06  2.34926537e-04 
 4.51360531e-06 -9.63894990e-05 
 4.51493112e-06  2.32492375e-04 
 4.51644165e-06 -9.80053187e-05 
 4.51946271e-06  2.31930549e-04 
 4.52550484e-06 -9.82766714e-05 
 4.53607658e-06  2.31878559e-04 
 4.55722006e-06 -9.83201271e-05 
 4.59950702e-06  2.31831883e-04 
 4.68408095e-06 -9.83553230e-05 
 4.75010000e-06  2.31811123e-04 
 4.75011000e-06 -3.78601711e-03 
 4.75013000e-06 -4.20839565e-03 
 4.75017000e-06 -3.45601651e-03 
 4.75020000e-06 -3.28983726e-03 
 4.75020074e-06 -3.24534652e-04 
 4.75020223e-06  6.04684432e-04 
 4.75020521e-06  1.07954605e-06 
 4.75021116e-06  4.44028132e-04 
 4.75022306e-06  1.29352314e-04 
 4.75024687e-06  4.89433170e-04 
 4.75029448e-06  2.00725466e-04 
 4.75038971e-06  5.10041059e-04 
 4.75058016e-06  2.31375242e-04 
 4.75091179e-06  6.50923286e-04 
 4.75140374e-06  3.53650422e-04 
 4.75203994e-06  5.58067261e-04 
 4.75261451e-06  3.55139942e-05 
 4.75330036e-06  2.94090961e-04 
 4.75414984e-06 -2.05205993e-05 
 4.75475789e-06  2.85616858e-04 
 4.75545639e-06 -5.03045164e-05 
 4.75615213e-06  2.57195618e-04 
 4.75688527e-06 -5.82000518e-05 
 4.75786022e-06  2.49229443e-04 
 4.75891390e-06 -7.93231937e-05 
 4.76014658e-06  2.34839489e-04 
 4.76154601e-06 -8.75794592e-05 
 4.76353079e-06  2.25287253e-04 
 4.76560574e-06 -9.14188439e-05 
 4.76918240e-06  2.25021150e-04 
 4.77385022e-06 -9.14092595e-05 
 4.78318585e-06  2.24969230e-04 
 4.80185711e-06 -9.14189120e-05 
 4.83919963e-06  2.24926631e-04 
 4.91388467e-06 -9.14437180e-05 
 5.00000000e-06  2.24903207e-04 
 5.00001000e-06  3.77059811e-03 
 5.00003000e-06  3.66878456e-03 
 5.00007000e-06  4.61717316e-03 
 5.00010000e-06  5.43749997e-03 
 5.00010419e-06  1.48601185e-03 
 5.00011258e-06  1.00169409e-03 
 5.00012934e-06  1.26179262e-03 
 5.00016288e-06  8.19581012e-04 
 5.00022995e-06  1.02811436e-03 
 5.00036410e-06  5.85573332e-04 
 5.00054032e-06  8.48236849e-04 
 5.00089275e-06  4.99754140e-04 
 5.00138307e-06  6.53047954e-04 
 5.00189307e-06  1.14667317e-04 
 5.00242826e-06  4.27832407e-04 
 5.00308824e-06  4.47075534e-05 
 5.00374133e-06  3.10874499e-04 
 5.00450735e-06 -5.78829742e-05 
 5.00513973e-06  2.80824633e-04 
 5.00583604e-06 -4.84291568e-05 
 5.00652269e-06  2.76921560e-04 
 5.00719831e-06 -6.76241669e-05 
 5.00791992e-06  2.59506581e-04 
 5.00897764e-06 -8.34026880e-05 
 5.00994387e-06  2.51846066e-04 
 5.01179123e-06 -7.24662765e-05 
 5.01294362e-06  2.56413570e-04 
 5.01429177e-06 -5.83216805e-05 
 5.01559584e-06  2.62700724e-04 
 5.01714767e-06 -3.64875305e-05 
 5.01863807e-06  3.15633449e-04 
 5.02001217e-06 -2.47518605e-05 
 5.02151090e-06  2.91880162e-04 
 5.02284643e-06 -4.89816069e-05 
 5.02423541e-06  2.70096643e-04 
 5.02587693e-06 -6.29064257e-05 
 5.02798451e-06  2.63317993e-04 
 5.03026036e-06 -6.21077230e-05 
 5.03406147e-06  2.84107506e-04 
 5.03850318e-06 -2.37253793e-05 
 5.04335266e-06  3.01237481e-04 
 5.04796527e-06 -9.44774401e-07 
 5.05144645e-06  2.24733126e-04 
 5.05469597e-06 -4.10952252e-05 
 5.05796864e-06  2.33393161e-04 
 5.06142297e-06 -5.52614437e-05 
 5.06680654e-06  2.35171106e-04 
 5.07278836e-06 -6.22833306e-05 
 5.08169988e-06  2.35149079e-04 
 5.09367441e-06 -6.55556906e-05 
 5.11025410e-06  2.35249360e-04 
 5.13429188e-06 -6.67889198e-05 
 5.16784201e-06  2.35496459e-04 
 5.21737953e-06 -6.71570320e-05 
 5.25010000e-06  2.35860105e-04 
 5.25011000e-06 -3.78020337e-03 
 5.25013000e-06 -4.20232616e-03 
 5.25017000e-06 -3.44553072e-03 
 5.25020000e-06 -3.27661062e-03 
 5.25020074e-06 -3.10861776e-04 
 5.25020223e-06  6.19277655e-04 
 5.25020521e-06  1.59928956e-05 
 5.25021116e-06  4.58593462e-04 
 5.25022305e-06  1.43938913e-04 
 5.25024685e-06  5.03543196e-04 
 5.25029445e-06  2.15404697e-04 
 5.25038965e-06  5.25823573e-04 
 5.25058003e-06  2.49356964e-04 
 5.25091425e-06  6.69938274e-04 
 5.25140464e-06  3.71419702e-04 
 5.25203329e-06  5.77986780e-04 
 5.25261014e-06  5.35054980e-05 
 5.25329732e-06  3.12811895e-04 
 5.25414375e-06 -2.06782535e-06 
 5.25475429e-06  2.98867761e-04 
 5.25546067e-06 -4.90782170e-05 
 5.25635606e-06  2.58680567e-04 
 5.25725015e-06 -5.86294403e-05 
 5.25833119e-06  2.53066222e-04 
 5.26024894e-06 -7.33703731e-05 
 5.26220949e-06  2.43056937e-04 
 5.26540486e-06 -7.41815055e-05 
 5.26936189e-06  2.42907682e-04 
 5.27727597e-06 -7.41666541e-05 
 5.29310412e-06  2.42835572e-04 
 5.32476043e-06 -7.41824055e-05 
 5.38807305e-06  2.42806183e-04 
 5.50000000e-06 -7.41917264e-05 
 5.50001000e-06  3.77719119e-03 
 5.50003000e-06  3.69651110e-03 
 5.50007000e-06  4.62271955e-03 
 5.50010000e-06  5.46233315e-03 
 5.50010423e-06  1.50030683e-03 
 5.50011269e-06  1.01783093e-03 
 5.50012960e-06  1.27710940e-03 
 5.50016344e-06  8.37381231e-04 
 5.50023111e-06  1.04520786e-03 
 5.50036644e-06  6.03259747e-04 
 5.50054416e-06  8.64608311e-04 
 5.50089960e-06  5.17572461e-04 
 5.50139482e-06  6.63860625e-04 
 5.50190823e-06  1.30002966e-04 
 5.50245144e-06  4.45668861e-04 
 5.50311545e-06  5.82104994e-05 
 5.50377856e-06  3.19982065e-04 
 5.50452235e-06 -4.19415373e-05 
 5.50540283e-06  2.75646190e-04 
 5.50621731e-06 -5.31632386e-05 
 5.50750550e-06  2.83810769e-04 
 5.50883605e-06 -5.30340364e-05 
 5.51007584e-06  2.77195214e-04 
 5.51150882e-06 -6.78655441e-05 
 5.51284343e-06  2.49627764e-04 
 5.51422404e-06 -7.89376340e-05 
 5.51576343e-06  2.49339569e-04 
 5.51750105e-06 -8.02973856e-05 
 5.52058649e-06  2.49236386e-04 
 5.52510995e-06 -8.04556292e-05 
 5.53370915e-06  2.49213620e-04 
 5.54969149e-06 -8.04991834e-05 
 5.57940075e-06  2.49173522e-04 
 5.63852750e-06 -8.05339210e-05 
 5.75010000e-06  2.49147474e-04 
 5.75011000e-06 -3.76707472e-03 
 5.75013000e-06 -4.18867719e-03 
 5.75017000e-06 -3.43557646e-03 
 5.75020000e-06 -3.26831543e-03 
 5.75020074e-06 -3.04335811e-04 
 5.75020223e-06  6.23671060e-04 
 5.75020521e-06  2.07448858e-05 
 5.75021116e-06  4.63032952e-04 
 5.75022307e-06  1.47719886e-04 
 5.75024688e-06  5.06433747e-04 
 5.75029451e-06  2.16822797e-04 
 5.75038976e-06  5.25697709e-04 
 5.75058027e-06  2.48151093e-04 
 5.75091387e-06  6.68678285e-04 
 5.75140495e-06  3.71216513e-04 
 5.75203757e-06  5.76853330e-04 
 5.75261301e-06  5.32093609e-05 
 5.75329709e-06  3.11344173e-04 
 5.75413591e-06 -4.12779524e-06 
 5.75474077e-06  2.99974683e-04 
 5.75543955e-06 -4.24722757e-05 
 5.75612319e-06  2.61502211e-04 
 5.75684965e-06 -5.83457344e-05 
 5.75779294e-06  2.56797519e-04 
 5.75883749e-06 -6.76521638e-05 
 5.76092659e-06  2.43033105e-04 
 5.76309064e-06 -7.39906700e-05 
 5.76685184e-06  2.42769436e-04 
 5.77162678e-06 -7.39478583e-05 
 5.78117666e-06  2.42669118e-04 
 5.80027642e-06 -7.39540488e-05 
 5.83847592e-06  2.42617250e-04 
 5.91487494e-06 -7.39787722e-05 
 6.00000000e-06  2.42591004e-04 
 6.00001000e-06  3.78623092e-03 
 6.00003000e-06  3.68348599e-03 
 6.00007000e-06  4.63176247e-03 
 6.00010000e-06  5.45093091e-03 
 6.00010419e-06  1.50130548e-03 
 6.00011258e-06  1.01642682e-03 
 6.00012935e-06  1.27888035e-03 
 6.00016289e-06  8.37391429e-04 
 6.00022997e-06  1.04772966e-03 
 6.00036414e-06  6.03746668e-04 
 6.00054081e-06  8.66478392e-04 
 6.00089414e-06  5.17040203e-04 
 6.00138549e-06  6.69667084e-04 
 6.00189631e-06  1.31301616e-04 
 6.00243470e-06  4.47204239e-04 
 6.00309745e-06  6.10467704e-05 
 6.00375395e-06  3.24281315e-04 
 6.00453281e-06 -4.71609170e-05 
 6.00519389e-06  2.87209479e-04 
 6.00590060e-06 -4.62449881e-05 
 6.00668173e-06  2.84250628e-04 
 6.00743903e-06 -5.95541046e-05 
 6.00827332e-06  2.66958048e-04 
 6.00942254e-06 -7.46149638e-05 
 6.01066966e-06  2.58007638e-04 
 6.01277177e-06 -6.12516356e-05 
 6.01534855e-06  2.84556664e-04 
 6.01727195e-06 -3.85825047e-05 
 6.01938865e-06  3.18294286e-04 
 6.02101473e-06 -2.95027406e-05 
 6.02279593e-06  2.81732428e-04 
 6.02446905e-06 -5.37073461e-05 
 6.02642751e-06  2.68867563e-04 
 6.02849110e-06 -6.08776517e-05 
 6.03091641e-06  2.60914807e-04 
 6.03443598e-06 -8.07927512e-05 
 6.03924995e-06  2.41226547e-04 
 6.04535126e-06 -8.96427614e-05 
 6.05205868e-06  2.69321192e-04 
 6.05687122e-06 -1.11088028e-04 
 6.06180527e-06  2.55419033e-04 
 6.06695572e-06 -1.06478303e-04 
 6.07272204e-06  2.47350630e-04 
 6.08092551e-06 -1.10748355e-04 
 6.08723707e-06  2.43537537e-04 
 6.09493003e-06 -1.08456406e-04 
 6.10485510e-06  2.41854498e-04 
 6.12097178e-06 -1.07647786e-04 
 6.14209535e-06  2.41134622e-04 
 6.17486531e-06 -1.07333955e-04 
 6.21701163e-06  2.40793402e-04 
 6.25010000e-06 -1.07107779e-04 
 6.25011000e-06 -3.80868429e-03 
 6.25013000e-06 -4.21212320e-03 
 6.25017000e-06 -3.47356634e-03 
 6.25020000e-06 -3.28475956e-03 
 6.25020073e-06 -3.37417764e-04 
 6.25020219e-06  5.98706814e-04 
 6.25020512e-06  1.49466938e-06 
 6.25021096e-06  4.35078445e-04 
 6.25022265e-06  1.29973564e-04 
 6.25024604e-06  4.81888799e-04 
 6.25029281e-06  2.04086657e-04 
 6.25038635e-06  5.05165397e-04 
 6.25057343e-06  2.35758276e-04 
 6.25090232e-06  6.44169240e-04 
 6.25139413e-06  3.59833008e-04 
 6.25201923e-06  5.60263409e-04 
 6.25260064e-06  4.20969018e-05 
 6.25327791e-06  2.86248385e-04 
 6.25412083e-06 -2.16078188e-05 
 6.25471606e-06  2.70111522e-04 
 6.25540124e-06 -6.64231129e-05 
 6.25624593e-06  2.35154714e-04 
 6.25720677e-06 -7.15885359e-05 
 6.25821393e-06  2.31497691e-04 
 6.26022823e-06 -8.59799597e-05 
 6.26212312e-06  2.20634218e-04 
 6.26530574e-06 -8.67494612e-05 
 6.26915190e-06  2.20459901e-04 
 6.27684423e-06 -8.67369278e-05 
 6.29222887e-06  2.20368520e-04 
 6.32299817e-06 -8.67784358e-05 
 6.38453676e-06  2.20305385e-04 
 6.50000000e-06 -8.68176585e-05 
 6.50001000e-06  3.75996015e-03 
 6.50003000e-06  3.67981037e-03 
 6.50007000e-06  4.60799474e-03 
 6.50010000e-06  5.44669182e-03 
 6.50010423e-06  1.48458838e-03 
 6.50011269e-06  1.00174253e-03 
 6.50012961e-06  1.26030857e-03 
 6.50016344e-06  8.19108763e-04 
 6.50023111e-06  1.02643227e-03 
 6.50036645e-06  5.84921228e-04 
 6.50054424e-06  8.46899614e-04 
 6.50089981e-06  4.99879505e-04 
 6.50139682e-06  6.47114971e-04 
 6.50191105e-06  1.14437465e-04 
 6.50241999e-06  4.22286448e-04 
 6.50304203e-06  3.54835397e-05 
 6.50369711e-06  3.03684138e-04 
 6.50456308e-06 -6.51155256e-05 
 6.50535118e-06  2.57936605e-04 
 6.50628248e-06 -7.16513756e-05 
 6.50742586e-06  2.71502253e-04 
 6.50873533e-06 -7.02814405e-05 
 6.50988297e-06  2.62235157e-04 
 6.51107830e-06 -7.89845093e-05 
 6.51219455e-06  2.35721259e-04 
 6.51350331e-06 -9.68781199e-05 
 6.51481754e-06  2.32981954e-04 
 6.51630570e-06 -9.84278812e-05 
 6.51928203e-06  2.32370510e-04 
 6.52523468e-06 -9.86977355e-05 
 6.53559585e-06  2.32310113e-04 
 6.55631820e-06 -9.87403126e-05 
 6.59776289e-06  2.32259972e-04 
 6.68065227e-06 -9.87763466e-05 
 6.75010000e-06  2.32237525e-04 
 6.75011000e-06 -3.78591313e-03 
 6.75013000e-06 -4.20804968e-03 
 6.75017000e-06 -3.45496629e-03 
 6.75020000e-06 -3.28712175e-03 
 6.75020074e-06 -3.23191324e-04 
 6.75020223e-06  6.04838655e-04 
 6.75020521e-06  1.70264372e-06 
 6.75021116e-06  4.44448445e-04 
 6.75022307e-06  1.29846635e-04 
 6.75024688e-06  4.89535468e-04 
 6.75029450e-06  2.00966714e-04 
 6.75038974e-06  5.09499034e-04 
 6.75058023e-06  2.31020083e-04 
 6.75091380e-06  6.50941636e-04 
 6.75140508e-06  3.53574366e-04 
 6.75204198e-06  5.57553826e-04 
 6.75261583e-06  3.54589180e-05 
 6.75330218e-06  2.93791185e-04 
 6.75414871e-06 -2.05922706e-05 
 6.75475554e-06  2.85288285e-04 
 6.75545361e-06 -5.03171095e-05 
 6.75614752e-06  2.57067461e-04 
 6.75687902e-06 -5.81178437e-05 
 6.75785761e-06  2.49163636e-04 
 6.75891482e-06 -7.94148271e-05 
 6.76011703e-06  2.34868182e-04 
 6.76153191e-06 -8.74796210e-05 
 6.76370821e-06  2.25057834e-04 
 6.76570581e-06 -9.13649107e-05 
 6.76944428e-06  2.24975344e-04 
 6.77404040e-06 -9.13612742e-05 
 6.78323264e-06  2.24926526e-04 
 6.80161712e-06 -9.13713698e-05 
 6.83838607e-06  2.24884482e-04 
 6.91192398e-06 -9.13965591e-05 
 7.00000000e-06  2.24860681e-04 
 7.00001000e-06  3.76919419e-03 
 7.00003000e-06  3.66723126e-03 
 7.00007000e-06  4.61710310e-03 
 7.00010000e-06  5.43560554e-03 
 7.00010419e-06  1.48541458e-03 
 7.00011258e-06  1.00066180e-03 
 7.00012935e-06  1.26155580e-03 
 7.00016289e-06  8.18913398e-04 
 7.00022998e-06  1.02824342e-03 
 7.00036414e-06  5.85567779e-04 
 7.00054085e-06  8.48714768e-04 
 7.00089425e-06  4.99798036e-04 
 7.00138575e-06  6.52127205e-04 
 7.00189656e-06  1.13794885e-04 
 7.00243334e-06  4.28470481e-04 
 7.00309313e-06  4.40585826e-05 
 7.00374944e-06  3.10372113e-04 
 7.00451535e-06 -5.81526019e-05 
 7.00514644e-06  2.82279336e-04 
 7.00584176e-06 -4.76902926e-05 
 7.00652547e-06  2.76496309e-04 
 7.00721594e-06 -6.85433998e-05 
 7.00794482e-06  2.58313855e-04 
 7.00899722e-06 -8.51866399e-05 
 7.00999924e-06  2.48535383e-04 
 7.01151294e-06 -7.21677774e-05 
 7.01298997e-06  2.58209468e-04 
 7.01435898e-06 -5.97688766e-05 
 7.01585312e-06  2.65622573e-04 
 7.01745315e-06 -4.78882173e-05 
 7.01929209e-06  3.01937522e-04 
 7.02052005e-06 -4.26811041e-05 
 7.02185418e-06  2.73843524e-04 
 7.02317500e-06 -6.00267824e-05 
 7.02446611e-06  2.57461392e-04 
 7.02602111e-06 -7.58746286e-05 
 7.02836882e-06  2.41580449e-04 
 7.03050184e-06 -8.99107425e-05 
 7.03468416e-06  2.30512011e-04 
 7.03918683e-06 -9.49345057e-05 
 7.04487957e-06  2.30633972e-04 
 7.05193283e-06 -9.36599257e-05 
 7.06603936e-06  2.31387071e-04 
 7.08606432e-06 -9.38919096e-05 
 7.12277009e-06  2.29766109e-04 
 7.17903915e-06 -9.54015162e-05 
 7.25010000e-06  2.29122820e-04 
 7.25011000e-06 -3.79047777e-03 
 7.25013000e-06 -4.21460342e-03 
 7.25017000e-06 -3.45935258e-03 
 7.25020000e-06 -3.29000223e-03 
 7.25020074e-06 -3.24880179e-04 
 7.25020223e-06  6.04484982e-04 
 7.25020521e-06  1.02646641e-06 
 7.25021116e-06  4.43951672e-04 
 7.25022306e-06  1.29645271e-04 
 7.25024686e-06  4.89704640e-04 
 7.25029446e-06  2.01803976e-04 
 7.25038967e-06  5.10908677e-04 
 7.25058008e-06  2.32917475e-04 
 7.25091870e-06  6.53984019e-04 
 7.25140714e-06  3.53781480e-04 
 7.25197856e-06  5.78120688e-04 
 7.25257750e-06  3.91580093e-05 
 7.25322436e-06  2.95170879e-04 
 7.25406128e-06 -2.54040422e-05 
 7.25465890e-06  2.79376659e-04 
 7.25535529e-06 -6.98998023e-05 
 7.25618434e-06  2.40588141e-04 
 7.25702492e-06 -7.66989182e-05 
 7.25810894e-06  2.37823072e-04 
 7.25992598e-06 -9.04467425e-05 
 7.26183541e-06  2.26114084e-04 
 7.26471583e-06 -9.20919452e-05 
 7.26854593e-06  2.25892617e-04 
 7.27620614e-06 -9.20884147e-05 
 7.29152656e-06  2.25786332e-04 
 7.32112353e-06 -9.21369185e-05 
 7.38031746e-06  2.25716520e-04 
 7.49870533e-06 -9.21774372e-05 
 7.50000000e-06  2.25545357e-04 
 7.50001000e-06  3.77132267e-03 
 7.50003000e-06  3.67018788e-03 
 7.50007000e-06  4.61872753e-03 
 7.50010000e-06  5.43891158e-03 
 7.50010419e-06  1.48675407e-03 
 7.50011258e-06  1.00242955e-03 
 7.50012935e-06  1.26230918e-03 
 7.50016290e-06  8.19854670e-04 
 7.50022999e-06  1.02787147e-03 
 7.50036418e-06  5.85359760e-04 
 7.50054162e-06  8.47229244e-04 
 7.50089652e-06  4.99473866e-04 
 7.50140831e-06  6.41956406e-04 
 7.50192955e-06  1.10710614e-04 
 7.50245962e-06  4.21240579e-04 
 7.50307579e-06  3.19556264e-05 
 7.50375743e-06  3.01170224e-04 
 7.50455631e-06 -6.24779541e-05 
 7.50541170e-06  2.57666257e-04 
 7.50631261e-06 -7.17798607e-05 
 7.50757199e-06  2.71504718e-04 
 7.50905766e-06 -7.33944933e-05 
 7.51041266e-06  2.61253900e-04 
 7.51180008e-06 -8.55988873e-05 
 7.51308019e-06  2.33779140e-04 
 7.51447515e-06 -9.72609951e-05 
 7.51596584e-06  2.32898092e-04 
 7.51766821e-06 -9.87645650e-05 
 7.52081471e-06  2.32665419e-04 
 7.52534076e-06 -9.89685472e-05 
 7.53430420e-06  2.32642287e-04 
 7.55097965e-06 -9.90168477e-05 
 7.58243316e-06  2.32601498e-04 
 7.64534018e-06 -9.90537130e-05 
 7.75010000e-06  2.32576277e-04 
 7.75011000e-06 -3.78577300e-03 
 7.75013000e-06 -4.20824330e-03 
 7.75017000e-06 -3.45574255e-03 
 7.75020000e-06 -3.28695715e-03 
 7.75020074e-06 -3.23468210e-04 
 7.75020223e-06  6.04113327e-04 
 7.75020521e-06  1.08476390e-06 
 7.75021116e-06  4.43865224e-04 
 7.75022307e-06  1.29250040e-04 
 7.75024688e-06  4.89007380e-04 
 7.75029451e-06  2.00526457e-04 
 7.75038976e-06  5.09254899e-04 
 7.75058026e-06  2.31092542e-04 
 7.75091841e-06  6.52671751e-04 
 7.75140735e-06  3.53620247e-04 
 7.75197859e-06  5.79207396e-04 
 7.75257763e-06  4.07234498e-05 
 7.75322477e-06  2.97358687e-04 
 7.75406340e-06 -2.16941175e-05 
 7.75467047e-06  2.88227006e-04 
 7.75537438e-06 -4.98280801e-05 
 7.75603249e-06  2.58549003e-04 
 7.75675176e-06 -5.94860418e-05 
 7.75765764e-06  2.53114616e-04 
 7.75866801e-06 -7.90148411e-05 
 7.75969654e-06  2.36789625e-04 
 7.76119158e-06 -8.69059593e-05 
 7.76286928e-06  2.26567151e-04 
 7.76516878e-06 -9.20047540e-05 
 7.76804019e-06  2.25622326e-04 
 7.77231144e-06 -9.19035126e-05 
 7.78085393e-06  2.25525399e-04 
 7.79793891e-06 -9.18955403e-05 
 7.83210886e-06  2.25470859e-04 
 7.90044878e-06 -9.19185365e-05 
 8.00000000e-06  2.25442120e-04 
 8.00001000e-06  3.77067685e-03 
 8.00003000e-06  3.66884115e-03 
 8.00007000e-06  4.61852458e-03 
 8.00010000e-06  5.43749539e-03 
 8.00010419e-06  1.48650595e-03 
 8.00011258e-06  1.00117364e-03 
 8.00012935e-06  1.26199203e-03 
 8.00016290e-06  8.18794880e-04 
 8.00023000e-06  1.02780914e-03 
 8.00036418e-06  5.85106658e-04 
 8.00054155e-06  8.47998525e-04 
 8.00089628e-06  4.99388141e-04 
 8.00140631e-06  6.41445948e-04 
 8.00192621e-06  1.08719115e-04 
 8.00248404e-06  4.27901516e-04 
 8.00313999e-06  3.73282500e-05 
 8.00382984e-06  3.01490259e-04 
 8.00461311e-06 -6.14104157e-05 
 8.00524851e-06  2.84177018e-04 
 8.00593723e-06 -4.87337192e-05 
 8.00660678e-06  2.75734010e-04 
 8.00738467e-06 -7.07784300e-05 
 8.00810423e-06  2.59319919e-04 
 8.00919521e-06 -8.49501060e-05 
 8.01024660e-06  2.51231354e-04 
 8.01192143e-06 -7.67261731e-05 
 8.01318623e-06  2.46372814e-04 
 8.01454378e-06 -8.02478722e-05 
 8.01593956e-06  2.46884731e-04 
 8.01749819e-06 -9.00066565e-05 
 8.01915273e-06  2.43673756e-04 
 8.02133382e-06 -8.32680489e-05 
 8.02415742e-06  2.62202152e-04 
 8.02695143e-06 -6.72859981e-05 
 8.03089744e-06  2.61176903e-04 
 8.03653499e-06 -7.42652666e-05 
 8.04415422e-06  2.56601369e-04 
 8.05247497e-06 -6.54086189e-05 
 8.06007812e-06  2.57108985e-04 
 8.06697522e-06 -7.71587009e-05 
 8.07444370e-06  2.53568868e-04 
 8.08267364e-06 -8.23582849e-05 
 8.09286034e-06  2.51248476e-04 
 8.10538390e-06 -8.23880184e-05 
 8.12071088e-06  2.50955580e-04 
 8.15136483e-06 -8.23858242e-05 
 8.19638070e-06  2.50913949e-04 
 8.25010000e-06 -8.23525953e-05 
 8.25011000e-06 -3.78164199e-03 
 8.25013000e-06 -4.18083993e-03 
 8.25017000e-06 -3.43836508e-03 
 8.25020000e-06 -3.25994897e-03 
 8.25020073e-06 -3.15712920e-04 
 8.25020219e-06  6.15484349e-04 
 8.25020511e-06  1.79461210e-05 
 8.25021096e-06  4.53344960e-04 
 8.25022265e-06  1.47688807e-04 
 8.25024603e-06  5.00246505e-04 
 8.25029279e-06  2.20068173e-04 
 8.25038630e-06  5.21194058e-04 
 8.25057334e-06  2.51185790e-04 
 8.25094741e-06  6.70779666e-04 
 8.25141446e-06  3.62634240e-04 
 8.25197526e-06  5.79448703e-04 
 8.25257496e-06  4.68198672e-05 
 8.25321463e-06  2.88918198e-04 
 8.25404501e-06 -2.68621271e-05 
 8.25494637e-06  2.61760897e-04 
 8.25612515e-06 -5.68950913e-05 
 8.25752733e-06  2.54699037e-04 
 8.25885406e-06 -6.48031550e-05 
 8.26110586e-06  2.39745473e-04 
 8.26350750e-06 -7.10531595e-05 
 8.26729108e-06  2.39880421e-04 
 8.27292249e-06 -7.11208545e-05 
 8.28418531e-06  2.39839163e-04 
 8.30671094e-06 -7.11585968e-05 
 8.35151015e-06  2.39802897e-04 
 8.44110858e-06 -7.11834267e-05 
 8.50000000e-06  2.39789005e-04 
