 0.00000000e+00  9.86589081e-05 
 1.00000000e-12  6.53693962e-03 
 2.00000000e-12  7.29675195e-03 
 4.00000000e-12  7.51637111e-03 
 8.00000000e-12  7.18333613e-03 
 1.60000000e-11  7.31331293e-03 
 3.20000000e-11  7.23046469e-03 
 6.40000000e-11  9.14785374e-03 
 1.00000000e-10  1.13415396e-02 
 1.01502794e-10  4.16322919e-03 
 1.04508383e-10  2.65158541e-03 
 1.10519560e-10  3.75442547e-03 
 1.22541915e-10  2.64697260e-03 
 1.46586623e-10  3.30624916e-03 
 1.94676041e-10  2.10574168e-03 
 2.90854876e-10  2.51926955e-03 
 4.60258820e-10  1.38050941e-03 
 7.25633043e-10  1.86635225e-03 
 1.08500997e-09  7.55961182e-04 
 1.56332212e-09  1.41722202e-03 
 2.16618063e-09  5.35501615e-04 
 2.84265288e-09  1.34265636e-03 
 3.60703365e-09  4.86719950e-04 
 4.49802665e-09  1.26796541e-03 
 5.32021870e-09  1.47993945e-04 
 6.12271656e-09  8.83807962e-04 
 6.91792718e-09 -6.51400410e-05 
 7.77860042e-09  7.84544754e-04 
 8.81835735e-09 -1.45433175e-04 
 9.85201298e-09  7.16177188e-04 
 1.08751510e-08 -2.56901397e-04 
 1.20449517e-08  5.46698824e-04 
 1.32440612e-08 -3.25234256e-04 
 1.45181513e-08  5.64736465e-04 
 1.63346291e-08 -2.75640873e-04 
 1.76345077e-08  5.10187054e-04 
 1.90337439e-08 -3.32436735e-04 
 2.03183498e-08  5.11626958e-04 
 2.19511784e-08 -3.36038899e-04 
 2.36692144e-08  5.15340497e-04 
 2.65878286e-08 -3.35102522e-04 
 2.95365754e-08  5.18061354e-04 
 3.24284092e-08 -3.33552574e-04 
 3.64817931e-08  5.18766271e-04 
 4.10076539e-08 -3.39233463e-04 
 4.55882068e-08  5.33487673e-04 
 5.05445523e-08 -1.89670868e-04 
 5.37960587e-08  4.86740967e-04 
 5.72332077e-08 -2.78416496e-04 
 5.96788542e-08  4.96399981e-04 
 6.19467612e-08 -2.96361119e-04 
 6.48398489e-08  5.10499136e-04 
 6.76629628e-08 -2.92332751e-04 
 7.10883448e-08  5.13311076e-04 
 7.52019120e-08 -2.96465971e-04 
 8.03670597e-08  5.15950518e-04 
 8.74461197e-08 -2.98487511e-04 
 9.76661266e-08  5.16736562e-04 
 1.13937870e-07 -2.99469167e-04 
 1.42878292e-07  5.16593696e-04 
 1.81592152e-07 -3.00881133e-04 
 2.35493009e-07  5.13800583e-04 
 2.50100000e-07 -3.04266606e-04 
 2.50110000e-07 -7.78580232e-03 
 2.50130000e-07 -8.40064273e-03 
 2.50170000e-07 -7.21873147e-03 
 2.50200000e-07 -6.71509660e-03 
 2.50200520e-07 -9.59922522e-04 
 2.50201559e-07  9.65614954e-04 
 2.50203638e-07 -9.95086142e-05 
 2.50207796e-07  4.11909737e-04 
 2.50216112e-07  6.69809176e-05 
 2.50232743e-07  4.67836181e-04 
 2.50266007e-07  2.05334487e-04 
 2.50332533e-07  5.00731676e-04 
 2.50437139e-07  2.26849129e-04 
 2.50614573e-07  5.14058191e-04 
 2.50821290e-07  2.61228779e-04 
 2.51149448e-07  6.45850736e-04 
 2.51609797e-07  3.88204503e-04 
 2.52173937e-07  5.91833911e-04 
 2.52779772e-07  7.44529688e-05 
 2.53442980e-07  3.32639307e-04 
 2.54306062e-07  2.61791965e-05 
 2.55241106e-07  3.43682106e-04 
 2.56110069e-07 -1.67269740e-05 
 2.56986678e-07  2.78247009e-04 
 2.57970437e-07 -2.91034220e-05 
 2.58866207e-07  2.71155167e-04 
 2.60657747e-07 -4.10349018e-05 
 2.62630291e-07  2.55560688e-04 
 2.65328478e-07 -4.66578313e-05 
 2.69329696e-07  2.53991397e-04 
 2.74582056e-07 -4.72168976e-05 
 2.85086776e-07  2.52658686e-04 
 3.06096217e-07 -4.94770611e-05 
 3.29642658e-07  2.49157942e-04 
 3.48113107e-07 -6.19704198e-05 
 3.61769792e-07  2.55591963e-04 
 3.71938954e-07 -8.10567766e-05 
 3.79760968e-07  2.46741205e-04 
 3.88149161e-07 -8.76560336e-05 
 3.96833911e-07  2.40090978e-04 
 4.05392560e-07 -8.62747335e-05 
 4.14956801e-07  2.36744484e-04 
 4.33634977e-07 -8.69876826e-05 
 4.54593201e-07  2.33417475e-04 
 4.90961484e-07 -8.97965592e-05 
 5.00000000e-07  2.30071355e-04 
 5.00010000e-07  3.70626014e-03 
 5.00030000e-07  3.64413925e-03 
 5.00070000e-07  4.66699676e-03 
 5.00100000e-07  5.32279825e-03 
 5.00104314e-07  1.49963508e-03 
 5.00112943e-07  1.08470583e-03 
 5.00130200e-07  1.31545270e-03 
 5.00164714e-07  8.77831615e-04 
 5.00233741e-07  1.06164797e-03 
 5.00371797e-07  6.28590649e-04 
 5.00573351e-07  8.62135413e-04 
 5.00953939e-07  4.98674082e-04 
 5.01536964e-07  5.07727061e-04 
 5.02098620e-07  5.90646639e-05 
 5.02773518e-07  3.86797808e-04 
 5.03491330e-07  2.87698686e-05 
 5.04290493e-07  2.88317401e-04 
 5.05131861e-07 -5.94836497e-05 
 5.05935959e-07  2.57805102e-04 
 5.06973006e-07 -6.77104858e-05 
 5.08036231e-07  2.55067033e-04 
 5.09901509e-07 -6.44760301e-05 
 5.12257536e-07  2.76382964e-04 
 5.14438891e-07 -4.57637200e-05 
 5.16827266e-07  2.54374948e-04 
 5.19026096e-07 -7.32546345e-05 
 5.21612460e-07  2.35025263e-04 
 5.24407538e-07 -9.08884553e-05 
 5.29350436e-07  2.30174757e-04 
 5.36139783e-07 -9.25503653e-05 
 5.47273213e-07  2.29622756e-04 
 5.67010847e-07 -9.37192975e-05 
 5.97787596e-07  2.28027997e-04 
 6.58116226e-07 -9.60125510e-05 
 7.50100000e-07  2.25402023e-04 
 7.50110000e-07 -3.71905077e-03 
 7.50130000e-07 -4.06051039e-03 
 7.50170000e-07 -3.56266610e-03 
 7.50200000e-07 -3.27505250e-03 
 7.50200746e-07 -3.70942658e-04 
 7.50202237e-07  4.83565552e-04 
 7.50205220e-07 -1.39216749e-04 
 7.50211186e-07  3.04627321e-04 
 7.50223119e-07 -1.17554018e-05 
 7.50246983e-07  3.58278407e-04 
 7.50294712e-07  8.95211164e-05 
 7.50390169e-07  4.21236104e-04 
 7.50581085e-07  1.52511064e-04 
 7.50959204e-07  5.48805372e-04 
 7.51571854e-07  3.43895162e-04 
 7.52190930e-07  5.61477962e-04 
 7.52840116e-07  1.71499287e-05 
 7.53541362e-07  2.99153883e-04 
 7.54448018e-07 -3.16098798e-05 
 7.55176757e-07  2.81236953e-04 
 7.56006510e-07 -6.01268616e-05 
 7.56735804e-07  2.50964677e-04 
 7.57540855e-07 -6.46854876e-05 
 7.58555228e-07  2.45602415e-04 
 7.59645599e-07 -8.10709490e-05 
 7.60723165e-07  2.31409038e-04 
 7.62510172e-07 -8.78411630e-05 
 7.64130501e-07  2.22755912e-04 
 7.67172264e-07 -9.31356497e-05 
 7.70192142e-07  2.20818548e-04 
 7.74946150e-07 -9.28174407e-05 
 7.82984513e-07  2.20501984e-04 
 7.93636565e-07 -9.28769639e-05 
 8.12048393e-07  2.20226261e-04 
 8.43770343e-07 -9.31479479e-05 
 9.00073808e-07  2.19789949e-04 
 9.97615953e-07 -9.36094702e-05 
 1.00000000e-06  2.19375265e-04 
 1.00001000e-06  3.68507941e-03 
 1.00003000e-06  3.61203374e-03 
 1.00007000e-06  4.65686598e-03 
 1.00010000e-06  5.29865574e-03 
 1.00010430e-06  1.48610720e-03 
 1.00011289e-06  1.07235992e-03 
 1.00013009e-06  1.30160607e-03 
 1.00016447e-06  8.68625822e-04 
 1.00023324e-06  1.05152825e-03 
 1.00037077e-06  6.22299519e-04 
 1.00057188e-06  8.54044692e-04 
 1.00095118e-06  4.93223252e-04 
 1.00153745e-06  4.98352837e-04 
 1.00209256e-06  5.06476896e-05 
 1.00276031e-06  3.88781195e-04 
 1.00352835e-06  3.38604005e-05 
 1.00439974e-06  2.74796383e-04 
 1.00526059e-06 -6.10403195e-05 
 1.00610232e-06  2.73223959e-04 
 1.00687273e-06 -5.64588514e-05 
 1.00760771e-06  2.50374798e-04 
 1.00844960e-06 -7.66907081e-05 
 1.00939003e-06  2.37343965e-04 
 1.01054453e-06 -8.87704296e-05 
 1.01242482e-06  2.36478791e-04 
 1.01475593e-06 -6.73455658e-05 
 1.01645809e-06  2.52741796e-04 
 1.01833187e-06 -6.73869508e-05 
 1.02031874e-06  2.64398795e-04 
 1.02200708e-06 -1.69606736e-05 
 1.02330719e-06  3.18185894e-04 
 1.02451781e-06 -1.45086048e-05 
 1.02568393e-06  3.05318164e-04 
 1.02696046e-06 -2.41779755e-05 
 1.02850202e-06  2.95510133e-04 
 1.03040383e-06 -3.25466157e-05 
 1.03304718e-06  2.89967158e-04 
 1.03633911e-06 -3.77930174e-05 
 1.04292297e-06  2.82512757e-04 
 1.05407008e-06 -4.83016827e-05 
 1.07261422e-06  2.69289118e-04 
 1.10475237e-06 -6.31641065e-05 
 1.16184920e-06  2.56320258e-04 
 1.22122355e-06 -7.08007279e-05 
 1.25010000e-06  2.77892771e-04 
 1.25011000e-06 -3.67513059e-03 
 1.25013000e-06 -4.01831705e-03 
 1.25017000e-06 -3.51181493e-03 
 1.25020000e-06 -3.21463025e-03 
 1.25020075e-06 -3.18235244e-04 
 1.25020224e-06  5.31911349e-04 
 1.25020522e-06 -8.73869574e-05 
 1.25021118e-06  3.54514433e-04 
 1.25022311e-06  3.98736156e-05 
 1.25024696e-06  4.08842825e-04 
 1.25029466e-06  1.42018549e-04 
 1.25039007e-06  4.73785188e-04 
 1.25058089e-06  2.07121953e-04 
 1.25091354e-06  5.82567461e-04 
 1.25155713e-06  4.02870547e-04 
 1.25215525e-06  6.26995956e-04 
 1.25279079e-06  8.66235359e-05 
 1.25349633e-06  3.54800757e-04 
 1.25439571e-06  3.12269065e-05 
 1.25511304e-06  3.37026771e-04 
 1.25592608e-06 -8.52665060e-06 
 1.25678571e-06  2.99134759e-04 
 1.25767665e-06 -5.72782140e-07 
 1.25884330e-06  3.26985588e-04 
 1.26038621e-06  3.15768169e-05 
 1.26167054e-06  2.72682702e-04 
 1.26303063e-06 -3.41116418e-05 
 1.26489246e-06  2.54789070e-04 
 1.26682065e-06 -4.22176400e-05 
 1.26924902e-06  2.56413947e-04 
 1.27410576e-06 -4.38814138e-05 
 1.28051836e-06  2.56095644e-04 
 1.29262594e-06 -4.56275012e-05 
 1.31122746e-06  2.56011661e-04 
 1.32922480e-06 -4.67573599e-05 
 1.35233480e-06  2.52943143e-04 
 1.37996175e-06 -4.99833416e-05 
 1.41779812e-06  2.47838295e-04 
 1.47309878e-06 -5.73123365e-05 
 1.50000000e-06  2.41194566e-04 
 1.50001000e-06  3.70776425e-03 
 1.50003000e-06  3.63203149e-03 
 1.50007000e-06  4.68863244e-03 
 1.50010000e-06  5.32360130e-03 
 1.50010430e-06  1.51600784e-03 
 1.50011290e-06  1.10241802e-03 
 1.50013010e-06  1.33212396e-03 
 1.50016450e-06  8.99968634e-04 
 1.50023330e-06  1.08377840e-03 
 1.50037091e-06  6.52793583e-04 
 1.50056604e-06  8.84879787e-04 
 1.50092681e-06  5.27828714e-04 
 1.50143367e-06  5.79379369e-04 
 1.50195941e-06  9.21212424e-05 
 1.50260479e-06  4.07771159e-04 
 1.50336846e-06  7.32704581e-05 
 1.50412102e-06  3.17958812e-04 
 1.50492744e-06 -3.29450817e-05 
 1.50581253e-06  2.75920735e-04 
 1.50672992e-06 -4.10322130e-05 
 1.50790734e-06  2.79130368e-04 
 1.50928032e-06 -4.59219531e-05 
 1.51054168e-06  2.64792413e-04 
 1.51185562e-06 -5.09930205e-05 
 1.51364362e-06  2.62021051e-04 
 1.51509972e-06 -6.77054269e-05 
 1.51674203e-06  2.50476249e-04 
 1.51833541e-06 -6.83807945e-05 
 1.52017055e-06  2.48222548e-04 
 1.52384084e-06 -6.91118232e-05 
 1.52963712e-06  2.47127641e-04 
 1.54026059e-06 -7.01910990e-05 
 1.56150752e-06  2.45002869e-04 
 1.60400139e-06 -7.38704032e-05 
 1.68898913e-06  2.39362797e-04 
 1.75010000e-06 -7.85533342e-05 
 1.75011000e-06 -3.71365215e-03 
 1.75013000e-06 -4.03860485e-03 
 1.75017000e-06 -3.54835356e-03 
 1.75020000e-06 -3.23083749e-03 
 1.75020073e-06 -3.59896701e-04 
 1.75020219e-06  4.94100342e-04 
 1.75020511e-06 -1.16784892e-04 
 1.75021095e-06  3.13144274e-04 
 1.75022263e-06  8.33644098e-06 
 1.75024599e-06  3.65928014e-04 
 1.75029271e-06  1.08545756e-04 
 1.75038614e-06  4.29250816e-04 
 1.75057301e-06  1.71847395e-04 
 1.75090067e-06  5.32338923e-04 
 1.75155600e-06  3.69037725e-04 
 1.75214866e-06  5.82386091e-04 
 1.75278030e-06  5.32702962e-05 
 1.75348225e-06  3.06292009e-04 
 1.75439587e-06 -6.96280111e-06 
 1.75514303e-06  2.88370857e-04 
 1.75598257e-06 -4.31761351e-05 
 1.75670652e-06  2.44188800e-04 
 1.75751139e-06 -5.62998647e-05 
 1.75855070e-06  2.40224683e-04 
 1.75965712e-06 -5.98525871e-05 
 1.76186996e-06  2.28434656e-04 
 1.76419076e-06 -6.80982298e-05 
 1.76828015e-06  2.27031102e-04 
 1.77266409e-06 -6.80843555e-05 
 1.78143197e-06  2.26687104e-04 
 1.79896774e-06 -6.83984127e-05 
 1.83346724e-06  2.26039569e-04 
 1.90246623e-06 -6.92689330e-05 
 2.00000000e-06  2.25152828e-04 
 2.00001000e-06  3.69154116e-03 
 2.00003000e-06  3.61365207e-03 
 2.00007000e-06  4.67826459e-03 
 2.00010000e-06  5.30630169e-03 
 2.00010430e-06  1.50235745e-03 
 2.00011290e-06  1.08936842e-03 
 2.00013011e-06  1.31847090e-03 
 2.00016452e-06  8.87231866e-04 
 2.00023334e-06  1.07045832e-03 
 2.00037098e-06  6.40112476e-04 
 2.00056607e-06  8.71445729e-04 
 2.00092698e-06  5.14981506e-04 
 2.00143414e-06  5.65345773e-04 
 2.00196007e-06  7.89670299e-05 
 2.00260430e-06  3.94912725e-04 
 2.00336620e-06  6.28513968e-05 
 2.00412177e-06  3.06553170e-04 
 2.00497319e-06 -4.82546692e-05 
 2.00572282e-06  2.68369095e-04 
 2.00653852e-06 -5.00431258e-05 
 2.00755897e-06  2.62533030e-04 
 2.00852955e-06 -6.39325690e-05 
 2.00954492e-06  2.47596023e-04 
 2.01096953e-06 -7.55495311e-05 
 2.01251258e-06  2.41889576e-04 
 2.01510134e-06 -6.12542427e-05 
 2.01830446e-06  2.67857190e-04 
 2.02061001e-06 -3.16930230e-05 
 2.02269630e-06  3.14123569e-04 
 2.02473266e-06 -8.57290611e-06 
 2.02666300e-06  2.92796041e-04 
 2.02849527e-06 -2.90962348e-05 
 2.03081386e-06  2.78670259e-04 
 2.03305446e-06 -3.85310107e-05 
 2.03602691e-06  2.71970701e-04 
 2.03962955e-06 -4.60342131e-05 
 2.04468189e-06  2.65018004e-04 
 2.05197215e-06 -5.31560461e-05 
 2.06260211e-06  2.59034202e-04 
 2.07898532e-06 -5.68956497e-05 
 2.10396803e-06  2.56426200e-04 
 2.14295866e-06 -6.21680025e-05 
 2.20559935e-06  2.43660532e-04 
 2.25010000e-06 -7.41415200e-05 
 2.25011000e-06 -3.71448837e-03 
 2.25013000e-06 -4.04098633e-03 
 2.25017000e-06 -3.54829882e-03 
 2.25020000e-06 -3.22381883e-03 
 2.25020073e-06 -3.54669365e-04 
 2.25020219e-06  4.98036449e-04 
 2.25020511e-06 -1.12263551e-04 
 2.25021095e-06  3.17365328e-04 
 2.25022263e-06  1.30410634e-05 
 2.25024600e-06  3.70544466e-04 
 2.25029272e-06  1.13633294e-04 
 2.25038617e-06  4.34115983e-04 
 2.25057308e-06  1.76900253e-04 
 2.25090193e-06  5.37299898e-04 
 2.25155963e-06  3.72464861e-04 
 2.25215434e-06  5.83626375e-04 
 2.25278794e-06  5.45709827e-05 
 2.25349001e-06  3.10429641e-04 
 2.25440038e-06 -2.22988916e-06 
 2.25515951e-06  2.91141891e-04 
 2.25600937e-06 -4.57182771e-05 
 2.25687180e-06  2.45439660e-04 
 2.25777617e-06 -5.35708943e-05 
 2.25898066e-06  2.42422234e-04 
 2.26085051e-06 -6.21458193e-05 
 2.26325561e-06  2.30655114e-04 
 2.26640901e-06 -6.59124833e-05 
 2.27070681e-06  2.30161739e-04 
 2.27770103e-06 -6.63653881e-05 
 2.29168948e-06  2.29269173e-04 
 2.31863475e-06 -6.76541327e-05 
 2.37252530e-06  2.27605340e-04 
 2.42441871e-06 -6.87036101e-05 
 2.50000000e-06  2.26846525e-04 
 2.50001000e-06  3.69133832e-03 
 2.50003000e-06  3.61311158e-03 
 2.50007000e-06  4.68144371e-03 
 2.50010000e-06  5.30629361e-03 
 2.50010430e-06  1.50342427e-03 
 2.50011290e-06  1.09008675e-03 
 2.50013011e-06  1.31984950e-03 
 2.50016452e-06  8.87782156e-04 
 2.50023335e-06  1.07170511e-03 
 2.50037100e-06  6.40656413e-04 
 2.50056622e-06  8.72637498e-04 
 2.50092718e-06  5.15506834e-04 
 2.50143468e-06  5.66658151e-04 
 2.50196071e-06  7.97763808e-05 
 2.50260431e-06  3.95833433e-04 
 2.50336911e-06  6.10882157e-05 
 2.50412119e-06  3.06174651e-04 
 2.50495429e-06 -4.52576027e-05 
 2.50594506e-06  2.63720487e-04 
 2.50685103e-06 -5.22668519e-05 
 2.50810157e-06  2.67422865e-04 
 2.50926437e-06 -5.80654781e-05 
 2.51068743e-06  2.53359525e-04 
 2.51198500e-06 -6.07495683e-05 
 2.51362009e-06  2.50506881e-04 
 2.51497351e-06 -7.83685510e-05 
 2.51654404e-06  2.39627707e-04 
 2.51807524e-06 -7.90985816e-05 
 2.51985295e-06  2.37726180e-04 
 2.52340836e-06 -7.95529259e-05 
 2.52920498e-06  2.37276131e-04 
 2.53980046e-06 -7.95637193e-05 
 2.56091888e-06  2.37165041e-04 
 2.60315573e-06 -7.96663278e-05 
 2.68762941e-06  2.37015135e-04 
 2.75010000e-06 -7.97622839e-05 
 2.75011000e-06 -3.71429109e-03 
 2.75013000e-06 -4.03934115e-03 
 2.75017000e-06 -3.54762711e-03 
 2.75020000e-06 -3.22260678e-03 
 2.75020073e-06 -3.57598415e-04 
 2.75020219e-06  4.92286606e-04 
 2.75020511e-06 -1.16504343e-04 
 2.75021095e-06  3.12271454e-04 
 2.75022263e-06  8.28254516e-06 
 2.75024599e-06  3.64952166e-04 
 2.75029270e-06  1.08095109e-04 
 2.75038614e-06  4.27833917e-04 
 2.75057301e-06  1.70881651e-04 
 2.75090053e-06  5.30909277e-04 
 2.75155557e-06  3.68315707e-04 
 2.75215134e-06  5.80047253e-04 
 2.75278495e-06  5.13825171e-05 
 2.75348724e-06  3.04923030e-04 
 2.75439935e-06 -7.69877657e-06 
 2.75514359e-06  2.86831850e-04 
 2.75598066e-06 -4.38234890e-05 
 2.75670389e-06  2.42998580e-04 
 2.75750700e-06 -5.69083819e-05 
 2.75854286e-06  2.39004539e-04 
 2.75964539e-06 -6.04170843e-05 
 2.76185046e-06  2.27262846e-04 
 2.76416762e-06 -6.86512390e-05 
 2.76824721e-06  2.25922973e-04 
 2.77261840e-06 -6.85089551e-05 
 2.78136077e-06  2.25767169e-04 
 2.79884552e-06 -6.84743314e-05 
 2.83381501e-06  2.25706223e-04 
 2.90375399e-06 -6.84918920e-05 
 3.00000000e-06  2.25669472e-04 
 3.00001000e-06  3.68853177e-03 
 3.00003000e-06  3.60911068e-03 
 3.00007000e-06  4.68188432e-03 
 3.00010000e-06  5.30269171e-03 
 3.00010430e-06  1.50225603e-03 
 3.00011290e-06  1.08959166e-03 
 3.00013011e-06  1.31846224e-03 
 3.00016452e-06  8.87761339e-04 
 3.00023334e-06  1.07087440e-03 
 3.00037098e-06  6.41066958e-04 
 3.00056612e-06  8.72063715e-04 
 3.00092709e-06  5.15975095e-04 
 3.00143462e-06  5.65780965e-04 
 3.00196064e-06  7.99128336e-05 
 3.00260386e-06  3.95641384e-04 
 3.00336663e-06  6.30695479e-05 
 3.00412185e-06  3.05509818e-04 
 3.00497342e-06 -4.94028995e-05 
 3.00574834e-06  2.69659591e-04 
 3.00655410e-06 -4.92811843e-05 
 3.00763183e-06  2.62130299e-04 
 3.00863235e-06 -6.39305928e-05 
 3.00964293e-06  2.47410918e-04 
 3.01107103e-06 -7.48087955e-05 
 3.01273637e-06  2.43701251e-04 
 3.01545865e-06 -5.73499307e-05 
 3.01836241e-06  2.68346155e-04 
 3.02064747e-06 -1.45792794e-05 
 3.02252238e-06  3.09353970e-04 
 3.02429491e-06 -1.73122459e-05 
 3.02588388e-06  2.87556891e-04 
 3.02760428e-06 -3.72599685e-05 
 3.02962657e-06  2.70832581e-04 
 3.03158245e-06 -4.84755405e-05 
 3.03453412e-06  2.63621671e-04 
 3.03777606e-06 -5.56105677e-05 
 3.04343487e-06  2.54067452e-04 
 3.04955497e-06 -6.85876230e-05 
 3.05523410e-06  2.45120591e-04 
 3.06035329e-06 -6.73082955e-05 
 3.06511447e-06  2.76601994e-04 
 3.06889831e-06 -8.64866510e-05 
 3.07308438e-06  2.55333514e-04 
 3.07695203e-06 -8.23663668e-05 
 3.08144571e-06  2.49699688e-04 
 3.08868853e-06 -8.69687506e-05 
 3.09613160e-06  2.38760928e-04 
 3.10339213e-06 -9.14985395e-05 
 3.11213893e-06  2.35143400e-04 
 3.12157118e-06 -9.44419769e-05 
 3.13958980e-06  2.30815333e-04 
 3.16659560e-06 -9.83352098e-05 
 3.20758731e-06  2.27618822e-04 
 3.24879460e-06 -9.99063964e-05 
 3.25010000e-06  2.25370194e-04 
 3.25011000e-06 -3.72257749e-03 
 3.25013000e-06 -4.06712955e-03 
 3.25017000e-06 -3.55942983e-03 
 3.25020000e-06 -3.24713145e-03 
 3.25020074e-06 -3.63373417e-04 
 3.25020223e-06  4.78802038e-04 
 3.25020521e-06 -1.36401123e-04 
 3.25021117e-06  3.02848668e-04 
 3.25022309e-06 -9.43986141e-06 
 3.25024692e-06  3.57550400e-04 
 3.25029459e-06  9.23795969e-05 
 3.25038993e-06  4.20935998e-04 
 3.25058060e-06  1.54512536e-04 
 3.25091246e-06  5.26958667e-04 
 3.25157384e-06  3.47522566e-04 
 3.25217646e-06  5.62247864e-04 
 3.25281770e-06  2.36248684e-05 
 3.25351950e-06  2.93127718e-04 
 3.25441611e-06 -3.16791353e-05 
 3.25511770e-06  2.72281079e-04 
 3.25591761e-06 -7.35075920e-05 
 3.25677098e-06  2.29644855e-04 
 3.25765079e-06 -7.87926006e-05 
 3.25880810e-06  2.29119781e-04 
 3.26071082e-06 -8.59070008e-05 
 3.26319864e-06  2.17064653e-04 
 3.26619039e-06 -8.99993566e-05 
 3.27052494e-06  2.16915690e-04 
 3.27695699e-06 -9.00683955e-05 
 3.28982108e-06  2.16697234e-04 
 3.31554926e-06 -9.03130011e-05 
 3.36700562e-06  2.16315560e-04 
 3.46991835e-06 -9.07131740e-05 
 3.50000000e-06  2.16083794e-04 
 3.50001000e-06  3.67332709e-03 
 3.50003000e-06  3.59455840e-03 
 3.50007000e-06  4.66968963e-03 
 3.50010000e-06  5.28927589e-03 
 3.50010430e-06  1.48818455e-03 
 3.50011290e-06  1.07505956e-03 
 3.50013010e-06  1.30399952e-03 
 3.50016450e-06  8.71055016e-04 
 3.50023330e-06  1.05432958e-03 
 3.50037089e-06  6.23848125e-04 
 3.50056610e-06  8.56150984e-04 
 3.50092690e-06  4.99412514e-04 
 3.50143530e-06  5.51455159e-04 
 3.50196201e-06  6.57459145e-05 
 3.50256371e-06  3.73589841e-04 
 3.50327825e-06  3.86227914e-05 
 3.50402603e-06  2.92697312e-04 
 3.50494950e-06 -6.44713266e-05 
 3.50584297e-06  2.47277174e-04 
 3.50684599e-06 -6.78871679e-05 
 3.50798197e-06  2.55270234e-04 
 3.50925592e-06 -7.38404483e-05 
 3.51048158e-06  2.39081671e-04 
 3.51174787e-06 -7.66425807e-05 
 3.51347998e-06  2.32452399e-04 
 3.51491355e-06 -9.47304966e-05 
 3.51647954e-06  2.23078269e-04 
 3.51803947e-06 -9.52143502e-05 
 3.51985926e-06  2.21304875e-04 
 3.52341502e-06 -9.55485159e-05 
 3.52854493e-06  2.20936521e-04 
 3.53880473e-06 -9.55244977e-05 
 3.55932435e-06  2.20871139e-04 
 3.60036357e-06 -9.55569353e-05 
 3.68244202e-06  2.20812433e-04 
 3.75010000e-06 -9.55890043e-05 
 3.75011000e-06 -3.73119281e-03 
 3.75013000e-06 -4.05647646e-03 
 3.75017000e-06 -3.56480461e-03 
 3.75020000e-06 -3.23532208e-03 
 3.75020073e-06 -3.73122874e-04 
 3.75020219e-06  4.74767632e-04 
 3.75020511e-06 -1.33217192e-04 
 3.75021095e-06  2.95240936e-04 
 3.75022263e-06 -7.59584072e-06 
 3.75024599e-06  3.49272792e-04 
 3.75029271e-06  9.37545811e-05 
 3.75038615e-06  4.12790243e-04 
 3.75057302e-06  1.55504232e-04 
 3.75090051e-06  5.14582005e-04 
 3.75155549e-06  3.52466982e-04 
 3.75215329e-06  5.62931803e-04 
 3.75278816e-06  3.49898761e-05 
 3.75349070e-06  2.88849902e-04 
 3.75440070e-06 -2.27593166e-05 
 3.75514423e-06  2.71997613e-04 
 3.75598078e-06 -5.07212910e-05 
 3.75670467e-06  2.39814672e-04 
 3.75750838e-06 -5.60173063e-05 
 3.75853949e-06  2.31883442e-04 
 3.75963802e-06 -7.20112444e-05 
 3.76076484e-06  2.20097294e-04 
 3.76246411e-06 -7.90551516e-05 
 3.76449450e-06  2.10738024e-04 
 3.76716083e-06 -8.43028304e-05 
 3.77068010e-06  2.09465041e-04 
 3.77522959e-06 -8.40713416e-05 
 3.78432857e-06  2.09310113e-04 
 3.79808920e-06 -8.40125381e-05 
 3.82561047e-06  2.09247439e-04 
 3.88065300e-06 -8.40115518e-05 
 3.99073806e-06  2.09216122e-04 
 4.00000000e-06 -8.39756268e-05 
 4.00001000e-06  3.65941953e-03 
 4.00003000e-06  3.60051428e-03 
 4.00007000e-06  4.66064790e-03 
 4.00010000e-06  5.29520906e-03 
 4.00010434e-06  1.48618635e-03 
 4.00011301e-06  1.07457127e-03 
 4.00013035e-06  1.30106606e-03 
 4.00016504e-06  8.69921237e-04 
 4.00023441e-06  1.05150057e-03 
 4.00037316e-06  6.23410817e-04 
 4.00056891e-06  8.55109313e-04 
 4.00093289e-06  4.99122006e-04 
 4.00144751e-06  5.42780295e-04 
 4.00197832e-06  6.17170691e-05 
 4.00261922e-06  3.79707440e-04 
 4.00338266e-06  4.57245816e-05 
 4.00414515e-06  2.91968490e-04 
 4.00498299e-06 -5.94908126e-05 
 4.00569521e-06  2.66806596e-04 
 4.00648320e-06 -5.02292933e-05 
 4.00720256e-06  2.54345228e-04 
 4.00804311e-06 -7.12205445e-05 
 4.00886205e-06  2.40432754e-04 
 4.00994601e-06 -8.38547194e-05 
 4.01117549e-06  2.34543448e-04 
 4.01321714e-06 -7.20711274e-05 
 4.01459208e-06  2.39770610e-04 
 4.01611845e-06 -5.86954037e-05 
 4.01766975e-06  2.53256523e-04 
 4.01940008e-06 -4.10163526e-05 
 4.02100826e-06  3.06708718e-04 
 4.02235438e-06 -1.32796853e-05 
 4.02381349e-06  2.94630805e-04 
 4.02514290e-06 -3.27770940e-05 
 4.02663872e-06  2.76035157e-04 
 4.02812837e-06 -4.72942779e-05 
 4.02970288e-06  2.62568646e-04 
 4.03229079e-06 -5.51882699e-05 
 4.03524990e-06  2.55728529e-04 
 4.04116812e-06 -5.95701173e-05 
 4.04918132e-06  2.51659871e-04 
 4.06177272e-06 -6.69202989e-05 
 4.07926152e-06  2.36592623e-04 
 4.09681656e-06 -8.47210304e-05 
 4.11793597e-06  2.23962608e-04 
 4.13776761e-06 -9.05092454e-05 
 4.15894321e-06  2.20708982e-04 
 4.17697678e-06 -9.32992737e-05 
 4.19892378e-06  2.19693655e-04 
 4.22387078e-06 -9.43005784e-05 
 4.24921800e-06  2.18990283e-04 
 4.25010000e-06 -9.40098698e-05 
 4.25011000e-06 -3.73685508e-03 
 4.25013000e-06 -4.06387646e-03 
 4.25017000e-06 -3.57012389e-03 
 4.25020000e-06 -3.23690204e-03 
 4.25020073e-06 -3.73579698e-04 
 4.25020219e-06  4.74827709e-04 
 4.25020511e-06 -1.33668628e-04 
 4.25021095e-06  2.95160725e-04 
 4.25022263e-06 -7.67179559e-06 
 4.25024600e-06  3.49760618e-04 
 4.25029273e-06  9.46960164e-05 
 4.25038619e-06  4.14351912e-04 
 4.25057311e-06  1.57135271e-04 
 4.25089973e-06  5.15514366e-04 
 4.25155299e-06  3.52614621e-04 
 4.25215144e-06  5.62590782e-04 
 4.25278646e-06  3.37009656e-05 
 4.25348919e-06  2.87308698e-04 
 4.25440174e-06 -2.48166895e-05 
 4.25513473e-06  2.65446592e-04 
 4.25596407e-06 -6.89384283e-05 
 4.25681832e-06  2.22282955e-04 
 4.25770789e-06 -7.35703140e-05 
 4.25888514e-06  2.21515807e-04 
 4.26078850e-06 -8.08133930e-05 
 4.26322147e-06  2.09721894e-04 
 4.26630081e-06 -8.47028880e-05 
 4.27061293e-06  2.09574044e-04 
 4.27717694e-06 -8.46677164e-05 
 4.29030498e-06  2.09510986e-04 
 4.31656105e-06 -8.46365487e-05 
 4.36907318e-06  2.09537547e-04 
 4.47409746e-06 -8.45719106e-05 
 4.50000000e-06  2.09559575e-04 
 4.50001000e-06  3.67132463e-03 
 4.50003000e-06  3.59289489e-03 
 4.50007000e-06  4.67024177e-03 
 4.50010000e-06  5.28751421e-03 
 4.50010431e-06  1.48725025e-03 
 4.50011292e-06  1.07406939e-03 
 4.50013014e-06  1.30322300e-03 
 4.50016458e-06  8.70014578e-04 
 4.50023347e-06  1.05340362e-03 
 4.50037124e-06  6.22848796e-04 
 4.50056632e-06  8.55446979e-04 
 4.50092634e-06  4.98829539e-04 
 4.50143441e-06  5.51361850e-04 
 4.50196070e-06  6.56848629e-05 
 4.50256158e-06  3.73254204e-04 
 4.50327556e-06  3.83194287e-05 
 4.50402287e-06  2.92365749e-04 
 4.50494554e-06 -6.43800443e-05 
 4.50583711e-06  2.47031025e-04 
 4.50683812e-06 -6.74432321e-05 
 4.50798151e-06  2.54224435e-04 
 4.50916146e-06 -7.45125906e-05 
 4.51038114e-06  2.39739128e-04 
 4.51163809e-06 -7.52292014e-05 
 4.51325446e-06  2.30239591e-04 
 4.51468040e-06 -9.48014948e-05 
 4.51620031e-06  2.22482439e-04 
 4.51784775e-06 -9.54509469e-05 
 4.51971412e-06  2.21025879e-04 
 4.52314439e-06 -9.56885217e-05 
 4.52816858e-06  2.20765296e-04 
 4.53819762e-06 -9.56649099e-05 
 4.55736604e-06  2.20723086e-04 
 4.59438427e-06 -9.56723972e-05 
 4.66842073e-06  2.20701689e-04 
 4.75010000e-06 -9.56788819e-05 
 4.75011000e-06 -3.73136561e-03 
 4.75013000e-06 -4.05677917e-03 
 4.75017000e-06 -3.56483785e-03 
 4.75020000e-06 -3.23281701e-03 
 4.75020073e-06 -3.72365623e-04 
 4.75020219e-06  4.74666594e-04 
 4.75020511e-06 -1.32768240e-04 
 4.75021094e-06  2.95199945e-04 
 4.75022262e-06 -7.28735023e-06 
 4.75024597e-06  3.49221608e-04 
 4.75029266e-06  9.41318508e-05 
 4.75038606e-06  4.12775159e-04 
 4.75057284e-06  1.56083936e-04 
 4.75089802e-06  5.13472939e-04 
 4.75154837e-06  3.53025789e-04 
 4.75214705e-06  5.63578667e-04 
 4.75278136e-06  3.65499020e-05 
 4.75348425e-06  2.88320333e-04 
 4.75439993e-06 -2.20428020e-05 
 4.75514491e-06  2.71800112e-04 
 4.75598207e-06 -5.01877307e-05 
 4.75670716e-06  2.39069816e-04 
 4.75751148e-06 -5.54555713e-05 
 4.75854881e-06  2.30951044e-04 
 4.75965113e-06 -7.13125598e-05 
 4.76078835e-06  2.19311844e-04 
 4.76246517e-06 -7.84236872e-05 
 4.76455814e-06  2.09827106e-04 
 4.76717523e-06 -8.36690929e-05 
 4.77077223e-06  2.08652876e-04 
 4.77529363e-06 -8.34492864e-05 
 4.78433643e-06  2.08500425e-04 
 4.79862704e-06 -8.33906799e-05 
 4.82720826e-06  2.08441494e-04 
 4.88437071e-06 -8.33872101e-05 
 4.99869560e-06  2.08414999e-04 
 5.00000000e-06 -8.31000525e-05 
 5.00001000e-06  3.65818233e-03 
 5.00003000e-06  3.59933746e-03 
 5.00007000e-06  4.66175506e-03 
 5.00010000e-06  5.29455441e-03 
 5.00010434e-06  1.48624783e-03 
 5.00011301e-06  1.07515710e-03 
 5.00013036e-06  1.30069364e-03 
 5.00016506e-06  8.70370618e-04 
 5.00023445e-06  1.05077704e-03 
 5.00037325e-06  6.23529967e-04 
 5.00056872e-06  8.54202476e-04 
 5.00093163e-06  4.99536350e-04 
 5.00144506e-06  5.43224819e-04 
 5.00197488e-06  6.25140045e-05 
 5.00261289e-06  3.78390044e-04 
 5.00337633e-06  4.61197077e-05 
 5.00413902e-06  2.91454818e-04 
 5.00497462e-06 -5.88357137e-05 
 5.00568674e-06  2.66477801e-04 
 5.00647515e-06 -4.93512796e-05 
 5.00719551e-06  2.52721305e-04 
 5.00803798e-06 -7.16476576e-05 
 5.00891193e-06  2.38125292e-04 
 5.00997891e-06 -8.35741394e-05 
 5.01133298e-06  2.36227117e-04 
 5.01334588e-06 -7.43642331e-05 
 5.01465876e-06  2.38989415e-04 
 5.01619083e-06 -5.99260068e-05 
 5.01788097e-06  2.49583472e-04 
 5.01956259e-06 -4.45459054e-05 
 5.02131451e-06  2.94436374e-04 
 5.02285180e-06 -2.79294731e-05 
 5.02445757e-06  2.75159939e-04 
 5.02581383e-06 -4.79154377e-05 
 5.02730118e-06  2.58620824e-04 
 5.02910378e-06 -5.93332256e-05 
 5.03096800e-06  2.51775235e-04 
 5.03386212e-06 -5.98912793e-05 
 5.03707518e-06  2.52106535e-04 
 5.04350131e-06 -4.62746926e-05 
 5.04965365e-06  2.69610500e-04 
 5.05731879e-06 -3.57934881e-05 
 5.06359786e-06  2.66876371e-04 
 5.06807611e-06 -8.98909215e-05 
 5.07226025e-06  2.52630644e-04 
 5.07666222e-06 -8.55723185e-05 
 5.08346268e-06  2.46293903e-04 
 5.09237492e-06 -8.51260825e-05 
 5.10513466e-06  2.43321368e-04 
 5.12431162e-06 -8.51451313e-05 
 5.15155765e-06  2.42154097e-04 
 5.19325330e-06 -8.49206920e-05 
 5.25010000e-06  2.41908437e-04 
 5.25011000e-06 -3.70529598e-03 
 5.25013000e-06 -4.04803366e-03 
 5.25017000e-06 -3.53780503e-03 
 5.25020000e-06 -3.22046504e-03 
 5.25020074e-06 -3.40618556e-04 
 5.25020223e-06  4.98736663e-04 
 5.25020521e-06 -1.14678110e-04 
 5.25021117e-06  3.23481065e-04 
 5.25022309e-06  1.08721920e-05 
 5.25024692e-06  3.76433709e-04 
 5.25029458e-06  1.10076882e-04 
 5.25038991e-06  4.37052206e-04 
 5.25058057e-06  1.70331316e-04 
 5.25091250e-06  5.42242259e-04 
 5.25157448e-06  3.62912214e-04 
 5.25217989e-06  5.76342120e-04 
 5.25282313e-06  3.82512903e-05 
 5.25352548e-06  3.11811022e-04 
 5.25443043e-06 -1.15906582e-05 
 5.25516107e-06  2.92131672e-04 
 5.25599078e-06 -5.47332252e-05 
 5.25684274e-06  2.46977499e-04 
 5.25773159e-06 -6.30894966e-05 
 5.25891855e-06  2.44127852e-04 
 5.26077503e-06 -7.12105243e-05 
 5.26320624e-06  2.32393034e-04 
 5.26629068e-06 -7.49495012e-05 
 5.27058684e-06  2.32262248e-04 
 5.27727376e-06 -7.49061164e-05 
 5.29064761e-06  2.32194774e-04 
 5.31662694e-06 -7.48871373e-05 
 5.36858560e-06  2.32188606e-04 
 5.47250293e-06 -7.48657151e-05 
 5.50000000e-06  2.32186441e-04 
 5.50001000e-06  3.68571023e-03 
 5.50003000e-06  3.60649261e-03 
 5.50007000e-06  4.68476347e-03 
 5.50010000e-06  5.30071117e-03 
 5.50010430e-06  1.50213731e-03 
 5.50011290e-06  1.08901409e-03 
 5.50013010e-06  1.31883885e-03 
 5.50016450e-06  8.87181167e-04 
 5.50023330e-06  1.07129345e-03 
 5.50037089e-06  6.40559074e-04 
 5.50056608e-06  8.72350601e-04 
 5.50092679e-06  5.15490810e-04 
 5.50143362e-06  5.66883404e-04 
 5.50195934e-06  7.97621489e-05 
 5.50260199e-06  3.95512463e-04 
 5.50336738e-06  6.11034003e-05 
 5.50411818e-06  3.05662792e-04 
 5.50492997e-06 -4.47077724e-05 
 5.50582552e-06  2.63660250e-04 
 5.50675159e-06 -5.24049288e-05 
 5.50793574e-06  2.66601711e-04 
 5.50911700e-06 -5.77811766e-05 
 5.51035051e-06  2.56282085e-04 
 5.51161667e-06 -5.91688349e-05 
 5.51321398e-06  2.44711904e-04 
 5.51470477e-06 -7.86888115e-05 
 5.51625347e-06  2.38290222e-04 
 5.51805623e-06 -7.93555212e-05 
 5.52006197e-06  2.37084242e-04 
 5.52359779e-06 -7.94881245e-05 
 5.52879528e-06  2.36893956e-04 
 5.53848481e-06 -7.94638946e-05 
 5.55653523e-06  2.36850758e-04 
 5.58987634e-06 -7.94731766e-05 
 5.65601673e-06  2.36825530e-04 
 5.75010000e-06 -7.94841265e-05 
 5.75011000e-06 -3.71453909e-03 
 5.75013000e-06 -4.03925381e-03 
 5.75017000e-06 -3.54575406e-03 
 5.75020000e-06 -3.21253309e-03 
 5.75020073e-06 -3.53227344e-04 
 5.75020219e-06  4.92492990e-04 
 5.75020511e-06 -1.14277082e-04 
 5.75021095e-06  3.13359218e-04 
 5.75022263e-06  1.00356207e-05 
 5.75024599e-06  3.65708162e-04 
 5.75029270e-06  1.09115452e-04 
 5.75038614e-06  4.27762751e-04 
 5.75057301e-06  1.71126930e-04 
 5.75090038e-06  5.30728320e-04 
 5.75155513e-06  3.68697076e-04 
 5.75215545e-06  5.78460228e-04 
 5.75279192e-06  5.01061876e-05 
 5.75349485e-06  3.04710077e-04 
 5.75440492e-06 -7.38240884e-06 
 5.75514476e-06  2.86342987e-04 
 5.75597817e-06 -4.33923135e-05 
 5.75670035e-06  2.42872757e-04 
 5.75750161e-06 -5.64792362e-05 
 5.75853377e-06  2.38842108e-04 
 5.75963142e-06 -6.00398540e-05 
 5.76182672e-06  2.27100435e-04 
 5.76414148e-06 -6.83318052e-05 
 5.76820782e-06  2.25723506e-04 
 5.77256560e-06 -6.81875220e-05 
 5.78128116e-06  2.25569455e-04 
 5.79871229e-06 -6.81472484e-05 
 5.83357455e-06  2.25517227e-04 
 5.90329907e-06 -6.81519987e-05 
 6.00000000e-06  2.25492699e-04 
 6.00001000e-06  3.68392586e-03 
 6.00003000e-06  3.60443123e-03 
 6.00007000e-06  4.68412780e-03 
 6.00010000e-06  5.29866978e-03 
 6.00010430e-06  1.50130128e-03 
 6.00011290e-06  1.08890521e-03 
 6.00013011e-06  1.31780485e-03 
 6.00016452e-06  8.87486944e-04 
 6.00023335e-06  1.07080581e-03 
 6.00037099e-06  6.41230867e-04 
 6.00056608e-06  8.72106584e-04 
 6.00092709e-06  5.16131289e-04 
 6.00143438e-06  5.65875711e-04 
 6.00196039e-06  8.00343065e-05 
 6.00260275e-06  3.95602266e-04 
 6.00336572e-06  6.27762233e-05 
 6.00412087e-06  3.05078005e-04 
 6.00497208e-06 -4.82963301e-05 
 6.00574597e-06  2.71337235e-04 
 6.00655178e-06 -4.84055443e-05 
 6.00730636e-06  2.61675201e-04 
 6.00819602e-06 -6.22048575e-05 
 6.00909787e-06  2.48351119e-04 
 6.01026051e-06 -7.29290548e-05 
 6.01204899e-06  2.41282373e-04 
 6.01418270e-06 -6.49585803e-05 
 6.01683096e-06  2.66829576e-04 
 6.01900228e-06 -4.96522129e-05 
 6.02132659e-06  2.97747477e-04 
 6.02301162e-06 -2.56738232e-05 
 6.02458487e-06  2.74697502e-04 
 6.02592201e-06 -4.36510178e-05 
 6.02742387e-06  2.62022833e-04 
 6.02917122e-06 -5.43873692e-05 
 6.03121099e-06  2.53538623e-04 
 6.03392918e-06 -6.43133496e-05 
 6.03739649e-06  2.33742365e-04 
 6.04339590e-06 -8.55313526e-05 
 6.04976546e-06  2.26879410e-04 
 6.05638589e-06 -5.70414741e-05 
 6.06117930e-06  2.05379731e-04 
 6.06615878e-06 -7.04501771e-05 
 6.07125747e-06  2.10066894e-04 
 6.07695273e-06 -7.63011893e-05 
 6.08403448e-06  2.06185964e-04 
 6.09122965e-06 -8.13989656e-05 
 6.09983731e-06  2.07844187e-04 
 6.10780614e-06 -8.29106327e-05 
 6.12374382e-06  2.08675980e-04 
 6.14363842e-06 -8.35671587e-05 
 6.17414905e-06  2.08960038e-04 
 6.21611280e-06 -8.38794542e-05 
 6.25010000e-06  2.09140711e-04 
 6.25011000e-06 -3.73675469e-03 
 6.25013000e-06 -4.07788834e-03 
 6.25017000e-06 -3.56561560e-03 
 6.25020000e-06 -3.24583045e-03 
 6.25020074e-06 -3.66185757e-04 
 6.25020223e-06  4.73005789e-04 
 6.25020521e-06 -1.40545379e-04 
 6.25021117e-06  2.98166101e-04 
 6.25022309e-06 -1.32584159e-05 
 6.25024692e-06  3.54007997e-04 
 6.25029459e-06  9.00197416e-05 
 6.25038992e-06  4.19029681e-04 
 6.25058059e-06  1.53380295e-04 
 6.25091304e-06  5.26148963e-04 
 6.25157127e-06  3.46768852e-04 
 6.25217842e-06  5.60344440e-04 
 6.25282205e-06  2.18343827e-05 
 6.25352442e-06  2.91928046e-04 
 6.25442033e-06 -3.24277341e-05 
 6.25511816e-06  2.71197249e-04 
 6.25591451e-06 -7.43064741e-05 
 6.25676675e-06  2.28576369e-04 
 6.25764387e-06 -7.95343575e-05 
 6.25880242e-06  2.28056764e-04 
 6.26071497e-06 -8.66260905e-05 
 6.26320591e-06  2.16017149e-04 
 6.26619662e-06 -9.06596770e-05 
 6.27053342e-06  2.15926682e-04 
 6.27696380e-06 -9.06495272e-05 
 6.28982456e-06  2.15838908e-04 
 6.31554610e-06 -9.06727471e-05 
 6.36698916e-06  2.15779102e-04 
 6.46987528e-06 -9.07118019e-05 
 6.50000000e-06  2.15745436e-04 
 6.50001000e-06  3.66973116e-03 
 6.50003000e-06  3.59124836e-03 
 6.50007000e-06  4.67104799e-03 
 6.50010000e-06  5.28637054e-03 
 6.50010430e-06  1.48738186e-03 
 6.50011290e-06  1.07442233e-03 
 6.50013010e-06  1.30334467e-03 
 6.50016450e-06  8.70627504e-04 
 6.50023330e-06  1.05396016e-03 
 6.50037089e-06  6.23693667e-04 
 6.50056610e-06  8.55942042e-04 
 6.50092691e-06  4.99296985e-04 
 6.50143535e-06  5.51198695e-04 
 6.50196209e-06  6.55536850e-05 
 6.50256345e-06  3.73355965e-04 
 6.50327756e-06  3.82789443e-05 
 6.50402533e-06  2.91991556e-04 
 6.50494786e-06 -6.49645028e-05 
 6.50584506e-06  2.46488086e-04 
 6.50685543e-06 -6.85557482e-05 
 6.50799135e-06  2.54305843e-04 
 6.50928062e-06 -7.38966489e-05 
 6.51050894e-06  2.41160746e-04 
 6.51177837e-06 -7.61650696e-05 
 6.51352437e-06  2.27170538e-04 
 6.51519910e-06 -9.48647643e-05 
 6.51682048e-06  2.21849979e-04 
 6.51882933e-06 -9.54587112e-05 
 6.52102489e-06  2.20797630e-04 
 6.52466970e-06 -9.55469840e-05 
 6.53004333e-06  2.20654318e-04 
 6.53935428e-06 -9.55315047e-05 
 6.55618444e-06  2.20616699e-04 
 6.58592953e-06 -9.55436331e-05 
 6.64211156e-06  2.20590685e-04 
 6.74525060e-06 -9.55599438e-05 
 6.75010000e-06  2.20563231e-04 
 6.75011000e-06 -3.72379016e-03 
 6.75013000e-06 -4.06452771e-03 
 6.75017000e-06 -3.55610165e-03 
 6.75020000e-06 -3.23913216e-03 
 6.75020075e-06 -3.61368622e-04 
 6.75020224e-06  4.75854247e-04 
 6.75020522e-06 -1.37105380e-04 
 6.75021118e-06  3.01175116e-04 
 6.75022310e-06 -1.07117425e-05 
 6.75024694e-06  3.55467513e-04 
 6.75029462e-06  9.03757138e-05 
 6.75038999e-06  4.18028072e-04 
 6.75058073e-06  1.51862034e-04 
 6.75091319e-06  5.24920359e-04 
 6.75157813e-06  3.46447736e-04 
 6.75218520e-06  5.58794114e-04 
 6.75283006e-06  2.08151399e-05 
 6.75353285e-06  2.94489556e-04 
 6.75442716e-06 -2.89383369e-05 
 6.75514440e-06  2.78287430e-04 
 6.75595867e-06 -5.67808237e-05 
 6.75667267e-06  2.46263937e-04 
 6.75746347e-06 -6.27142806e-05 
 6.75847937e-06  2.39062573e-04 
 6.75956265e-06 -7.83837481e-05 
 6.76064644e-06  2.26796146e-04 
 6.76239478e-06 -8.54430625e-05 
 6.76419840e-06  2.17528530e-04 
 6.76706974e-06 -9.09043289e-05 
 6.77031583e-06  2.15795000e-04 
 6.77496292e-06 -9.05761340e-05 
 6.78398779e-06  2.15623034e-04 
 6.79575397e-06 -9.05017340e-05 
 6.81876842e-06  2.15551338e-04 
 6.86260953e-06 -9.04897050e-05 
 6.94739307e-06  2.15520093e-04 
 7.00000000e-06 -9.04870516e-05 
 7.00001000e-06  3.65632955e-03 
 7.00003000e-06  3.59823152e-03 
 7.00007000e-06  4.66131863e-03 
 7.00010000e-06  5.29319739e-03 
 7.00010434e-06  1.48547224e-03 
 7.00011301e-06  1.07411790e-03 
 7.00013037e-06  1.30047798e-03 
 7.00016507e-06  8.69584890e-04 
 7.00023448e-06  1.05113397e-03 
 7.00037329e-06  6.23280962e-04 
 7.00056909e-06  8.54915743e-04 
 7.00093328e-06  4.99003366e-04 
 7.00144841e-06  5.42136827e-04 
 7.00197955e-06  6.14772341e-05 
 7.00261984e-06  3.79580373e-04 
 7.00338331e-06  4.52582249e-05 
 7.00414639e-06  2.91203280e-04 
 7.00498362e-06 -5.92040018e-05 
 7.00569466e-06  2.68001451e-04 
 7.00648134e-06 -4.95108604e-05 
 7.00719908e-06  2.52205058e-04 
 7.00803834e-06 -7.24131581e-05 
 7.00895240e-06  2.37405853e-04 
 7.00999829e-06 -8.49821504e-05 
 7.01146387e-06  2.33562787e-04 
 7.01344872e-06 -7.17890180e-05 
 7.01488952e-06  2.39505726e-04 
 7.01648033e-06 -5.95516569e-05 
 7.01809168e-06  2.50675486e-04 
 7.01987719e-06 -5.39334040e-05 
 7.02155515e-06  2.84046281e-04 
 7.02281840e-06 -3.90394194e-05 
 7.02399642e-06  2.64532319e-04 
 7.02539439e-06 -5.51949326e-05 
 7.02671081e-06  2.54494995e-04 
 7.02816360e-06 -6.89213226e-05 
 7.02967582e-06  2.36625490e-04 
 7.03211107e-06 -8.57604534e-05 
 7.03468561e-06  2.22721232e-04 
 7.03943237e-06 -9.36890037e-05 
 7.04387322e-06  2.20219691e-04 
 7.05043785e-06 -9.24674955e-05 
 7.05932766e-06  2.21529721e-04 
 7.07710730e-06 -9.17317282e-05 
 7.11112995e-06  2.20426057e-04 
 7.15889014e-06 -9.37557904e-05 
 7.22522128e-06  2.19262977e-04 
 7.25010000e-06 -9.40491164e-05 
 7.25011000e-06 -3.73661528e-03 
 7.25013000e-06 -4.06346933e-03 
 7.25017000e-06 -3.56984655e-03 
 7.25020000e-06 -3.23285116e-03 
 7.25020073e-06 -3.71950405e-04 
 7.25020219e-06  4.74610742e-04 
 7.25020511e-06 -1.33043030e-04 
 7.25021095e-06  2.95355754e-04 
 7.25022263e-06 -7.18889741e-06 
 7.25024600e-06  3.49935328e-04 
 7.25029273e-06  9.48960513e-05 
 7.25038619e-06  4.14368299e-04 
 7.25057311e-06  1.57301660e-04 
 7.25090705e-06  5.19171723e-04 
 7.25155891e-06  3.52838793e-04 
 7.25216368e-06  5.59645048e-04 
 7.25280295e-06  3.00211132e-05 
 7.25350552e-06  2.88155453e-04 
 7.25441027e-06 -2.48392944e-05 
 7.25511301e-06  2.66734784e-04 
 7.25591402e-06 -6.88207654e-05 
 7.25677597e-06  2.23251435e-04 
 7.25766204e-06 -7.39509399e-05 
 7.25881004e-06  2.22642668e-04 
 7.26077339e-06 -8.13062059e-05 
 7.26322071e-06  2.10597404e-04 
 7.26625479e-06 -8.51627545e-05 
 7.27056738e-06  2.10473155e-04 
 7.27716322e-06 -8.51598619e-05 
 7.29035491e-06  2.10380060e-04 
 7.31673829e-06 -8.51908255e-05 
 7.36950505e-06  2.10316904e-04 
 7.47503857e-06 -8.52270124e-05 
 7.50000000e-06  2.10287470e-04 
 7.50001000e-06  3.67012683e-03 
 7.50003000e-06  3.59236760e-03 
 7.50007000e-06  4.67195614e-03 
 7.50010000e-06  5.28743856e-03 
 7.50010430e-06  1.48822842e-03 
 7.50011290e-06  1.07506525e-03 
 7.50013011e-06  1.30344180e-03 
 7.50016452e-06  8.70600922e-04 
 7.50023334e-06  1.05349108e-03 
 7.50037098e-06  6.23165299e-04 
 7.50056366e-06  8.55923402e-04 
 7.50092098e-06  5.00356116e-04 
 7.50151012e-06  5.14107721e-04 
 7.50204048e-06  5.72689077e-05 
 7.50266703e-06  3.78227172e-04 
 7.50337466e-06  2.90742923e-05 
 7.50418096e-06  2.85151364e-04 
 7.50501271e-06 -6.55044445e-05 
 7.50596087e-06  2.48022879e-04 
 7.50694454e-06 -6.97628438e-05 
 7.50812422e-06  2.56065897e-04 
 7.50933040e-06 -7.65744507e-05 
 7.51057586e-06  2.41729722e-04 
 7.51185770e-06 -7.73288405e-05 
 7.51350502e-06  2.32505231e-04 
 7.51494569e-06 -9.67476427e-05 
 7.51647951e-06  2.24654003e-04 
 7.51813510e-06 -9.74416895e-05 
 7.52000554e-06  2.23125923e-04 
 7.52341688e-06 -9.76963629e-05 
 7.52838480e-06  2.22843102e-04 
 7.53823242e-06 -9.76735452e-05 
 7.55692815e-06  2.22794701e-04 
 7.59283057e-06 -9.76858834e-05 
 7.66463542e-06  2.22765725e-04 
 7.75010000e-06 -9.76978566e-05 
 7.75011000e-06 -3.73122147e-03 
 7.75013000e-06 -4.05652016e-03 
 7.75017000e-06 -3.56489951e-03 
 7.75020000e-06 -3.22983175e-03 
 7.75020073e-06 -3.71471950e-04 
 7.75020219e-06  4.74032429e-04 
 7.75020511e-06 -1.32752284e-04 
 7.75021094e-06  2.94890212e-04 
 7.75022262e-06 -7.38020444e-06 
 7.75024596e-06  3.48775941e-04 
 7.75029265e-06  9.37603385e-05 
 7.75038603e-06  4.12161768e-04 
 7.75057279e-06  1.55575642e-04 
 7.75090535e-06  5.16687666e-04 
 7.75157047e-06  3.52830964e-04 
 7.75217350e-06  5.57508935e-04 
 7.75281417e-06  2.96784153e-05 
 7.75351747e-06  2.89233777e-04 
 7.75441741e-06 -2.26007298e-05 
 7.75512307e-06  2.72681745e-04 
 7.75592472e-06 -5.12816984e-05 
 7.75663908e-06  2.40498136e-04 
 7.75742301e-06 -5.69661989e-05 
 7.75845349e-06  2.33265442e-04 
 7.75954650e-06 -7.26219502e-05 
 7.76063908e-06  2.21049704e-04 
 7.76239743e-06 -7.97616883e-05 
 7.76422739e-06  2.11706885e-04 
 7.76706470e-06 -8.51188462e-05 
 7.77038700e-06  2.10073154e-04 
 7.77501910e-06 -8.48176255e-05 
 7.78418337e-06  2.09906941e-04 
 7.79608310e-06 -8.47471169e-05 
 7.81959844e-06  2.09837740e-04 
 7.86420634e-06 -8.47363371e-05 
 7.95060562e-06  2.09807647e-04 
 8.00000000e-06 -8.47330612e-05 
 8.00001000e-06  3.65756865e-03 
 8.00003000e-06  3.59956328e-03 
 8.00007000e-06  4.66285169e-03 
 8.00010000e-06  5.29429543e-03 
 8.00010434e-06  1.48652385e-03 
 8.00011301e-06  1.07487438e-03 
 8.00013036e-06  1.30039622e-03 
 8.00016505e-06  8.69873163e-04 
 8.00023444e-06  1.05056239e-03 
 8.00037321e-06  6.23049574e-04 
 8.00056637e-06  8.54677112e-04 
 8.00092694e-06  5.00206408e-04 
 8.00151056e-06  5.10844332e-04 
 8.00204786e-06  5.51992764e-05 
 8.00270239e-06  3.84406566e-04 
 8.00346992e-06  3.54869634e-05 
 8.00428549e-06  2.78463651e-04 
 8.00514209e-06 -6.12052310e-05 
 8.00595606e-06  2.71900319e-04 
 8.00669874e-06 -5.52365449e-05 
 8.00741414e-06  2.50686046e-04 
 8.00822507e-06 -7.44901658e-05 
 8.00914640e-06  2.39018404e-04 
 8.01026029e-06 -8.57653571e-05 
 8.01209988e-06  2.38106411e-04 
 8.01413932e-06 -7.96906183e-05 
 8.01565773e-06  2.32976201e-04 
 8.01732869e-06 -7.83970257e-05 
 8.01900179e-06  2.30899703e-04 
 8.02088569e-06 -8.62006297e-05 
 8.02282100e-06  2.33229756e-04 
 8.02495317e-06 -7.71764469e-05 
 8.02795842e-06  2.51721556e-04 
 8.03145198e-06 -6.64604724e-05 
 8.03605895e-06  2.47242925e-04 
 8.04211772e-06 -7.37372410e-05 
 8.05158592e-06  2.44599847e-04 
 8.06106599e-06 -6.13227673e-05 
 8.06803799e-06  2.34993428e-04 
 8.07466057e-06 -6.90546778e-05 
 8.08392834e-06  2.31030469e-04 
 8.09350714e-06 -7.37999840e-05 
 8.10593189e-06  2.31774306e-04 
 8.12025315e-06 -7.47834857e-05 
 8.14889567e-06  2.32222316e-04 
 8.18290739e-06 -7.51161195e-05 
 8.24170797e-06  2.32461304e-04 
 8.25010000e-06 -7.57075864e-05 
 8.25011000e-06 -3.71540402e-03 
 8.25013000e-06 -4.03747438e-03 
 8.25017000e-06 -3.53510931e-03 
 8.25020000e-06 -3.20850265e-03 
 8.25020073e-06 -3.49984050e-04 
 8.25020219e-06  4.93163647e-04 
 8.25020511e-06 -1.14804977e-04 
 8.25021094e-06  3.14836397e-04 
 8.25022262e-06  1.19229387e-05 
 8.25024596e-06  3.69442065e-04 
 8.25029265e-06  1.12536139e-04 
 8.25038603e-06  4.30881793e-04 
 8.25057279e-06  1.73114512e-04 
 8.25094631e-06  5.51745223e-04 
 8.25157622e-06  3.56227292e-04 
 8.25220184e-06  5.52318470e-04 
 8.25285456e-06  2.01539604e-05 
 8.25355611e-06  2.88603103e-04 
 8.25443699e-06 -3.03085486e-05 
 8.25539786e-06  2.53215399e-04 
 8.25661453e-06 -6.41287852e-05 
 8.25789585e-06  2.44551846e-04 
 8.25937682e-06 -6.47792319e-05 
 8.26199060e-06  2.32164609e-04 
 8.26454370e-06 -7.39644624e-05 
 8.26849789e-06  2.31253757e-04 
 8.27323604e-06 -7.37083206e-05 
 8.28271233e-06  2.31045977e-04 
 8.30166490e-06 -7.36451109e-05 
 8.33957005e-06  2.30986688e-04 
 8.41538034e-06 -7.36359954e-05 
 8.50000000e-06  2.30967455e-04 
