 1.00000000e-12  1.78200000e+00  4.48620697e-01 
 1.02386452e-12  1.78157044e+00  4.49738031e-01 
 1.07159355e-12  1.78071132e+00  4.52771465e-01 
 1.14211826e-12  1.77944187e+00  4.57291344e-01 
 1.22024993e-12  1.77803550e+00  4.60323367e-01 
 1.35925179e-12  1.77553347e+00  4.62410393e-01 
 1.57505594e-12  1.77164899e+00  4.61806407e-01 
 1.90710269e-12  1.76567215e+00  4.59061873e-01 
 2.54092948e-12  1.75426327e+00  4.55232690e-01 
 3.47543320e-12  1.73744220e+00  4.52087602e-01 
 4.89852533e-12  1.71182654e+00  4.48194633e-01 
 6.43053638e-12  1.68425035e+00  4.44938409e-01 
 8.78298051e-12  1.64190635e+00  4.41828760e-01 
 1.27912960e-11  1.56975667e+00  4.39234401e-01 
 1.81575929e-11  1.47316333e+00  4.37793162e-01 
 2.51092594e-11  1.34803333e+00  4.36777598e-01 
 3.40529504e-11  1.18704689e+00  4.35755854e-01 
 4.41105801e-11  1.00600956e+00  4.34753542e-01 
 5.97314978e-11  7.24833039e-01  4.33314357e-01 
 7.76073246e-11  4.03068157e-01  4.31927566e-01 
 1.00000000e-10  0.00000000e+00  4.30646466e-01 
 1.00432925e-10  0.00000000e+00  4.30746627e-01 
 1.01298775e-10  0.00000000e+00  4.30916120e-01 
 1.03030474e-10  0.00000000e+00  4.31210690e-01 
 1.06471325e-10  0.00000000e+00  4.31767166e-01 
 1.13353025e-10  0.00000000e+00  4.32810657e-01 
 1.27116425e-10  0.00000000e+00  4.34823903e-01 
 1.54643225e-10  0.00000000e+00  4.38691459e-01 
 1.92114231e-10  0.00000000e+00  4.43771297e-01 
 2.40855450e-10  0.00000000e+00  4.50105595e-01 
 3.10006436e-10  0.00000000e+00  4.58421502e-01 
 4.38610451e-10  0.00000000e+00  4.71665866e-01 
 6.69355808e-10  0.00000000e+00  4.90606797e-01 
 9.63742926e-10  0.00000000e+00  5.07432714e-01 
 1.39027118e-09  0.00000000e+00  5.21706116e-01 
 1.90703676e-09  0.00000000e+00  5.28218507e-01 
 2.66068046e-09  0.00000000e+00  5.27145137e-01 
 3.54822255e-09  0.00000000e+00  5.14682618e-01 
 4.49570363e-09  0.00000000e+00  4.96167702e-01 
 5.35342957e-09  0.00000000e+00  4.79327082e-01 
 6.25189401e-09  0.00000000e+00  4.61658394e-01 
 7.10613178e-09  0.00000000e+00  4.44251149e-01 
 7.98683552e-09  0.00000000e+00  4.25771827e-01 
 9.02237750e-09  0.00000000e+00  4.04395845e-01 
 1.01207873e-08  0.00000000e+00  3.79819869e-01 
 1.12862827e-08  0.00000000e+00  3.46755686e-01 
 1.21683408e-08  0.00000000e+00  3.27076148e-01 
 1.31122402e-08  0.00000000e+00  3.09262556e-01 
 1.42146933e-08  0.00000000e+00  2.86918767e-01 
 1.54109684e-08  0.00000000e+00  2.63766079e-01 
 1.66680219e-08  0.00000000e+00  2.38743776e-01 
 1.78805889e-08  0.00000000e+00  2.15864455e-01 
 1.91691341e-08  0.00000000e+00  1.93264899e-01 
 2.07108460e-08  0.00000000e+00  1.69976737e-01 
 2.23777404e-08  0.00000000e+00  1.48291652e-01 
 2.34759281e-08  0.00000000e+00  1.35907190e-01 
 2.49938768e-08  0.00000000e+00  1.20476212e-01 
 2.66134960e-08  0.00000000e+00  1.06081713e-01 
 2.92149304e-08  0.00000000e+00  8.63831752e-02 
 3.19765575e-08  0.00000000e+00  6.94190772e-02 
 3.61506791e-08  0.00000000e+00  4.96353467e-02 
 4.16735971e-08  0.00000000e+00  3.17144874e-02 
 5.13111560e-08  0.00000000e+00  1.42303318e-02 
 6.57542782e-08  0.00000000e+00  4.39125599e-03 
 9.46405227e-08  0.00000000e+00  8.31561717e-04 
 1.30916729e-07  0.00000000e+00  1.16685360e-03 
 1.75135199e-07  0.00000000e+00  1.08495277e-03 
 2.16316510e-07  0.00000000e+00  4.73676744e-03 
 2.43177089e-07  0.00000000e+00 -9.23673886e-05 
 2.50100000e-07  0.00000000e+00  2.88991409e-04 
 2.50110000e-07  1.80000000e-01  2.77180353e-03 
 2.50130000e-07  5.40000000e-01  7.52564778e-03 
 2.50170000e-07  1.26000000e+00  1.60605754e-02 
 2.50200000e-07  1.80000000e+00  2.14980290e-02 
 2.50200515e-07  1.80000000e+00  2.14365249e-02 
 2.50201544e-07  1.80000000e+00  2.13282609e-02 
 2.50203603e-07  1.80000000e+00  2.11461141e-02 
 2.50207722e-07  1.80000000e+00  2.08341649e-02 
 2.50215958e-07  1.80000000e+00  2.02900740e-02 
 2.50232430e-07  1.80000000e+00  1.92790244e-02 
 2.50265376e-07  1.80000000e+00  1.75515254e-02 
 2.50331266e-07  1.80000000e+00  1.54459216e-02 
 2.50413905e-07  1.80000000e+00  1.40605509e-02 
 2.50579184e-07  1.80000000e+00  1.27428774e-02 
 2.50745106e-07  1.80000000e+00  1.23504522e-02 
 2.51076950e-07  1.80000000e+00  1.22147087e-02 
 2.51463567e-07  1.80000000e+00  1.24846740e-02 
 2.52139886e-07  1.80000000e+00  1.23988569e-02 
 2.52794647e-07  1.80000000e+00  1.09845862e-02 
 2.53525159e-07  1.80000000e+00  9.88532544e-03 
 2.54494711e-07  1.80000000e+00  9.13995764e-03 
 2.55497707e-07  1.80000000e+00  8.19899978e-03 
 2.56523839e-07  1.80000000e+00  6.88822551e-03 
 2.57711875e-07  1.80000000e+00  7.08015662e-03 
 2.58782025e-07  1.80000000e+00  8.51207863e-03 
 2.60117634e-07  1.80000000e+00  7.92917548e-03 
 2.61340745e-07  1.80000000e+00  7.12510396e-03 
 2.62996036e-07  1.80000000e+00  6.39399456e-03 
 2.65878212e-07  1.80000000e+00  5.13835782e-03 
 2.69824162e-07  1.80000000e+00  3.97871680e-03 
 2.77598030e-07  1.80000000e+00  2.46608597e-03 
 2.91227150e-07  1.80000000e+00  1.44092359e-03 
 3.14921841e-07  1.80000000e+00  1.00145976e-03 
 3.59548538e-07  1.80000000e+00  9.50384272e-04 
 4.37404076e-07  1.80000000e+00  6.72604489e-04 
 5.00000000e-07  1.80000000e+00  5.30112341e-04 
 5.00010000e-07  1.62000000e+00 -1.09574980e-04 
 5.00030000e-07  1.26000000e+00 -1.26801103e-03 
 5.00070000e-07  5.40000000e-01 -3.17329825e-03 
 5.00100000e-07  0.00000000e+00 -4.41552021e-03 
 5.00100517e-07  0.00000000e+00 -4.40307484e-03 
 5.00101550e-07  0.00000000e+00 -4.37470023e-03 
 5.00103617e-07  0.00000000e+00 -4.31301370e-03 
 5.00107751e-07  0.00000000e+00 -4.20496069e-03 
 5.00116020e-07  0.00000000e+00 -4.02414396e-03 
 5.00132556e-07  0.00000000e+00 -3.71708063e-03 
 5.00165629e-07  0.00000000e+00 -3.22718370e-03 
 5.00231775e-07  0.00000000e+00 -2.57468910e-03 
 5.00364066e-07  0.00000000e+00 -1.91483815e-03 
 5.00562115e-07  0.00000000e+00 -1.54049591e-03 
 5.00958213e-07  0.00000000e+00 -1.08328071e-03 
 5.01467924e-07  0.00000000e+00 -1.35921027e-03 
 5.02004816e-07  0.00000000e+00 -4.07631961e-03 
 5.02765404e-07  0.00000000e+00 -8.17565604e-03 
 5.03571927e-07  0.00000000e+00  1.11682188e-02 
 5.04319848e-07  0.00000000e+00  5.34914390e-02 
 5.05131456e-07  0.00000000e+00  1.05211296e-01 
 5.06130485e-07  0.00000000e+00  1.67443441e-01 
 5.07171901e-07  0.00000000e+00  2.31904467e-01 
 5.08391992e-07  0.00000000e+00  3.08261014e-01 
 5.09755959e-07  0.00000000e+00  3.92191223e-01 
 5.11600885e-07  0.00000000e+00  5.02689375e-01 
 5.13516569e-07  0.00000000e+00  6.13931546e-01 
 5.15467574e-07  0.00000000e+00  7.24856486e-01 
 5.17393323e-07  0.00000000e+00  8.29896413e-01 
 5.19740645e-07  0.00000000e+00  9.40269765e-01 
 5.23775284e-07  0.00000000e+00  1.12064707e+00 
 5.26844010e-07  0.00000000e+00  1.28721454e+00 
 5.30515363e-07  0.00000000e+00  1.51767692e+00 
 5.34289227e-07  0.00000000e+00  1.68466971e+00 
 5.38213780e-07  0.00000000e+00  1.75887758e+00 
 5.44504040e-07  0.00000000e+00  1.79567730e+00 
 5.50250092e-07  0.00000000e+00  1.79933186e+00 
 5.60161845e-07  0.00000000e+00  1.80027137e+00 
 5.73047515e-07  0.00000000e+00  1.79998151e+00 
 5.98818854e-07  0.00000000e+00  1.80018270e+00 
 6.49245573e-07  0.00000000e+00  1.79996420e+00 
 7.34009620e-07  0.00000000e+00  1.80013149e+00 
 7.50100000e-07  9.52912066e-13  1.79994214e+00 
 7.50110000e-07  1.80000000e-01  1.80051552e+00 
 7.50130000e-07  5.40000000e-01  1.80170847e+00 
 7.50170000e-07  1.26000000e+00  1.80428733e+00 
 7.50200000e-07  1.80000000e+00  1.80616715e+00 
 7.50200522e-07  1.80000000e+00  1.80616191e+00 
 7.50201565e-07  1.80000000e+00  1.80614479e+00 
 7.50203652e-07  1.80000000e+00  1.80610275e+00 
 7.50207825e-07  1.80000000e+00  1.80603951e+00 
 7.50216171e-07  1.80000000e+00  1.80593542e+00 
 7.50232864e-07  1.80000000e+00  1.80574979e+00 
 7.50266250e-07  1.80000000e+00  1.80543070e+00 
 7.50333022e-07  1.80000000e+00  1.80494634e+00 
 7.50466566e-07  1.80000000e+00  1.80428164e+00 
 7.50644008e-07  1.80000000e+00  1.80365700e+00 
 7.50913648e-07  1.80000000e+00  1.80294819e+00 
 7.51452929e-07  1.80000000e+00  1.80343588e+00 
 7.52098659e-07  1.80000000e+00  1.80495904e+00 
 7.52799510e-07  1.80000000e+00  1.80351666e+00 
 7.53528774e-07  1.80000000e+00  1.80227224e+00 
 7.54426008e-07  1.80000000e+00  1.80171780e+00 
 7.55524393e-07  1.80000000e+00  1.80124881e+00 
 7.56675731e-07  1.80000000e+00  1.80043173e+00 
 7.57701568e-07  1.80000000e+00  1.80101059e+00 
 7.58795725e-07  1.80000000e+00  1.80220099e+00 
 7.59790133e-07  1.80000000e+00  1.80144219e+00 
 7.60838277e-07  1.80000000e+00  1.80171504e+00 
 7.62070707e-07  1.80000000e+00  1.80033193e+00 
 7.63367378e-07  1.80000000e+00  1.79877634e+00 
 7.64935101e-07  1.80000000e+00  1.79757892e+00 
 7.66859369e-07  1.80000000e+00  1.79743367e+00 
 7.69489186e-07  1.80000000e+00  1.79812289e+00 
 7.72561997e-07  1.80000000e+00  1.79876941e+00 
 7.77449291e-07  1.80000000e+00  1.79939413e+00 
 7.87223880e-07  1.80000000e+00  1.79989434e+00 
 8.04388090e-07  1.80000000e+00  1.80005895e+00 
 8.36283350e-07  1.80000000e+00  1.80002685e+00 
 8.96023493e-07  1.80000000e+00  1.80003471e+00 
 1.00000000e-06  1.80000000e+00  1.80000412e+00 
 1.00001000e-06  1.62000000e+00  1.79920527e+00 
 1.00003000e-06  1.26000000e+00  1.79771014e+00 
 1.00007000e-06  5.40000000e-01  1.79518305e+00 
 1.00010000e-06  0.00000000e+00  1.79366319e+00 
 1.00010052e-06  0.00000000e+00  1.79367745e+00 
 1.00010155e-06  0.00000000e+00  1.79371475e+00 
 1.00010362e-06  0.00000000e+00  1.79380042e+00 
 1.00010775e-06  0.00000000e+00  1.79394657e+00 
 1.00011602e-06  0.00000000e+00  1.79420611e+00 
 1.00013256e-06  0.00000000e+00  1.79467060e+00 
 1.00016564e-06  0.00000000e+00  1.79545388e+00 
 1.00023179e-06  0.00000000e+00  1.79659236e+00 
 1.00036410e-06  0.00000000e+00  1.79789621e+00 
 1.00056235e-06  0.00000000e+00  1.79877061e+00 
 1.00095886e-06  0.00000000e+00  1.79956869e+00 
 1.00146872e-06  0.00000000e+00  1.79978337e+00 
 1.00200572e-06  0.00000000e+00  1.79936965e+00 
 1.00275810e-06  0.00000000e+00  1.79802904e+00 
 1.00346215e-06  0.00000000e+00  1.79728503e+00 
 1.00419568e-06  0.00000000e+00  1.79820620e+00 
 1.00499328e-06  0.00000000e+00  1.79962631e+00 
 1.00587486e-06  0.00000000e+00  1.80037708e+00 
 1.00691259e-06  0.00000000e+00  1.80041527e+00 
 1.00767902e-06  0.00000000e+00  1.80020924e+00 
 1.00854764e-06  0.00000000e+00  1.79986473e+00 
 1.00938756e-06  0.00000000e+00  1.79954167e+00 
 1.01025765e-06  0.00000000e+00  1.79908148e+00 
 1.01143704e-06  0.00000000e+00  1.79847145e+00 
 1.01269093e-06  0.00000000e+00  1.79814713e+00 
 1.01519870e-06  0.00000000e+00  1.79759342e+00 
 1.01754936e-06  0.00000000e+00  1.79684147e+00 
 1.01941512e-06  0.00000000e+00  1.79621356e+00 
 1.02148665e-06  0.00000000e+00  1.79636116e+00 
 1.02429645e-06  0.00000000e+00  1.79710012e+00 
 1.02654669e-06  0.00000000e+00  1.79717860e+00 
 1.02857486e-06  0.00000000e+00  1.79693469e+00 
 1.03008608e-06  0.00000000e+00  1.79853223e+00 
 1.03148859e-06  0.00000000e+00  1.80035709e+00 
 1.03302082e-06  0.00000000e+00  1.79953050e+00 
 1.03458751e-06  0.00000000e+00  1.79931107e+00 
 1.03635720e-06  0.00000000e+00  1.79977305e+00 
 1.03916511e-06  0.00000000e+00  1.80017975e+00 
 1.04207493e-06  0.00000000e+00  1.80020731e+00 
 1.04789459e-06  0.00000000e+00  1.80013261e+00 
 1.05661868e-06  0.00000000e+00  1.79990363e+00 
 1.07106770e-06  0.00000000e+00  1.79980023e+00 
 1.09836861e-06  0.00000000e+00  1.79970146e+00 
 1.14367371e-06  0.00000000e+00  1.79969278e+00 
 1.22249043e-06  0.00000000e+00  1.79960992e+00 
 1.25010000e-06  0.00000000e+00  1.79966756e+00 
 1.25011000e-06  1.80000000e-01  1.80020987e+00 
 1.25013000e-06  5.40000000e-01  1.80135527e+00 
 1.25017000e-06  1.26000000e+00  1.80391788e+00 
 1.25020000e-06  1.80000000e+00  1.80583615e+00 
 1.25020052e-06  1.80000000e+00  1.80583169e+00 
 1.25020157e-06  1.80000000e+00  1.80581626e+00 
 1.25020365e-06  1.80000000e+00  1.80577846e+00 
 1.25020783e-06  1.80000000e+00  1.80572348e+00 
 1.25021618e-06  1.80000000e+00  1.80563292e+00 
 1.25023288e-06  1.80000000e+00  1.80546534e+00 
 1.25026628e-06  1.80000000e+00  1.80516080e+00 
 1.25033309e-06  1.80000000e+00  1.80467702e+00 
 1.25046670e-06  1.80000000e+00  1.80400299e+00 
 1.25064415e-06  1.80000000e+00  1.80338211e+00 
 1.25091396e-06  1.80000000e+00  1.80269308e+00 
 1.25145359e-06  1.80000000e+00  1.80304031e+00 
 1.25209941e-06  1.80000000e+00  1.80442028e+00 
 1.25287801e-06  1.80000000e+00  1.80279758e+00 
 1.25358138e-06  1.80000000e+00  1.80159488e+00 
 1.25454819e-06  1.80000000e+00  1.80065037e+00 
 1.25561205e-06  1.80000000e+00  1.79923372e+00 
 1.25652398e-06  1.80000000e+00  1.79864005e+00 
 1.25760179e-06  1.80000000e+00  1.79866595e+00 
 1.25871469e-06  1.80000000e+00  1.79876474e+00 
 1.25986426e-06  1.80000000e+00  1.79882940e+00 
 1.26136477e-06  1.80000000e+00  1.79893550e+00 
 1.26388421e-06  1.80000000e+00  1.79903196e+00 
 1.26734074e-06  1.80000000e+00  1.79915897e+00 
 1.27244124e-06  1.80000000e+00  1.79925159e+00 
 1.28264225e-06  1.80000000e+00  1.79937697e+00 
 1.29881312e-06  1.80000000e+00  1.79945154e+00 
 1.33075135e-06  1.80000000e+00  1.79962279e+00 
 1.39462781e-06  1.80000000e+00  1.79993165e+00 
 1.47092711e-06  1.80000000e+00  1.80011531e+00 
 1.50000000e-06  1.80000000e+00  1.80009779e+00 
 1.50001000e-06  1.62000000e+00  1.79929260e+00 
 1.50003000e-06  1.26000000e+00  1.79778583e+00 
 1.50007000e-06  5.40000000e-01  1.79523587e+00 
 1.50010000e-06  0.00000000e+00  1.79369628e+00 
 1.50010052e-06  0.00000000e+00  1.79371073e+00 
 1.50010155e-06  0.00000000e+00  1.79374922e+00 
 1.50010362e-06  0.00000000e+00  1.79383479e+00 
 1.50010775e-06  0.00000000e+00  1.79397609e+00 
 1.50011602e-06  0.00000000e+00  1.79422911e+00 
 1.50013256e-06  0.00000000e+00  1.79468599e+00 
 1.50016564e-06  0.00000000e+00  1.79547377e+00 
 1.50023180e-06  0.00000000e+00  1.79663528e+00 
 1.50036412e-06  0.00000000e+00  1.79796419e+00 
 1.50056016e-06  0.00000000e+00  1.79883204e+00 
 1.50095225e-06  0.00000000e+00  1.79962832e+00 
 1.50146016e-06  0.00000000e+00  1.79991126e+00 
 1.50199604e-06  0.00000000e+00  1.79957466e+00 
 1.50274843e-06  0.00000000e+00  1.79826044e+00 
 1.50344398e-06  0.00000000e+00  1.79774247e+00 
 1.50417128e-06  0.00000000e+00  1.79890904e+00 
 1.50501130e-06  0.00000000e+00  1.80021290e+00 
 1.50592791e-06  0.00000000e+00  1.80069008e+00 
 1.50690377e-06  0.00000000e+00  1.80082306e+00 
 1.50791122e-06  0.00000000e+00  1.80102491e+00 
 1.50963038e-06  0.00000000e+00  1.80103260e+00 
 1.51119627e-06  0.00000000e+00  1.80099559e+00 
 1.51316137e-06  0.00000000e+00  1.80094957e+00 
 1.51475012e-06  0.00000000e+00  1.80093650e+00 
 1.51644897e-06  0.00000000e+00  1.80084940e+00 
 1.51871212e-06  0.00000000e+00  1.80057236e+00 
 1.52104468e-06  0.00000000e+00  1.80029572e+00 
 1.52494678e-06  0.00000000e+00  1.80008052e+00 
 1.53012602e-06  0.00000000e+00  1.80000426e+00 
 1.53822490e-06  0.00000000e+00  1.80000444e+00 
 1.55112448e-06  0.00000000e+00  1.80000876e+00 
 1.57405278e-06  0.00000000e+00  1.80001352e+00 
 1.61740283e-06  0.00000000e+00  1.80000396e+00 
 1.69485219e-06  0.00000000e+00  1.80000044e+00 
 1.75010000e-06  0.00000000e+00  1.79999476e+00 
 1.75011000e-06  1.80000000e-01  1.80052651e+00 
 1.75013000e-06  5.40000000e-01  1.80165362e+00 
 1.75017000e-06  1.26000000e+00  1.80419338e+00 
 1.75020000e-06  1.80000000e+00  1.80610602e+00 
 1.75020052e-06  1.80000000e+00  1.80610167e+00 
 1.75020157e-06  1.80000000e+00  1.80608656e+00 
 1.75020365e-06  1.80000000e+00  1.80604937e+00 
 1.75020783e-06  1.80000000e+00  1.80599556e+00 
 1.75021617e-06  1.80000000e+00  1.80590760e+00 
 1.75023287e-06  1.80000000e+00  1.80574598e+00 
 1.75026625e-06  1.80000000e+00  1.80545349e+00 
 1.75033303e-06  1.80000000e+00  1.80498666e+00 
 1.75046657e-06  1.80000000e+00  1.80432628e+00 
 1.75064400e-06  1.80000000e+00  1.80370795e+00 
 1.75091359e-06  1.80000000e+00  1.80301666e+00 
 1.75145277e-06  1.80000000e+00  1.80336758e+00 
 1.75209854e-06  1.80000000e+00  1.80477863e+00 
 1.75287620e-06  1.80000000e+00  1.80319980e+00 
 1.75357979e-06  1.80000000e+00  1.80206717e+00 
 1.75454018e-06  1.80000000e+00  1.80091626e+00 
 1.75560769e-06  1.80000000e+00  1.79847198e+00 
 1.75652929e-06  1.80000000e+00  1.79683036e+00 
 1.75761684e-06  1.80000000e+00  1.79707065e+00 
 1.75852570e-06  1.80000000e+00  1.79826437e+00 
 1.75950964e-06  1.80000000e+00  1.79967214e+00 
 1.76063960e-06  1.80000000e+00  1.80037762e+00 
 1.76188437e-06  1.80000000e+00  1.80027311e+00 
 1.76336874e-06  1.80000000e+00  1.80012661e+00 
 1.76496177e-06  1.80000000e+00  1.80013836e+00 
 1.76739149e-06  1.80000000e+00  1.80008802e+00 
 1.77000261e-06  1.80000000e+00  1.80007858e+00 
 1.77434867e-06  1.80000000e+00  1.80002273e+00 
 1.78304078e-06  1.80000000e+00  1.80001456e+00 
 1.79602830e-06  1.80000000e+00  1.79998604e+00 
 1.82144020e-06  1.80000000e+00  1.80000966e+00 
 1.86421667e-06  1.80000000e+00  1.79998892e+00 
 1.93984144e-06  1.80000000e+00  1.80001033e+00 
 2.00000000e-06  1.80000000e+00  1.79998931e+00 
 2.00001000e-06  1.62000000e+00  1.79918431e+00 
 2.00003000e-06  1.26000000e+00  1.79767924e+00 
 2.00007000e-06  5.40000000e-01  1.79512571e+00 
 2.00010000e-06  3.67639252e-12  1.79358360e+00 
 2.00010052e-06  0.00000000e+00  1.79359809e+00 
 2.00010155e-06  0.00000000e+00  1.79363662e+00 
 2.00010362e-06  0.00000000e+00  1.79372212e+00 
 2.00010775e-06  0.00000000e+00  1.79386365e+00 
 2.00011602e-06  0.00000000e+00  1.79411784e+00 
 2.00013256e-06  0.00000000e+00  1.79457685e+00 
 2.00016564e-06  0.00000000e+00  1.79536794e+00 
 2.00023179e-06  0.00000000e+00  1.79653347e+00 
 2.00036410e-06  0.00000000e+00  1.79786790e+00 
 2.00056018e-06  0.00000000e+00  1.79874285e+00 
 2.00095234e-06  0.00000000e+00  1.79954001e+00 
 2.00145997e-06  0.00000000e+00  1.79977783e+00 
 2.00199568e-06  0.00000000e+00  1.79937350e+00 
 2.00274788e-06  0.00000000e+00  1.79799257e+00 
 2.00344773e-06  0.00000000e+00  1.79785162e+00 
 2.00417873e-06  0.00000000e+00  1.80044756e+00 
 2.00497582e-06  0.00000000e+00  1.80241999e+00 
 2.00585755e-06  0.00000000e+00  1.80061759e+00 
 2.00660589e-06  0.00000000e+00  1.80009491e+00 
 2.00745730e-06  0.00000000e+00  1.80030965e+00 
 2.00819299e-06  0.00000000e+00  1.80055407e+00 
 2.00904002e-06  0.00000000e+00  1.80035086e+00 
 2.01010688e-06  0.00000000e+00  1.79997590e+00 
 2.01121609e-06  0.00000000e+00  1.79980502e+00 
 2.01323501e-06  0.00000000e+00  1.79945154e+00 
 2.01537246e-06  0.00000000e+00  1.79917531e+00 
 2.01760826e-06  0.00000000e+00  1.79818439e+00 
 2.01983094e-06  0.00000000e+00  1.79745288e+00 
 2.02192832e-06  0.00000000e+00  1.79747129e+00 
 2.02420169e-06  0.00000000e+00  1.79708564e+00 
 2.02601590e-06  0.00000000e+00  1.79696463e+00 
 2.02744338e-06  0.00000000e+00  1.79868279e+00 
 2.02897739e-06  0.00000000e+00  1.80001284e+00 
 2.03070690e-06  0.00000000e+00  1.79908511e+00 
 2.03258250e-06  0.00000000e+00  1.79911594e+00 
 2.03463366e-06  0.00000000e+00  1.79962091e+00 
 2.03763920e-06  0.00000000e+00  1.79981840e+00 
 2.04132571e-06  0.00000000e+00  1.79983229e+00 
 2.04869873e-06  0.00000000e+00  1.79968353e+00 
 2.05661697e-06  0.00000000e+00  1.79961249e+00 
 2.06721168e-06  0.00000000e+00  1.79963125e+00 
 2.07697721e-06  0.00000000e+00  1.79410440e+00 
 2.08195471e-06  0.00000000e+00  1.79748044e+00 
 2.08679915e-06  0.00000000e+00  1.79991337e+00 
 2.09165083e-06  0.00000000e+00  1.79899122e+00 
 2.09770076e-06  0.00000000e+00  1.80007988e+00 
 2.10583536e-06  0.00000000e+00  1.79917854e+00 
 2.11741459e-06  0.00000000e+00  1.80005876e+00 
 2.12834140e-06  0.00000000e+00  1.79927246e+00 
 2.14648701e-06  0.00000000e+00  1.80006249e+00 
 2.17297844e-06  0.00000000e+00  1.79936508e+00 
 2.21366495e-06  0.00000000e+00  1.80018645e+00 
 2.25010000e-06  0.00000000e+00  1.79956031e+00 
 2.25011000e-06  1.80000000e-01  1.80011686e+00 
 2.25013000e-06  5.40000000e-01  1.80128795e+00 
 2.25017000e-06  1.26000000e+00  1.80388131e+00 
 2.25020000e-06  1.80000000e+00  1.80581707e+00 
 2.25020052e-06  1.80000000e+00  1.80581322e+00 
 2.25020157e-06  1.80000000e+00  1.80579923e+00 
 2.25020365e-06  1.80000000e+00  1.80576489e+00 
 2.25020783e-06  1.80000000e+00  1.80571699e+00 
 2.25021617e-06  1.80000000e+00  1.80564007e+00 
 2.25023287e-06  1.80000000e+00  1.80549858e+00 
 2.25026625e-06  1.80000000e+00  1.80523771e+00 
 2.25033303e-06  1.80000000e+00  1.80481112e+00 
 2.25046658e-06  1.80000000e+00  1.80419040e+00 
 2.25064410e-06  1.80000000e+00  1.80359680e+00 
 2.25091396e-06  1.80000000e+00  1.80292162e+00 
 2.25145368e-06  1.80000000e+00  1.80328869e+00 
 2.25209931e-06  1.80000000e+00  1.80471366e+00 
 2.25287564e-06  1.80000000e+00  1.80319499e+00 
 2.25357958e-06  1.80000000e+00  1.80197023e+00 
 2.25454404e-06  1.80000000e+00  1.80036410e+00 
 2.25560798e-06  1.80000000e+00  1.79867289e+00 
 2.25660887e-06  1.80000000e+00  1.79801759e+00 
 2.25770282e-06  1.80000000e+00  1.79782298e+00 
 2.25880691e-06  1.80000000e+00  1.79805200e+00 
 2.26037878e-06  1.80000000e+00  1.79835680e+00 
 2.26245987e-06  1.80000000e+00  1.79872704e+00 
 2.26502452e-06  1.80000000e+00  1.79903466e+00 
 2.26891859e-06  1.80000000e+00  1.79938367e+00 
 2.27555433e-06  1.80000000e+00  1.79967452e+00 
 2.28652539e-06  1.80000000e+00  1.79987742e+00 
 2.30477079e-06  1.80000000e+00  1.79993332e+00 
 2.34126159e-06  1.80000000e+00  1.79998682e+00 
 2.39762177e-06  1.80000000e+00  1.79999776e+00 
 2.46105117e-06  1.80000000e+00  1.80001624e+00 
 2.50000000e-06  1.80000000e+00  1.80000057e+00 
 2.50001000e-06  1.62000000e+00  1.79920136e+00 
 2.50003000e-06  1.26000000e+00  1.79770711e+00 
 2.50007000e-06  5.40000000e-01  1.79516344e+00 
 2.50010000e-06  3.67639252e-12  1.79361722e+00 
 2.50010052e-06  0.00000000e+00  1.79363142e+00 
 2.50010155e-06  0.00000000e+00  1.79366917e+00 
 2.50010362e-06  0.00000000e+00  1.79375260e+00 
 2.50010775e-06  0.00000000e+00  1.79388969e+00 
 2.50011602e-06  0.00000000e+00  1.79413604e+00 
 2.50013256e-06  0.00000000e+00  1.79458358e+00 
 2.50016564e-06  0.00000000e+00  1.79536318e+00 
 2.50023180e-06  0.00000000e+00  1.79652731e+00 
 2.50036412e-06  0.00000000e+00  1.79787311e+00 
 2.50054754e-06  0.00000000e+00  1.79871341e+00 
 2.50091439e-06  0.00000000e+00  1.79949572e+00 
 2.50140821e-06  0.00000000e+00  1.79971154e+00 
 2.50193691e-06  0.00000000e+00  1.79923907e+00 
 2.50268563e-06  0.00000000e+00  1.79823717e+00 
 2.50337984e-06  0.00000000e+00  1.79864125e+00 
 2.50408797e-06  0.00000000e+00  1.80046046e+00 
 2.50487139e-06  0.00000000e+00  1.80140913e+00 
 2.50574724e-06  0.00000000e+00  1.80141928e+00 
 2.50669477e-06  0.00000000e+00  1.80151288e+00 
 2.50792840e-06  0.00000000e+00  1.80152868e+00 
 2.50945267e-06  0.00000000e+00  1.80138356e+00 
 2.51166128e-06  0.00000000e+00  1.80124313e+00 
 2.51317090e-06  0.00000000e+00  1.80113002e+00 
 2.51481842e-06  0.00000000e+00  1.80097332e+00 
 2.51647705e-06  0.00000000e+00  1.80068866e+00 
 2.51877272e-06  0.00000000e+00  1.80037059e+00 
 2.52127074e-06  0.00000000e+00  1.80015366e+00 
 2.52549026e-06  0.00000000e+00  1.80002145e+00 
 2.53147710e-06  0.00000000e+00  1.79996995e+00 
 2.54110834e-06  0.00000000e+00  1.79998184e+00 
 2.55983883e-06  0.00000000e+00  1.79998047e+00 
 2.58937093e-06  0.00000000e+00  1.79999422e+00 
 2.64376775e-06  0.00000000e+00  1.79998826e+00 
 2.73718581e-06  0.00000000e+00  1.80000016e+00 
 2.75010000e-06  0.00000000e+00  1.79999069e+00 
 2.75011000e-06  1.80000000e-01  1.80051950e+00 
 2.75013000e-06  5.40000000e-01  1.80164162e+00 
 2.75017000e-06  1.26000000e+00  1.80417182e+00 
 2.75020000e-06  1.80000000e+00  1.80607512e+00 
 2.75020052e-06  1.80000000e+00  1.80607079e+00 
 2.75020157e-06  1.80000000e+00  1.80605596e+00 
 2.75020365e-06  1.80000000e+00  1.80602007e+00 
 2.75020783e-06  1.80000000e+00  1.80596895e+00 
 2.75021617e-06  1.80000000e+00  1.80588515e+00 
 2.75023287e-06  1.80000000e+00  1.80573048e+00 
 2.75026626e-06  1.80000000e+00  1.80544695e+00 
 2.75033304e-06  1.80000000e+00  1.80498604e+00 
 2.75046659e-06  1.80000000e+00  1.80432318e+00 
 2.75064400e-06  1.80000000e+00  1.80370304e+00 
 2.75091355e-06  1.80000000e+00  1.80301036e+00 
 2.75145266e-06  1.80000000e+00  1.80337444e+00 
 2.75209843e-06  1.80000000e+00  1.80481401e+00 
 2.75287462e-06  1.80000000e+00  1.80330828e+00 
 2.75357848e-06  1.80000000e+00  1.80208339e+00 
 2.75454657e-06  1.80000000e+00  1.80052065e+00 
 2.75561127e-06  1.80000000e+00  1.79892435e+00 
 2.75657594e-06  1.80000000e+00  1.79829056e+00 
 2.75747698e-06  1.80000000e+00  1.79796442e+00 
 2.75844160e-06  1.80000000e+00  1.79806914e+00 
 2.75954531e-06  1.80000000e+00  1.79828109e+00 
 2.76079607e-06  1.80000000e+00  1.79854380e+00 
 2.76329749e-06  1.80000000e+00  1.79893418e+00 
 2.76642035e-06  1.80000000e+00  1.79929674e+00 
 2.77101335e-06  1.80000000e+00  1.79960490e+00 
 2.77932193e-06  1.80000000e+00  1.79988218e+00 
 2.79441094e-06  1.80000000e+00  1.79998886e+00 
 2.81962970e-06  1.80000000e+00  1.80000457e+00 
 2.87006720e-06  1.80000000e+00  1.79999503e+00 
 2.97094221e-06  1.80000000e+00  1.80000551e+00 
 3.00000000e-06  1.80000000e+00  1.79999523e+00 
 3.00001000e-06  1.62000000e+00  1.79919685e+00 
 3.00003000e-06  1.26000000e+00  1.79770197e+00 
 3.00007000e-06  5.40000000e-01  1.79515175e+00 
 3.00010000e-06  3.67639252e-12  1.79360366e+00 
 3.00010052e-06  0.00000000e+00  1.79361786e+00 
 3.00010155e-06  0.00000000e+00  1.79365556e+00 
 3.00010362e-06  0.00000000e+00  1.79373869e+00 
 3.00010775e-06  0.00000000e+00  1.79387538e+00 
 3.00011602e-06  0.00000000e+00  1.79412196e+00 
 3.00013256e-06  0.00000000e+00  1.79457034e+00 
 3.00016564e-06  0.00000000e+00  1.79535183e+00 
 3.00023180e-06  0.00000000e+00  1.79651953e+00 
 3.00036412e-06  0.00000000e+00  1.79787106e+00 
 3.00054770e-06  0.00000000e+00  1.79871594e+00 
 3.00091485e-06  0.00000000e+00  1.79949893e+00 
 3.00140881e-06  0.00000000e+00  1.79970677e+00 
 3.00193763e-06  0.00000000e+00  1.79923936e+00 
 3.00268616e-06  0.00000000e+00  1.79825798e+00 
 3.00337833e-06  0.00000000e+00  1.79856166e+00 
 3.00409262e-06  0.00000000e+00  1.80013239e+00 
 3.00486682e-06  0.00000000e+00  1.80083737e+00 
 3.00574158e-06  0.00000000e+00  1.80055941e+00 
 3.00666345e-06  0.00000000e+00  1.80032130e+00 
 3.00762400e-06  0.00000000e+00  1.80016573e+00 
 3.00842859e-06  0.00000000e+00  1.79998131e+00 
 3.00934122e-06  0.00000000e+00  1.79984991e+00 
 3.01049481e-06  0.00000000e+00  1.79969794e+00 
 3.01171716e-06  0.00000000e+00  1.79960728e+00 
 3.01403206e-06  0.00000000e+00  1.79950119e+00 
 3.01619106e-06  0.00000000e+00  1.79956492e+00 
 3.01900777e-06  0.00000000e+00  1.79991495e+00 
 3.02129997e-06  0.00000000e+00  1.79958358e+00 
 3.02337096e-06  0.00000000e+00  1.79909536e+00 
 3.02482966e-06  0.00000000e+00  1.80034578e+00 
 3.02636266e-06  0.00000000e+00  1.80205146e+00 
 3.02793916e-06  0.00000000e+00  1.80096626e+00 
 3.02955292e-06  0.00000000e+00  1.80056048e+00 
 3.03140365e-06  0.00000000e+00  1.80081768e+00 
 3.03464708e-06  0.00000000e+00  1.80094608e+00 
 3.03758564e-06  0.00000000e+00  1.80076898e+00 
 3.04346275e-06  0.00000000e+00  1.80052218e+00 
 3.05248248e-06  0.00000000e+00  1.80026109e+00 
 3.06637833e-06  0.00000000e+00  1.80026944e+00 
 3.08688814e-06  0.00000000e+00  1.80019515e+00 
 3.12790776e-06  0.00000000e+00  1.79999646e+00 
 3.17979936e-06  0.00000000e+00  1.79986726e+00 
 3.21753341e-06  0.00000000e+00  1.80000495e+00 
 3.25010000e-06  0.00000000e+00  1.79994696e+00 
 3.25011000e-06  1.80000000e-01  1.80047555e+00 
 3.25013000e-06  5.40000000e-01  1.80160000e+00 
 3.25017000e-06  1.26000000e+00  1.80414475e+00 
 3.25020000e-06  1.80000000e+00  1.80605452e+00 
 3.25020052e-06  1.80000000e+00  1.80605019e+00 
 3.25020157e-06  1.80000000e+00  1.80603536e+00 
 3.25020365e-06  1.80000000e+00  1.80599949e+00 
 3.25020783e-06  1.80000000e+00  1.80594836e+00 
 3.25021618e-06  1.80000000e+00  1.80586451e+00 
 3.25023288e-06  1.80000000e+00  1.80570942e+00 
 3.25026628e-06  1.80000000e+00  1.80542391e+00 
 3.25033309e-06  1.80000000e+00  1.80495701e+00 
 3.25046670e-06  1.80000000e+00  1.80428040e+00 
 3.25064418e-06  1.80000000e+00  1.80364378e+00 
 3.25091407e-06  1.80000000e+00  1.80292504e+00 
 3.25145385e-06  1.80000000e+00  1.80334284e+00 
 3.25209966e-06  1.80000000e+00  1.80511796e+00 
 3.25287464e-06  1.80000000e+00  1.80413055e+00 
 3.25357886e-06  1.80000000e+00  1.80337124e+00 
 3.25454637e-06  1.80000000e+00  1.80236150e+00 
 3.25560973e-06  1.80000000e+00  1.80063770e+00 
 3.25649698e-06  1.80000000e+00  1.79982581e+00 
 3.25746372e-06  1.80000000e+00  1.79939219e+00 
 3.25844787e-06  1.80000000e+00  1.79931118e+00 
 3.25979795e-06  1.80000000e+00  1.79939965e+00 
 3.26121292e-06  1.80000000e+00  1.79947567e+00 
 3.26385496e-06  1.80000000e+00  1.79961467e+00 
 3.26711198e-06  1.80000000e+00  1.79972627e+00 
 3.27228088e-06  1.80000000e+00  1.79984603e+00 
 3.28261869e-06  1.80000000e+00  1.79994347e+00 
 3.29855371e-06  1.80000000e+00  1.79998184e+00 
 3.33014432e-06  1.80000000e+00  1.79998830e+00 
 3.39332553e-06  1.80000000e+00  1.79999704e+00 
 3.50000000e-06  1.80000000e+00  1.79999727e+00 
 3.50001000e-06  1.62000000e+00  1.79919841e+00 
 3.50003000e-06  1.26000000e+00  1.79770280e+00 
 3.50007000e-06  5.40000000e-01  1.79514812e+00 
 3.50010000e-06  3.67639252e-12  1.79359694e+00 
 3.50010052e-06  0.00000000e+00  1.79361106e+00 
 3.50010155e-06  0.00000000e+00  1.79364855e+00 
 3.50010362e-06  0.00000000e+00  1.79373116e+00 
 3.50010775e-06  0.00000000e+00  1.79386709e+00 
 3.50011602e-06  0.00000000e+00  1.79411241e+00 
 3.50013256e-06  0.00000000e+00  1.79455871e+00 
 3.50016564e-06  0.00000000e+00  1.79533824e+00 
 3.50023179e-06  0.00000000e+00  1.79650815e+00 
 3.50036410e-06  0.00000000e+00  1.79787407e+00 
 3.50054719e-06  0.00000000e+00  1.79874471e+00 
 3.50091338e-06  0.00000000e+00  1.79953424e+00 
 3.50140989e-06  0.00000000e+00  1.79944146e+00 
 3.50193888e-06  0.00000000e+00  1.79836809e+00 
 3.50268951e-06  0.00000000e+00  1.79659591e+00 
 3.50337379e-06  0.00000000e+00  1.79654646e+00 
 3.50409393e-06  0.00000000e+00  1.79850580e+00 
 3.50490185e-06  0.00000000e+00  1.79990294e+00 
 3.50579401e-06  0.00000000e+00  1.80016940e+00 
 3.50678573e-06  0.00000000e+00  1.80042281e+00 
 3.50791298e-06  0.00000000e+00  1.80059902e+00 
 3.50963827e-06  0.00000000e+00  1.80059210e+00 
 3.51110894e-06  0.00000000e+00  1.80064100e+00 
 3.51276543e-06  0.00000000e+00  1.80056612e+00 
 3.51448122e-06  0.00000000e+00  1.80043914e+00 
 3.51628063e-06  0.00000000e+00  1.80026027e+00 
 3.51806305e-06  0.00000000e+00  1.80014974e+00 
 3.52063177e-06  0.00000000e+00  1.80005366e+00 
 3.52347225e-06  0.00000000e+00  1.80001296e+00 
 3.52842009e-06  0.00000000e+00  1.79998041e+00 
 3.53587109e-06  0.00000000e+00  1.79998042e+00 
 3.54841763e-06  0.00000000e+00  1.79997882e+00 
 3.57087714e-06  0.00000000e+00  1.79998771e+00 
 3.60904014e-06  0.00000000e+00  1.79998686e+00 
 3.67866770e-06  0.00000000e+00  1.79999561e+00 
 3.75010000e-06  0.00000000e+00  1.79999254e+00 
 3.75011000e-06  1.80000000e-01  1.80052066e+00 
 3.75013000e-06  5.40000000e-01  1.80164210e+00 
 3.75017000e-06  1.26000000e+00  1.80417627e+00 
 3.75020000e-06  1.80000000e+00  1.80607997e+00 
 3.75020052e-06  1.80000000e+00  1.80607562e+00 
 3.75020157e-06  1.80000000e+00  1.80606082e+00 
 3.75020365e-06  1.80000000e+00  1.80602511e+00 
 3.75020783e-06  1.80000000e+00  1.80597422e+00 
 3.75021617e-06  1.80000000e+00  1.80589063e+00 
 3.75023287e-06  1.80000000e+00  1.80573594e+00 
 3.75026625e-06  1.80000000e+00  1.80545104e+00 
 3.75033303e-06  1.80000000e+00  1.80498415e+00 
 3.75046657e-06  1.80000000e+00  1.80430584e+00 
 3.75064396e-06  1.80000000e+00  1.80366622e+00 
 3.75091359e-06  1.80000000e+00  1.80294345e+00 
 3.75145286e-06  1.80000000e+00  1.80336122e+00 
 3.75210499e-06  1.80000000e+00  1.80514953e+00 
 3.75287631e-06  1.80000000e+00  1.80416817e+00 
 3.75358344e-06  1.80000000e+00  1.80340388e+00 
 3.75454463e-06  1.80000000e+00  1.80241878e+00 
 3.75560653e-06  1.80000000e+00  1.80078257e+00 
 3.75651326e-06  1.80000000e+00  1.79998946e+00 
 3.75749002e-06  1.80000000e+00  1.79944930e+00 
 3.75842446e-06  1.80000000e+00  1.79928860e+00 
 3.75943884e-06  1.80000000e+00  1.79936455e+00 
 3.76061921e-06  1.80000000e+00  1.79942417e+00 
 3.76297996e-06  1.80000000e+00  1.79957827e+00 
 3.76609825e-06  1.80000000e+00  1.79970071e+00 
 3.77059868e-06  1.80000000e+00  1.79983392e+00 
 3.77847949e-06  1.80000000e+00  1.79993074e+00 
 3.79424112e-06  1.80000000e+00  1.79999839e+00 
 3.82425292e-06  1.80000000e+00  1.79999493e+00 
 3.88427653e-06  1.80000000e+00  1.80000443e+00 
 4.00000000e-06  1.80000000e+00  1.79999617e+00 
 4.00001000e-06  1.62000000e+00  1.79919690e+00 
 4.00003000e-06  1.26000000e+00  1.79770131e+00 
 4.00007000e-06  5.40000000e-01  1.79514625e+00 
 4.00010000e-06  0.00000000e+00  1.79359519e+00 
 4.00010052e-06  0.00000000e+00  1.79360936e+00 
 4.00010155e-06  0.00000000e+00  1.79364696e+00 
 4.00010362e-06  0.00000000e+00  1.79372966e+00 
 4.00010775e-06  0.00000000e+00  1.79386560e+00 
 4.00011602e-06  0.00000000e+00  1.79411124e+00 
 4.00013256e-06  0.00000000e+00  1.79455826e+00 
 4.00016564e-06  0.00000000e+00  1.79533917e+00 
 4.00023179e-06  0.00000000e+00  1.79651155e+00 
 4.00036410e-06  0.00000000e+00  1.79788179e+00 
 4.00054733e-06  0.00000000e+00  1.79875609e+00 
 4.00091380e-06  0.00000000e+00  1.79954511e+00 
 4.00141080e-06  0.00000000e+00  1.79943919e+00 
 4.00193984e-06  0.00000000e+00  1.79836251e+00 
 4.00268911e-06  0.00000000e+00  1.79662190e+00 
 4.00337297e-06  0.00000000e+00  1.79653767e+00 
 4.00409140e-06  0.00000000e+00  1.79834324e+00 
 4.00487635e-06  0.00000000e+00  1.79955215e+00 
 4.00574910e-06  0.00000000e+00  1.79958540e+00 
 4.00657407e-06  0.00000000e+00  1.79952129e+00 
 4.00742861e-06  0.00000000e+00  1.79954668e+00 
 4.00839762e-06  0.00000000e+00  1.79945479e+00 
 4.00934500e-06  0.00000000e+00  1.79939492e+00 
 4.01035317e-06  0.00000000e+00  1.79932659e+00 
 4.01179968e-06  0.00000000e+00  1.79926643e+00 
 4.01328564e-06  0.00000000e+00  1.79921451e+00 
 4.01575566e-06  0.00000000e+00  1.79924221e+00 
 4.01844481e-06  0.00000000e+00  1.79943438e+00 
 4.02086158e-06  0.00000000e+00  1.79965451e+00 
 4.02344674e-06  0.00000000e+00  1.79897515e+00 
 4.02536620e-06  0.00000000e+00  1.79944407e+00 
 4.02719809e-06  0.00000000e+00  1.80126868e+00 
 4.02883896e-06  0.00000000e+00  1.80039423e+00 
 4.03060912e-06  0.00000000e+00  1.79979904e+00 
 4.03271583e-06  0.00000000e+00  1.80017567e+00 
 4.03532679e-06  0.00000000e+00  1.80020975e+00 
 4.03849708e-06  0.00000000e+00  1.80017813e+00 
 4.04363651e-06  0.00000000e+00  1.80009311e+00 
 4.05080701e-06  0.00000000e+00  1.80004030e+00 
 4.06245918e-06  0.00000000e+00  1.79995099e+00 
 4.07684794e-06  0.00000000e+00  1.79977598e+00 
 4.09062288e-06  0.00000000e+00  1.79968134e+00 
 4.10476936e-06  0.00000000e+00  1.80428047e+00 
 4.11487408e-06  0.00000000e+00  1.79956703e+00 
 4.12434679e-06  0.00000000e+00  1.79983049e+00 
 4.13719069e-06  0.00000000e+00  1.80002616e+00 
 4.14903770e-06  0.00000000e+00  1.79986331e+00 
 4.15973473e-06  0.00000000e+00  1.80007935e+00 
 4.17792759e-06  0.00000000e+00  1.79982444e+00 
 4.19961317e-06  0.00000000e+00  1.79819084e+00 
 4.21970507e-06  0.00000000e+00  1.79918532e+00 
 4.23632883e-06  0.00000000e+00  1.80031215e+00 
 4.25010000e-06  6.67038446e-12  1.79986324e+00 
 4.25011000e-06  1.80000000e-01  1.80040428e+00 
 4.25013000e-06  5.40000000e-01  1.80154547e+00 
 4.25017000e-06  1.26000000e+00  1.80409811e+00 
 4.25020000e-06  1.80000000e+00  1.80600682e+00 
 4.25020052e-06  1.80000000e+00  1.80600256e+00 
 4.25020156e-06  1.80000000e+00  1.80598797e+00 
 4.25020365e-06  1.80000000e+00  1.80595266e+00 
 4.25020782e-06  1.80000000e+00  1.80590275e+00 
 4.25021617e-06  1.80000000e+00  1.80582186e+00 
 4.25023286e-06  1.80000000e+00  1.80567234e+00 
 4.25026624e-06  1.80000000e+00  1.80539612e+00 
 4.25033300e-06  1.80000000e+00  1.80494003e+00 
 4.25041615e-06  1.80000000e+00  1.80449894e+00 
 4.25058246e-06  1.80000000e+00  1.80384464e+00 
 4.25076981e-06  1.80000000e+00  1.80327108e+00 
 4.25108620e-06  1.80000000e+00  1.80281456e+00 
 4.25171899e-06  1.80000000e+00  1.80414465e+00 
 4.25234067e-06  1.80000000e+00  1.80438954e+00 
 4.25303888e-06  1.80000000e+00  1.80287648e+00 
 4.25377668e-06  1.80000000e+00  1.80181927e+00 
 4.25472303e-06  1.80000000e+00  1.80010164e+00 
 4.25556763e-06  1.80000000e+00  1.79878390e+00 
 4.25651478e-06  1.80000000e+00  1.79816724e+00 
 4.25746809e-06  1.80000000e+00  1.79793046e+00 
 4.25845126e-06  1.80000000e+00  1.79806650e+00 
 4.26008339e-06  1.80000000e+00  1.79840176e+00 
 4.26170754e-06  1.80000000e+00  1.79870415e+00 
 4.26437760e-06  1.80000000e+00  1.79907326e+00 
 4.26787800e-06  1.80000000e+00  1.79940895e+00 
 4.27367292e-06  1.80000000e+00  1.79971693e+00 
 4.28526276e-06  1.80000000e+00  1.79995028e+00 
 4.30844243e-06  1.80000000e+00  1.79999963e+00 
 4.35480177e-06  1.80000000e+00  1.79999596e+00 
 4.44752046e-06  1.80000000e+00  1.80000000e+00 
 4.50000000e-06  1.80000000e+00  1.80000041e+00 
 4.50001000e-06  1.62000000e+00  1.79920501e+00 
 4.50003000e-06  1.26000000e+00  1.79771804e+00 
 4.50007000e-06  5.40000000e-01  1.79517637e+00 
 4.50010000e-06  0.00000000e+00  1.79362789e+00 
 4.50010052e-06  0.00000000e+00  1.79364200e+00 
 4.50010155e-06  0.00000000e+00  1.79367939e+00 
 4.50010362e-06  0.00000000e+00  1.79376168e+00 
 4.50010775e-06  0.00000000e+00  1.79389652e+00 
 4.50011602e-06  0.00000000e+00  1.79413926e+00 
 4.50013256e-06  0.00000000e+00  1.79458077e+00 
 4.50016564e-06  0.00000000e+00  1.79535210e+00 
 4.50023180e-06  0.00000000e+00  1.79650967e+00 
 4.50036412e-06  0.00000000e+00  1.79785508e+00 
 4.50062094e-06  0.00000000e+00  1.79893668e+00 
 4.50109134e-06  0.00000000e+00  1.79971776e+00 
 4.50174215e-06  0.00000000e+00  1.79960483e+00 
 4.50246363e-06  0.00000000e+00  1.79842720e+00 
 4.50308365e-06  0.00000000e+00  1.79763248e+00 
 4.50385295e-06  0.00000000e+00  1.79935088e+00 
 4.50467099e-06  0.00000000e+00  1.80124145e+00 
 4.50554642e-06  0.00000000e+00  1.80162690e+00 
 4.50641808e-06  0.00000000e+00  1.80158276e+00 
 4.50745459e-06  0.00000000e+00  1.80165428e+00 
 4.50872969e-06  0.00000000e+00  1.80152449e+00 
 4.51034951e-06  0.00000000e+00  1.80140295e+00 
 4.51154875e-06  0.00000000e+00  1.80130562e+00 
 4.51294741e-06  0.00000000e+00  1.80114662e+00 
 4.51456101e-06  0.00000000e+00  1.80090721e+00 
 4.51623940e-06  0.00000000e+00  1.80059547e+00 
 4.51799848e-06  0.00000000e+00  1.80037337e+00 
 4.52151665e-06  0.00000000e+00  1.80010909e+00 
 4.52855299e-06  0.00000000e+00  1.79998462e+00 
 4.54221655e-06  0.00000000e+00  1.79997144e+00 
 4.56954368e-06  0.00000000e+00  1.79999224e+00 
 4.62419794e-06  0.00000000e+00  1.79998351e+00 
 4.73350645e-06  0.00000000e+00  1.80000164e+00 
 4.75010000e-06  6.67038446e-12  1.79998859e+00 
 4.75011000e-06  1.80000000e-01  1.80051705e+00 
 4.75013000e-06  5.40000000e-01  1.80163531e+00 
 4.75017000e-06  1.26000000e+00  1.80415766e+00 
 4.75020000e-06  1.80000000e+00  1.80605604e+00 
 4.75020052e-06  1.80000000e+00  1.80605173e+00 
 4.75020156e-06  1.80000000e+00  1.80603714e+00 
 4.75020365e-06  1.80000000e+00  1.80600211e+00 
 4.75020782e-06  1.80000000e+00  1.80595258e+00 
 4.75021617e-06  1.80000000e+00  1.80587153e+00 
 4.75023286e-06  1.80000000e+00  1.80572192e+00 
 4.75026624e-06  1.80000000e+00  1.80544691e+00 
 4.75033301e-06  1.80000000e+00  1.80499417e+00 
 4.75041515e-06  1.80000000e+00  1.80456123e+00 
 4.75057944e-06  1.80000000e+00  1.80391612e+00 
 4.75076655e-06  1.80000000e+00  1.80333995e+00 
 4.75108006e-06  1.80000000e+00  1.80287211e+00 
 4.75170707e-06  1.80000000e+00  1.80417301e+00 
 4.75233202e-06  1.80000000e+00  1.80447034e+00 
 4.75302967e-06  1.80000000e+00  1.80295197e+00 
 4.75376502e-06  1.80000000e+00  1.80188174e+00 
 4.75470721e-06  1.80000000e+00  1.80023626e+00 
 4.75553679e-06  1.80000000e+00  1.79899151e+00 
 4.75647316e-06  1.80000000e+00  1.79836412e+00 
 4.75729177e-06  1.80000000e+00  1.79801615e+00 
 4.75818741e-06  1.80000000e+00  1.79802086e+00 
 4.75918921e-06  1.80000000e+00  1.79821795e+00 
 4.76033324e-06  1.80000000e+00  1.79844617e+00 
 4.76262128e-06  1.80000000e+00  1.79884221e+00 
 4.76557317e-06  1.80000000e+00  1.79920338e+00 
 4.76978079e-06  1.80000000e+00  1.79953813e+00 
 4.77687370e-06  1.80000000e+00  1.79981888e+00 
 4.79105954e-06  1.80000000e+00  1.79998730e+00 
 4.81943120e-06  1.80000000e+00  1.80000001e+00 
 4.87617454e-06  1.80000000e+00  1.79999989e+00 
 4.98966120e-06  1.80000000e+00  1.79999990e+00 
 5.00000000e-06  1.80000000e+00  1.80000160e+00 
 5.00001000e-06  1.62000000e+00  1.79920534e+00 
 5.00003000e-06  1.26000000e+00  1.79771666e+00 
 5.00007000e-06  5.40000000e-01  1.79517188e+00 
 5.00010000e-06  0.00000000e+00  1.79362321e+00 
 5.00010052e-06  0.00000000e+00  1.79363733e+00 
 5.00010155e-06  0.00000000e+00  1.79367475e+00 
 5.00010362e-06  0.00000000e+00  1.79375703e+00 
 5.00010775e-06  0.00000000e+00  1.79389201e+00 
 5.00011602e-06  0.00000000e+00  1.79413534e+00 
 5.00013256e-06  0.00000000e+00  1.79457802e+00 
 5.00016564e-06  0.00000000e+00  1.79535146e+00 
 5.00023179e-06  0.00000000e+00  1.79651209e+00 
 5.00036409e-06  0.00000000e+00  1.79786185e+00 
 5.00062020e-06  0.00000000e+00  1.79894452e+00 
 5.00109021e-06  0.00000000e+00  1.79972653e+00 
 5.00174047e-06  0.00000000e+00  1.79961612e+00 
 5.00246301e-06  0.00000000e+00  1.79846273e+00 
 5.00308817e-06  0.00000000e+00  1.79763359e+00 
 5.00385533e-06  0.00000000e+00  1.79915325e+00 
 5.00481693e-06  0.00000000e+00  1.80080782e+00 
 5.00568321e-06  0.00000000e+00  1.80072377e+00 
 5.00649384e-06  0.00000000e+00  1.80038073e+00 
 5.00734640e-06  0.00000000e+00  1.80020667e+00 
 5.00813598e-06  0.00000000e+00  1.80002400e+00 
 5.00899671e-06  0.00000000e+00  1.79983929e+00 
 5.01017289e-06  0.00000000e+00  1.79969449e+00 
 5.01139410e-06  0.00000000e+00  1.79955931e+00 
 5.01383652e-06  0.00000000e+00  1.79940081e+00 
 5.01639850e-06  0.00000000e+00  1.79932607e+00 
 5.01953311e-06  0.00000000e+00  1.79945625e+00 
 5.02293930e-06  0.00000000e+00  1.79960085e+00 
 5.02644425e-06  0.00000000e+00  1.79903675e+00 
 5.02895835e-06  0.00000000e+00  1.80043430e+00 
 5.03132354e-06  0.00000000e+00  1.80020326e+00 
 5.03399261e-06  0.00000000e+00  1.79946311e+00 
 5.03662096e-06  0.00000000e+00  1.80023075e+00 
 5.03928138e-06  0.00000000e+00  1.79999731e+00 
 5.04315773e-06  0.00000000e+00  1.80020711e+00 
 5.04764313e-06  0.00000000e+00  1.79992596e+00 
 5.05405286e-06  0.00000000e+00  1.79982776e+00 
 5.06109440e-06  0.00000000e+00  1.79954497e+00 
 5.06688673e-06  0.00000000e+00  1.79969598e+00 
 5.07375803e-06  0.00000000e+00  1.80400314e+00 
 5.08022425e-06  0.00000000e+00  1.80305050e+00 
 5.08631144e-06  0.00000000e+00  1.80010949e+00 
 5.09322737e-06  0.00000000e+00  1.80001032e+00 
 5.09960015e-06  0.00000000e+00  1.79987920e+00 
 5.10726038e-06  0.00000000e+00  1.80001435e+00 
 5.11375761e-06  0.00000000e+00  1.79990118e+00 
 5.12164112e-06  0.00000000e+00  1.80002944e+00 
 5.13313703e-06  0.00000000e+00  1.79991971e+00 
 5.14600668e-06  0.00000000e+00  1.80004028e+00 
 5.16918565e-06  0.00000000e+00  1.79993085e+00 
 5.20608547e-06  0.00000000e+00  1.80004815e+00 
 5.25010000e-06  6.67038446e-12  1.79993732e+00 
 5.25011000e-06  1.80000000e-01  1.80048399e+00 
 5.25013000e-06  5.40000000e-01  1.80162740e+00 
 5.25017000e-06  1.26000000e+00  1.80416446e+00 
 5.25020000e-06  1.80000000e+00  1.80606418e+00 
 5.25020052e-06  1.80000000e+00  1.80605968e+00 
 5.25020157e-06  1.80000000e+00  1.80604441e+00 
 5.25020365e-06  1.80000000e+00  1.80600730e+00 
 5.25020783e-06  1.80000000e+00  1.80595403e+00 
 5.25021617e-06  1.80000000e+00  1.80586793e+00 
 5.25023287e-06  1.80000000e+00  1.80571079e+00 
 5.25026626e-06  1.80000000e+00  1.80542659e+00 
 5.25033304e-06  1.80000000e+00  1.80497172e+00 
 5.25041562e-06  1.80000000e+00  1.80454544e+00 
 5.25058078e-06  1.80000000e+00  1.80391004e+00 
 5.25076354e-06  1.80000000e+00  1.80335187e+00 
 5.25108090e-06  1.80000000e+00  1.80288154e+00 
 5.25171561e-06  1.80000000e+00  1.80418256e+00 
 5.25234066e-06  1.80000000e+00  1.80439741e+00 
 5.25304454e-06  1.80000000e+00  1.80277370e+00 
 5.25378117e-06  1.80000000e+00  1.80178309e+00 
 5.25472628e-06  1.80000000e+00  1.80070289e+00 
 5.25575707e-06  1.80000000e+00  1.79934904e+00 
 5.25651000e-06  1.80000000e+00  1.79905841e+00 
 5.25739688e-06  1.80000000e+00  1.79917819e+00 
 5.25834894e-06  1.80000000e+00  1.79920516e+00 
 5.25948725e-06  1.80000000e+00  1.79933615e+00 
 5.26069478e-06  1.80000000e+00  1.79940367e+00 
 5.26310984e-06  1.80000000e+00  1.79956397e+00 
 5.26620938e-06  1.80000000e+00  1.79968546e+00 
 5.27072237e-06  1.80000000e+00  1.79982538e+00 
 5.27931199e-06  1.80000000e+00  1.79993303e+00 
 5.29649123e-06  1.80000000e+00  1.80000208e+00 
 5.33084972e-06  1.80000000e+00  1.79999281e+00 
 5.39956669e-06  1.80000000e+00  1.80000522e+00 
 5.48840551e-06  1.80000000e+00  1.79999451e+00 
 5.50000000e-06  1.80000000e+00  1.80000511e+00 
 5.50001000e-06  1.62000000e+00  1.79920275e+00 
 5.50003000e-06  1.26000000e+00  1.79770634e+00 
 5.50007000e-06  5.40000000e-01  1.79516136e+00 
 5.50010000e-06  0.00000000e+00  1.79361758e+00 
 5.50010052e-06  0.00000000e+00  1.79363198e+00 
 5.50010155e-06  0.00000000e+00  1.79367024e+00 
 5.50010362e-06  0.00000000e+00  1.79375501e+00 
 5.50010775e-06  0.00000000e+00  1.79389443e+00 
 5.50011602e-06  0.00000000e+00  1.79414358e+00 
 5.50013256e-06  0.00000000e+00  1.79459380e+00 
 5.50016564e-06  0.00000000e+00  1.79537220e+00 
 5.50023179e-06  0.00000000e+00  1.79652500e+00 
 5.50036409e-06  0.00000000e+00  1.79785401e+00 
 5.50062117e-06  0.00000000e+00  1.79892343e+00 
 5.50109168e-06  0.00000000e+00  1.79970321e+00 
 5.50174268e-06  0.00000000e+00  1.79973092e+00 
 5.50246377e-06  0.00000000e+00  1.79878281e+00 
 5.50308258e-06  0.00000000e+00  1.79758440e+00 
 5.50385215e-06  0.00000000e+00  1.79810200e+00 
 5.50480727e-06  0.00000000e+00  1.79988743e+00 
 5.50576103e-06  0.00000000e+00  1.80064225e+00 
 5.50669844e-06  0.00000000e+00  1.80078793e+00 
 5.50784369e-06  0.00000000e+00  1.80104376e+00 
 5.50927191e-06  0.00000000e+00  1.80103974e+00 
 5.51087218e-06  0.00000000e+00  1.80101774e+00 
 5.51234872e-06  0.00000000e+00  1.80100403e+00 
 5.51371153e-06  0.00000000e+00  1.80096279e+00 
 5.51520774e-06  0.00000000e+00  1.80086282e+00 
 5.51710906e-06  0.00000000e+00  1.80058895e+00 
 5.51883680e-06  0.00000000e+00  1.80036308e+00 
 5.52229227e-06  0.00000000e+00  1.80010087e+00 
 5.52727879e-06  0.00000000e+00  1.79998752e+00 
 5.53628659e-06  0.00000000e+00  1.79996507e+00 
 5.55425978e-06  0.00000000e+00  1.79998390e+00 
 5.58445313e-06  0.00000000e+00  1.79998431e+00 
 5.64483985e-06  0.00000000e+00  1.79999407e+00 
 5.73369181e-06  0.00000000e+00  1.79999256e+00 
 5.75010000e-06  6.67038446e-12  1.79999687e+00 
 5.75011000e-06  1.80000000e-01  1.80052505e+00 
 5.75013000e-06  5.40000000e-01  1.80164667e+00 
 5.75017000e-06  1.26000000e+00  1.80417616e+00 
 5.75020000e-06  1.80000000e+00  1.80607451e+00 
 5.75020052e-06  1.80000000e+00  1.80607013e+00 
 5.75020157e-06  1.80000000e+00  1.80605521e+00 
 5.75020365e-06  1.80000000e+00  1.80601889e+00 
 5.75020783e-06  1.80000000e+00  1.80596660e+00 
 5.75021618e-06  1.80000000e+00  1.80588123e+00 
 5.75023288e-06  1.80000000e+00  1.80572474e+00 
 5.75026628e-06  1.80000000e+00  1.80544184e+00 
 5.75033308e-06  1.80000000e+00  1.80498668e+00 
 5.75041502e-06  1.80000000e+00  1.80456099e+00 
 5.75057890e-06  1.80000000e+00  1.80392331e+00 
 5.75076570e-06  1.80000000e+00  1.80334725e+00 
 5.75107872e-06  1.80000000e+00  1.80287761e+00 
 5.75170476e-06  1.80000000e+00  1.80416315e+00 
 5.75233021e-06  1.80000000e+00  1.80444362e+00 
 5.75302767e-06  1.80000000e+00  1.80286455e+00 
 5.75376237e-06  1.80000000e+00  1.80189616e+00 
 5.75470364e-06  1.80000000e+00  1.80034346e+00 
 5.75573028e-06  1.80000000e+00  1.79768312e+00 
 5.75648679e-06  1.80000000e+00  1.79667301e+00 
 5.75736546e-06  1.80000000e+00  1.79709353e+00 
 5.75836193e-06  1.80000000e+00  1.79838151e+00 
 5.75928617e-06  1.80000000e+00  1.79973916e+00 
 5.76039174e-06  1.80000000e+00  1.80035935e+00 
 5.76161795e-06  1.80000000e+00  1.80027590e+00 
 5.76313157e-06  1.80000000e+00  1.80011651e+00 
 5.76469894e-06  1.80000000e+00  1.80013747e+00 
 5.76690744e-06  1.80000000e+00  1.80008196e+00 
 5.76939544e-06  1.80000000e+00  1.80007995e+00 
 5.77361797e-06  1.80000000e+00  1.80001622e+00 
 5.78158711e-06  1.80000000e+00  1.80001579e+00 
 5.79373475e-06  1.80000000e+00  1.79998149e+00 
 5.81674285e-06  1.80000000e+00  1.80001234e+00 
 5.85511651e-06  1.80000000e+00  1.79998613e+00 
 5.92231059e-06  1.80000000e+00  1.80001386e+00 
 6.00000000e-06  1.80000000e+00  1.79998645e+00 
 6.00001000e-06  1.62000000e+00  1.79918772e+00 
 6.00003000e-06  1.26000000e+00  1.79769507e+00 
 6.00007000e-06  5.40000000e-01  1.79514916e+00 
 6.00010000e-06  0.00000000e+00  1.79360478e+00 
 6.00010052e-06  0.00000000e+00  1.79361916e+00 
 6.00010155e-06  0.00000000e+00  1.79365734e+00 
 6.00010362e-06  0.00000000e+00  1.79374198e+00 
 6.00010775e-06  0.00000000e+00  1.79388165e+00 
 6.00011602e-06  0.00000000e+00  1.79413221e+00 
 6.00013256e-06  0.00000000e+00  1.79458520e+00 
 6.00016564e-06  0.00000000e+00  1.79536777e+00 
 6.00023180e-06  0.00000000e+00  1.79652549e+00 
 6.00036412e-06  0.00000000e+00  1.79785941e+00 
 6.00062045e-06  0.00000000e+00  1.79893166e+00 
 6.00109041e-06  0.00000000e+00  1.79971463e+00 
 6.00174092e-06  0.00000000e+00  1.79969803e+00 
 6.00246264e-06  0.00000000e+00  1.79865665e+00 
 6.00308747e-06  0.00000000e+00  1.79744948e+00 
 6.00385439e-06  0.00000000e+00  1.79881434e+00 
 6.00481560e-06  0.00000000e+00  1.80223953e+00 
 6.00571374e-06  0.00000000e+00  1.80102557e+00 
 6.00665573e-06  0.00000000e+00  1.80009064e+00 
 6.00761428e-06  0.00000000e+00  1.80041535e+00 
 6.00854880e-06  0.00000000e+00  1.80054358e+00 
 6.00956427e-06  0.00000000e+00  1.80022264e+00 
 6.01079692e-06  0.00000000e+00  1.79993716e+00 
 6.01200778e-06  0.00000000e+00  1.79977163e+00 
 6.01442950e-06  0.00000000e+00  1.79943200e+00 
 6.01700207e-06  0.00000000e+00  1.79875165e+00 
 6.01890495e-06  0.00000000e+00  1.79811465e+00 
 6.02104337e-06  0.00000000e+00  1.79809641e+00 
 6.02327982e-06  0.00000000e+00  1.79851298e+00 
 6.02589499e-06  0.00000000e+00  1.79830422e+00 
 6.02797214e-06  0.00000000e+00  1.79798650e+00 
 6.02949457e-06  0.00000000e+00  1.79937169e+00 
 6.03113592e-06  0.00000000e+00  1.80027230e+00 
 6.03276716e-06  0.00000000e+00  1.79928685e+00 
 6.03485028e-06  0.00000000e+00  1.79954176e+00 
 6.03684514e-06  0.00000000e+00  1.80014908e+00 
 6.03990925e-06  0.00000000e+00  1.80046953e+00 
 6.04374247e-06  0.00000000e+00  1.80038265e+00 
 6.04849965e-06  0.00000000e+00  1.80014642e+00 
 6.05477052e-06  0.00000000e+00  1.79999934e+00 
 6.06209293e-06  0.00000000e+00  1.79998685e+00 
 6.07137713e-06  0.00000000e+00  1.79999910e+00 
 6.08809146e-06  0.00000000e+00  1.79999502e+00 
 6.11997769e-06  0.00000000e+00  1.79999597e+00 
 6.16891203e-06  0.00000000e+00  1.79999225e+00 
 6.20201483e-06  0.00000000e+00  1.79999776e+00 
 6.23727932e-06  0.00000000e+00  1.79999262e+00 
 6.25010000e-06  6.67038446e-12  1.79999837e+00 
 6.25011000e-06  1.80000000e-01  1.80052824e+00 
 6.25013000e-06  5.40000000e-01  1.80165036e+00 
 6.25017000e-06  1.26000000e+00  1.80417754e+00 
 6.25020000e-06  1.80000000e+00  1.80607418e+00 
 6.25020052e-06  1.80000000e+00  1.80606971e+00 
 6.25020156e-06  1.80000000e+00  1.80605457e+00 
 6.25020365e-06  1.80000000e+00  1.80601780e+00 
 6.25020782e-06  1.80000000e+00  1.80596488e+00 
 6.25021617e-06  1.80000000e+00  1.80587890e+00 
 6.25023285e-06  1.80000000e+00  1.80572168e+00 
 6.25026623e-06  1.80000000e+00  1.80543803e+00 
 6.25033298e-06  1.80000000e+00  1.80498396e+00 
 6.25041473e-06  1.80000000e+00  1.80456158e+00 
 6.25057823e-06  1.80000000e+00  1.80392844e+00 
 6.25076024e-06  1.80000000e+00  1.80336818e+00 
 6.25105860e-06  1.80000000e+00  1.80288700e+00 
 6.25165533e-06  1.80000000e+00  1.80400488e+00 
 6.25228695e-06  1.80000000e+00  1.80449698e+00 
 6.25298652e-06  1.80000000e+00  1.80288506e+00 
 6.25371011e-06  1.80000000e+00  1.80186373e+00 
 6.25463678e-06  1.80000000e+00  1.80120707e+00 
 6.25565462e-06  1.80000000e+00  1.80025027e+00 
 6.25691769e-06  1.80000000e+00  1.79913438e+00 
 6.25795274e-06  1.80000000e+00  1.79904311e+00 
 6.25904682e-06  1.80000000e+00  1.79921878e+00 
 6.26022909e-06  1.80000000e+00  1.79928270e+00 
 6.26205701e-06  1.80000000e+00  1.79946530e+00 
 6.26387281e-06  1.80000000e+00  1.79954035e+00 
 6.26742406e-06  1.80000000e+00  1.79972410e+00 
 6.27259305e-06  1.80000000e+00  1.79983491e+00 
 6.28156427e-06  1.80000000e+00  1.79996447e+00 
 6.29843052e-06  1.80000000e+00  1.79998753e+00 
 6.32714862e-06  1.80000000e+00  1.80001114e+00 
 6.38458484e-06  1.80000000e+00  1.79998967e+00 
 6.49945726e-06  1.80000000e+00  1.80001127e+00 
 6.50000000e-06  1.80000000e+00  1.79999499e+00 
 6.50000774e-06  1.66071037e+00  1.79936774e+00 
 6.50002321e-06  1.38213111e+00  1.79817814e+00 
 6.50005417e-06  8.24972595e-01  1.79611061e+00 
 6.50010000e-06  0.00000000e+00  1.79361433e+00 
 6.50010073e-06  0.00000000e+00  1.79363581e+00 
 6.50010218e-06  0.00000000e+00  1.79369170e+00 
 6.50010510e-06  0.00000000e+00  1.79380555e+00 
 6.50011092e-06  0.00000000e+00  1.79398880e+00 
 6.50012258e-06  0.00000000e+00  1.79432503e+00 
 6.50014588e-06  0.00000000e+00  1.79492329e+00 
 6.50019250e-06  0.00000000e+00  1.79589491e+00 
 6.50028572e-06  0.00000000e+00  1.79718256e+00 
 6.50047217e-06  0.00000000e+00  1.79844053e+00 
 6.50082602e-06  0.00000000e+00  1.79933786e+00 
 6.50137193e-06  0.00000000e+00  1.79981423e+00 
 6.50206037e-06  0.00000000e+00  1.79943023e+00 
 6.50274893e-06  0.00000000e+00  1.79812322e+00 
 6.50339701e-06  0.00000000e+00  1.79740189e+00 
 6.50413090e-06  0.00000000e+00  1.79825930e+00 
 6.50496304e-06  0.00000000e+00  1.79979409e+00 
 6.50587271e-06  0.00000000e+00  1.80075987e+00 
 6.50691017e-06  0.00000000e+00  1.80091675e+00 
 6.50819775e-06  0.00000000e+00  1.80108078e+00 
 6.50948758e-06  0.00000000e+00  1.80109074e+00 
 6.51130831e-06  0.00000000e+00  1.80098515e+00 
 6.51321413e-06  0.00000000e+00  1.80097326e+00 
 6.51512298e-06  0.00000000e+00  1.80087430e+00 
 6.51696928e-06  0.00000000e+00  1.80070473e+00 
 6.51924225e-06  0.00000000e+00  1.80039345e+00 
 6.52267648e-06  0.00000000e+00  1.80010865e+00 
 6.52703388e-06  0.00000000e+00  1.79999049e+00 
 6.53508778e-06  0.00000000e+00  1.79996019e+00 
 6.54741898e-06  0.00000000e+00  1.79997494e+00 
 6.56929521e-06  0.00000000e+00  1.79998104e+00 
 6.60894199e-06  0.00000000e+00  1.79998908e+00 
 6.67955505e-06  0.00000000e+00  1.79999183e+00 
 6.75010000e-06  6.67038446e-12  1.79999575e+00 
 6.75011000e-06  1.80000000e-01  1.80052513e+00 
 6.75013000e-06  5.40000000e-01  1.80164828e+00 
 6.75017000e-06  1.26000000e+00  1.80417959e+00 
 6.75020000e-06  1.80000000e+00  1.80607877e+00 
 6.75020052e-06  1.80000000e+00  1.80607437e+00 
 6.75020157e-06  1.80000000e+00  1.80605942e+00 
 6.75020365e-06  1.80000000e+00  1.80602308e+00 
 6.75020783e-06  1.80000000e+00  1.80597078e+00 
 6.75021618e-06  1.80000000e+00  1.80588550e+00 
 6.75023287e-06  1.80000000e+00  1.80572938e+00 
 6.75026627e-06  1.80000000e+00  1.80544749e+00 
 6.75033306e-06  1.80000000e+00  1.80499381e+00 
 6.75041426e-06  1.80000000e+00  1.80457213e+00 
 6.75057667e-06  1.80000000e+00  1.80393695e+00 
 6.75079624e-06  1.80000000e+00  1.80326544e+00 
 6.75107523e-06  1.80000000e+00  1.80286129e+00 
 6.75163322e-06  1.80000000e+00  1.80395094e+00 
 6.75225234e-06  1.80000000e+00  1.80456794e+00 
 6.75292383e-06  1.80000000e+00  1.80302691e+00 
 6.75364601e-06  1.80000000e+00  1.80195970e+00 
 6.75457149e-06  1.80000000e+00  1.80124724e+00 
 6.75557918e-06  1.80000000e+00  1.79972216e+00 
 6.75681057e-06  1.80000000e+00  1.79711065e+00 
 6.75778206e-06  1.80000000e+00  1.79666550e+00 
 6.75882573e-06  1.80000000e+00  1.79784958e+00 
 6.75985374e-06  1.80000000e+00  1.79932502e+00 
 6.76096611e-06  1.80000000e+00  1.80031882e+00 
 6.76218160e-06  1.80000000e+00  1.80025735e+00 
 6.76349628e-06  1.80000000e+00  1.80014028e+00 
 6.76499418e-06  1.80000000e+00  1.80009997e+00 
 6.76747892e-06  1.80000000e+00  1.80010018e+00 
 6.77015166e-06  1.80000000e+00  1.80005144e+00 
 6.77426740e-06  1.80000000e+00  1.80003513e+00 
 6.78063853e-06  1.80000000e+00  1.79999813e+00 
 6.79338080e-06  1.80000000e+00  1.80000123e+00 
 6.81818096e-06  1.80000000e+00  1.79999257e+00 
 6.86331776e-06  1.80000000e+00  1.80000619e+00 
 6.95359136e-06  1.80000000e+00  1.79999384e+00 
 7.00000000e-06  1.80000000e+00  1.80000638e+00 
 7.00001000e-06  1.62000000e+00  1.79920299e+00 
 7.00003000e-06  1.26000000e+00  1.79770423e+00 
 7.00007000e-06  5.40000000e-01  1.79515117e+00 
 7.00010000e-06  0.00000000e+00  1.79360338e+00 
 7.00010052e-06  0.00000000e+00  1.79361776e+00 
 7.00010155e-06  0.00000000e+00  1.79365595e+00 
 7.00010362e-06  0.00000000e+00  1.79374054e+00 
 7.00010775e-06  0.00000000e+00  1.79388016e+00 
 7.00011602e-06  0.00000000e+00  1.79413060e+00 
 7.00013256e-06  0.00000000e+00  1.79458329e+00 
 7.00016564e-06  0.00000000e+00  1.79536541e+00 
 7.00023181e-06  0.00000000e+00  1.79652218e+00 
 7.00036413e-06  0.00000000e+00  1.79785433e+00 
 7.00062034e-06  0.00000000e+00  1.79892494e+00 
 7.00109059e-06  0.00000000e+00  1.79971066e+00 
 7.00174090e-06  0.00000000e+00  1.79972195e+00 
 7.00245793e-06  0.00000000e+00  1.79874606e+00 
 7.00308405e-06  0.00000000e+00  1.79735507e+00 
 7.00384887e-06  0.00000000e+00  1.79770333e+00 
 7.00480733e-06  0.00000000e+00  1.80101611e+00 
 7.00570925e-06  0.00000000e+00  1.80231047e+00 
 7.00664645e-06  0.00000000e+00  1.80039777e+00 
 7.00738435e-06  0.00000000e+00  1.80024005e+00 
 7.00823225e-06  0.00000000e+00  1.80046806e+00 
 7.00909450e-06  0.00000000e+00  1.80067817e+00 
 7.00995242e-06  0.00000000e+00  1.80029336e+00 
 7.01104414e-06  0.00000000e+00  1.80007893e+00 
 7.01221516e-06  0.00000000e+00  1.79982895e+00 
 7.01455720e-06  0.00000000e+00  1.79954177e+00 
 7.01756692e-06  0.00000000e+00  1.79886424e+00 
 7.01960310e-06  0.00000000e+00  1.79836063e+00 
 7.02191512e-06  0.00000000e+00  1.79837989e+00 
 7.02386298e-06  0.00000000e+00  1.79872894e+00 
 7.02612636e-06  0.00000000e+00  1.79846107e+00 
 7.02794609e-06  0.00000000e+00  1.79870642e+00 
 7.02987377e-06  0.00000000e+00  1.80064253e+00 
 7.03159972e-06  0.00000000e+00  1.80024416e+00 
 7.03341451e-06  0.00000000e+00  1.79966406e+00 
 7.03566710e-06  0.00000000e+00  1.79994353e+00 
 7.03794071e-06  0.00000000e+00  1.79826960e+00 
 7.04123982e-06  0.00000000e+00  1.79355142e+00 
 7.04370229e-06  0.00000000e+00  1.79450985e+00 
 7.04665569e-06  0.00000000e+00  1.79744672e+00 
 7.05000523e-06  0.00000000e+00  1.79902662e+00 
 7.05378266e-06  0.00000000e+00  1.79960752e+00 
 7.06133754e-06  0.00000000e+00  1.80000340e+00 
 7.07204635e-06  0.00000000e+00  1.79993662e+00 
 7.08270289e-06  0.00000000e+00  1.80003560e+00 
 7.09549328e-06  0.00000000e+00  1.79995236e+00 
 7.11182338e-06  0.00000000e+00  1.80002874e+00 
 7.14448360e-06  0.00000000e+00  1.79995761e+00 
 7.19596796e-06  0.00000000e+00  1.80002901e+00 
 7.25010000e-06  6.67038446e-12  1.79996133e+00 
 7.25011000e-06  1.80000000e-01  1.80049264e+00 
 7.25013000e-06  5.40000000e-01  1.80161735e+00 
 7.25017000e-06  1.26000000e+00  1.80415818e+00 
 7.25020000e-06  1.80000000e+00  1.80606537e+00 
 7.25020052e-06  1.80000000e+00  1.80606116e+00 
 7.25020156e-06  1.80000000e+00  1.80604686e+00 
 7.25020365e-06  1.80000000e+00  1.80601255e+00 
 7.25020782e-06  1.80000000e+00  1.80596417e+00 
 7.25021617e-06  1.80000000e+00  1.80588489e+00 
 7.25023286e-06  1.80000000e+00  1.80573636e+00 
 7.25026623e-06  1.80000000e+00  1.80545952e+00 
 7.25033298e-06  1.80000000e+00  1.80500232e+00 
 7.25041774e-06  1.80000000e+00  1.80455355e+00 
 7.25058726e-06  1.80000000e+00  1.80388867e+00 
 7.25076806e-06  1.80000000e+00  1.80333201e+00 
 7.25107020e-06  1.80000000e+00  1.80286796e+00 
 7.25167447e-06  1.80000000e+00  1.80405912e+00 
 7.25229485e-06  1.80000000e+00  1.80449494e+00 
 7.25299358e-06  1.80000000e+00  1.80290153e+00 
 7.25371689e-06  1.80000000e+00  1.80194064e+00 
 7.25464678e-06  1.80000000e+00  1.80126079e+00 
 7.25566443e-06  1.80000000e+00  1.79992854e+00 
 7.25661761e-06  1.80000000e+00  1.79866101e+00 
 7.25771606e-06  1.80000000e+00  1.79801898e+00 
 7.25883371e-06  1.80000000e+00  1.79789407e+00 
 7.25993842e-06  1.80000000e+00  1.79810689e+00 
 7.26168822e-06  1.80000000e+00  1.79847858e+00 
 7.26364361e-06  1.80000000e+00  1.79881467e+00 
 7.26726124e-06  1.80000000e+00  1.79925682e+00 
 7.27232024e-06  1.80000000e+00  1.79961675e+00 
 7.28243823e-06  1.80000000e+00  1.79991250e+00 
 7.30088073e-06  1.80000000e+00  1.80000411e+00 
 7.33594375e-06  1.80000000e+00  1.79999689e+00 
 7.40606981e-06  1.80000000e+00  1.80000206e+00 
 7.50000000e-06  1.80000000e+00  1.79999855e+00 
 7.50001000e-06  1.62000000e+00  1.79920160e+00 
 7.50003000e-06  1.26000000e+00  1.79771256e+00 
 7.50007000e-06  5.40000000e-01  1.79516122e+00 
 7.50010000e-06  0.00000000e+00  1.79360234e+00 
 7.50010052e-06  0.00000000e+00  1.79361631e+00 
 7.50010155e-06  0.00000000e+00  1.79365342e+00 
 7.50010362e-06  0.00000000e+00  1.79373518e+00 
 7.50010775e-06  0.00000000e+00  1.79386939e+00 
 7.50011603e-06  0.00000000e+00  1.79411127e+00 
 7.50013257e-06  0.00000000e+00  1.79455246e+00 
 7.50016565e-06  0.00000000e+00  1.79532544e+00 
 7.50023183e-06  0.00000000e+00  1.79648748e+00 
 7.50036417e-06  0.00000000e+00  1.79784002e+00 
 7.50062057e-06  0.00000000e+00  1.79892847e+00 
 7.50109193e-06  0.00000000e+00  1.79972021e+00 
 7.50171200e-06  0.00000000e+00  1.79969441e+00 
 7.50244722e-06  0.00000000e+00  1.79862974e+00 
 7.50307916e-06  0.00000000e+00  1.79734453e+00 
 7.50384499e-06  0.00000000e+00  1.79795192e+00 
 7.50478768e-06  0.00000000e+00  1.80063362e+00 
 7.50575612e-06  0.00000000e+00  1.80188939e+00 
 7.50667813e-06  0.00000000e+00  1.80174040e+00 
 7.50785493e-06  0.00000000e+00  1.80166097e+00 
 7.50906247e-06  0.00000000e+00  1.80153925e+00 
 7.51091394e-06  0.00000000e+00  1.80129480e+00 
 7.51292697e-06  0.00000000e+00  1.80115659e+00 
 7.51463974e-06  0.00000000e+00  1.80100119e+00 
 7.51644455e-06  0.00000000e+00  1.80080088e+00 
 7.51877285e-06  0.00000000e+00  1.80046065e+00 
 7.52117430e-06  0.00000000e+00  1.80022005e+00 
 7.52527669e-06  0.00000000e+00  1.80003732e+00 
 7.53092625e-06  0.00000000e+00  1.79997766e+00 
 7.54031903e-06  0.00000000e+00  1.79997387e+00 
 7.55646114e-06  0.00000000e+00  1.79998252e+00 
 7.58230526e-06  0.00000000e+00  1.79998652e+00 
 7.63025370e-06  0.00000000e+00  1.79999121e+00 
 7.71670036e-06  0.00000000e+00  1.79999418e+00 
 7.75010000e-06  0.00000000e+00  1.79999511e+00 
 7.75011000e-06  1.80000000e-01  1.80052187e+00 
 7.75013000e-06  5.40000000e-01  1.80164289e+00 
 7.75017000e-06  1.26000000e+00  1.80418126e+00 
 7.75020000e-06  1.80000000e+00  1.80608867e+00 
 7.75020052e-06  1.80000000e+00  1.80608457e+00 
 7.75020156e-06  1.80000000e+00  1.80607047e+00 
 7.75020365e-06  1.80000000e+00  1.80603651e+00 
 7.75020782e-06  1.80000000e+00  1.80598864e+00 
 7.75021617e-06  1.80000000e+00  1.80590996e+00 
 7.75023286e-06  1.80000000e+00  1.80576261e+00 
 7.75026624e-06  1.80000000e+00  1.80548757e+00 
 7.75033299e-06  1.80000000e+00  1.80502985e+00 
 7.75041717e-06  1.80000000e+00  1.80457954e+00 
 7.75058552e-06  1.80000000e+00  1.80390824e+00 
 7.75081568e-06  1.80000000e+00  1.80320690e+00 
 7.75109345e-06  1.80000000e+00  1.80284438e+00 
 7.75164898e-06  1.80000000e+00  1.80400329e+00 
 7.75225968e-06  1.80000000e+00  1.80456558e+00 
 7.75292065e-06  1.80000000e+00  1.80305540e+00 
 7.75364585e-06  1.80000000e+00  1.80200394e+00 
 7.75457239e-06  1.80000000e+00  1.80133169e+00 
 7.75557900e-06  1.80000000e+00  1.80014198e+00 
 7.75657878e-06  1.80000000e+00  1.79885538e+00 
 7.75762871e-06  1.80000000e+00  1.79818760e+00 
 7.75857921e-06  1.80000000e+00  1.79791861e+00 
 7.75957101e-06  1.80000000e+00  1.79798455e+00 
 7.76064385e-06  1.80000000e+00  1.79823364e+00 
 7.76188773e-06  1.80000000e+00  1.79847384e+00 
 7.76437549e-06  1.80000000e+00  1.79890050e+00 
 7.76854837e-06  1.80000000e+00  1.79935170e+00 
 7.77499409e-06  1.80000000e+00  1.79973272e+00 
 7.78788552e-06  1.80000000e+00  1.79996394e+00 
 7.81366839e-06  1.80000000e+00  1.80000950e+00 
 7.86523414e-06  1.80000000e+00  1.79999198e+00 
 7.96836562e-06  1.80000000e+00  1.80000749e+00 
 8.00000000e-06  1.80000000e+00  1.79999467e+00 
 8.00001000e-06  1.62000000e+00  1.79919997e+00 
 8.00003000e-06  1.26000000e+00  1.79771191e+00 
 8.00007000e-06  5.40000000e-01  1.79515319e+00 
 8.00010000e-06  0.00000000e+00  1.79359012e+00 
 8.00010052e-06  0.00000000e+00  1.79360405e+00 
 8.00010155e-06  0.00000000e+00  1.79364104e+00 
 8.00010362e-06  0.00000000e+00  1.79372253e+00 
 8.00010775e-06  0.00000000e+00  1.79385631e+00 
 8.00011602e-06  0.00000000e+00  1.79409790e+00 
 8.00013256e-06  0.00000000e+00  1.79453890e+00 
 8.00016564e-06  0.00000000e+00  1.79531232e+00 
 8.00023179e-06  0.00000000e+00  1.79647602e+00 
 8.00036409e-06  0.00000000e+00  1.79783249e+00 
 8.00062003e-06  0.00000000e+00  1.79892563e+00 
 8.00109199e-06  0.00000000e+00  1.79972477e+00 
 8.00171108e-06  0.00000000e+00  1.79970695e+00 
 8.00244721e-06  0.00000000e+00  1.79866405e+00 
 8.00308470e-06  0.00000000e+00  1.79732579e+00 
 8.00385162e-06  0.00000000e+00  1.79776230e+00 
 8.00481538e-06  0.00000000e+00  1.80016807e+00 
 8.00575237e-06  0.00000000e+00  1.80118815e+00 
 8.00670240e-06  0.00000000e+00  1.80095012e+00 
 8.00756475e-06  0.00000000e+00  1.80076939e+00 
 8.00850623e-06  0.00000000e+00  1.80066233e+00 
 8.00954001e-06  0.00000000e+00  1.80051356e+00 
 8.01069742e-06  0.00000000e+00  1.80038477e+00 
 8.01242652e-06  0.00000000e+00  1.80024400e+00 
 8.01395591e-06  0.00000000e+00  1.80016001e+00 
 8.01557181e-06  0.00000000e+00  1.80010159e+00 
 8.01723616e-06  0.00000000e+00  1.80006007e+00 
 8.01905024e-06  0.00000000e+00  1.80003260e+00 
 8.02267840e-06  0.00000000e+00  1.80000120e+00 
 8.02810706e-06  0.00000000e+00  1.79998674e+00 
 8.03698822e-06  0.00000000e+00  1.79998174e+00 
 8.05475054e-06  0.00000000e+00  1.79998431e+00 
 8.09027517e-06  0.00000000e+00  1.79998772e+00 
 8.16132444e-06  0.00000000e+00  1.79999308e+00 
 8.25010000e-06  0.00000000e+00  1.79999479e+00 
 8.25011000e-06  1.80000000e-01  1.80052156e+00 
 8.25013000e-06  5.40000000e-01  1.80164236e+00 
 8.25017000e-06  1.26000000e+00  1.80418089e+00 
 8.25020000e-06  1.80000000e+00  1.80608778e+00 
 8.25020052e-06  1.80000000e+00  1.80608366e+00 
 8.25020157e-06  1.80000000e+00  1.80606952e+00 
 8.25020365e-06  1.80000000e+00  1.80603549e+00 
 8.25020783e-06  1.80000000e+00  1.80598758e+00 
 8.25021618e-06  1.80000000e+00  1.80590876e+00 
 8.25023289e-06  1.80000000e+00  1.80576111e+00 
 8.25026629e-06  1.80000000e+00  1.80548524e+00 
 8.25033311e-06  1.80000000e+00  1.80502665e+00 
 8.25046674e-06  1.80000000e+00  1.80435289e+00 
 8.25064428e-06  1.80000000e+00  1.80371607e+00 
 8.25085357e-06  1.80000000e+00  1.80312288e+00 
 8.25127216e-06  1.80000000e+00  1.80300349e+00 
 8.25192979e-06  1.80000000e+00  1.80472326e+00 
 8.25260845e-06  1.80000000e+00  1.80377878e+00 
 8.25330746e-06  1.80000000e+00  1.80228341e+00 
 8.25422356e-06  1.80000000e+00  1.80147136e+00 
 8.25544679e-06  1.80000000e+00  1.80102231e+00 
 8.25660423e-06  1.80000000e+00  1.80089374e+00 
 8.25788693e-06  1.80000000e+00  1.80072066e+00 
 8.25952637e-06  1.80000000e+00  1.80059271e+00 
 8.26158190e-06  1.80000000e+00  1.80042680e+00 
 8.26424243e-06  1.80000000e+00  1.80029923e+00 
 8.26764668e-06  1.80000000e+00  1.80016863e+00 
 8.27257472e-06  1.80000000e+00  1.80008381e+00 
 8.28243081e-06  1.80000000e+00  1.80000236e+00 
 8.29636153e-06  1.80000000e+00  1.80000072e+00 
 8.32422298e-06  1.80000000e+00  1.79999435e+00 
 8.37994587e-06  1.80000000e+00  1.80000484e+00 
 8.48530638e-06  1.80000000e+00  1.79999538e+00 
 8.50000000e-06  1.80000000e+00  1.80000507e+00 
 8.50001000e-06  1.62000000e+00  1.79920786e+00 
 8.50003000e-06  1.26000000e+00  1.79771491e+00 
 8.50007000e-06  5.40000000e-01  1.79515065e+00 
 8.50010000e-06  0.00000000e+00  1.79358583e+00 
 8.50010052e-06  0.00000000e+00  1.79359975e+00 
 8.50010155e-06  0.00000000e+00  1.79363683e+00 
 8.50010362e-06  0.00000000e+00  1.79371849e+00 
 8.50010775e-06  0.00000000e+00  1.79385256e+00 
 8.50011602e-06  0.00000000e+00  1.79409483e+00 
 8.50013256e-06  0.00000000e+00  1.79453683e+00 
 8.50016563e-06  0.00000000e+00  1.79531188e+00 
 8.50023177e-06  0.00000000e+00  1.79647952e+00 
 8.50036406e-06  0.00000000e+00  1.79784565e+00 
 8.50061991e-06  0.00000000e+00  1.79895416e+00 
 8.50107169e-06  0.00000000e+00  1.79977441e+00 
 8.50172998e-06  0.00000000e+00  1.79957183e+00 
 8.50251959e-06  0.00000000e+00  1.79784608e+00 
 8.50322273e-06  0.00000000e+00  1.80139644e+00 
 8.50397253e-06  0.00000000e+00  1.81383450e+00 
 8.50473909e-06  0.00000000e+00  1.81400954e+00 
 8.50559962e-06  0.00000000e+00  1.79104125e+00 
 8.50653649e-06  0.00000000e+00  1.76092606e+00 
 8.50786033e-06  0.00000000e+00  1.72022844e+00 
 8.50877427e-06  0.00000000e+00  1.69147584e+00 
 8.50982289e-06  0.00000000e+00  1.65887486e+00 
 8.51108663e-06  0.00000000e+00  1.61930187e+00 
 8.51245561e-06  0.00000000e+00  1.57651552e+00 
 8.51519357e-06  0.00000000e+00  1.49068183e+00 
 8.51832217e-06  0.00000000e+00  1.39259596e+00 
 8.52457937e-06  0.00000000e+00  1.19671780e+00 
 8.53634265e-06  0.00000000e+00  8.38114374e-01 
 8.54683196e-06  0.00000000e+00  5.61637975e-01 
 8.55505447e-06  0.00000000e+00  3.68842881e-01 
 8.56113004e-06  0.00000000e+00  2.48982448e-01 
 8.56625672e-06  0.00000000e+00  1.65466905e-01 
 8.57009901e-06  0.00000000e+00  1.18117085e-01 
 8.57318178e-06  0.00000000e+00  9.09584581e-02 
 8.57484951e-06  0.00000000e+00  7.84260154e-02 
 8.57687794e-06  0.00000000e+00  6.56961921e-02 
 8.57964625e-06  0.00000000e+00  5.12432757e-02 
 8.58411306e-06  0.00000000e+00  3.40992641e-02 
 8.58863913e-06  0.00000000e+00  2.25178225e-02 
 8.59352552e-06  0.00000000e+00  1.45373042e-02 
 8.60133472e-06  0.00000000e+00  7.37508644e-03 
 8.60847884e-06  0.00000000e+00  4.27547932e-03 
 8.61793323e-06  0.00000000e+00  2.38137499e-03 
 8.62742505e-06  0.00000000e+00  1.68079517e-03 
 8.64332172e-06  0.00000000e+00  1.37119084e-03 
 8.66554915e-06  0.00000000e+00  1.30270588e-03 
 8.68699406e-06  0.00000000e+00  1.31278162e-03 
 8.71607331e-06  0.00000000e+00  1.35609464e-03 
 8.75010000e-06  0.00000000e+00  1.35612103e-03 
 8.75011000e-06  1.80000000e-01  2.04784690e-03 
 8.75013000e-06  5.40000000e-01  3.32340061e-03 
 8.75017000e-06  1.26000000e+00  5.56230215e-03 
 8.75020000e-06  1.80000000e+00  7.03481962e-03 
 8.75020052e-06  1.80000000e+00  7.02400804e-03 
 8.75020157e-06  1.80000000e+00  6.99821073e-03 
 8.75020365e-06  1.80000000e+00  6.94476402e-03 
 8.75020783e-06  1.80000000e+00  6.86089853e-03 
 8.75021618e-06  1.80000000e+00  6.71974684e-03 
 8.75023288e-06  1.80000000e+00  6.46714057e-03 
 8.75026628e-06  1.80000000e+00  6.03609663e-03 
 8.75033309e-06  1.80000000e+00  5.40756003e-03 
 8.75046669e-06  1.80000000e+00  4.68126911e-03 
 8.75064421e-06  1.80000000e+00  4.23716884e-03 
 8.75091419e-06  1.80000000e+00  3.95773008e-03 
 8.75145414e-06  1.80000000e+00  4.44495068e-03 
 8.75211058e-06  1.80000000e+00  5.03252271e-03 
 8.75280971e-06  1.80000000e+00  4.17178953e-03 
 8.75354229e-06  1.80000000e+00  3.82279155e-03 
 8.75447160e-06  1.80000000e+00  3.79649820e-03 
 8.75552514e-06  1.80000000e+00  2.71952795e-03 
 8.75660015e-06  1.80000000e+00  1.95637933e-04 
 8.75764676e-06  1.80000000e+00 -9.10492173e-06 
 8.75875391e-06  1.80000000e+00  1.38291038e-03 
 8.76010617e-06  1.80000000e+00  1.24365963e-03 
 8.76132470e-06  1.80000000e+00  1.17267548e-03 
 8.76284514e-06  1.80000000e+00  1.24641743e-03 
 8.76588601e-06  1.80000000e+00  1.21389046e-03 
 8.76985414e-06  1.80000000e+00  1.26977505e-03 
 8.77728230e-06  1.80000000e+00  1.24743353e-03 
 8.78882152e-06  1.80000000e+00  1.29215543e-03 
 8.80797900e-06  1.80000000e+00  1.24615356e-03 
 8.82721618e-06  1.80000000e+00  2.27306037e-05 
 8.84121522e-06  1.80000000e+00 -4.08846854e-03 
 8.85239660e-06  1.80000000e+00  1.02981647e-02 
 8.85888318e-06  1.80000000e+00  7.80987476e-03 
 8.86382448e-06  1.80000000e+00  6.05306977e-03 
 8.86910171e-06  1.80000000e+00  5.86852895e-03 
 8.87446874e-06  1.80000000e+00  4.67963447e-03 
 8.88090347e-06  1.80000000e+00  4.18303918e-03 
 8.88869864e-06  1.80000000e+00  2.92485812e-03 
 8.89631483e-06  1.80000000e+00  2.65289315e-03 
 8.91154719e-06  1.80000000e+00  1.65761857e-03 
 8.92938904e-06  1.80000000e+00  1.63198083e-03 
 8.95777870e-06  1.80000000e+00  1.09011605e-03 
 9.00000000e-06  1.80000000e+00  1.18292869e-03 
