 1.00000000e-12  1.78200000e+00  5.65140073e-01 
 1.02800000e-12  1.78149600e+00  5.61365693e-01 
 1.08400000e-12  1.78048800e+00  5.58707577e-01 
 1.19600000e-12  1.77847200e+00  5.63707233e-01 
 1.42000000e-12  1.77444000e+00  5.72498796e-01 
 1.71075174e-12  1.76920647e+00  5.80247320e-01 
 2.29225523e-12  1.75873941e+00  5.88543638e-01 
 3.15057649e-12  1.74328962e+00  5.92324896e-01 
 4.42286325e-12  1.72038846e+00  5.93351963e-01 
 6.29128345e-12  1.68675690e+00  5.93325700e-01 
 9.71578817e-12  1.62511581e+00  5.93378068e-01 
 1.35477205e-11  1.55614103e+00  5.93337281e-01 
 2.06420189e-11  1.42844366e+00  5.93436840e-01 
 3.48306158e-11  1.17304892e+00  5.93595624e-01 
 6.32078095e-11  6.62259428e-01  5.94547459e-01 
 1.00000000e-10  0.00000000e+00  5.97274223e-01 
 1.05675439e-10  0.00000000e+00  5.98212134e-01 
 1.17026316e-10  0.00000000e+00  6.00011934e-01 
 1.39728071e-10  0.00000000e+00  6.03303821e-01 
 1.85131581e-10  0.00000000e+00  6.09378515e-01 
 2.75938601e-10  0.00000000e+00  6.20018377e-01 
 4.57552641e-10  0.00000000e+00  6.35672653e-01 
 6.72508378e-10  0.00000000e+00  6.48167006e-01 
 9.66200456e-10  0.00000000e+00  6.59743629e-01 
 1.37837832e-09  0.00000000e+00  6.68913214e-01 
 1.87873437e-09  0.00000000e+00  6.69169157e-01 
 2.47881908e-09  0.00000000e+00  6.51274460e-01 
 3.21561103e-09  0.00000000e+00  6.15386331e-01 
 4.12089885e-09  0.00000000e+00  5.69574188e-01 
 5.06453863e-09  0.00000000e+00  5.18462568e-01 
 6.03580997e-09  0.00000000e+00  4.66328846e-01 
 6.73835377e-09  0.00000000e+00  4.29647173e-01 
 7.50919934e-09  0.00000000e+00  3.90297129e-01 
 8.59729305e-09  0.00000000e+00  3.38417422e-01 
 9.66445859e-09  0.00000000e+00  2.93588939e-01 
 1.09164219e-08  0.00000000e+00  2.48484692e-01 
 1.19013008e-08  0.00000000e+00  2.16190804e-01 
 1.28744019e-08  0.00000000e+00  1.86475052e-01 
 1.38246133e-08  0.00000000e+00  1.60228072e-01 
 1.47536211e-08  0.00000000e+00  1.37938031e-01 
 1.63222375e-08  0.00000000e+00  1.06458409e-01 
 1.81993964e-08  0.00000000e+00  7.75050577e-02 
 2.13581964e-08  0.00000000e+00  4.46379284e-02 
 2.53423233e-08  0.00000000e+00  2.17047886e-02 
 2.93320753e-08  0.00000000e+00  1.04950643e-02 
 3.30811385e-08  0.00000000e+00  5.25154940e-03 
 3.76447526e-08  0.00000000e+00  2.27397307e-03 
 4.24356649e-08  0.00000000e+00  8.95394436e-04 
 4.95895276e-08  0.00000000e+00  2.37882907e-04 
 6.05568321e-08  0.00000000e+00 -1.00750535e-05 
 8.24914411e-08  0.00000000e+00  2.84217685e-05 
 1.18282036e-07  0.00000000e+00 -2.03997829e-05 
 1.81030531e-07  0.00000000e+00  2.41171370e-05 
 2.22210924e-07  0.00000000e+00 -1.71166159e-03 
 2.50100000e-07  0.00000000e+00 -7.87499066e-04 
 2.50110000e-07  1.80000000e-01  5.55312182e-04 
 2.50130000e-07  5.40000000e-01  3.44676129e-03 
 2.50170000e-07  1.26000000e+00  8.17061449e-03 
 2.50200000e-07  1.80000000e+00  9.36863213e-03 
 2.50207471e-07  1.80000000e+00  8.46990723e-03 
 2.50222413e-07  1.80000000e+00  6.55667788e-03 
 2.50252298e-07  1.80000000e+00  3.14747109e-03 
 2.50312067e-07  1.80000000e+00 -6.50206406e-04 
 2.50403783e-07  1.80000000e+00 -2.23752706e-03 
 2.50539702e-07  1.80000000e+00 -2.49700126e-03 
 2.50749714e-07  1.80000000e+00 -1.96386161e-03 
 2.50990945e-07  1.80000000e+00 -1.40240449e-04 
 2.51467134e-07  1.80000000e+00  2.92897932e-03 
 2.51917515e-07  1.80000000e+00  1.09569460e-03 
 2.52381524e-07  1.80000000e+00  3.10665960e-04 
 2.53047908e-07  1.80000000e+00  1.97161427e-04 
 2.53683818e-07  1.80000000e+00  7.05083320e-04 
 2.54339324e-07  1.80000000e+00  1.48527940e-03 
 2.54937042e-07  1.80000000e+00  1.23923748e-03 
 2.55611206e-07  1.80000000e+00  1.13686735e-03 
 2.56297593e-07  1.80000000e+00  1.13004768e-03 
 2.57365701e-07  1.80000000e+00  1.11954346e-03 
 2.58664297e-07  1.80000000e+00  8.98208807e-04 
 2.60461872e-07  1.80000000e+00  7.87038165e-04 
 2.63164494e-07  1.80000000e+00  4.40276986e-04 
 2.66977940e-07  1.80000000e+00  3.40716068e-04 
 2.74604833e-07  1.80000000e+00  6.40043702e-05 
 2.85669628e-07  1.80000000e+00  9.76202725e-05 
 3.05726561e-07  1.80000000e+00 -2.85325302e-05 
 3.39137452e-07  1.80000000e+00  5.94939415e-05 
 4.05959233e-07  1.80000000e+00 -4.44174151e-05 
 5.00000000e-07  1.80000000e+00  5.27218958e-05 
 5.00010000e-07  1.62000000e+00 -7.66979888e-04 
 5.00030000e-07  1.26000000e+00 -2.21495604e-03 
 5.00070000e-07  5.40000000e-01 -4.12940728e-03 
 5.00100000e-07  0.00000000e+00 -4.93552950e-03 
 5.00108000e-07  0.00000000e+00 -4.47691727e-03 
 5.00124000e-07  0.00000000e+00 -3.54774200e-03 
 5.00156000e-07  0.00000000e+00 -2.18123898e-03 
 5.00220000e-07  0.00000000e+00 -7.12392203e-04 
 5.00348000e-07  0.00000000e+00  2.60050172e-04 
 5.00537081e-07  0.00000000e+00  7.50427397e-04 
 5.00857182e-07  0.00000000e+00  9.51051526e-04 
 5.01189124e-07  0.00000000e+00 -3.19763939e-03 
 5.01583916e-07  0.00000000e+00 -1.37767608e-02 
 5.02029553e-07  0.00000000e+00 -7.00260523e-03 
 5.02505205e-07  0.00000000e+00  4.46952343e-02 
 5.03007264e-07  0.00000000e+00  1.25271487e-01 
 5.03582278e-07  0.00000000e+00  2.24481972e-01 
 5.04130130e-07  0.00000000e+00  3.20380967e-01 
 5.04920970e-07  0.00000000e+00  4.53434560e-01 
 5.05654490e-07  0.00000000e+00  5.69853688e-01 
 5.07121532e-07  0.00000000e+00  7.87485995e-01 
 5.08638536e-07  0.00000000e+00  9.90154623e-01 
 5.09859190e-07  0.00000000e+00  1.11801830e+00 
 5.11221763e-07  0.00000000e+00  1.24905992e+00 
 5.12586274e-07  0.00000000e+00  1.39253146e+00 
 5.14227836e-07  0.00000000e+00  1.58384203e+00 
 5.16083885e-07  0.00000000e+00  1.72641306e+00 
 5.17966215e-07  0.00000000e+00  1.77880248e+00 
 5.21730875e-07  0.00000000e+00  1.80184996e+00 
 5.25831887e-07  0.00000000e+00  1.79965890e+00 
 5.33510903e-07  0.00000000e+00  1.80042190e+00 
 5.47363438e-07  0.00000000e+00  1.79969130e+00 
 5.68614875e-07  0.00000000e+00  1.80034761e+00 
 6.09956290e-07  0.00000000e+00  1.79968478e+00 
 6.92639121e-07  0.00000000e+00  1.80032798e+00 
 7.50100000e-07  9.52912066e-13  1.79968336e+00 
 7.50110000e-07  1.80000000e-01  1.80034216e+00 
 7.50130000e-07  5.40000000e-01  1.80184144e+00 
 7.50170000e-07  1.26000000e+00  1.80546296e+00 
 7.50200000e-07  1.80000000e+00  1.80783701e+00 
 7.50207988e-07  1.80000000e+00  1.80753202e+00 
 7.50223964e-07  1.80000000e+00  1.80690560e+00 
 7.50255916e-07  1.80000000e+00  1.80593768e+00 
 7.50319819e-07  1.80000000e+00  1.80476214e+00 
 7.50447626e-07  1.80000000e+00  1.80349515e+00 
 7.50703241e-07  1.80000000e+00  1.80205568e+00 
 7.51108488e-07  1.80000000e+00  1.80460341e+00 
 7.51575643e-07  1.80000000e+00  1.80824763e+00 
 7.52040004e-07  1.80000000e+00  1.80603062e+00 
 7.52525902e-07  1.80000000e+00  1.80351114e+00 
 7.53260408e-07  1.80000000e+00  1.80126869e+00 
 7.53779722e-07  1.80000000e+00  1.80059031e+00 
 7.54364390e-07  1.80000000e+00  1.80108070e+00 
 7.54923126e-07  1.80000000e+00  1.79829485e+00 
 7.55512242e-07  1.80000000e+00  1.79849914e+00 
 7.56264070e-07  1.80000000e+00  1.79903643e+00 
 7.57072894e-07  1.80000000e+00  1.79871804e+00 
 7.57937914e-07  1.80000000e+00  1.79816561e+00 
 7.58956243e-07  1.80000000e+00  1.79762305e+00 
 7.60510539e-07  1.80000000e+00  1.79764565e+00 
 7.62155191e-07  1.80000000e+00  1.79850422e+00 
 7.64955927e-07  1.80000000e+00  1.79943562e+00 
 7.68226054e-07  1.80000000e+00  1.79979276e+00 
 7.74766307e-07  1.80000000e+00  1.80002935e+00 
 7.87846815e-07  1.80000000e+00  1.79998354e+00 
 8.12157776e-07  1.80000000e+00  1.80002849e+00 
 8.60779699e-07  1.80000000e+00  1.79998191e+00 
 9.58023546e-07  1.80000000e+00  1.80002661e+00 
 1.00000000e-06  1.80000000e+00  1.79998022e+00 
 1.00001000e-06  1.62000000e+00  1.79880543e+00 
 1.00003000e-06  1.26000000e+00  1.79661441e+00 
 1.00007000e-06  5.40000000e-01  1.79327064e+00 
 1.00010000e-06  0.00000000e+00  1.79176616e+00 
 1.00010800e-06  0.00000000e+00  1.79236298e+00 
 1.00012400e-06  0.00000000e+00  1.79353110e+00 
 1.00015600e-06  0.00000000e+00  1.79531376e+00 
 1.00022000e-06  0.00000000e+00  1.79772180e+00 
 1.00034800e-06  0.00000000e+00  1.80023800e+00 
 1.00053699e-06  0.00000000e+00  1.80192321e+00 
 1.00085716e-06  0.00000000e+00  1.80238203e+00 
 1.00118960e-06  0.00000000e+00  1.80099363e+00 
 1.00162600e-06  0.00000000e+00  1.79877594e+00 
 1.00209297e-06  0.00000000e+00  1.79783345e+00 
 1.00257520e-06  0.00000000e+00  1.79917821e+00 
 1.00307661e-06  0.00000000e+00  1.80043208e+00 
 1.00363474e-06  0.00000000e+00  1.79997419e+00 
 1.00419037e-06  0.00000000e+00  1.79197262e+00 
 1.00470310e-06  0.00000000e+00  1.79056207e+00 
 1.00519256e-06  0.00000000e+00  1.79029092e+00 
 1.00573624e-06  0.00000000e+00  1.78669812e+00 
 1.00639507e-06  0.00000000e+00  1.78804292e+00 
 1.00710257e-06  0.00000000e+00  1.79160851e+00 
 1.00806601e-06  0.00000000e+00  1.79476914e+00 
 1.00920838e-06  0.00000000e+00  1.79666654e+00 
 1.01009650e-06  0.00000000e+00  1.79768184e+00 
 1.01104479e-06  0.00000000e+00  1.79865091e+00 
 1.01197991e-06  0.00000000e+00  1.79957592e+00 
 1.01300604e-06  0.00000000e+00  1.79977811e+00 
 1.01373247e-06  0.00000000e+00  1.79936779e+00 
 1.01443211e-06  0.00000000e+00  1.79903339e+00 
 1.01529600e-06  0.00000000e+00  1.79942649e+00 
 1.01622008e-06  0.00000000e+00  1.79959272e+00 
 1.01713222e-06  0.00000000e+00  1.79802987e+00 
 1.01811706e-06  0.00000000e+00  1.79787080e+00 
 1.01916279e-06  0.00000000e+00  1.79824463e+00 
 1.02090900e-06  0.00000000e+00  1.79948033e+00 
 1.02273285e-06  0.00000000e+00  1.79975453e+00 
 1.02599581e-06  0.00000000e+00  1.80002557e+00 
 1.03252172e-06  0.00000000e+00  1.79992672e+00 
 1.04141728e-06  0.00000000e+00  1.80002921e+00 
 1.05920839e-06  0.00000000e+00  1.79993635e+00 
 1.09479061e-06  0.00000000e+00  1.80003708e+00 
 1.15474156e-06  0.00000000e+00  1.79994563e+00 
 1.21710193e-06  0.00000000e+00  1.80004225e+00 
 1.25010000e-06  0.00000000e+00  1.79994886e+00 
 1.25011000e-06  1.80000000e-01  1.80060574e+00 
 1.25013000e-06  5.40000000e-01  1.80213206e+00 
 1.25017000e-06  1.26000000e+00  1.80581922e+00 
 1.25020000e-06  1.80000000e+00  1.80829515e+00 
 1.25020799e-06  1.80000000e+00  1.80799329e+00 
 1.25022396e-06  1.80000000e+00  1.80736249e+00 
 1.25025591e-06  1.80000000e+00  1.80635799e+00 
 1.25031982e-06  1.80000000e+00  1.80508629e+00 
 1.25044762e-06  1.80000000e+00  1.80368338e+00 
 1.25070323e-06  1.80000000e+00  1.80221382e+00 
 1.25110287e-06  1.80000000e+00  1.80421136e+00 
 1.25157084e-06  1.80000000e+00  1.80781732e+00 
 1.25203350e-06  1.80000000e+00  1.80523704e+00 
 1.25251840e-06  1.80000000e+00  1.80221341e+00 
 1.25325128e-06  1.80000000e+00  1.80020010e+00 
 1.25376952e-06  1.80000000e+00  1.79996123e+00 
 1.25435407e-06  1.80000000e+00  1.79978631e+00 
 1.25508758e-06  1.80000000e+00  1.79966508e+00 
 1.25575093e-06  1.80000000e+00  1.79974931e+00 
 1.25655467e-06  1.80000000e+00  1.79976506e+00 
 1.25816215e-06  1.80000000e+00  1.79987627e+00 
 1.25985956e-06  1.80000000e+00  1.79990689e+00 
 1.26279955e-06  1.80000000e+00  1.79998027e+00 
 1.26630465e-06  1.80000000e+00  1.79997932e+00 
 1.27331486e-06  1.80000000e+00  1.80001096e+00 
 1.28733527e-06  1.80000000e+00  1.79999052e+00 
 1.29903196e-06  1.80000000e+00  1.80010285e+00 
 1.30879309e-06  1.80000000e+00  1.79963959e+00 
 1.31352997e-06  1.80000000e+00  1.79825699e+00 
 1.31793218e-06  1.80000000e+00  1.80085750e+00 
 1.32267086e-06  1.80000000e+00  1.79924172e+00 
 1.32882268e-06  1.80000000e+00  1.80059613e+00 
 1.33679219e-06  1.80000000e+00  1.79947358e+00 
 1.34504478e-06  1.80000000e+00  1.80045795e+00 
 1.35324684e-06  1.80000000e+00  1.79959185e+00 
 1.36241644e-06  1.80000000e+00  1.80036469e+00 
 1.38075564e-06  1.80000000e+00  1.79965246e+00 
 1.40551318e-06  1.80000000e+00  1.80033460e+00 
 1.44613501e-06  1.80000000e+00  1.79967261e+00 
 1.50000000e-06  1.80000000e+00  1.80032178e+00 
 1.50001000e-06  1.62000000e+00  1.79910520e+00 
 1.50003000e-06  1.26000000e+00  1.79684155e+00 
 1.50007000e-06  5.40000000e-01  1.79334142e+00 
 1.50010000e-06  0.00000000e+00  1.79166199e+00 
 1.50010800e-06  0.00000000e+00  1.79221320e+00 
 1.50012400e-06  0.00000000e+00  1.79332451e+00 
 1.50015600e-06  0.00000000e+00  1.79511066e+00 
 1.50022000e-06  0.00000000e+00  1.79759747e+00 
 1.50034800e-06  0.00000000e+00  1.80020493e+00 
 1.50053696e-06  0.00000000e+00  1.80189554e+00 
 1.50085714e-06  0.00000000e+00  1.80234398e+00 
 1.50118972e-06  0.00000000e+00  1.80102212e+00 
 1.50162935e-06  0.00000000e+00  1.79882481e+00 
 1.50209790e-06  0.00000000e+00  1.79775494e+00 
 1.50257755e-06  0.00000000e+00  1.79885606e+00 
 1.50306470e-06  0.00000000e+00  1.79926002e+00 
 1.50362655e-06  0.00000000e+00  1.79935619e+00 
 1.50418092e-06  0.00000000e+00  1.79959127e+00 
 1.50487815e-06  0.00000000e+00  1.79969840e+00 
 1.50567968e-06  0.00000000e+00  1.79980332e+00 
 1.50629542e-06  0.00000000e+00  1.79990108e+00 
 1.50701938e-06  0.00000000e+00  1.79991874e+00 
 1.50793833e-06  0.00000000e+00  1.79994999e+00 
 1.50889006e-06  0.00000000e+00  1.79994856e+00 
 1.50982136e-06  0.00000000e+00  1.79996425e+00 
 1.51092623e-06  0.00000000e+00  1.79995713e+00 
 1.51208679e-06  0.00000000e+00  1.79996903e+00 
 1.51440790e-06  0.00000000e+00  1.79996221e+00 
 1.51901283e-06  0.00000000e+00  1.79997512e+00 
 1.52665433e-06  0.00000000e+00  1.79997005e+00 
 1.54193733e-06  0.00000000e+00  1.79998511e+00 
 1.57250333e-06  0.00000000e+00  1.79998216e+00 
 1.63363533e-06  0.00000000e+00  1.79999681e+00 
 1.75010000e-06  0.00000000e+00  1.79999115e+00 
 1.75011000e-06  1.80000000e-01  1.80054049e+00 
 1.75013000e-06  5.40000000e-01  1.80187233e+00 
 1.75017000e-06  1.26000000e+00  1.80537879e+00 
 1.75020000e-06  1.80000000e+00  1.80786188e+00 
 1.75020799e-06  1.80000000e+00  1.80760125e+00 
 1.75022396e-06  1.80000000e+00  1.80704897e+00 
 1.75025591e-06  1.80000000e+00  1.80615058e+00 
 1.75031982e-06  1.80000000e+00  1.80495745e+00 
 1.75044762e-06  1.80000000e+00  1.80358924e+00 
 1.75070323e-06  1.80000000e+00  1.80216994e+00 
 1.75110051e-06  1.80000000e+00  1.80420972e+00 
 1.75156997e-06  1.80000000e+00  1.80793652e+00 
 1.75203291e-06  1.80000000e+00  1.80557698e+00 
 1.75251792e-06  1.80000000e+00  1.80298511e+00 
 1.75325164e-06  1.80000000e+00  1.80085959e+00 
 1.75377428e-06  1.80000000e+00  1.79988734e+00 
 1.75436115e-06  1.80000000e+00  1.79897747e+00 
 1.75490999e-06  1.80000000e+00  1.79820312e+00 
 1.75549302e-06  1.80000000e+00  1.79796960e+00 
 1.75636573e-06  1.80000000e+00  1.79817294e+00 
 1.75727333e-06  1.80000000e+00  1.79855920e+00 
 1.75904383e-06  1.80000000e+00  1.79915811e+00 
 1.76131496e-06  1.80000000e+00  1.79959528e+00 
 1.76458012e-06  1.80000000e+00  1.79986070e+00 
 1.77022655e-06  1.80000000e+00  1.79999181e+00 
 1.78151941e-06  1.80000000e+00  1.80000039e+00 
 1.80410513e-06  1.80000000e+00  1.80000068e+00 
 1.84927656e-06  1.80000000e+00  1.79999884e+00 
 1.93961943e-06  1.80000000e+00  1.80000124e+00 
 2.00000000e-06  1.80000000e+00  1.79999852e+00 
 2.00001000e-06  1.62000000e+00  1.79880127e+00 
 2.00003000e-06  1.26000000e+00  1.79659079e+00 
 2.00007000e-06  5.40000000e-01  1.79317106e+00 
 2.00010000e-06  3.67639252e-12  1.79152104e+00 
 2.00010800e-06  0.00000000e+00  1.79207576e+00 
 2.00012400e-06  0.00000000e+00  1.79319289e+00 
 2.00015600e-06  0.00000000e+00  1.79499310e+00 
 2.00022000e-06  0.00000000e+00  1.79751099e+00 
 2.00034800e-06  0.00000000e+00  1.80016514e+00 
 2.00053680e-06  0.00000000e+00  1.80189181e+00 
 2.00085675e-06  0.00000000e+00  1.80235078e+00 
 2.00118931e-06  0.00000000e+00  1.80102694e+00 
 2.00162719e-06  0.00000000e+00  1.79885220e+00 
 2.00209434e-06  0.00000000e+00  1.79778362e+00 
 2.00257682e-06  0.00000000e+00  1.79876716e+00 
 2.00306503e-06  0.00000000e+00  1.79919055e+00 
 2.00363418e-06  0.00000000e+00  1.79938185e+00 
 2.00417812e-06  0.00000000e+00  1.79959724e+00 
 2.00473062e-06  0.00000000e+00  1.79976091e+00 
 2.00524002e-06  0.00000000e+00  1.79981621e+00 
 2.00579822e-06  0.00000000e+00  1.79987608e+00 
 2.00648517e-06  0.00000000e+00  1.79989419e+00 
 2.00731146e-06  0.00000000e+00  1.79992918e+00 
 2.00864884e-06  0.00000000e+00  1.79995912e+00 
 2.01027132e-06  0.00000000e+00  1.80006003e+00 
 2.01185564e-06  0.00000000e+00  1.80042228e+00 
 2.01340717e-06  0.00000000e+00  1.80003273e+00 
 2.01454614e-06  0.00000000e+00  1.79932891e+00 
 2.01558589e-06  0.00000000e+00  1.79981042e+00 
 2.01649502e-06  0.00000000e+00  1.79881491e+00 
 2.01757219e-06  0.00000000e+00  1.79783181e+00 
 2.01871825e-06  0.00000000e+00  1.79810325e+00 
 2.01991119e-06  0.00000000e+00  1.79890830e+00 
 2.02195422e-06  0.00000000e+00  1.79976303e+00 
 2.02450374e-06  0.00000000e+00  1.79990363e+00 
 2.02960276e-06  0.00000000e+00  1.80001804e+00 
 2.03935856e-06  0.00000000e+00  1.79994102e+00 
 2.04955571e-06  0.00000000e+00  1.80001322e+00 
 2.06316871e-06  0.00000000e+00  1.79989128e+00 
 2.07248088e-06  0.00000000e+00  1.80013676e+00 
 2.08012083e-06  0.00000000e+00  1.79986448e+00 
 2.08641576e-06  0.00000000e+00  1.80011722e+00 
 2.09300403e-06  0.00000000e+00  1.79988322e+00 
 2.09915911e-06  0.00000000e+00  1.80009307e+00 
 2.10628725e-06  0.00000000e+00  1.79989823e+00 
 2.11408228e-06  0.00000000e+00  1.80007331e+00 
 2.12153653e-06  0.00000000e+00  1.79991687e+00 
 2.13644501e-06  0.00000000e+00  1.80006264e+00 
 2.15435937e-06  0.00000000e+00  1.79992546e+00 
 2.18310652e-06  0.00000000e+00  1.80005969e+00 
 2.23319755e-06  0.00000000e+00  1.79993063e+00 
 2.25010000e-06  0.00000000e+00  1.80005725e+00 
 2.25011000e-06  1.80000000e-01  1.80061614e+00 
 2.25013000e-06  5.40000000e-01  1.80196096e+00 
 2.25017000e-06  1.26000000e+00  1.80545834e+00 
 2.25020000e-06  1.80000000e+00  1.80790750e+00 
 2.25020799e-06  1.80000000e+00  1.80762945e+00 
 2.25022396e-06  1.80000000e+00  1.80704565e+00 
 2.25025592e-06  1.80000000e+00  1.80611505e+00 
 2.25031982e-06  1.80000000e+00  1.80493268e+00 
 2.25044762e-06  1.80000000e+00  1.80360272e+00 
 2.25070324e-06  1.80000000e+00  1.80218524e+00 
 2.25109737e-06  1.80000000e+00  1.80418324e+00 
 2.25156708e-06  1.80000000e+00  1.80787435e+00 
 2.25202917e-06  1.80000000e+00  1.80529908e+00 
 2.25251378e-06  1.80000000e+00  1.80232165e+00 
 2.25324323e-06  1.80000000e+00  1.80027215e+00 
 2.25375464e-06  1.80000000e+00  1.79994033e+00 
 2.25432572e-06  1.80000000e+00  1.79978760e+00 
 2.25501135e-06  1.80000000e+00  1.79967495e+00 
 2.25570055e-06  1.80000000e+00  1.79975776e+00 
 2.25646198e-06  1.80000000e+00  1.79977187e+00 
 2.25798484e-06  1.80000000e+00  1.79988086e+00 
 2.25964009e-06  1.80000000e+00  1.79990755e+00 
 2.26247572e-06  1.80000000e+00  1.79998079e+00 
 2.26580441e-06  1.80000000e+00  1.79997775e+00 
 2.27246180e-06  1.80000000e+00  1.80001163e+00 
 2.28577657e-06  1.80000000e+00  1.79998844e+00 
 2.31240611e-06  1.80000000e+00  1.80001140e+00 
 2.36566519e-06  1.80000000e+00  1.79998857e+00 
 2.47218335e-06  1.80000000e+00  1.80001135e+00 
 2.50000000e-06  1.80000000e+00  1.79998866e+00 
 2.50001000e-06  1.62000000e+00  1.79877849e+00 
 2.50003000e-06  1.26000000e+00  1.79655800e+00 
 2.50007000e-06  5.40000000e-01  1.79315928e+00 
 2.50010000e-06  3.67639252e-12  1.79154600e+00 
 2.50010800e-06  0.00000000e+00  1.79212472e+00 
 2.50012400e-06  0.00000000e+00  1.79327786e+00 
 2.50015600e-06  0.00000000e+00  1.79508883e+00 
 2.50022000e-06  0.00000000e+00  1.79755332e+00 
 2.50034800e-06  0.00000000e+00  1.80009161e+00 
 2.50053707e-06  0.00000000e+00  1.80173716e+00 
 2.50085688e-06  0.00000000e+00  1.80243062e+00 
 2.50118899e-06  0.00000000e+00  1.80167931e+00 
 2.50158810e-06  0.00000000e+00  1.79980826e+00 
 2.50203501e-06  0.00000000e+00  1.79735271e+00 
 2.50251453e-06  0.00000000e+00  1.79693420e+00 
 2.50300338e-06  0.00000000e+00  1.79746523e+00 
 2.50356157e-06  0.00000000e+00  1.79816187e+00 
 2.50410793e-06  0.00000000e+00  1.79873788e+00 
 2.50489698e-06  0.00000000e+00  1.79920506e+00 
 2.50562174e-06  0.00000000e+00  1.79948040e+00 
 2.50624787e-06  0.00000000e+00  1.79965066e+00 
 2.50695218e-06  0.00000000e+00  1.79976131e+00 
 2.50794875e-06  0.00000000e+00  1.79985756e+00 
 2.50886582e-06  0.00000000e+00  1.79990134e+00 
 2.50985636e-06  0.00000000e+00  1.79993075e+00 
 2.51098650e-06  0.00000000e+00  1.79994556e+00 
 2.51215759e-06  0.00000000e+00  1.79995597e+00 
 2.51449978e-06  0.00000000e+00  1.79996260e+00 
 2.51901983e-06  0.00000000e+00  1.79996915e+00 
 2.52655234e-06  0.00000000e+00  1.79997231e+00 
 2.54161736e-06  0.00000000e+00  1.79998017e+00 
 2.57174739e-06  0.00000000e+00  1.79998552e+00 
 2.63200746e-06  0.00000000e+00  1.79999266e+00 
 2.75010000e-06  0.00000000e+00  1.79999502e+00 
 2.75011000e-06  1.80000000e-01  1.80055162e+00 
 2.75013000e-06  5.40000000e-01  1.80189481e+00 
 2.75017000e-06  1.26000000e+00  1.80539703e+00 
 2.75020000e-06  1.80000000e+00  1.80784824e+00 
 2.75020799e-06  1.80000000e+00  1.80757608e+00 
 2.75022396e-06  1.80000000e+00  1.80700322e+00 
 2.75025592e-06  1.80000000e+00  1.80608551e+00 
 2.75031982e-06  1.80000000e+00  1.80491463e+00 
 2.75044762e-06  1.80000000e+00  1.80359568e+00 
 2.75070324e-06  1.80000000e+00  1.80218932e+00 
 2.75109636e-06  1.80000000e+00  1.80418815e+00 
 2.75156716e-06  1.80000000e+00  1.80789672e+00 
 2.75202972e-06  1.80000000e+00  1.80536672e+00 
 2.75251450e-06  1.80000000e+00  1.80227504e+00 
 2.75324574e-06  1.80000000e+00  1.79976073e+00 
 2.75376965e-06  1.80000000e+00  1.79961958e+00 
 2.75435787e-06  1.80000000e+00  1.79999961e+00 
 2.75490431e-06  1.80000000e+00  1.80043792e+00 
 2.75548681e-06  1.80000000e+00  1.80117892e+00 
 2.75623117e-06  1.80000000e+00  1.80152916e+00 
 2.75704325e-06  1.80000000e+00  1.80131884e+00 
 2.75786295e-06  1.80000000e+00  1.80098107e+00 
 2.75889639e-06  1.80000000e+00  1.80073657e+00 
 2.76045377e-06  1.80000000e+00  1.80046928e+00 
 2.76208491e-06  1.80000000e+00  1.80029399e+00 
 2.76483110e-06  1.80000000e+00  1.80011265e+00 
 2.76800218e-06  1.80000000e+00  1.80004579e+00 
 2.77434435e-06  1.80000000e+00  1.79999591e+00 
 2.78500824e-06  1.80000000e+00  1.80000436e+00 
 2.80331945e-06  1.80000000e+00  1.79999551e+00 
 2.83994189e-06  1.80000000e+00  1.80000440e+00 
 2.91318675e-06  1.80000000e+00  1.79999554e+00 
 3.00000000e-06  1.80000000e+00  1.80000439e+00 
 3.00001000e-06  1.62000000e+00  1.79879470e+00 
 3.00003000e-06  1.26000000e+00  1.79657341e+00 
 3.00007000e-06  5.40000000e-01  1.79316829e+00 
 3.00010000e-06  3.67639252e-12  1.79155161e+00 
 3.00010800e-06  0.00000000e+00  1.79213014e+00 
 3.00012400e-06  0.00000000e+00  1.79328351e+00 
 3.00015600e-06  0.00000000e+00  1.79509369e+00 
 3.00022000e-06  0.00000000e+00  1.79755657e+00 
 3.00034800e-06  0.00000000e+00  1.80009309e+00 
 3.00053674e-06  0.00000000e+00  1.80173388e+00 
 3.00085672e-06  0.00000000e+00  1.80244202e+00 
 3.00118923e-06  0.00000000e+00  1.80168889e+00 
 3.00162649e-06  0.00000000e+00  1.79956069e+00 
 3.00209311e-06  0.00000000e+00  1.79736541e+00 
 3.00257563e-06  0.00000000e+00  1.79846781e+00 
 3.00307753e-06  0.00000000e+00  1.79724925e+00 
 3.00363616e-06  0.00000000e+00  1.79725287e+00 
 3.00419214e-06  0.00000000e+00  1.79933653e+00 
 3.00470505e-06  0.00000000e+00  1.80021443e+00 
 3.00519390e-06  0.00000000e+00  1.80098865e+00 
 3.00573873e-06  0.00000000e+00  1.80059013e+00 
 3.00639438e-06  0.00000000e+00  1.80046060e+00 
 3.00710386e-06  0.00000000e+00  1.80021620e+00 
 3.00807031e-06  0.00000000e+00  1.80015456e+00 
 3.00921045e-06  0.00000000e+00  1.80005484e+00 
 3.01009827e-06  0.00000000e+00  1.80011382e+00 
 3.01104627e-06  0.00000000e+00  1.80019200e+00 
 3.01197095e-06  0.00000000e+00  1.80053631e+00 
 3.01298840e-06  0.00000000e+00  1.80030188e+00 
 3.01370886e-06  0.00000000e+00  1.79973159e+00 
 3.01440096e-06  0.00000000e+00  1.79927066e+00 
 3.01525781e-06  0.00000000e+00  1.79945571e+00 
 3.01617132e-06  0.00000000e+00  1.79983686e+00 
 3.01707649e-06  0.00000000e+00  1.79812151e+00 
 3.01803573e-06  0.00000000e+00  1.79789866e+00 
 3.01905381e-06  0.00000000e+00  1.79817138e+00 
 3.02088213e-06  0.00000000e+00  1.79946119e+00 
 3.02263170e-06  0.00000000e+00  1.79975502e+00 
 3.02577948e-06  0.00000000e+00  1.80001245e+00 
 3.03063267e-06  0.00000000e+00  1.79993664e+00 
 3.03582560e-06  0.00000000e+00  1.80001577e+00 
 3.04528297e-06  0.00000000e+00  1.79994531e+00 
 3.05752619e-06  0.00000000e+00  1.80001880e+00 
 3.07439694e-06  0.00000000e+00  1.79995301e+00 
 3.08963523e-06  0.00000000e+00  1.80002218e+00 
 3.10189856e-06  0.00000000e+00  1.80013162e+00 
 3.11112575e-06  0.00000000e+00  1.79968136e+00 
 3.12010733e-06  0.00000000e+00  1.80019070e+00 
 3.12998655e-06  0.00000000e+00  1.79986251e+00 
 3.14004800e-06  0.00000000e+00  1.80006811e+00 
 3.14967267e-06  0.00000000e+00  1.79995891e+00 
 3.16297936e-06  0.00000000e+00  1.80000211e+00 
 3.17536857e-06  0.00000000e+00  1.80000909e+00 
 3.19231317e-06  0.00000000e+00  1.79996333e+00 
 3.21138039e-06  0.00000000e+00  1.80003885e+00 
 3.23584168e-06  0.00000000e+00  1.79994173e+00 
 3.25010000e-06  0.00000000e+00  1.80006468e+00 
 3.25011000e-06  1.80000000e-01  1.80059197e+00 
 3.25013000e-06  5.40000000e-01  1.80187117e+00 
 3.25017000e-06  1.26000000e+00  1.80524673e+00 
 3.25020000e-06  1.80000000e+00  1.80764491e+00 
 3.25020799e-06  1.80000000e+00  1.80738343e+00 
 3.25022398e-06  1.80000000e+00  1.80683490e+00 
 3.25025594e-06  1.80000000e+00  1.80595643e+00 
 3.25031988e-06  1.80000000e+00  1.80481452e+00 
 3.25044775e-06  1.80000000e+00  1.80351378e+00 
 3.25070349e-06  1.80000000e+00  1.80215277e+00 
 3.25109446e-06  1.80000000e+00  1.80415516e+00 
 3.25156543e-06  1.80000000e+00  1.80794411e+00 
 3.25202731e-06  1.80000000e+00  1.80559088e+00 
 3.25251187e-06  1.80000000e+00  1.80298908e+00 
 3.25324001e-06  1.80000000e+00  1.80070034e+00 
 3.25377688e-06  1.80000000e+00  1.79962063e+00 
 3.25437732e-06  1.80000000e+00  1.79867368e+00 
 3.25501724e-06  1.80000000e+00  1.79799893e+00 
 3.25567252e-06  1.80000000e+00  1.79804942e+00 
 3.25645742e-06  1.80000000e+00  1.79830775e+00 
 3.25802723e-06  1.80000000e+00  1.79893521e+00 
 3.25965752e-06  1.80000000e+00  1.79934958e+00 
 3.26252646e-06  1.80000000e+00  1.79975463e+00 
 3.26583508e-06  1.80000000e+00  1.79990998e+00 
 3.27245232e-06  1.80000000e+00  1.80000671e+00 
 3.28568679e-06  1.80000000e+00  1.79999346e+00 
 3.31215575e-06  1.80000000e+00  1.80000635e+00 
 3.36509365e-06  1.80000000e+00  1.79999362e+00 
 3.47096947e-06  1.80000000e+00  1.80000630e+00 
 3.50000000e-06  1.80000000e+00  1.79999371e+00 
 3.50001000e-06  1.62000000e+00  1.79880604e+00 
 3.50003000e-06  1.26000000e+00  1.79662094e+00 
 3.50007000e-06  5.40000000e-01  1.79320893e+00 
 3.50010000e-06  3.67639252e-12  1.79155227e+00 
 3.50010800e-06  0.00000000e+00  1.79210401e+00 
 3.50012400e-06  0.00000000e+00  1.79321402e+00 
 3.50015600e-06  0.00000000e+00  1.79500354e+00 
 3.50022000e-06  0.00000000e+00  1.79750746e+00 
 3.50034800e-06  0.00000000e+00  1.80015617e+00 
 3.50053695e-06  0.00000000e+00  1.80188955e+00 
 3.50085706e-06  0.00000000e+00  1.80235652e+00 
 3.50118956e-06  0.00000000e+00  1.80103674e+00 
 3.50163007e-06  0.00000000e+00  1.79882757e+00 
 3.50209870e-06  0.00000000e+00  1.79776604e+00 
 3.50257853e-06  0.00000000e+00  1.79887067e+00 
 3.50306579e-06  0.00000000e+00  1.79927354e+00 
 3.50362811e-06  0.00000000e+00  1.79936608e+00 
 3.50418272e-06  0.00000000e+00  1.79959874e+00 
 3.50487970e-06  0.00000000e+00  1.79970183e+00 
 3.50568269e-06  0.00000000e+00  1.79980595e+00 
 3.50630176e-06  0.00000000e+00  1.79990398e+00 
 3.50702248e-06  0.00000000e+00  1.79991988e+00 
 3.50793663e-06  0.00000000e+00  1.79995076e+00 
 3.50888927e-06  0.00000000e+00  1.79994877e+00 
 3.50982014e-06  0.00000000e+00  1.79996431e+00 
 3.51093011e-06  0.00000000e+00  1.79995719e+00 
 3.51208960e-06  0.00000000e+00  1.79996883e+00 
 3.51440857e-06  0.00000000e+00  1.79996224e+00 
 3.51898532e-06  0.00000000e+00  1.79997484e+00 
 3.52656656e-06  0.00000000e+00  1.79997009e+00 
 3.54172904e-06  0.00000000e+00  1.79998484e+00 
 3.57205399e-06  0.00000000e+00  1.79998224e+00 
 3.63270391e-06  0.00000000e+00  1.79999659e+00 
 3.75010000e-06  0.00000000e+00  1.79999132e+00 
 3.75011000e-06  1.80000000e-01  1.80053907e+00 
 3.75013000e-06  5.40000000e-01  1.80186686e+00 
 3.75017000e-06  1.26000000e+00  1.80534497e+00 
 3.75020000e-06  1.80000000e+00  1.80777887e+00 
 3.75020799e-06  1.80000000e+00  1.80752478e+00 
 3.75022396e-06  1.80000000e+00  1.80698698e+00 
 3.75025591e-06  1.80000000e+00  1.80611114e+00 
 3.75031982e-06  1.80000000e+00  1.80494343e+00 
 3.75044762e-06  1.80000000e+00  1.80359021e+00 
 3.75070323e-06  1.80000000e+00  1.80217314e+00 
 3.75109380e-06  1.80000000e+00  1.80415945e+00 
 3.75156547e-06  1.80000000e+00  1.80795726e+00 
 3.75202769e-06  1.80000000e+00  1.80561479e+00 
 3.75251237e-06  1.80000000e+00  1.80301109e+00 
 3.75324212e-06  1.80000000e+00  1.80088189e+00 
 3.75376884e-06  1.80000000e+00  1.79990241e+00 
 3.75435958e-06  1.80000000e+00  1.79898927e+00 
 3.75490372e-06  1.80000000e+00  1.79821739e+00 
 3.75548655e-06  1.80000000e+00  1.79797031e+00 
 3.75634914e-06  1.80000000e+00  1.79816755e+00 
 3.75725001e-06  1.80000000e+00  1.79854827e+00 
 3.75900751e-06  1.80000000e+00  1.79914859e+00 
 3.76127086e-06  1.80000000e+00  1.79958874e+00 
 3.76450529e-06  1.80000000e+00  1.79985750e+00 
 3.77006156e-06  1.80000000e+00  1.79998990e+00 
 3.78117411e-06  1.80000000e+00  1.80000118e+00 
 3.80339921e-06  1.80000000e+00  1.80000005e+00 
 3.84784940e-06  1.80000000e+00  1.79999943e+00 
 3.93674978e-06  1.80000000e+00  1.80000066e+00 
 4.00000000e-06  1.80000000e+00  1.79999908e+00 
 4.00001000e-06  1.62000000e+00  1.79881456e+00 
 4.00003000e-06  1.26000000e+00  1.79663456e+00 
 4.00007000e-06  5.40000000e-01  1.79321808e+00 
 4.00010000e-06  0.00000000e+00  1.79155686e+00 
 4.00010800e-06  0.00000000e+00  1.79210747e+00 
 4.00012400e-06  0.00000000e+00  1.79321528e+00 
 4.00015600e-06  0.00000000e+00  1.79500288e+00 
 4.00022000e-06  0.00000000e+00  1.79750978e+00 
 4.00034800e-06  0.00000000e+00  1.80016288e+00 
 4.00053680e-06  0.00000000e+00  1.80189290e+00 
 4.00085675e-06  0.00000000e+00  1.80234806e+00 
 4.00118931e-06  0.00000000e+00  1.80102282e+00 
 4.00162814e-06  0.00000000e+00  1.79883928e+00 
 4.00209562e-06  0.00000000e+00  1.79777981e+00 
 4.00257820e-06  0.00000000e+00  1.79876978e+00 
 4.00306651e-06  0.00000000e+00  1.79919406e+00 
 4.00363578e-06  0.00000000e+00  1.79938477e+00 
 4.00418010e-06  0.00000000e+00  1.79959929e+00 
 4.00473305e-06  0.00000000e+00  1.79976245e+00 
 4.00524386e-06  0.00000000e+00  1.79981729e+00 
 4.00580297e-06  0.00000000e+00  1.79987691e+00 
 4.00649357e-06  0.00000000e+00  1.79989467e+00 
 4.00732151e-06  0.00000000e+00  1.79992960e+00 
 4.00866259e-06  0.00000000e+00  1.79995958e+00 
 4.01029621e-06  0.00000000e+00  1.80006223e+00 
 4.01187546e-06  0.00000000e+00  1.80042410e+00 
 4.01341187e-06  0.00000000e+00  1.80002549e+00 
 4.01454220e-06  0.00000000e+00  1.79932533e+00 
 4.01556904e-06  0.00000000e+00  1.79981844e+00 
 4.01646985e-06  0.00000000e+00  1.79884619e+00 
 4.01753913e-06  0.00000000e+00  1.79783632e+00 
 4.01866793e-06  0.00000000e+00  1.79807751e+00 
 4.01984916e-06  0.00000000e+00  1.79886992e+00 
 4.02187948e-06  0.00000000e+00  1.79975272e+00 
 4.02437639e-06  0.00000000e+00  1.79989652e+00 
 4.02937023e-06  0.00000000e+00  1.80001515e+00 
 4.03519718e-06  0.00000000e+00  1.79984881e+00 
 4.04101041e-06  0.00000000e+00  1.80001839e+00 
 4.04601793e-06  0.00000000e+00  1.79995090e+00 
 4.05134848e-06  0.00000000e+00  1.80021264e+00 
 4.05519273e-06  0.00000000e+00  1.79975311e+00 
 4.05921732e-06  0.00000000e+00  1.80014786e+00 
 4.06333944e-06  0.00000000e+00  1.79987242e+00 
 4.06792618e-06  0.00000000e+00  1.80008784e+00 
 4.07357373e-06  0.00000000e+00  1.79990963e+00 
 4.07952556e-06  0.00000000e+00  1.80006200e+00 
 4.08595862e-06  0.00000000e+00  1.79992148e+00 
 4.09273253e-06  0.00000000e+00  1.80004889e+00 
 4.10573734e-06  0.00000000e+00  1.79993375e+00 
 4.12304799e-06  0.00000000e+00  1.80004527e+00 
 4.15030231e-06  0.00000000e+00  1.79994043e+00 
 4.20124035e-06  0.00000000e+00  1.80004611e+00 
 4.25010000e-06  6.67038446e-12  1.79994488e+00 
 4.25011000e-06  1.80000000e-01  1.80049668e+00 
 4.25013000e-06  5.40000000e-01  1.80183592e+00 
 4.25017000e-06  1.26000000e+00  1.80532708e+00 
 4.25020000e-06  1.80000000e+00  1.80775376e+00 
 4.25020799e-06  1.80000000e+00  1.80748550e+00 
 4.25022398e-06  1.80000000e+00  1.80692306e+00 
 4.25025594e-06  1.80000000e+00  1.80602796e+00 
 4.25031988e-06  1.80000000e+00  1.80488777e+00 
 4.25044775e-06  1.80000000e+00  1.80359005e+00 
 4.25070349e-06  1.80000000e+00  1.80218546e+00 
 4.25109246e-06  1.80000000e+00  1.80414623e+00 
 4.25156412e-06  1.80000000e+00  1.80788888e+00 
 4.25202573e-06  1.80000000e+00  1.80532761e+00 
 4.25251017e-06  1.80000000e+00  1.80234095e+00 
 4.25323711e-06  1.80000000e+00  1.80028140e+00 
 4.25375044e-06  1.80000000e+00  1.79994188e+00 
 4.25432270e-06  1.80000000e+00  1.79979008e+00 
 4.25501642e-06  1.80000000e+00  1.79967569e+00 
 4.25569557e-06  1.80000000e+00  1.79975770e+00 
 4.25646717e-06  1.80000000e+00  1.79977303e+00 
 4.25801038e-06  1.80000000e+00  1.79988196e+00 
 4.25965593e-06  1.80000000e+00  1.79990854e+00 
 4.26251273e-06  1.80000000e+00  1.79998094e+00 
 4.26584152e-06  1.80000000e+00  1.79997826e+00 
 4.27249910e-06  1.80000000e+00  1.80001128e+00 
 4.28581426e-06  1.80000000e+00  1.79998878e+00 
 4.31244457e-06  1.80000000e+00  1.80001106e+00 
 4.36570521e-06  1.80000000e+00  1.79998891e+00 
 4.47222647e-06  1.80000000e+00  1.80001101e+00 
 4.50000000e-06  1.80000000e+00  1.79998900e+00 
 4.50001000e-06  1.62000000e+00  1.79878993e+00 
 4.50003000e-06  1.26000000e+00  1.79659441e+00 
 4.50007000e-06  5.40000000e-01  1.79319770e+00 
 4.50010000e-06  0.00000000e+00  1.79157585e+00 
 4.50010800e-06  0.00000000e+00  1.79215086e+00 
 4.50012400e-06  0.00000000e+00  1.79329535e+00 
 4.50015600e-06  0.00000000e+00  1.79509455e+00 
 4.50022000e-06  0.00000000e+00  1.79754869e+00 
 4.50034800e-06  0.00000000e+00  1.80008706e+00 
 4.50053707e-06  0.00000000e+00  1.80173820e+00 
 4.50085688e-06  0.00000000e+00  1.80242964e+00 
 4.50118899e-06  0.00000000e+00  1.80167597e+00 
 4.50158828e-06  0.00000000e+00  1.79980102e+00 
 4.50203510e-06  0.00000000e+00  1.79734917e+00 
 4.50251468e-06  0.00000000e+00  1.79693330e+00 
 4.50300361e-06  0.00000000e+00  1.79746640e+00 
 4.50356178e-06  0.00000000e+00  1.79816315e+00 
 4.50410820e-06  0.00000000e+00  1.79873934e+00 
 4.50489885e-06  0.00000000e+00  1.79920668e+00 
 4.50562342e-06  0.00000000e+00  1.79948158e+00 
 4.50624898e-06  0.00000000e+00  1.79965108e+00 
 4.50695387e-06  0.00000000e+00  1.79976156e+00 
 4.50795097e-06  0.00000000e+00  1.79985771e+00 
 4.50886861e-06  0.00000000e+00  1.79990143e+00 
 4.50986001e-06  0.00000000e+00  1.79993082e+00 
 4.51111666e-06  0.00000000e+00  1.79994697e+00 
 4.51224790e-06  0.00000000e+00  1.79995650e+00 
 4.51451037e-06  0.00000000e+00  1.79996259e+00 
 4.51903531e-06  0.00000000e+00  1.79996919e+00 
 4.52614705e-06  0.00000000e+00  1.79997210e+00 
 4.54037051e-06  0.00000000e+00  1.79997975e+00 
 4.56881745e-06  0.00000000e+00  1.79998505e+00 
 4.62571132e-06  0.00000000e+00  1.79999228e+00 
 4.73949905e-06  0.00000000e+00  1.79999483e+00 
 4.75010000e-06  6.67038446e-12  1.79999640e+00 
 4.75011000e-06  1.80000000e-01  1.80054990e+00 
 4.75013000e-06  5.40000000e-01  1.80188949e+00 
 4.75017000e-06  1.26000000e+00  1.80537742e+00 
 4.75020000e-06  1.80000000e+00  1.80779760e+00 
 4.75020799e-06  1.80000000e+00  1.80752989e+00 
 4.75022398e-06  1.80000000e+00  1.80696709e+00 
 4.75025594e-06  1.80000000e+00  1.80606506e+00 
 4.75031988e-06  1.80000000e+00  1.80491128e+00 
 4.75044775e-06  1.80000000e+00  1.80359906e+00 
 4.75070349e-06  1.80000000e+00  1.80219043e+00 
 4.75109231e-06  1.80000000e+00  1.80415753e+00 
 4.75156476e-06  1.80000000e+00  1.80790890e+00 
 4.75202705e-06  1.80000000e+00  1.80538938e+00 
 4.75251173e-06  1.80000000e+00  1.80229275e+00 
 4.75324104e-06  1.80000000e+00  1.79976921e+00 
 4.75376656e-06  1.80000000e+00  1.79961679e+00 
 4.75435629e-06  1.80000000e+00  1.79999790e+00 
 4.75490061e-06  1.80000000e+00  1.80043437e+00 
 4.75548291e-06  1.80000000e+00  1.80117386e+00 
 4.75622741e-06  1.80000000e+00  1.80153043e+00 
 4.75704045e-06  1.80000000e+00  1.80132123e+00 
 4.75785644e-06  1.80000000e+00  1.80098437e+00 
 4.75889085e-06  1.80000000e+00  1.80073787e+00 
 4.76041926e-06  1.80000000e+00  1.80047478e+00 
 4.76206378e-06  1.80000000e+00  1.80029583e+00 
 4.76477446e-06  1.80000000e+00  1.80011541e+00 
 4.76794307e-06  1.80000000e+00  1.80004637e+00 
 4.77428028e-06  1.80000000e+00  1.79999625e+00 
 4.78465653e-06  1.80000000e+00  1.80000404e+00 
 4.80225094e-06  1.80000000e+00  1.79999583e+00 
 4.83743975e-06  1.80000000e+00  1.80000408e+00 
 4.90781737e-06  1.80000000e+00  1.79999586e+00 
 5.00000000e-06  1.80000000e+00  1.80000408e+00 
 5.00001000e-06  1.62000000e+00  1.79880454e+00 
 5.00003000e-06  1.26000000e+00  1.79660466e+00 
 5.00007000e-06  5.40000000e-01  1.79320119e+00 
 5.00010000e-06  0.00000000e+00  1.79157746e+00 
 5.00010800e-06  0.00000000e+00  1.79215251e+00 
 5.00012400e-06  0.00000000e+00  1.79329772e+00 
 5.00015600e-06  0.00000000e+00  1.79509695e+00 
 5.00022000e-06  0.00000000e+00  1.79755052e+00 
 5.00034800e-06  0.00000000e+00  1.80008809e+00 
 5.00053674e-06  0.00000000e+00  1.80173486e+00 
 5.00085672e-06  0.00000000e+00  1.80244171e+00 
 5.00118923e-06  0.00000000e+00  1.80168640e+00 
 5.00162662e-06  0.00000000e+00  1.79955503e+00 
 5.00209318e-06  0.00000000e+00  1.79736326e+00 
 5.00257576e-06  0.00000000e+00  1.79846785e+00 
 5.00307775e-06  0.00000000e+00  1.79725160e+00 
 5.00363647e-06  0.00000000e+00  1.79725305e+00 
 5.00419253e-06  0.00000000e+00  1.79933881e+00 
 5.00470549e-06  0.00000000e+00  1.80021644e+00 
 5.00519457e-06  0.00000000e+00  1.80098964e+00 
 5.00573955e-06  0.00000000e+00  1.80059021e+00 
 5.00639581e-06  0.00000000e+00  1.80046006e+00 
 5.00710527e-06  0.00000000e+00  1.80021584e+00 
 5.00807061e-06  0.00000000e+00  1.80015410e+00 
 5.00921032e-06  0.00000000e+00  1.80005371e+00 
 5.01009942e-06  0.00000000e+00  1.80011332e+00 
 5.01104657e-06  0.00000000e+00  1.80019357e+00 
 5.01196662e-06  0.00000000e+00  1.80053560e+00 
 5.01298055e-06  0.00000000e+00  1.80030820e+00 
 5.01369734e-06  0.00000000e+00  1.79973967e+00 
 5.01439040e-06  0.00000000e+00  1.79927459e+00 
 5.01524549e-06  0.00000000e+00  1.79941756e+00 
 5.01615811e-06  0.00000000e+00  1.79988804e+00 
 5.01705934e-06  0.00000000e+00  1.79813834e+00 
 5.01801454e-06  0.00000000e+00  1.79789960e+00 
 5.01902560e-06  0.00000000e+00  1.79815108e+00 
 5.02080316e-06  0.00000000e+00  1.79942111e+00 
 5.02255968e-06  0.00000000e+00  1.79974866e+00 
 5.02559779e-06  0.00000000e+00  1.80000471e+00 
 5.03043088e-06  0.00000000e+00  1.79994600e+00 
 5.03618090e-06  0.00000000e+00  1.80005043e+00 
 5.04156184e-06  0.00000000e+00  1.80038652e+00 
 5.04571469e-06  0.00000000e+00  1.79950378e+00 
 5.04969840e-06  0.00000000e+00  1.79982058e+00 
 5.05247809e-06  0.00000000e+00  1.80013852e+00 
 5.05574972e-06  0.00000000e+00  1.79986445e+00 
 5.06229298e-06  0.00000000e+00  1.80008473e+00 
 5.06950154e-06  0.00000000e+00  1.79989892e+00 
 5.08259903e-06  0.00000000e+00  1.80006811e+00 
 5.10326038e-06  0.00000000e+00  1.79991360e+00 
 5.13612429e-06  0.00000000e+00  1.80006604e+00 
 5.18588187e-06  0.00000000e+00  1.79992172e+00 
 5.25010000e-06  6.67038446e-12  1.80006684e+00 
 5.25011000e-06  1.80000000e-01  1.80064412e+00 
 5.25013000e-06  5.40000000e-01  1.80200190e+00 
 5.25017000e-06  1.26000000e+00  1.80545262e+00 
 5.25020000e-06  1.80000000e+00  1.80783733e+00 
 5.25020799e-06  1.80000000e+00  1.80757674e+00 
 5.25022398e-06  1.80000000e+00  1.80702814e+00 
 5.25025594e-06  1.80000000e+00  1.80614087e+00 
 5.25031988e-06  1.80000000e+00  1.80496316e+00 
 5.25044775e-06  1.80000000e+00  1.80359610e+00 
 5.25070349e-06  1.80000000e+00  1.80216954e+00 
 5.25109109e-06  1.80000000e+00  1.80413039e+00 
 5.25156323e-06  1.80000000e+00  1.80795619e+00 
 5.25202462e-06  1.80000000e+00  1.80561330e+00 
 5.25250899e-06  1.80000000e+00  1.80300451e+00 
 5.25323511e-06  1.80000000e+00  1.80071403e+00 
 5.25377394e-06  1.80000000e+00  1.79962698e+00 
 5.25437608e-06  1.80000000e+00  1.79867967e+00 
 5.25501155e-06  1.80000000e+00  1.79800458e+00 
 5.25566429e-06  1.80000000e+00  1.79804868e+00 
 5.25645162e-06  1.80000000e+00  1.79830584e+00 
 5.25802627e-06  1.80000000e+00  1.79893482e+00 
 5.25964703e-06  1.80000000e+00  1.79934778e+00 
 5.26251877e-06  1.80000000e+00  1.79975392e+00 
 5.26581151e-06  1.80000000e+00  1.79990947e+00 
 5.27239698e-06  1.80000000e+00  1.80000631e+00 
 5.28556792e-06  1.80000000e+00  1.79999372e+00 
 5.31190981e-06  1.80000000e+00  1.80000611e+00 
 5.36459359e-06  1.80000000e+00  1.79999385e+00 
 5.46996114e-06  1.80000000e+00  1.80000607e+00 
 5.50000000e-06  1.80000000e+00  1.79999392e+00 
 5.50001000e-06  1.62000000e+00  1.79881497e+00 
 5.50003000e-06  1.26000000e+00  1.79664725e+00 
 5.50007000e-06  5.40000000e-01  1.79323624e+00 
 5.50010000e-06  0.00000000e+00  1.79157356e+00 
 5.50010800e-06  0.00000000e+00  1.79212218e+00 
 5.50012400e-06  0.00000000e+00  1.79322491e+00 
 5.50015600e-06  0.00000000e+00  1.79500547e+00 
 5.50022000e-06  0.00000000e+00  1.79750266e+00 
 5.50034800e-06  0.00000000e+00  1.80015279e+00 
 5.50053695e-06  0.00000000e+00  1.80188994e+00 
 5.50085706e-06  0.00000000e+00  1.80235531e+00 
 5.50118956e-06  0.00000000e+00  1.80103430e+00 
 5.50163011e-06  0.00000000e+00  1.79882476e+00 
 5.50209867e-06  0.00000000e+00  1.79776553e+00 
 5.50257854e-06  0.00000000e+00  1.79886957e+00 
 5.50306582e-06  0.00000000e+00  1.79927443e+00 
 5.50362820e-06  0.00000000e+00  1.79936724e+00 
 5.50418281e-06  0.00000000e+00  1.79959968e+00 
 5.50487961e-06  0.00000000e+00  1.79970218e+00 
 5.50568271e-06  0.00000000e+00  1.79980637e+00 
 5.50630180e-06  0.00000000e+00  1.79990409e+00 
 5.50702250e-06  0.00000000e+00  1.79991998e+00 
 5.50793658e-06  0.00000000e+00  1.79995079e+00 
 5.50888917e-06  0.00000000e+00  1.79994872e+00 
 5.50982160e-06  0.00000000e+00  1.79996431e+00 
 5.51093458e-06  0.00000000e+00  1.79995711e+00 
 5.51209398e-06  0.00000000e+00  1.79996881e+00 
 5.51441278e-06  0.00000000e+00  1.79996216e+00 
 5.51897488e-06  0.00000000e+00  1.79997481e+00 
 5.52652525e-06  0.00000000e+00  1.79997001e+00 
 5.54162601e-06  0.00000000e+00  1.79998482e+00 
 5.57182751e-06  0.00000000e+00  1.79998217e+00 
 5.63223051e-06  0.00000000e+00  1.79999658e+00 
 5.75010000e-06  6.67038446e-12  1.79999130e+00 
 5.75011000e-06  1.80000000e-01  1.80053782e+00 
 5.75013000e-06  5.40000000e-01  1.80186242e+00 
 5.75017000e-06  1.26000000e+00  1.80533042e+00 
 5.75020000e-06  1.80000000e+00  1.80774337e+00 
 5.75020799e-06  1.80000000e+00  1.80749266e+00 
 5.75022396e-06  1.80000000e+00  1.80696245e+00 
 5.75025591e-06  1.80000000e+00  1.80609821e+00 
 5.75031982e-06  1.80000000e+00  1.80494260e+00 
 5.75044762e-06  1.80000000e+00  1.80359354e+00 
 5.75070323e-06  1.80000000e+00  1.80217460e+00 
 5.75109088e-06  1.80000000e+00  1.80413698e+00 
 5.75156356e-06  1.80000000e+00  1.80796612e+00 
 5.75202538e-06  1.80000000e+00  1.80563305e+00 
 5.75250996e-06  1.80000000e+00  1.80302234e+00 
 5.75323793e-06  1.80000000e+00  1.80089072e+00 
 5.75376585e-06  1.80000000e+00  1.79990647e+00 
 5.75435774e-06  1.80000000e+00  1.79899497e+00 
 5.75490022e-06  1.80000000e+00  1.79822369e+00 
 5.75548299e-06  1.80000000e+00  1.79797174e+00 
 5.75634116e-06  1.80000000e+00  1.79816497e+00 
 5.75723839e-06  1.80000000e+00  1.79854302e+00 
 5.75898975e-06  1.80000000e+00  1.79914386e+00 
 5.76124902e-06  1.80000000e+00  1.79958558e+00 
 5.76446918e-06  1.80000000e+00  1.79985588e+00 
 5.76998144e-06  1.80000000e+00  1.79998899e+00 
 5.78100595e-06  1.80000000e+00  1.80000150e+00 
 5.80305497e-06  1.80000000e+00  1.79999980e+00 
 5.84715301e-06  1.80000000e+00  1.79999966e+00 
 5.93534909e-06  1.80000000e+00  1.80000044e+00 
 6.00000000e-06  1.80000000e+00  1.79999930e+00 
 6.00001000e-06  1.62000000e+00  1.79882296e+00 
 6.00003000e-06  1.26000000e+00  1.79665838e+00 
 6.00007000e-06  5.40000000e-01  1.79324285e+00 
 6.00010000e-06  0.00000000e+00  1.79157630e+00 
 6.00010800e-06  0.00000000e+00  1.79212390e+00 
 6.00012400e-06  0.00000000e+00  1.79322471e+00 
 6.00015600e-06  0.00000000e+00  1.79500379e+00 
 6.00022000e-06  0.00000000e+00  1.79750441e+00 
 6.00034800e-06  0.00000000e+00  1.80015925e+00 
 6.00053680e-06  0.00000000e+00  1.80189322e+00 
 6.00085675e-06  0.00000000e+00  1.80234720e+00 
 6.00118931e-06  0.00000000e+00  1.80102089e+00 
 6.00162819e-06  0.00000000e+00  1.79883716e+00 
 6.00209562e-06  0.00000000e+00  1.79777936e+00 
 6.00257824e-06  0.00000000e+00  1.79876840e+00 
 6.00306657e-06  0.00000000e+00  1.79919484e+00 
 6.00363584e-06  0.00000000e+00  1.79938588e+00 
 6.00418018e-06  0.00000000e+00  1.79960019e+00 
 6.00473318e-06  0.00000000e+00  1.79976294e+00 
 6.00524406e-06  0.00000000e+00  1.79981774e+00 
 6.00580322e-06  0.00000000e+00  1.79987713e+00 
 6.00649401e-06  0.00000000e+00  1.79989480e+00 
 6.00732204e-06  0.00000000e+00  1.79992965e+00 
 6.00866330e-06  0.00000000e+00  1.79995959e+00 
 6.01029727e-06  0.00000000e+00  1.80006231e+00 
 6.01187619e-06  0.00000000e+00  1.80042406e+00 
 6.01341297e-06  0.00000000e+00  1.80002496e+00 
 6.01454563e-06  0.00000000e+00  1.79932244e+00 
 6.01557435e-06  0.00000000e+00  1.79981724e+00 
 6.01653871e-06  0.00000000e+00  1.79875155e+00 
 6.01757851e-06  0.00000000e+00  1.79783501e+00 
 6.01872958e-06  0.00000000e+00  1.79810836e+00 
 6.01992519e-06  0.00000000e+00  1.79892601e+00 
 6.02187375e-06  0.00000000e+00  1.79973908e+00 
 6.02436119e-06  0.00000000e+00  1.79989745e+00 
 6.02933606e-06  0.00000000e+00  1.80000882e+00 
 6.03532115e-06  0.00000000e+00  1.79990158e+00 
 6.04237662e-06  0.00000000e+00  1.79998363e+00 
 6.05094866e-06  0.00000000e+00  1.79998564e+00 
 6.06138924e-06  0.00000000e+00  1.80007719e+00 
 6.06810719e-06  0.00000000e+00  1.79984921e+00 
 6.07518666e-06  0.00000000e+00  1.80013512e+00 
 6.08585859e-06  0.00000000e+00  1.79984778e+00 
 6.09781961e-06  0.00000000e+00  1.80012733e+00 
 6.10953227e-06  0.00000000e+00  1.79985865e+00 
 6.12131922e-06  0.00000000e+00  1.80011586e+00 
 6.13645441e-06  0.00000000e+00  1.79987300e+00 
 6.15908332e-06  0.00000000e+00  1.80010854e+00 
 6.18836767e-06  0.00000000e+00  1.79988159e+00 
 6.23773470e-06  0.00000000e+00  1.80010630e+00 
 6.25010000e-06  6.67038446e-12  1.79989094e+00 
 6.25011000e-06  1.80000000e-01  1.80045005e+00 
 6.25013000e-06  5.40000000e-01  1.80179969e+00 
 6.25017000e-06  1.26000000e+00  1.80529046e+00 
 6.25020000e-06  1.80000000e+00  1.80770040e+00 
 6.25020799e-06  1.80000000e+00  1.80743623e+00 
 6.25022398e-06  1.80000000e+00  1.80688240e+00 
 6.25025594e-06  1.80000000e+00  1.80599994e+00 
 6.25031988e-06  1.80000000e+00  1.80487550e+00 
 6.25044775e-06  1.80000000e+00  1.80358701e+00 
 6.25070349e-06  1.80000000e+00  1.80218489e+00 
 6.25109010e-06  1.80000000e+00  1.80412912e+00 
 6.25156258e-06  1.80000000e+00  1.80789742e+00 
 6.25202384e-06  1.80000000e+00  1.80534543e+00 
 6.25250814e-06  1.80000000e+00  1.80235200e+00 
 6.25323366e-06  1.80000000e+00  1.80028670e+00 
 6.25374808e-06  1.80000000e+00  1.79994215e+00 
 6.25432112e-06  1.80000000e+00  1.79979146e+00 
 6.25502044e-06  1.80000000e+00  1.79967569e+00 
 6.25569424e-06  1.80000000e+00  1.79975790e+00 
 6.25647208e-06  1.80000000e+00  1.79977379e+00 
 6.25802776e-06  1.80000000e+00  1.79988284e+00 
 6.25966882e-06  1.80000000e+00  1.79990914e+00 
 6.26253906e-06  1.80000000e+00  1.79998117e+00 
 6.26587123e-06  1.80000000e+00  1.79997851e+00 
 6.27253558e-06  1.80000000e+00  1.80001117e+00 
 6.28586427e-06  1.80000000e+00  1.79998890e+00 
 6.31252164e-06  1.80000000e+00  1.80001094e+00 
 6.36583639e-06  1.80000000e+00  1.79998903e+00 
 6.47246590e-06  1.80000000e+00  1.80001089e+00 
 6.50000000e-06  1.80000000e+00  1.79998912e+00 
 6.50001000e-06  1.62000000e+00  1.79879791e+00 
 6.50003000e-06  1.26000000e+00  1.79661679e+00 
 6.50007000e-06  5.40000000e-01  1.79322195e+00 
 6.50010000e-06  0.00000000e+00  1.79159574e+00 
 6.50010800e-06  0.00000000e+00  1.79216768e+00 
 6.50012400e-06  0.00000000e+00  1.79330483e+00 
 6.50015600e-06  0.00000000e+00  1.79509450e+00 
 6.50022000e-06  0.00000000e+00  1.79754080e+00 
 6.50034800e-06  0.00000000e+00  1.80008132e+00 
 6.50053707e-06  0.00000000e+00  1.80173898e+00 
 6.50085688e-06  0.00000000e+00  1.80243036e+00 
 6.50118899e-06  0.00000000e+00  1.80167490e+00 
 6.50158833e-06  0.00000000e+00  1.79979808e+00 
 6.50203512e-06  0.00000000e+00  1.79734742e+00 
 6.50251473e-06  0.00000000e+00  1.79693199e+00 
 6.50300367e-06  0.00000000e+00  1.79746679e+00 
 6.50356183e-06  0.00000000e+00  1.79816364e+00 
 6.50410828e-06  0.00000000e+00  1.79874012e+00 
 6.50489878e-06  0.00000000e+00  1.79920710e+00 
 6.50562343e-06  0.00000000e+00  1.79948194e+00 
 6.50624911e-06  0.00000000e+00  1.79965127e+00 
 6.50695394e-06  0.00000000e+00  1.79976171e+00 
 6.50795120e-06  0.00000000e+00  1.79985775e+00 
 6.50886880e-06  0.00000000e+00  1.79990149e+00 
 6.50986141e-06  0.00000000e+00  1.79993083e+00 
 6.51111256e-06  0.00000000e+00  1.79994696e+00 
 6.51224568e-06  0.00000000e+00  1.79995647e+00 
 6.51451191e-06  0.00000000e+00  1.79996263e+00 
 6.51904438e-06  0.00000000e+00  1.79996917e+00 
 6.52615005e-06  0.00000000e+00  1.79997213e+00 
 6.54036138e-06  0.00000000e+00  1.79997972e+00 
 6.56878405e-06  0.00000000e+00  1.79998508e+00 
 6.62562938e-06  0.00000000e+00  1.79999225e+00 
 6.73932005e-06  0.00000000e+00  1.79999486e+00 
 6.75010000e-06  6.67038446e-12  1.79999637e+00 
 6.75011000e-06  1.80000000e-01  1.80054857e+00 
 6.75013000e-06  5.40000000e-01  1.80188462e+00 
 6.75017000e-06  1.26000000e+00  1.80536281e+00 
 6.75020000e-06  1.80000000e+00  1.80776622e+00 
 6.75020799e-06  1.80000000e+00  1.80750164e+00 
 6.75022398e-06  1.80000000e+00  1.80694613e+00 
 6.75025594e-06  1.80000000e+00  1.80605548e+00 
 6.75031988e-06  1.80000000e+00  1.80491366e+00 
 6.75044775e-06  1.80000000e+00  1.80360402e+00 
 6.75070348e-06  1.80000000e+00  1.80219111e+00 
 6.75109021e-06  1.80000000e+00  1.80414116e+00 
 6.75156340e-06  1.80000000e+00  1.80791613e+00 
 6.75202538e-06  1.80000000e+00  1.80540455e+00 
 6.75250995e-06  1.80000000e+00  1.80230334e+00 
 6.75323799e-06  1.80000000e+00  1.79977417e+00 
 6.75376443e-06  1.80000000e+00  1.79961456e+00 
 6.75435504e-06  1.80000000e+00  1.79999689e+00 
 6.75489804e-06  1.80000000e+00  1.80043213e+00 
 6.75548021e-06  1.80000000e+00  1.80117054e+00 
 6.75622483e-06  1.80000000e+00  1.80153127e+00 
 6.75703852e-06  1.80000000e+00  1.80132263e+00 
 6.75785224e-06  1.80000000e+00  1.80098633e+00 
 6.75888733e-06  1.80000000e+00  1.80073851e+00 
 6.76039831e-06  1.80000000e+00  1.80047809e+00 
 6.76205119e-06  1.80000000e+00  1.80029683e+00 
 6.76474047e-06  1.80000000e+00  1.80011709e+00 
 6.76790793e-06  1.80000000e+00  1.80004667e+00 
 6.77424286e-06  1.80000000e+00  1.79999650e+00 
 6.78444971e-06  1.80000000e+00  1.80000382e+00 
 6.80162117e-06  1.80000000e+00  1.79999605e+00 
 6.83596409e-06  1.80000000e+00  1.80000385e+00 
 6.90464993e-06  1.80000000e+00  1.79999609e+00 
 7.00000000e-06  1.80000000e+00  1.80000385e+00 
 7.00001000e-06  1.62000000e+00  1.79881177e+00 
 7.00003000e-06  1.26000000e+00  1.79662533e+00 
 7.00007000e-06  5.40000000e-01  1.79322396e+00 
 7.00010000e-06  0.00000000e+00  1.79159626e+00 
 7.00010800e-06  0.00000000e+00  1.79216830e+00 
 7.00012400e-06  0.00000000e+00  1.79330628e+00 
 7.00015600e-06  0.00000000e+00  1.79509620e+00 
 7.00022000e-06  0.00000000e+00  1.79754223e+00 
 7.00034800e-06  0.00000000e+00  1.80008226e+00 
 7.00053674e-06  0.00000000e+00  1.80173563e+00 
 7.00085672e-06  0.00000000e+00  1.80244260e+00 
 7.00118923e-06  0.00000000e+00  1.80168562e+00 
 7.00162667e-06  0.00000000e+00  1.79955251e+00 
 7.00209321e-06  0.00000000e+00  1.79736191e+00 
 7.00257581e-06  0.00000000e+00  1.79846698e+00 
 7.00307784e-06  0.00000000e+00  1.79725357e+00 
 7.00363661e-06  0.00000000e+00  1.79725235e+00 
 7.00419271e-06  0.00000000e+00  1.79933999e+00 
 7.00470569e-06  0.00000000e+00  1.80021788e+00 
 7.00519487e-06  0.00000000e+00  1.80099037e+00 
 7.00573992e-06  0.00000000e+00  1.80059069e+00 
 7.00639647e-06  0.00000000e+00  1.80045965e+00 
 7.00710591e-06  0.00000000e+00  1.80021577e+00 
 7.00806843e-06  0.00000000e+00  1.80015396e+00 
 7.00920839e-06  0.00000000e+00  1.80005371e+00 
 7.01010134e-06  0.00000000e+00  1.80011500e+00 
 7.01104876e-06  0.00000000e+00  1.80019580e+00 
 7.01196657e-06  0.00000000e+00  1.80053455e+00 
 7.01298020e-06  0.00000000e+00  1.80030995e+00 
 7.01369497e-06  0.00000000e+00  1.79974164e+00 
 7.01439757e-06  0.00000000e+00  1.79927033e+00 
 7.01528354e-06  0.00000000e+00  1.79951315e+00 
 7.01620035e-06  0.00000000e+00  1.79975693e+00 
 7.01712434e-06  0.00000000e+00  1.79808560e+00 
 7.01810387e-06  0.00000000e+00  1.79789431e+00 
 7.01914247e-06  0.00000000e+00  1.79823511e+00 
 7.02087581e-06  0.00000000e+00  1.79946787e+00 
 7.02268365e-06  0.00000000e+00  1.79975466e+00 
 7.02584338e-06  0.00000000e+00  1.80002251e+00 
 7.03117387e-06  0.00000000e+00  1.79992792e+00 
 7.03840696e-06  0.00000000e+00  1.80002375e+00 
 7.05063584e-06  0.00000000e+00  1.79993860e+00 
 7.06842570e-06  0.00000000e+00  1.80002977e+00 
 7.09004783e-06  0.00000000e+00  1.79994867e+00 
 7.11108969e-06  0.00000000e+00  1.80004107e+00 
 7.13801689e-06  0.00000000e+00  1.79992731e+00 
 7.15505828e-06  0.00000000e+00  1.80007829e+00 
 7.17311215e-06  0.00000000e+00  1.79989449e+00 
 7.19664099e-06  0.00000000e+00  1.80009945e+00 
 7.23135805e-06  0.00000000e+00  1.79988458e+00 
 7.25010000e-06  6.67038446e-12  1.80010904e+00 
 7.25011000e-06  1.80000000e-01  1.80066895e+00 
 7.25013000e-06  5.40000000e-01  1.80199906e+00 
 7.25017000e-06  1.26000000e+00  1.80541967e+00 
 7.25020000e-06  1.80000000e+00  1.80778826e+00 
 7.25020799e-06  1.80000000e+00  1.80753020e+00 
 7.25022398e-06  1.80000000e+00  1.80698786e+00 
 7.25025594e-06  1.80000000e+00  1.80611213e+00 
 7.25031988e-06  1.80000000e+00  1.80494568e+00 
 7.25044775e-06  1.80000000e+00  1.80358353e+00 
 7.25070349e-06  1.80000000e+00  1.80215835e+00 
 7.25108938e-06  1.80000000e+00  1.80410595e+00 
 7.25156212e-06  1.80000000e+00  1.80795211e+00 
 7.25202326e-06  1.80000000e+00  1.80561594e+00 
 7.25250752e-06  1.80000000e+00  1.80300169e+00 
 7.25323261e-06  1.80000000e+00  1.80069733e+00 
 7.25377179e-06  1.80000000e+00  1.79960737e+00 
 7.25437427e-06  1.80000000e+00  1.79870807e+00 
 7.25500812e-06  1.80000000e+00  1.79804340e+00 
 7.25565990e-06  1.80000000e+00  1.79806196e+00 
 7.25644804e-06  1.80000000e+00  1.79830589e+00 
 7.25802430e-06  1.80000000e+00  1.79892210e+00 
 7.25964000e-06  1.80000000e+00  1.79934074e+00 
 7.26251240e-06  1.80000000e+00  1.79974876e+00 
 7.26579603e-06  1.80000000e+00  1.79990936e+00 
 7.27236329e-06  1.80000000e+00  1.80000450e+00 
 7.28549782e-06  1.80000000e+00  1.79999512e+00 
 7.31176688e-06  1.80000000e+00  1.80000456e+00 
 7.36430499e-06  1.80000000e+00  1.79999531e+00 
 7.46938121e-06  1.80000000e+00  1.80000460e+00 
 7.50000000e-06  1.80000000e+00  1.79999536e+00 
 7.50001000e-06  1.62000000e+00  1.79882248e+00 
 7.50003000e-06  1.26000000e+00  1.79666526e+00 
 7.50007000e-06  5.40000000e-01  1.79325390e+00 
 7.50010000e-06  0.00000000e+00  1.79158639e+00 
 7.50010800e-06  0.00000000e+00  1.79213235e+00 
 7.50012400e-06  0.00000000e+00  1.79322895e+00 
 7.50015600e-06  0.00000000e+00  1.79500333e+00 
 7.50022000e-06  0.00000000e+00  1.79749832e+00 
 7.50034800e-06  0.00000000e+00  1.80015263e+00 
 7.50053695e-06  0.00000000e+00  1.80189126e+00 
 7.50085706e-06  0.00000000e+00  1.80235171e+00 
 7.50118956e-06  0.00000000e+00  1.80102707e+00 
 7.50162998e-06  0.00000000e+00  1.79882741e+00 
 7.50209841e-06  0.00000000e+00  1.79777784e+00 
 7.50257830e-06  0.00000000e+00  1.79887037e+00 
 7.50306557e-06  0.00000000e+00  1.79926589e+00 
 7.50362773e-06  0.00000000e+00  1.79936305e+00 
 7.50418233e-06  0.00000000e+00  1.79960073e+00 
 7.50487888e-06  0.00000000e+00  1.79970246e+00 
 7.50568168e-06  0.00000000e+00  1.79980719e+00 
 7.50630100e-06  0.00000000e+00  1.79990450e+00 
 7.50702129e-06  0.00000000e+00  1.79991984e+00 
 7.50793504e-06  0.00000000e+00  1.79995104e+00 
 7.50888716e-06  0.00000000e+00  1.79994862e+00 
 7.50982140e-06  0.00000000e+00  1.79996437e+00 
 7.51093812e-06  0.00000000e+00  1.79995706e+00 
 7.51209795e-06  0.00000000e+00  1.79996880e+00 
 7.51441759e-06  0.00000000e+00  1.79996214e+00 
 7.51896851e-06  0.00000000e+00  1.79997477e+00 
 7.52649974e-06  0.00000000e+00  1.79996999e+00 
 7.54156221e-06  0.00000000e+00  1.79998477e+00 
 7.57168714e-06  0.00000000e+00  1.79998216e+00 
 7.63193700e-06  0.00000000e+00  1.79999655e+00 
 7.75010000e-06  0.00000000e+00  1.79999131e+00 
 7.75011000e-06  1.80000000e-01  1.80053678e+00 
 7.75013000e-06  5.40000000e-01  1.80185880e+00 
 7.75017000e-06  1.26000000e+00  1.80532063e+00 
 7.75020000e-06  1.80000000e+00  1.80772153e+00 
 7.75020799e-06  1.80000000e+00  1.80747341e+00 
 7.75022396e-06  1.80000000e+00  1.80694864e+00 
 7.75025591e-06  1.80000000e+00  1.80609212e+00 
 7.75031982e-06  1.80000000e+00  1.80494318e+00 
 7.75044762e-06  1.80000000e+00  1.80359476e+00 
 7.75070323e-06  1.80000000e+00  1.80217608e+00 
 7.75108771e-06  1.80000000e+00  1.80410926e+00 
 7.75156152e-06  1.80000000e+00  1.80797522e+00 
 7.75202289e-06  1.80000000e+00  1.80565333e+00 
 7.75250729e-06  1.80000000e+00  1.80303510e+00 
 7.75323339e-06  1.80000000e+00  1.80089222e+00 
 7.75376254e-06  1.80000000e+00  1.79990156e+00 
 7.75435559e-06  1.80000000e+00  1.79900857e+00 
 7.75489636e-06  1.80000000e+00  1.79825063e+00 
 7.75547907e-06  1.80000000e+00  1.79798694e+00 
 7.75633252e-06  1.80000000e+00  1.79816727e+00 
 7.75722591e-06  1.80000000e+00  1.79853381e+00 
 7.75897091e-06  1.80000000e+00  1.79913520e+00 
 7.76122564e-06  1.80000000e+00  1.79958036e+00 
 7.76443088e-06  1.80000000e+00  1.79985356e+00 
 7.76989628e-06  1.80000000e+00  1.79998797e+00 
 7.78082709e-06  1.80000000e+00  1.80000182e+00 
 7.80268870e-06  1.80000000e+00  1.79999957e+00 
 7.84641192e-06  1.80000000e+00  1.79999986e+00 
 7.93385837e-06  1.80000000e+00  1.80000026e+00 
 8.00000000e-06  1.80000000e+00  1.79999947e+00 
 8.00001000e-06  1.62000000e+00  1.79882959e+00 
 8.00003000e-06  1.26000000e+00  1.79667529e+00 
 8.00007000e-06  5.40000000e-01  1.79325988e+00 
 8.00010000e-06  0.00000000e+00  1.79158882e+00 
 8.00010800e-06  0.00000000e+00  1.79213374e+00 
 8.00012400e-06  0.00000000e+00  1.79322842e+00 
 8.00015600e-06  0.00000000e+00  1.79500135e+00 
 8.00022000e-06  0.00000000e+00  1.79749986e+00 
 8.00034800e-06  0.00000000e+00  1.80015904e+00 
 8.00053680e-06  0.00000000e+00  1.80189457e+00 
 8.00085675e-06  0.00000000e+00  1.80234384e+00 
 8.00118931e-06  0.00000000e+00  1.80101445e+00 
 8.00162805e-06  0.00000000e+00  1.79884014e+00 
 8.00209540e-06  0.00000000e+00  1.79778998e+00 
 8.00257801e-06  0.00000000e+00  1.79876672e+00 
 8.00306631e-06  0.00000000e+00  1.79918890e+00 
 8.00363553e-06  0.00000000e+00  1.79938778e+00 
 8.00419552e-06  0.00000000e+00  1.79960681e+00 
 8.00474391e-06  0.00000000e+00  1.79976585e+00 
 8.00525897e-06  0.00000000e+00  1.79982022e+00 
 8.00582248e-06  0.00000000e+00  1.79987885e+00 
 8.00652873e-06  0.00000000e+00  1.79989757e+00 
 8.00736529e-06  0.00000000e+00  1.79993145e+00 
 8.00817778e-06  0.00000000e+00  1.79993564e+00 
 8.00904035e-06  0.00000000e+00  1.79995435e+00 
 8.01005860e-06  0.00000000e+00  1.79995174e+00 
 8.01116798e-06  0.00000000e+00  1.79996490e+00 
 8.01338674e-06  0.00000000e+00  1.79996117e+00 
 8.01782427e-06  0.00000000e+00  1.79997351e+00 
 8.02555754e-06  0.00000000e+00  1.79996993e+00 
 8.04102409e-06  0.00000000e+00  1.79998412e+00 
 8.07195720e-06  0.00000000e+00  1.79998268e+00 
 8.13382341e-06  0.00000000e+00  1.79999618e+00 
 8.25010000e-06  0.00000000e+00  1.79999179e+00 
 8.25011000e-06  1.80000000e-01  1.80053749e+00 
 8.25013000e-06  5.40000000e-01  1.80185920e+00 
 8.25017000e-06  1.26000000e+00  1.80531551e+00 
 8.25020000e-06  1.80000000e+00  1.80771248e+00 
 8.25020799e-06  1.80000000e+00  1.80746662e+00 
 8.25022396e-06  1.80000000e+00  1.80694661e+00 
 8.25025591e-06  1.80000000e+00  1.80609749e+00 
 8.25031982e-06  1.80000000e+00  1.80495429e+00 
 8.25044762e-06  1.80000000e+00  1.80359996e+00 
 8.25070323e-06  1.80000000e+00  1.80217729e+00 
 8.25109081e-06  1.80000000e+00  1.80414470e+00 
 8.25156284e-06  1.80000000e+00  1.80788007e+00 
 8.25202406e-06  1.80000000e+00  1.80533697e+00 
 8.25250836e-06  1.80000000e+00  1.80241054e+00 
 8.25323394e-06  1.80000000e+00  1.80037485e+00 
 8.25392194e-06  1.80000000e+00  1.79975412e+00 
 8.25482624e-06  1.80000000e+00  1.79969608e+00 
 8.25575154e-06  1.80000000e+00  1.79974001e+00 
 8.25675193e-06  1.80000000e+00  1.79982105e+00 
 8.25837469e-06  1.80000000e+00  1.79988807e+00 
 8.26013081e-06  1.80000000e+00  1.79993843e+00 
 8.26307811e-06  1.80000000e+00  1.79997504e+00 
 8.26681316e-06  1.80000000e+00  1.79999382e+00 
 8.27428327e-06  1.80000000e+00  1.79999997e+00 
 8.28922347e-06  1.80000000e+00  1.80000007e+00 
 8.31910389e-06  1.80000000e+00  1.79999981e+00 
 8.37886473e-06  1.80000000e+00  1.80000012e+00 
 8.49838640e-06  1.80000000e+00  1.79999983e+00 
 8.50000000e-06  1.80000000e+00  1.79999958e+00 
 8.50001000e-06  1.62000000e+00  1.79883015e+00 
 8.50003000e-06  1.26000000e+00  1.79667647e+00 
 8.50007000e-06  5.40000000e-01  1.79326719e+00 
 8.50010000e-06  0.00000000e+00  1.79159806e+00 
 8.50010800e-06  0.00000000e+00  1.79214420e+00 
 8.50012400e-06  0.00000000e+00  1.79323767e+00 
 8.50015600e-06  0.00000000e+00  1.79500150e+00 
 8.50022000e-06  0.00000000e+00  1.79748438e+00 
 8.50034800e-06  0.00000000e+00  1.80013836e+00 
 8.50057729e-06  0.00000000e+00  1.80220080e+00 
 8.50096414e-06  0.00000000e+00  1.80227891e+00 
 8.50141182e-06  0.00000000e+00  1.79941593e+00 
 8.50196583e-06  0.00000000e+00  1.80114954e+00 
 8.50247712e-06  0.00000000e+00  1.81813304e+00 
 8.50310019e-06  0.00000000e+00  1.82939132e+00 
 8.50368393e-06  0.00000000e+00  1.80297157e+00 
 8.50428667e-06  0.00000000e+00  1.76626099e+00 
 8.50474741e-06  0.00000000e+00  1.74177976e+00 
 8.50529863e-06  0.00000000e+00  1.71036263e+00 
 8.50596460e-06  0.00000000e+00  1.67299342e+00 
 8.50666814e-06  0.00000000e+00  1.63307814e+00 
 8.50807522e-06  0.00000000e+00  1.55324200e+00 
 8.50982529e-06  0.00000000e+00  1.45347440e+00 
 8.51291866e-06  0.00000000e+00  1.27756850e+00 
 8.51832193e-06  0.00000000e+00  9.78389051e-01 
 8.52405629e-06  0.00000000e+00  7.04479835e-01 
 8.52969712e-06  0.00000000e+00  4.32027086e-01 
 8.53358091e-06  0.00000000e+00  2.63547927e-01 
 8.53658163e-06  0.00000000e+00  1.62465975e-01 
 8.53915824e-06  0.00000000e+00  1.08572719e-01 
 8.54107191e-06  0.00000000e+00  9.01559811e-02 
 8.54267357e-06  0.00000000e+00  7.30027404e-02 
 8.54424958e-06  0.00000000e+00  5.49513237e-02 
 8.54551574e-06  0.00000000e+00  4.54250008e-02 
 8.54696284e-06  0.00000000e+00  3.49005818e-02 
 8.54914687e-06  0.00000000e+00  2.45755067e-02 
 8.55177288e-06  0.00000000e+00  1.51773228e-02 
 8.55470012e-06  0.00000000e+00  9.52046601e-03 
 8.55789867e-06  0.00000000e+00  5.08981437e-03 
 8.56184046e-06  0.00000000e+00  2.82893775e-03 
 8.56549777e-06  0.00000000e+00  1.20467943e-03 
 8.57154785e-06  0.00000000e+00  6.43501899e-04 
 8.57817459e-06  0.00000000e+00 -1.65204339e-05 
 8.58933760e-06  0.00000000e+00  2.12916128e-04 
 8.60766342e-06  0.00000000e+00 -1.30967945e-04 
 8.63537057e-06  0.00000000e+00  2.00549155e-04 
 8.66691088e-06  0.00000000e+00 -1.35210460e-04 
 8.69942345e-06  0.00000000e+00  1.92437550e-04 
 8.74789391e-06  0.00000000e+00 -1.39373314e-04 
 8.75010000e-06  0.00000000e+00  1.71940368e-04 
 8.75011000e-06  1.80000000e-01  1.02462950e-03 
 8.75013000e-06  5.40000000e-01  2.69158521e-03 
 8.75017000e-06  1.26000000e+00  5.47818909e-03 
 8.75020000e-06  1.80000000e+00  6.84745688e-03 
 8.75020799e-06  1.80000000e+00  6.45064979e-03 
 8.75022396e-06  1.80000000e+00  5.65916888e-03 
 8.75025592e-06  1.80000000e+00  4.42629768e-03 
 8.75031982e-06  1.80000000e+00  2.94608290e-03 
 8.75044763e-06  1.80000000e+00  1.75365731e-03 
 8.75070325e-06  1.80000000e+00  1.33696879e-03 
 8.75108892e-06  1.80000000e+00  2.65241537e-03 
 8.75156128e-06  1.80000000e+00  3.99626056e-03 
 8.75202179e-06  1.80000000e+00  2.33333120e-03 
 8.75250605e-06  1.80000000e+00  1.71885746e-03 
 8.75322007e-06  1.80000000e+00  5.69666510e-04 
 8.75375203e-06  1.80000000e+00  9.40846298e-04 
 8.75435076e-06  1.80000000e+00  1.18169285e-03 
 8.75498856e-06  1.80000000e+00  6.53229044e-04 
 8.75564176e-06  1.80000000e+00  4.14447659e-04 
 8.75642031e-06  1.80000000e+00  2.98282301e-04 
 8.75797741e-06  1.80000000e+00  3.18882820e-04 
 8.75956636e-06  1.80000000e+00  3.61654221e-04 
 8.76242335e-06  1.80000000e+00  2.82312891e-04 
 8.76564697e-06  1.80000000e+00  2.65467316e-04 
 8.77209421e-06  1.80000000e+00  1.66104370e-04 
 8.78498869e-06  1.80000000e+00  1.23207358e-04 
 8.81077766e-06  1.80000000e+00  5.03145606e-05 
 8.84731984e-06  1.80000000e+00  5.67351385e-05 
 8.88184280e-06  1.80000000e+00 -4.09229650e-03 
 8.90864678e-06  1.80000000e+00 -1.43657795e-04 
 8.92559139e-06  1.80000000e+00  1.09717575e-02 
 8.94199152e-06  1.80000000e+00 -1.80361679e-03 
 8.95704126e-06  1.80000000e+00  1.83994865e-04 
 8.97114486e-06  1.80000000e+00  3.46295088e-05 
 8.98778001e-06  1.80000000e+00 -1.75173603e-05 
 9.00000000e-06  1.80000000e+00  2.69150616e-05 
