 1.00000000e-12  1.78200000e+00  5.62594424e-01 
 1.02580402e-12  1.78153553e+00  5.58536253e-01 
 1.07741207e-12  1.78060658e+00  5.54775198e-01 
 1.18062817e-12  1.77874869e+00  5.57442189e-01 
 1.38706037e-12  1.77503291e+00  5.63682642e-01 
 1.62920821e-12  1.77067425e+00  5.69150203e-01 
 2.11350389e-12  1.76195693e+00  5.76217827e-01 
 3.01010681e-12  1.74581808e+00  5.80921878e-01 
 4.12531871e-12  1.72574426e+00  5.81967750e-01 
 6.01913527e-12  1.69165557e+00  5.81850551e-01 
 8.78176069e-12  1.64192831e+00  5.81677336e-01 
 1.32405493e-11  1.56167011e+00  5.81233413e-01 
 1.92659565e-11  1.45321278e+00  5.80845038e-01 
 3.13167709e-11  1.23629812e+00  5.79961867e-01 
 5.54183997e-11  8.02468806e-01  5.79164704e-01 
 1.00000000e-10  0.00000000e+00  5.79922128e-01 
 1.04820326e-10  0.00000000e+00  5.80499779e-01 
 1.14460977e-10  0.00000000e+00  5.81649862e-01 
 1.33742280e-10  0.00000000e+00  5.83910713e-01 
 1.72304886e-10  0.00000000e+00  5.88391776e-01 
 2.49430098e-10  0.00000000e+00  5.96946264e-01 
 4.03680523e-10  0.00000000e+00  6.10298187e-01 
 6.70180200e-10  0.00000000e+00  6.27654226e-01 
 9.39315023e-10  0.00000000e+00  6.42184864e-01 
 1.34223817e-09  0.00000000e+00  6.51572066e-01 
 1.82582673e-09  0.00000000e+00  6.44031527e-01 
 2.50106541e-09  0.00000000e+00  6.12110958e-01 
 3.14839434e-09  0.00000000e+00  5.72332378e-01 
 4.04788732e-09  0.00000000e+00  5.18134199e-01 
 4.99457958e-09  0.00000000e+00  4.60545452e-01 
 5.98150146e-09  0.00000000e+00  4.00871948e-01 
 6.66595613e-09  0.00000000e+00  3.62695659e-01 
 7.30915337e-09  0.00000000e+00  3.28648148e-01 
 7.98197508e-09  0.00000000e+00  2.96205275e-01 
 8.64803644e-09  0.00000000e+00  2.68022589e-01 
 9.40725426e-09  0.00000000e+00  2.37632963e-01 
 1.01022554e-08  0.00000000e+00  2.12013519e-01 
 1.07887129e-08  0.00000000e+00  1.87995803e-01 
 1.15099644e-08  0.00000000e+00  1.64460799e-01 
 1.23359641e-08  0.00000000e+00  1.40755749e-01 
 1.35005514e-08  0.00000000e+00  1.12488373e-01 
 1.55826618e-08  0.00000000e+00  7.43265487e-02 
 1.88113692e-08  0.00000000e+00  3.81484691e-02 
 2.29330331e-08  0.00000000e+00  1.56212103e-02 
 2.68856333e-08  0.00000000e+00  6.66635916e-03 
 3.10727874e-08  0.00000000e+00  2.62185765e-03 
 3.55362292e-08  0.00000000e+00  1.02416930e-03 
 4.04490473e-08  0.00000000e+00  3.17541298e-04 
 4.66750555e-08  0.00000000e+00  1.17155382e-04 
 5.71387336e-08  0.00000000e+00 -1.09284491e-05 
 7.04165470e-08  0.00000000e+00  3.94027955e-05 
 9.18750050e-08  0.00000000e+00 -1.80540313e-05 
 1.29961677e-07  0.00000000e+00  3.11826530e-05 
 2.02297655e-07  0.00000000e+00 -2.51671310e-05 
 2.50100000e-07  0.00000000e+00  2.77721591e-05 
 2.50110000e-07  1.80000000e-01  1.51027516e-03 
 2.50130000e-07  5.40000000e-01  4.84397875e-03 
 2.50170000e-07  1.26000000e+00  9.74988196e-03 
 2.50200000e-07  1.80000000e+00  1.06788076e-02 
 2.50207643e-07  1.80000000e+00  9.54963439e-03 
 2.50222930e-07  1.80000000e+00  7.05994075e-03 
 2.50253503e-07  1.80000000e+00  2.97912104e-03 
 2.50311315e-07  1.80000000e+00 -5.35703790e-04 
 2.50387919e-07  1.80000000e+00 -1.87082773e-03 
 2.50541126e-07  1.80000000e+00 -2.32294087e-03 
 2.50679734e-07  1.80000000e+00 -1.48911193e-03 
 2.50956948e-07  1.80000000e+00  1.47761734e-03 
 2.51285617e-07  1.80000000e+00  4.23484950e-03 
 2.51695662e-07  1.80000000e+00  2.43975466e-03 
 2.52121124e-07  1.80000000e+00  1.35021456e-03 
 2.52677044e-07  1.80000000e+00  6.54291270e-04 
 2.53255936e-07  1.80000000e+00  1.47670994e-04 
 2.53736469e-07  1.80000000e+00  9.32895778e-04 
 2.54258575e-07  1.80000000e+00  1.20123448e-03 
 2.54789470e-07  1.80000000e+00  8.54355120e-04 
 2.55482311e-07  1.80000000e+00  9.62201970e-04 
 2.56193998e-07  1.80000000e+00  9.88770475e-04 
 2.57470709e-07  1.80000000e+00  8.24666762e-04 
 2.58746255e-07  1.80000000e+00  7.48164727e-04 
 2.61151769e-07  1.80000000e+00  4.13097178e-04 
 2.63988509e-07  1.80000000e+00  3.21857697e-04 
 2.69661990e-07  1.80000000e+00  7.02182339e-05 
 2.80502671e-07  1.80000000e+00  7.32178802e-05 
 2.97988931e-07  1.80000000e+00 -2.35542570e-05 
 3.32961450e-07  1.80000000e+00  4.76067029e-05 
 4.02906488e-07  1.80000000e+00 -3.68981121e-05 
 5.00000000e-07  1.80000000e+00  4.36317830e-05 
 5.00010000e-07  1.62000000e+00 -8.12884367e-04 
 5.00030000e-07  1.26000000e+00 -2.35787452e-03 
 5.00070000e-07  5.40000000e-01 -4.47073795e-03 
 5.00100000e-07  0.00000000e+00 -5.43038355e-03 
 5.00107934e-07  0.00000000e+00 -4.97219768e-03 
 5.00123802e-07  0.00000000e+00 -4.03089918e-03 
 5.00155537e-07  0.00000000e+00 -2.62963853e-03 
 5.00219008e-07  0.00000000e+00 -1.11665051e-03 
 5.00336798e-07  0.00000000e+00 -4.83951222e-05 
 5.00512899e-07  0.00000000e+00  4.36717155e-04 
 5.00822275e-07  0.00000000e+00  6.59550115e-04 
 5.01184168e-07  0.00000000e+00 -5.30969630e-03 
 5.01575370e-07  0.00000000e+00 -1.68500009e-02 
 5.02012182e-07  0.00000000e+00  6.74589236e-04 
 5.02414745e-07  0.00000000e+00  5.42820589e-02 
 5.02907874e-07  0.00000000e+00  1.32939982e-01 
 5.03447257e-07  0.00000000e+00  2.21289820e-01 
 5.04022197e-07  0.00000000e+00  3.14195676e-01 
 5.04762210e-07  0.00000000e+00  4.28093833e-01 
 5.05576119e-07  0.00000000e+00  5.46228017e-01 
 5.06704660e-07  0.00000000e+00  7.03551481e-01 
 5.07727448e-07  0.00000000e+00  8.36860990e-01 
 5.08813737e-07  0.00000000e+00  9.49790534e-01 
 5.09967512e-07  0.00000000e+00  1.06390366e+00 
 5.11180691e-07  0.00000000e+00  1.15995651e+00 
 5.12336700e-07  0.00000000e+00  1.28973266e+00 
 5.13716372e-07  0.00000000e+00  1.49465600e+00 
 5.15626745e-07  0.00000000e+00  1.68706364e+00 
 5.17405980e-07  0.00000000e+00  1.76272522e+00 
 5.20964449e-07  0.00000000e+00  1.79972486e+00 
 5.25633409e-07  0.00000000e+00  1.80057573e+00 
 5.33669536e-07  0.00000000e+00  1.79939797e+00 
 5.47949744e-07  0.00000000e+00  1.80060403e+00 
 5.76510160e-07  0.00000000e+00  1.79939419e+00 
 6.33630992e-07  0.00000000e+00  1.80060439e+00 
 7.47872656e-07  0.00000000e+00  1.79939431e+00 
 7.50100000e-07  9.52912066e-13  1.80058539e+00 
 7.50110000e-07  1.80000000e-01  1.80105379e+00 
 7.50130000e-07  5.40000000e-01  1.80243648e+00 
 7.50170000e-07  1.26000000e+00  1.80583755e+00 
 7.50200000e-07  1.80000000e+00  1.80805168e+00 
 7.50208000e-07  1.80000000e+00  1.80773472e+00 
 7.50224000e-07  1.80000000e+00  1.80709166e+00 
 7.50256000e-07  1.80000000e+00  1.80612484e+00 
 7.50320000e-07  1.80000000e+00  1.80492915e+00 
 7.50448000e-07  1.80000000e+00  1.80355454e+00 
 7.50584233e-07  1.80000000e+00  1.80263834e+00 
 7.50818849e-07  1.80000000e+00  1.80297959e+00 
 7.51288082e-07  1.80000000e+00  1.80824584e+00 
 7.51722578e-07  1.80000000e+00  1.80590262e+00 
 7.52147788e-07  1.80000000e+00  1.80294772e+00 
 7.52769886e-07  1.80000000e+00  1.80044230e+00 
 7.53305572e-07  1.80000000e+00  1.80019885e+00 
 7.53899179e-07  1.80000000e+00  1.80209282e+00 
 7.54506883e-07  1.80000000e+00  1.79990638e+00 
 7.55055574e-07  1.80000000e+00  1.79983989e+00 
 7.55751771e-07  1.80000000e+00  1.79995597e+00 
 7.56525930e-07  1.80000000e+00  1.79994092e+00 
 7.58074249e-07  1.80000000e+00  1.79998914e+00 
 7.60114100e-07  1.80000000e+00  1.79996973e+00 
 7.63259654e-07  1.80000000e+00  1.80000896e+00 
 7.68826597e-07  1.80000000e+00  1.79998503e+00 
 7.79960483e-07  1.80000000e+00  1.80001428e+00 
 8.02228255e-07  1.80000000e+00  1.79998580e+00 
 8.46763798e-07  1.80000000e+00  1.80001409e+00 
 9.35834886e-07  1.80000000e+00  1.79998587e+00 
 1.00000000e-06  1.80000000e+00  1.80001402e+00 
 1.00001000e-06  1.62000000e+00  1.79882023e+00 
 1.00003000e-06  1.26000000e+00  1.79664242e+00 
 1.00007000e-06  5.40000000e-01  1.79339718e+00 
 1.00010000e-06  0.00000000e+00  1.79184925e+00 
 1.00010793e-06  0.00000000e+00  1.79243957e+00 
 1.00012380e-06  0.00000000e+00  1.79359133e+00 
 1.00015554e-06  0.00000000e+00  1.79532778e+00 
 1.00021901e-06  0.00000000e+00  1.79767177e+00 
 1.00033676e-06  0.00000000e+00  1.80011555e+00 
 1.00051344e-06  0.00000000e+00  1.80162485e+00 
 1.00082272e-06  0.00000000e+00  1.80237568e+00 
 1.00118464e-06  0.00000000e+00  1.80152423e+00 
 1.00157571e-06  0.00000000e+00  1.79926988e+00 
 1.00201156e-06  0.00000000e+00  1.79757510e+00 
 1.00242130e-06  0.00000000e+00  1.79862780e+00 
 1.00289104e-06  0.00000000e+00  1.79725728e+00 
 1.00341477e-06  0.00000000e+00  1.79821731e+00 
 1.00396328e-06  0.00000000e+00  1.79979591e+00 
 1.00449943e-06  0.00000000e+00  1.79923044e+00 
 1.00499520e-06  0.00000000e+00  1.79862191e+00 
 1.00554384e-06  0.00000000e+00  1.79741486e+00 
 1.00636184e-06  0.00000000e+00  1.79820018e+00 
 1.00714111e-06  0.00000000e+00  1.79877591e+00 
 1.00862975e-06  0.00000000e+00  1.79960346e+00 
 1.01002041e-06  0.00000000e+00  1.80008584e+00 
 1.01121477e-06  0.00000000e+00  1.80035611e+00 
 1.01220140e-06  0.00000000e+00  1.79964541e+00 
 1.01314423e-06  0.00000000e+00  1.79880524e+00 
 1.01419090e-06  0.00000000e+00  1.79971824e+00 
 1.01513113e-06  0.00000000e+00  1.79802380e+00 
 1.01611439e-06  0.00000000e+00  1.79747521e+00 
 1.01722115e-06  0.00000000e+00  1.79833185e+00 
 1.01877900e-06  0.00000000e+00  1.79939139e+00 
 1.02040028e-06  0.00000000e+00  1.79971043e+00 
 1.02324397e-06  0.00000000e+00  1.79996291e+00 
 1.02787763e-06  0.00000000e+00  1.79993417e+00 
 1.03510994e-06  0.00000000e+00  1.79999188e+00 
 1.04816476e-06  0.00000000e+00  1.79994799e+00 
 1.06926339e-06  0.00000000e+00  1.80000743e+00 
 1.11146064e-06  0.00000000e+00  1.79996256e+00 
 1.18083023e-06  0.00000000e+00  1.80001901e+00 
 1.25010000e-06  0.00000000e+00  1.79996926e+00 
 1.25011000e-06  1.80000000e-01  1.80055077e+00 
 1.25013000e-06  5.40000000e-01  1.80211000e+00 
 1.25017000e-06  1.26000000e+00  1.80579233e+00 
 1.25020000e-06  1.80000000e+00  1.80818306e+00 
 1.25020800e-06  1.80000000e+00  1.80791214e+00 
 1.25022400e-06  1.80000000e+00  1.80733541e+00 
 1.25025600e-06  1.80000000e+00  1.80639965e+00 
 1.25032000e-06  1.80000000e+00  1.80516022e+00 
 1.25044800e-06  1.80000000e+00  1.80371637e+00 
 1.25058428e-06  1.80000000e+00  1.80280831e+00 
 1.25081913e-06  1.80000000e+00  1.80307845e+00 
 1.25128883e-06  1.80000000e+00  1.80793302e+00 
 1.25172343e-06  1.80000000e+00  1.80554444e+00 
 1.25214971e-06  1.80000000e+00  1.80294658e+00 
 1.25277161e-06  1.80000000e+00  1.80106997e+00 
 1.25332855e-06  1.80000000e+00  1.79987073e+00 
 1.25393377e-06  1.80000000e+00  1.79874793e+00 
 1.25453903e-06  1.80000000e+00  1.79803749e+00 
 1.25513577e-06  1.80000000e+00  1.79815860e+00 
 1.25606813e-06  1.80000000e+00  1.79846789e+00 
 1.25714713e-06  1.80000000e+00  1.79891045e+00 
 1.25876420e-06  1.80000000e+00  1.79931398e+00 
 1.26107755e-06  1.80000000e+00  1.79968114e+00 
 1.26504553e-06  1.80000000e+00  1.79990557e+00 
 1.27298148e-06  1.80000000e+00  1.80001627e+00 
 1.28766806e-06  1.80000000e+00  1.79998806e+00 
 1.31704121e-06  1.80000000e+00  1.80001074e+00 
 1.37578752e-06  1.80000000e+00  1.79998956e+00 
 1.49328014e-06  1.80000000e+00  1.80001021e+00 
 1.50000000e-06  1.80000000e+00  1.79999125e+00 
 1.50001000e-06  1.62000000e+00  1.79879766e+00 
 1.50003000e-06  1.26000000e+00  1.79659725e+00 
 1.50007000e-06  5.40000000e-01  1.79326370e+00 
 1.50010000e-06  0.00000000e+00  1.79162529e+00 
 1.50010793e-06  0.00000000e+00  1.79219980e+00 
 1.50012380e-06  0.00000000e+00  1.79334102e+00 
 1.50015554e-06  0.00000000e+00  1.79513966e+00 
 1.50021901e-06  0.00000000e+00  1.79763241e+00 
 1.50033674e-06  0.00000000e+00  1.80018579e+00 
 1.50051295e-06  0.00000000e+00  1.80176749e+00 
 1.50082215e-06  0.00000000e+00  1.80228159e+00 
 1.50118421e-06  0.00000000e+00  1.80077778e+00 
 1.50157774e-06  0.00000000e+00  1.79854628e+00 
 1.50201474e-06  0.00000000e+00  1.79810793e+00 
 1.50242217e-06  0.00000000e+00  1.79929477e+00 
 1.50289665e-06  0.00000000e+00  1.79961378e+00 
 1.50342426e-06  0.00000000e+00  1.79963227e+00 
 1.50399268e-06  0.00000000e+00  1.79977535e+00 
 1.50474431e-06  0.00000000e+00  1.79977224e+00 
 1.50553725e-06  0.00000000e+00  1.79983737e+00 
 1.50619032e-06  0.00000000e+00  1.79992764e+00 
 1.50692103e-06  0.00000000e+00  1.79990209e+00 
 1.50765489e-06  0.00000000e+00  1.79993248e+00 
 1.50847923e-06  0.00000000e+00  1.79990795e+00 
 1.50942307e-06  0.00000000e+00  1.79993482e+00 
 1.51046530e-06  0.00000000e+00  1.79991307e+00 
 1.51254976e-06  0.00000000e+00  1.79994161e+00 
 1.51640103e-06  0.00000000e+00  1.79992884e+00 
 1.52295495e-06  0.00000000e+00  1.79996380e+00 
 1.53606277e-06  0.00000000e+00  1.79995565e+00 
 1.55981113e-06  0.00000000e+00  1.79999005e+00 
 1.60730785e-06  0.00000000e+00  1.79997707e+00 
 1.70230130e-06  0.00000000e+00  1.80000519e+00 
 1.75010000e-06  0.00000000e+00  1.79998404e+00 
 1.75011000e-06  1.80000000e-01  1.80055329e+00 
 1.75013000e-06  5.40000000e-01  1.80206129e+00 
 1.75017000e-06  1.26000000e+00  1.80563931e+00 
 1.75020000e-06  1.80000000e+00  1.80801690e+00 
 1.75020800e-06  1.80000000e+00  1.80775523e+00 
 1.75022400e-06  1.80000000e+00  1.80719737e+00 
 1.75025600e-06  1.80000000e+00  1.80629333e+00 
 1.75032000e-06  1.80000000e+00  1.80509619e+00 
 1.75044800e-06  1.80000000e+00  1.80369051e+00 
 1.75058424e-06  1.80000000e+00  1.80279988e+00 
 1.75081890e-06  1.80000000e+00  1.80308357e+00 
 1.75128823e-06  1.80000000e+00  1.80794996e+00 
 1.75172304e-06  1.80000000e+00  1.80557246e+00 
 1.75214875e-06  1.80000000e+00  1.80296414e+00 
 1.75277097e-06  1.80000000e+00  1.80126436e+00 
 1.75330557e-06  1.80000000e+00  1.80026878e+00 
 1.75389841e-06  1.80000000e+00  1.79920037e+00 
 1.75444530e-06  1.80000000e+00  1.79821583e+00 
 1.75501010e-06  1.80000000e+00  1.79802828e+00 
 1.75571081e-06  1.80000000e+00  1.79823734e+00 
 1.75648837e-06  1.80000000e+00  1.79855014e+00 
 1.75804350e-06  1.80000000e+00  1.79909420e+00 
 1.76002510e-06  1.80000000e+00  1.79950311e+00 
 1.76313891e-06  1.80000000e+00  1.79982173e+00 
 1.76853497e-06  1.80000000e+00  1.79997727e+00 
 1.77932709e-06  1.80000000e+00  1.80000725e+00 
 1.80091134e-06  1.80000000e+00  1.79999471e+00 
 1.84407983e-06  1.80000000e+00  1.80000451e+00 
 1.93041682e-06  1.80000000e+00  1.79999566e+00 
 2.00000000e-06  1.80000000e+00  1.80000400e+00 
 2.00001000e-06  1.62000000e+00  1.79881218e+00 
 2.00003000e-06  1.26000000e+00  1.79661736e+00 
 2.00007000e-06  5.40000000e-01  1.79328413e+00 
 2.00010000e-06  3.67639252e-12  1.79163898e+00 
 2.00010794e-06  0.00000000e+00  1.79221197e+00 
 2.00012382e-06  0.00000000e+00  1.79335065e+00 
 2.00015558e-06  0.00000000e+00  1.79514644e+00 
 2.00021909e-06  0.00000000e+00  1.79763971e+00 
 2.00033683e-06  0.00000000e+00  1.80019233e+00 
 2.00051359e-06  0.00000000e+00  1.80177600e+00 
 2.00082292e-06  0.00000000e+00  1.80227056e+00 
 2.00118475e-06  0.00000000e+00  1.80075814e+00 
 2.00157666e-06  0.00000000e+00  1.79855032e+00 
 2.00201259e-06  0.00000000e+00  1.79810961e+00 
 2.00242266e-06  0.00000000e+00  1.79913424e+00 
 2.00289185e-06  0.00000000e+00  1.79952595e+00 
 2.00341495e-06  0.00000000e+00  1.79965600e+00 
 2.00396362e-06  0.00000000e+00  1.79977841e+00 
 2.00450049e-06  0.00000000e+00  1.79989224e+00 
 2.00499705e-06  0.00000000e+00  1.79987558e+00 
 2.00554635e-06  0.00000000e+00  1.79991002e+00 
 2.00636398e-06  0.00000000e+00  1.79988669e+00 
 2.00714506e-06  0.00000000e+00  1.79992738e+00 
 2.00863278e-06  0.00000000e+00  1.79998800e+00 
 2.01002294e-06  0.00000000e+00  1.80031142e+00 
 2.01121565e-06  0.00000000e+00  1.80040553e+00 
 2.01220114e-06  0.00000000e+00  1.79972757e+00 
 2.01314280e-06  0.00000000e+00  1.79880467e+00 
 2.01418894e-06  0.00000000e+00  1.79974876e+00 
 2.01512849e-06  0.00000000e+00  1.79801588e+00 
 2.01611113e-06  0.00000000e+00  1.79749491e+00 
 2.01721771e-06  0.00000000e+00  1.79831871e+00 
 2.01877056e-06  0.00000000e+00  1.79940264e+00 
 2.02039193e-06  0.00000000e+00  1.79969732e+00 
 2.02322686e-06  0.00000000e+00  1.79997380e+00 
 2.02785561e-06  0.00000000e+00  1.79992283e+00 
 2.03508361e-06  0.00000000e+00  1.80000263e+00 
 2.04812963e-06  0.00000000e+00  1.79993701e+00 
 2.06924256e-06  0.00000000e+00  1.80001795e+00 
 2.08915310e-06  0.00000000e+00  1.79993380e+00 
 2.10731865e-06  0.00000000e+00  1.80002706e+00 
 2.12058550e-06  0.00000000e+00  1.79996151e+00 
 2.13165661e-06  0.00000000e+00  1.80006378e+00 
 2.14272262e-06  0.00000000e+00  1.79990368e+00 
 2.15106228e-06  0.00000000e+00  1.80008546e+00 
 2.15825811e-06  0.00000000e+00  1.79989760e+00 
 2.16602912e-06  0.00000000e+00  1.80008269e+00 
 2.18157113e-06  0.00000000e+00  1.79990482e+00 
 2.20151331e-06  0.00000000e+00  1.80007985e+00 
 2.23418355e-06  0.00000000e+00  1.79990974e+00 
 2.25010000e-06  0.00000000e+00  1.80007730e+00 
 2.25011000e-06  1.80000000e-01  1.80066339e+00 
 2.25013000e-06  5.40000000e-01  1.80218508e+00 
 2.25017000e-06  1.26000000e+00  1.80572219e+00 
 2.25020000e-06  1.80000000e+00  1.80806013e+00 
 2.25020800e-06  1.80000000e+00  1.80777868e+00 
 2.25022400e-06  1.80000000e+00  1.80718750e+00 
 2.25025600e-06  1.80000000e+00  1.80626134e+00 
 2.25032000e-06  1.80000000e+00  1.80508879e+00 
 2.25044800e-06  1.80000000e+00  1.80371480e+00 
 2.25058433e-06  1.80000000e+00  1.80281566e+00 
 2.25081939e-06  1.80000000e+00  1.80310098e+00 
 2.25128951e-06  1.80000000e+00  1.80789970e+00 
 2.25172462e-06  1.80000000e+00  1.80530857e+00 
 2.25215113e-06  1.80000000e+00  1.80237083e+00 
 2.25277349e-06  1.80000000e+00  1.80052318e+00 
 2.25326398e-06  1.80000000e+00  1.80017991e+00 
 2.25382326e-06  1.80000000e+00  1.80009255e+00 
 2.25436036e-06  1.80000000e+00  1.79991514e+00 
 2.25491878e-06  1.80000000e+00  1.79994287e+00 
 2.25577936e-06  1.80000000e+00  1.79993424e+00 
 2.25676925e-06  1.80000000e+00  1.79996354e+00 
 2.25823177e-06  1.80000000e+00  1.79996684e+00 
 2.26035332e-06  1.80000000e+00  1.79999088e+00 
 2.26352139e-06  1.80000000e+00  1.79998986e+00 
 2.26985752e-06  1.80000000e+00  1.80000454e+00 
 2.28219357e-06  1.80000000e+00  1.79999546e+00 
 2.29629767e-06  1.80000000e+00  1.80000725e+00 
 2.31144461e-06  1.80000000e+00  1.80000213e+00 
 2.32744765e-06  1.80000000e+00  1.79972485e+00 
 2.33951637e-06  1.80000000e+00  1.79969386e+00 
 2.34944957e-06  1.80000000e+00  1.79974400e+00 
 2.35900031e-06  1.80000000e+00  1.80027068e+00 
 2.36878080e-06  1.80000000e+00  1.79976153e+00 
 2.37961222e-06  1.80000000e+00  1.80020097e+00 
 2.39705493e-06  1.80000000e+00  1.79981742e+00 
 2.41544273e-06  1.80000000e+00  1.80016544e+00 
 2.44788982e-06  1.80000000e+00  1.79984301e+00 
 2.49352390e-06  1.80000000e+00  1.80015088e+00 
 2.50000000e-06  1.80000000e+00  1.79988410e+00 
 2.50001000e-06  1.62000000e+00  1.79869540e+00 
 2.50003000e-06  1.26000000e+00  1.79651150e+00 
 2.50007000e-06  5.40000000e-01  1.79318868e+00 
 2.50010000e-06  3.67639252e-12  1.79154613e+00 
 2.50010793e-06  0.00000000e+00  1.79211621e+00 
 2.50012379e-06  0.00000000e+00  1.79325088e+00 
 2.50015551e-06  0.00000000e+00  1.79504324e+00 
 2.50021895e-06  0.00000000e+00  1.79754038e+00 
 2.50033668e-06  0.00000000e+00  1.80011983e+00 
 2.50051271e-06  0.00000000e+00  1.80172723e+00 
 2.50082194e-06  0.00000000e+00  1.80225811e+00 
 2.50118395e-06  0.00000000e+00  1.80076320e+00 
 2.50157769e-06  0.00000000e+00  1.79853462e+00 
 2.50201453e-06  0.00000000e+00  1.79810467e+00 
 2.50242195e-06  0.00000000e+00  1.79929124e+00 
 2.50289597e-06  0.00000000e+00  1.79961168e+00 
 2.50342399e-06  0.00000000e+00  1.79963112e+00 
 2.50399193e-06  0.00000000e+00  1.79977519e+00 
 2.50474329e-06  0.00000000e+00  1.79977289e+00 
 2.50553565e-06  0.00000000e+00  1.79983747e+00 
 2.50618808e-06  0.00000000e+00  1.79992616e+00 
 2.50691894e-06  0.00000000e+00  1.79990151e+00 
 2.50765315e-06  0.00000000e+00  1.79993163e+00 
 2.50847732e-06  0.00000000e+00  1.79990746e+00 
 2.50942025e-06  0.00000000e+00  1.79993428e+00 
 2.51045958e-06  0.00000000e+00  1.79991270e+00 
 2.51253822e-06  0.00000000e+00  1.79994125e+00 
 2.51635403e-06  0.00000000e+00  1.79992854e+00 
 2.52283763e-06  0.00000000e+00  1.79996346e+00 
 2.53580481e-06  0.00000000e+00  1.79995540e+00 
 2.55909825e-06  0.00000000e+00  1.79998976e+00 
 2.60568513e-06  0.00000000e+00  1.79997690e+00 
 2.69885888e-06  0.00000000e+00  1.80000505e+00 
 2.75010000e-06  0.00000000e+00  1.79998406e+00 
 2.75011000e-06  1.80000000e-01  1.80055018e+00 
 2.75013000e-06  5.40000000e-01  1.80205153e+00 
 2.75017000e-06  1.26000000e+00  1.80561368e+00 
 2.75020000e-06  1.80000000e+00  1.80797935e+00 
 2.75020800e-06  1.80000000e+00  1.80772245e+00 
 2.75022400e-06  1.80000000e+00  1.80717404e+00 
 2.75025600e-06  1.80000000e+00  1.80628352e+00 
 2.75032000e-06  1.80000000e+00  1.80509762e+00 
 2.75044800e-06  1.80000000e+00  1.80369319e+00 
 2.75058425e-06  1.80000000e+00  1.80280092e+00 
 2.75081892e-06  1.80000000e+00  1.80308908e+00 
 2.75128826e-06  1.80000000e+00  1.80795481e+00 
 2.75172308e-06  1.80000000e+00  1.80557584e+00 
 2.75214880e-06  1.80000000e+00  1.80296405e+00 
 2.75277102e-06  1.80000000e+00  1.80126321e+00 
 2.75330393e-06  1.80000000e+00  1.80026440e+00 
 2.75389554e-06  1.80000000e+00  1.79920363e+00 
 2.75444092e-06  1.80000000e+00  1.79822352e+00 
 2.75500479e-06  1.80000000e+00  1.79803200e+00 
 2.75570493e-06  1.80000000e+00  1.79823681e+00 
 2.75648145e-06  1.80000000e+00  1.79854668e+00 
 2.75803449e-06  1.80000000e+00  1.79909165e+00 
 2.76000957e-06  1.80000000e+00  1.79950027e+00 
 2.76311478e-06  1.80000000e+00  1.79982046e+00 
 2.76847622e-06  1.80000000e+00  1.79997629e+00 
 2.77919909e-06  1.80000000e+00  1.80000759e+00 
 2.80064484e-06  1.80000000e+00  1.79999443e+00 
 2.84353634e-06  1.80000000e+00  1.80000477e+00 
 2.92931935e-06  1.80000000e+00  1.79999541e+00 
 3.00000000e-06  1.80000000e+00  1.80000425e+00 
 3.00001000e-06  1.62000000e+00  1.79881758e+00 
 3.00003000e-06  1.26000000e+00  1.79663718e+00 
 3.00007000e-06  5.40000000e-01  1.79331042e+00 
 3.00010000e-06  3.67639252e-12  1.79165938e+00 
 3.00010793e-06  0.00000000e+00  1.79222695e+00 
 3.00012380e-06  0.00000000e+00  1.79335636e+00 
 3.00015554e-06  0.00000000e+00  1.79513989e+00 
 3.00021901e-06  0.00000000e+00  1.79762848e+00 
 3.00033675e-06  0.00000000e+00  1.80019001e+00 
 3.00051337e-06  0.00000000e+00  1.80177671e+00 
 3.00082260e-06  0.00000000e+00  1.80226858e+00 
 3.00118457e-06  0.00000000e+00  1.80075420e+00 
 3.00157639e-06  0.00000000e+00  1.79855027e+00 
 3.00201197e-06  0.00000000e+00  1.79811371e+00 
 3.00242202e-06  0.00000000e+00  1.79913244e+00 
 3.00289120e-06  0.00000000e+00  1.79952386e+00 
 3.00341431e-06  0.00000000e+00  1.79965609e+00 
 3.00396286e-06  0.00000000e+00  1.79977881e+00 
 3.00449948e-06  0.00000000e+00  1.79989252e+00 
 3.00499533e-06  0.00000000e+00  1.79987564e+00 
 3.00554409e-06  0.00000000e+00  1.79990996e+00 
 3.00636277e-06  0.00000000e+00  1.79988649e+00 
 3.00714189e-06  0.00000000e+00  1.79992703e+00 
 3.00863018e-06  0.00000000e+00  1.79998751e+00 
 3.01002159e-06  0.00000000e+00  1.80030998e+00 
 3.01121436e-06  0.00000000e+00  1.80040703e+00 
 3.01220041e-06  0.00000000e+00  1.79973184e+00 
 3.01314259e-06  0.00000000e+00  1.79881121e+00 
 3.01418878e-06  0.00000000e+00  1.79972636e+00 
 3.01512819e-06  0.00000000e+00  1.79795326e+00 
 3.01611110e-06  0.00000000e+00  1.79739211e+00 
 3.01721803e-06  0.00000000e+00  1.79822645e+00 
 3.01877053e-06  0.00000000e+00  1.79936585e+00 
 3.02039222e-06  0.00000000e+00  1.79966623e+00 
 3.02322691e-06  0.00000000e+00  1.79993286e+00 
 3.02600370e-06  0.00000000e+00  1.79989769e+00 
 3.02847517e-06  0.00000000e+00  1.80000990e+00 
 3.03161744e-06  0.00000000e+00  1.80002322e+00 
 3.03603370e-06  0.00000000e+00  1.80016504e+00 
 3.03902964e-06  0.00000000e+00  1.79965935e+00 
 3.04231091e-06  0.00000000e+00  1.80019914e+00 
 3.04690494e-06  0.00000000e+00  1.79979398e+00 
 3.05160826e-06  0.00000000e+00  1.80013722e+00 
 3.05680927e-06  0.00000000e+00  1.79984953e+00 
 3.06250941e-06  0.00000000e+00  1.80009182e+00 
 3.06871409e-06  0.00000000e+00  1.79988081e+00 
 3.07580144e-06  0.00000000e+00  1.80007200e+00 
 3.08997614e-06  0.00000000e+00  1.79990119e+00 
 3.10806176e-06  0.00000000e+00  1.80006827e+00 
 3.13864809e-06  0.00000000e+00  1.79991245e+00 
 3.16754764e-06  0.00000000e+00  1.80006821e+00 
 3.19427173e-06  0.00000000e+00  1.79991996e+00 
 3.22941570e-06  0.00000000e+00  1.80006619e+00 
 3.25010000e-06  0.00000000e+00  1.79992632e+00 
 3.25011000e-06  1.80000000e-01  1.80049119e+00 
 3.25013000e-06  5.40000000e-01  1.80200366e+00 
 3.25017000e-06  1.26000000e+00  1.80558144e+00 
 3.25020000e-06  1.80000000e+00  1.80793764e+00 
 3.25020800e-06  1.80000000e+00  1.80766492e+00 
 3.25022400e-06  1.80000000e+00  1.80709107e+00 
 3.25025600e-06  1.80000000e+00  1.80619354e+00 
 3.25032000e-06  1.80000000e+00  1.80505426e+00 
 3.25044800e-06  1.80000000e+00  1.80370498e+00 
 3.25058434e-06  1.80000000e+00  1.80281196e+00 
 3.25081941e-06  1.80000000e+00  1.80310495e+00 
 3.25128956e-06  1.80000000e+00  1.80790473e+00 
 3.25172468e-06  1.80000000e+00  1.80531300e+00 
 3.25215121e-06  1.80000000e+00  1.80236877e+00 
 3.25277358e-06  1.80000000e+00  1.80051757e+00 
 3.25326142e-06  1.80000000e+00  1.80018450e+00 
 3.25381713e-06  1.80000000e+00  1.80009311e+00 
 3.25435157e-06  1.80000000e+00  1.79991770e+00 
 3.25490802e-06  1.80000000e+00  1.79994279e+00 
 3.25576089e-06  1.80000000e+00  1.79993525e+00 
 3.25675273e-06  1.80000000e+00  1.79996306e+00 
 3.25820407e-06  1.80000000e+00  1.79996742e+00 
 3.26031558e-06  1.80000000e+00  1.79999029e+00 
 3.26344325e-06  1.80000000e+00  1.79999028e+00 
 3.26969859e-06  1.80000000e+00  1.80000398e+00 
 3.28181922e-06  1.80000000e+00  1.79999574e+00 
 3.30606047e-06  1.80000000e+00  1.80000410e+00 
 3.35454299e-06  1.80000000e+00  1.79999582e+00 
 3.45150802e-06  1.80000000e+00  1.80000411e+00 
 3.50000000e-06  1.80000000e+00  1.79999584e+00 
 3.50001000e-06  1.62000000e+00  1.79879264e+00 
 3.50003000e-06  1.26000000e+00  1.79659777e+00 
 3.50007000e-06  5.40000000e-01  1.79330346e+00 
 3.50010000e-06  3.67639252e-12  1.79169739e+00 
 3.50010793e-06  0.00000000e+00  1.79229071e+00 
 3.50012380e-06  0.00000000e+00  1.79345613e+00 
 3.50015554e-06  0.00000000e+00  1.79523656e+00 
 3.50021901e-06  0.00000000e+00  1.79765097e+00 
 3.50033674e-06  0.00000000e+00  1.80010789e+00 
 3.50051305e-06  0.00000000e+00  1.80162882e+00 
 3.50082192e-06  0.00000000e+00  1.80237087e+00 
 3.50118323e-06  0.00000000e+00  1.80154572e+00 
 3.50153574e-06  0.00000000e+00  1.79948070e+00 
 3.50194823e-06  0.00000000e+00  1.79736284e+00 
 3.50234902e-06  0.00000000e+00  1.79724285e+00 
 3.50281985e-06  0.00000000e+00  1.79774242e+00 
 3.50333003e-06  0.00000000e+00  1.79831739e+00 
 3.50388829e-06  0.00000000e+00  1.79884965e+00 
 3.50464449e-06  0.00000000e+00  1.79921282e+00 
 3.50536875e-06  0.00000000e+00  1.79946012e+00 
 3.50595214e-06  0.00000000e+00  1.79961769e+00 
 3.50664861e-06  0.00000000e+00  1.79971945e+00 
 3.50739957e-06  0.00000000e+00  1.79979718e+00 
 3.50822513e-06  0.00000000e+00  1.79984023e+00 
 3.50921879e-06  0.00000000e+00  1.79988244e+00 
 3.51025049e-06  0.00000000e+00  1.79989712e+00 
 3.51231390e-06  0.00000000e+00  1.79992545e+00 
 3.51644071e-06  0.00000000e+00  1.79993612e+00 
 3.52417254e-06  0.00000000e+00  1.79995654e+00 
 3.53963620e-06  0.00000000e+00  1.79996603e+00 
 3.57056354e-06  0.00000000e+00  1.79998500e+00 
 3.63241820e-06  0.00000000e+00  1.79998750e+00 
 3.75010000e-06  0.00000000e+00  1.79999838e+00 
 3.75011000e-06  1.80000000e-01  1.80056750e+00 
 3.75013000e-06  5.40000000e-01  1.80207811e+00 
 3.75017000e-06  1.26000000e+00  1.80563736e+00 
 3.75020000e-06  1.80000000e+00  1.80798304e+00 
 3.75020800e-06  1.80000000e+00  1.80771032e+00 
 3.75022400e-06  1.80000000e+00  1.80713569e+00 
 3.75025600e-06  1.80000000e+00  1.80623222e+00 
 3.75032000e-06  1.80000000e+00  1.80507960e+00 
 3.75044800e-06  1.80000000e+00  1.80371564e+00 
 3.75058422e-06  1.80000000e+00  1.80281711e+00 
 3.75081873e-06  1.80000000e+00  1.80310627e+00 
 3.75128777e-06  1.80000000e+00  1.80792667e+00 
 3.75172248e-06  1.80000000e+00  1.80538661e+00 
 3.75214799e-06  1.80000000e+00  1.80241953e+00 
 3.75276815e-06  1.80000000e+00  1.80007223e+00 
 3.75330192e-06  1.80000000e+00  1.79969633e+00 
 3.75389395e-06  1.80000000e+00  1.80025676e+00 
 3.75450130e-06  1.80000000e+00  1.80072167e+00 
 3.75504811e-06  1.80000000e+00  1.80137447e+00 
 3.75574516e-06  1.80000000e+00  1.80175858e+00 
 3.75652952e-06  1.80000000e+00  1.80154278e+00 
 3.75737006e-06  1.80000000e+00  1.80115737e+00 
 3.75817683e-06  1.80000000e+00  1.80094571e+00 
 3.75949463e-06  1.80000000e+00  1.80065517e+00 
 3.76091328e-06  1.80000000e+00  1.80043169e+00 
 3.76349382e-06  1.80000000e+00  1.80018778e+00 
 3.76682353e-06  1.80000000e+00  1.80006628e+00 
 3.77348295e-06  1.80000000e+00  1.79999749e+00 
 3.78680178e-06  1.80000000e+00  1.80000238e+00 
 3.81343944e-06  1.80000000e+00  1.79999746e+00 
 3.86671478e-06  1.80000000e+00  1.80000245e+00 
 3.97326544e-06  1.80000000e+00  1.79999748e+00 
 4.00000000e-06  1.80000000e+00  1.80000246e+00 
 4.00001000e-06  1.62000000e+00  1.79879651e+00 
 4.00003000e-06  1.26000000e+00  1.79660189e+00 
 4.00007000e-06  5.40000000e-01  1.79330626e+00 
 4.00010000e-06  0.00000000e+00  1.79169954e+00 
 4.00010793e-06  0.00000000e+00  1.79229325e+00 
 4.00012379e-06  0.00000000e+00  1.79345965e+00 
 4.00015551e-06  0.00000000e+00  1.79523876e+00 
 4.00021894e-06  0.00000000e+00  1.79765036e+00 
 4.00033668e-06  0.00000000e+00  1.80010655e+00 
 4.00051328e-06  0.00000000e+00  1.80162832e+00 
 4.00082233e-06  0.00000000e+00  1.80237911e+00 
 4.00118448e-06  0.00000000e+00  1.80155648e+00 
 4.00157590e-06  0.00000000e+00  1.79923524e+00 
 4.00201105e-06  0.00000000e+00  1.79753595e+00 
 4.00242114e-06  0.00000000e+00  1.79879413e+00 
 4.00289974e-06  0.00000000e+00  1.79722521e+00 
 4.00341706e-06  0.00000000e+00  1.79767176e+00 
 4.00389665e-06  0.00000000e+00  1.79949877e+00 
 4.00439617e-06  0.00000000e+00  1.80029012e+00 
 4.00482699e-06  0.00000000e+00  1.80103535e+00 
 4.00532708e-06  0.00000000e+00  1.80060240e+00 
 4.00596343e-06  0.00000000e+00  1.80050909e+00 
 4.00665151e-06  0.00000000e+00  1.80018526e+00 
 4.00766553e-06  0.00000000e+00  1.80019527e+00 
 4.00846902e-06  0.00000000e+00  1.80006107e+00 
 4.00931784e-06  0.00000000e+00  1.80020554e+00 
 4.01016699e-06  0.00000000e+00  1.80035573e+00 
 4.01111968e-06  0.00000000e+00  1.80057419e+00 
 4.01190875e-06  0.00000000e+00  1.79994137e+00 
 4.01270023e-06  0.00000000e+00  1.79916925e+00 
 4.01354269e-06  0.00000000e+00  1.79910718e+00 
 4.01442672e-06  0.00000000e+00  1.79968170e+00 
 4.01530858e-06  0.00000000e+00  1.79780830e+00 
 4.01627541e-06  0.00000000e+00  1.79757216e+00 
 4.01727367e-06  0.00000000e+00  1.79828436e+00 
 4.01889334e-06  0.00000000e+00  1.79943529e+00 
 4.02056967e-06  0.00000000e+00  1.79970045e+00 
 4.02392231e-06  0.00000000e+00  1.80000245e+00 
 4.02948891e-06  0.00000000e+00  1.79991255e+00 
 4.03755858e-06  0.00000000e+00  1.80001420e+00 
 4.04738212e-06  0.00000000e+00  1.79993091e+00 
 4.05720390e-06  0.00000000e+00  1.80006192e+00 
 4.06557897e-06  0.00000000e+00  1.80020540e+00 
 4.07021903e-06  0.00000000e+00  1.79920365e+00 
 4.07454243e-06  0.00000000e+00  1.80064194e+00 
 4.07948826e-06  0.00000000e+00  1.79941508e+00 
 4.08459620e-06  0.00000000e+00  1.80046545e+00 
 4.09464049e-06  0.00000000e+00  1.79953438e+00 
 4.10339764e-06  0.00000000e+00  1.80036246e+00 
 4.11429843e-06  0.00000000e+00  1.79957925e+00 
 4.12217309e-06  0.00000000e+00  1.80038007e+00 
 4.12750382e-06  0.00000000e+00  1.79975785e+00 
 4.13332012e-06  0.00000000e+00  1.80021493e+00 
 4.14061111e-06  0.00000000e+00  1.79978116e+00 
 4.14778645e-06  0.00000000e+00  1.80020521e+00 
 4.15463681e-06  0.00000000e+00  1.79978347e+00 
 4.16210205e-06  0.00000000e+00  1.80019286e+00 
 4.17012864e-06  0.00000000e+00  1.79979753e+00 
 4.17979268e-06  0.00000000e+00  1.80018279e+00 
 4.18907057e-06  0.00000000e+00  1.79980790e+00 
 4.19875720e-06  0.00000000e+00  1.80017439e+00 
 4.21813047e-06  0.00000000e+00  1.79981545e+00 
 4.24932006e-06  0.00000000e+00  1.80017243e+00 
 4.25010000e-06  6.67038446e-12  1.79985845e+00 
 4.25011000e-06  1.80000000e-01  1.80046751e+00 
 4.25013000e-06  5.40000000e-01  1.80202964e+00 
 4.25017000e-06  1.26000000e+00  1.80560106e+00 
 4.25020000e-06  1.80000000e+00  1.80794443e+00 
 4.25020800e-06  1.80000000e+00  1.80767494e+00 
 4.25022400e-06  1.80000000e+00  1.80710683e+00 
 4.25025600e-06  1.80000000e+00  1.80621761e+00 
 4.25032000e-06  1.80000000e+00  1.80507448e+00 
 4.25039013e-06  1.80000000e+00  1.80426743e+00 
 4.25053039e-06  1.80000000e+00  1.80309450e+00 
 4.25071381e-06  1.80000000e+00  1.80265195e+00 
 4.25096483e-06  1.80000000e+00  1.80457248e+00 
 4.25140395e-06  1.80000000e+00  1.80753828e+00 
 4.25180187e-06  1.80000000e+00  1.80457011e+00 
 4.25226977e-06  1.80000000e+00  1.80179438e+00 
 4.25290751e-06  1.80000000e+00  1.80028189e+00 
 4.25345741e-06  1.80000000e+00  1.80002044e+00 
 4.25405296e-06  1.80000000e+00  1.80000621e+00 
 4.25469402e-06  1.80000000e+00  1.79985182e+00 
 4.25528901e-06  1.80000000e+00  1.79991854e+00 
 4.25618776e-06  1.80000000e+00  1.79990715e+00 
 4.25739009e-06  1.80000000e+00  1.79995820e+00 
 4.25912277e-06  1.80000000e+00  1.79995634e+00 
 4.26160016e-06  1.80000000e+00  1.79999553e+00 
 4.26597409e-06  1.80000000e+00  1.79998644e+00 
 4.27472193e-06  1.80000000e+00  1.80001034e+00 
 4.29221762e-06  1.80000000e+00  1.79998979e+00 
 4.32720900e-06  1.80000000e+00  1.80000999e+00 
 4.39719176e-06  1.80000000e+00  1.79998998e+00 
 4.50000000e-06  1.80000000e+00  1.80000992e+00 
 4.50001000e-06  1.62000000e+00  1.79880423e+00 
 4.50003000e-06  1.26000000e+00  1.79661323e+00 
 4.50007000e-06  5.40000000e-01  1.79331607e+00 
 4.50010000e-06  0.00000000e+00  1.79170536e+00 
 4.50010794e-06  0.00000000e+00  1.79229745e+00 
 4.50012382e-06  0.00000000e+00  1.79346192e+00 
 4.50015558e-06  0.00000000e+00  1.79524145e+00 
 4.50021910e-06  0.00000000e+00  1.79765479e+00 
 4.50034615e-06  0.00000000e+00  1.80024578e+00 
 4.50057544e-06  0.00000000e+00  1.80198104e+00 
 4.50089820e-06  0.00000000e+00  1.80231764e+00 
 4.50136469e-06  0.00000000e+00  1.80077078e+00 
 4.50183003e-06  0.00000000e+00  1.79774709e+00 
 4.50229874e-06  0.00000000e+00  1.79728182e+00 
 4.50281802e-06  0.00000000e+00  1.79783126e+00 
 4.50336139e-06  0.00000000e+00  1.79837805e+00 
 4.50393164e-06  0.00000000e+00  1.79885358e+00 
 4.50456062e-06  0.00000000e+00  1.79919363e+00 
 4.50533877e-06  0.00000000e+00  1.79942680e+00 
 4.50590165e-06  0.00000000e+00  1.79958826e+00 
 4.50658281e-06  0.00000000e+00  1.79968276e+00 
 4.50741913e-06  0.00000000e+00  1.79976859e+00 
 4.50828134e-06  0.00000000e+00  1.79981732e+00 
 4.50914037e-06  0.00000000e+00  1.79984928e+00 
 4.51015712e-06  0.00000000e+00  1.79987507e+00 
 4.51128986e-06  0.00000000e+00  1.79988893e+00 
 4.51355534e-06  0.00000000e+00  1.79991272e+00 
 4.51680308e-06  0.00000000e+00  1.79992399e+00 
 4.52285079e-06  0.00000000e+00  1.79994515e+00 
 4.53353398e-06  0.00000000e+00  1.79995743e+00 
 4.55196514e-06  0.00000000e+00  1.79997578e+00 
 4.58882748e-06  0.00000000e+00  1.79998261e+00 
 4.66255215e-06  0.00000000e+00  1.79999441e+00 
 4.75010000e-06  6.67038446e-12  1.79999287e+00 
 4.75011000e-06  1.80000000e-01  1.80056722e+00 
 4.75013000e-06  5.40000000e-01  1.80207538e+00 
 4.75017000e-06  1.26000000e+00  1.80562512e+00 
 4.75020000e-06  1.80000000e+00  1.80796846e+00 
 4.75020800e-06  1.80000000e+00  1.80769931e+00 
 4.75022400e-06  1.80000000e+00  1.80713322e+00 
 4.75025600e-06  1.80000000e+00  1.80624429e+00 
 4.75032000e-06  1.80000000e+00  1.80509304e+00 
 4.75038993e-06  1.80000000e+00  1.80427963e+00 
 4.75052979e-06  1.80000000e+00  1.80310169e+00 
 4.75071287e-06  1.80000000e+00  1.80265540e+00 
 4.75096309e-06  1.80000000e+00  1.80456040e+00 
 4.75140287e-06  1.80000000e+00  1.80756430e+00 
 4.75180071e-06  1.80000000e+00  1.80462496e+00 
 4.75226829e-06  1.80000000e+00  1.80186008e+00 
 4.75290273e-06  1.80000000e+00  1.79985083e+00 
 4.75353514e-06  1.80000000e+00  1.79958892e+00 
 4.75413682e-06  1.80000000e+00  1.80025254e+00 
 4.75471013e-06  1.80000000e+00  1.80068209e+00 
 4.75530571e-06  1.80000000e+00  1.80144158e+00 
 4.75606823e-06  1.80000000e+00  1.80171331e+00 
 4.75689317e-06  1.80000000e+00  1.80144424e+00 
 4.75769732e-06  1.80000000e+00  1.80107406e+00 
 4.75856969e-06  1.80000000e+00  1.80089758e+00 
 4.76018101e-06  1.80000000e+00  1.80053958e+00 
 4.76163140e-06  1.80000000e+00  1.80037347e+00 
 4.76448732e-06  1.80000000e+00  1.80012808e+00 
 4.76858414e-06  1.80000000e+00  1.80004953e+00 
 4.77677777e-06  1.80000000e+00  1.79998147e+00 
 4.79316503e-06  1.80000000e+00  1.80001621e+00 
 4.82491281e-06  1.80000000e+00  1.79998423e+00 
 4.88840838e-06  1.80000000e+00  1.80001548e+00 
 5.00000000e-06  1.80000000e+00  1.79998455e+00 
 5.00001000e-06  1.62000000e+00  1.79878652e+00 
 5.00003000e-06  1.26000000e+00  1.79660333e+00 
 5.00007000e-06  5.40000000e-01  1.79331206e+00 
 5.00010000e-06  0.00000000e+00  1.79170334e+00 
 5.00010793e-06  0.00000000e+00  1.79229603e+00 
 5.00012378e-06  0.00000000e+00  1.79346170e+00 
 5.00015550e-06  0.00000000e+00  1.79523948e+00 
 5.00021892e-06  0.00000000e+00  1.79764877e+00 
 5.00034577e-06  0.00000000e+00  1.80023941e+00 
 5.00057428e-06  0.00000000e+00  1.80197355e+00 
 5.00089718e-06  0.00000000e+00  1.80232229e+00 
 5.00136294e-06  0.00000000e+00  1.80079690e+00 
 5.00182566e-06  0.00000000e+00  1.79777658e+00 
 5.00229653e-06  0.00000000e+00  1.79766772e+00 
 5.00280726e-06  0.00000000e+00  1.79900133e+00 
 5.00338389e-06  0.00000000e+00  1.79715541e+00 
 5.00393292e-06  0.00000000e+00  1.79905352e+00 
 5.00444536e-06  0.00000000e+00  1.80019030e+00 
 5.00491051e-06  0.00000000e+00  1.80091023e+00 
 5.00543521e-06  0.00000000e+00  1.80086456e+00 
 5.00618423e-06  0.00000000e+00  1.80040163e+00 
 5.00690873e-06  0.00000000e+00  1.80028460e+00 
 5.00796219e-06  0.00000000e+00  1.80008850e+00 
 5.00876464e-06  0.00000000e+00  1.80014682e+00 
 5.00962373e-06  0.00000000e+00  1.80015270e+00 
 5.01050464e-06  0.00000000e+00  1.80053507e+00 
 5.01146408e-06  0.00000000e+00  1.80027841e+00 
 5.01214719e-06  0.00000000e+00  1.79968092e+00 
 5.01278420e-06  0.00000000e+00  1.79898282e+00 
 5.01358565e-06  0.00000000e+00  1.79947372e+00 
 5.01444329e-06  0.00000000e+00  1.79925482e+00 
 5.01527532e-06  0.00000000e+00  1.79777465e+00 
 5.01627575e-06  0.00000000e+00  1.79754780e+00 
 5.01733323e-06  0.00000000e+00  1.79846243e+00 
 5.01895643e-06  0.00000000e+00  1.79943900e+00 
 5.02078959e-06  0.00000000e+00  1.79977127e+00 
 5.02370746e-06  0.00000000e+00  1.79995805e+00 
 5.02729241e-06  0.00000000e+00  1.79998781e+00 
 5.03104533e-06  0.00000000e+00  1.80028845e+00 
 5.03510433e-06  0.00000000e+00  1.80025811e+00 
 5.03797450e-06  0.00000000e+00  1.79878815e+00 
 5.04068466e-06  0.00000000e+00  1.80053228e+00 
 5.04333620e-06  0.00000000e+00  1.79954764e+00 
 5.04618204e-06  0.00000000e+00  1.80024183e+00 
 5.05094655e-06  0.00000000e+00  1.79974109e+00 
 5.05619232e-06  0.00000000e+00  1.80016755e+00 
 5.06443221e-06  0.00000000e+00  1.79980366e+00 
 5.07559688e-06  0.00000000e+00  1.80014315e+00 
 5.09141757e-06  0.00000000e+00  1.79983063e+00 
 5.11501342e-06  0.00000000e+00  1.80013676e+00 
 5.14808295e-06  0.00000000e+00  1.79983694e+00 
 5.18330603e-06  0.00000000e+00  1.80011893e+00 
 5.20423412e-06  0.00000000e+00  1.79995732e+00 
 5.22809196e-06  0.00000000e+00  1.79997911e+00 
 5.25010000e-06  6.67038446e-12  1.80005260e+00 
 5.25011000e-06  1.80000000e-01  1.80061089e+00 
 5.25013000e-06  5.40000000e-01  1.80209615e+00 
 5.25017000e-06  1.26000000e+00  1.80560506e+00 
 5.25020000e-06  1.80000000e+00  1.80792470e+00 
 5.25020794e-06  1.80000000e+00  1.80765279e+00 
 5.25022382e-06  1.80000000e+00  1.80708248e+00 
 5.25025559e-06  1.80000000e+00  1.80618525e+00 
 5.25031912e-06  1.80000000e+00  1.80502595e+00 
 5.25038896e-06  1.80000000e+00  1.80420587e+00 
 5.25052863e-06  1.80000000e+00  1.80301899e+00 
 5.25068637e-06  1.80000000e+00  1.80251962e+00 
 5.25094691e-06  1.80000000e+00  1.80424156e+00 
 5.25136476e-06  1.80000000e+00  1.80766430e+00 
 5.25177873e-06  1.80000000e+00  1.80469709e+00 
 5.25222978e-06  1.80000000e+00  1.80190800e+00 
 5.25284656e-06  1.80000000e+00  1.80032308e+00 
 5.25345665e-06  1.80000000e+00  1.79999738e+00 
 5.25403076e-06  1.80000000e+00  1.79998234e+00 
 5.25467991e-06  1.80000000e+00  1.79983441e+00 
 5.25528391e-06  1.80000000e+00  1.79990210e+00 
 5.25616178e-06  1.80000000e+00  1.79989428e+00 
 5.25741368e-06  1.80000000e+00  1.79994957e+00 
 5.25905380e-06  1.80000000e+00  1.79995055e+00 
 5.26157116e-06  1.80000000e+00  1.79999278e+00 
 5.26574885e-06  1.80000000e+00  1.79998565e+00 
 5.27410424e-06  1.80000000e+00  1.80001018e+00 
 5.29081503e-06  1.80000000e+00  1.79998995e+00 
 5.32423659e-06  1.80000000e+00  1.80000982e+00 
 5.39107972e-06  1.80000000e+00  1.79999014e+00 
 5.46763100e-06  1.80000000e+00  1.80000975e+00 
 5.50000000e-06  1.80000000e+00  1.79999026e+00 
 5.50001000e-06  1.62000000e+00  1.79879327e+00 
 5.50003000e-06  1.26000000e+00  1.79661149e+00 
 5.50007000e-06  5.40000000e-01  1.79331843e+00 
 5.50010000e-06  0.00000000e+00  1.79170683e+00 
 5.50010793e-06  0.00000000e+00  1.79229741e+00 
 5.50012378e-06  0.00000000e+00  1.79346025e+00 
 5.50015549e-06  0.00000000e+00  1.79523735e+00 
 5.50021892e-06  0.00000000e+00  1.79764802e+00 
 5.50034576e-06  0.00000000e+00  1.80023945e+00 
 5.50057484e-06  0.00000000e+00  1.80197761e+00 
 5.50089717e-06  0.00000000e+00  1.80231910e+00 
 5.50136354e-06  0.00000000e+00  1.80078116e+00 
 5.50182809e-06  0.00000000e+00  1.79775451e+00 
 5.50229764e-06  0.00000000e+00  1.79728275e+00 
 5.50282414e-06  0.00000000e+00  1.79783618e+00 
 5.50337173e-06  0.00000000e+00  1.79838834e+00 
 5.50394382e-06  0.00000000e+00  1.79886052e+00 
 5.50458077e-06  0.00000000e+00  1.79920111e+00 
 5.50536157e-06  0.00000000e+00  1.79943556e+00 
 5.50592810e-06  0.00000000e+00  1.79959378e+00 
 5.50661144e-06  0.00000000e+00  1.79968503e+00 
 5.50745484e-06  0.00000000e+00  1.79977075e+00 
 5.50832724e-06  0.00000000e+00  1.79981836e+00 
 5.50919494e-06  0.00000000e+00  1.79985055e+00 
 5.51023432e-06  0.00000000e+00  1.79987566e+00 
 5.51137998e-06  0.00000000e+00  1.79988984e+00 
 5.51363572e-06  0.00000000e+00  1.79991259e+00 
 5.51679135e-06  0.00000000e+00  1.79992394e+00 
 5.52257996e-06  0.00000000e+00  1.79994415e+00 
 5.53259780e-06  0.00000000e+00  1.79995650e+00 
 5.54957993e-06  0.00000000e+00  1.79997421e+00 
 5.58354417e-06  0.00000000e+00  1.79998181e+00 
 5.65147267e-06  0.00000000e+00  1.79999352e+00 
 5.75010000e-06  6.67038446e-12  1.79999313e+00 
 5.75011000e-06  1.80000000e-01  1.80056741e+00 
 5.75013000e-06  5.40000000e-01  1.80207550e+00 
 5.75017000e-06  1.26000000e+00  1.80562331e+00 
 5.75020000e-06  1.80000000e+00  1.80796137e+00 
 5.75020800e-06  1.80000000e+00  1.80769253e+00 
 5.75022400e-06  1.80000000e+00  1.80712733e+00 
 5.75025600e-06  1.80000000e+00  1.80624041e+00 
 5.75032000e-06  1.80000000e+00  1.80509266e+00 
 5.75038993e-06  1.80000000e+00  1.80427998e+00 
 5.75052978e-06  1.80000000e+00  1.80310169e+00 
 5.75071283e-06  1.80000000e+00  1.80265601e+00 
 5.75096304e-06  1.80000000e+00  1.80456301e+00 
 5.75140278e-06  1.80000000e+00  1.80756520e+00 
 5.75180061e-06  1.80000000e+00  1.80462605e+00 
 5.75226818e-06  1.80000000e+00  1.80185908e+00 
 5.75290269e-06  1.80000000e+00  1.79984163e+00 
 5.75353218e-06  1.80000000e+00  1.79959980e+00 
 5.75412622e-06  1.80000000e+00  1.80025357e+00 
 5.75469339e-06  1.80000000e+00  1.80067278e+00 
 5.75528568e-06  1.80000000e+00  1.80143060e+00 
 5.75605059e-06  1.80000000e+00  1.80171179e+00 
 5.75687383e-06  1.80000000e+00  1.80145094e+00 
 5.75767755e-06  1.80000000e+00  1.80107685e+00 
 5.75854590e-06  1.80000000e+00  1.80090121e+00 
 5.75997461e-06  1.80000000e+00  1.80057360e+00 
 5.76146919e-06  1.80000000e+00  1.80039130e+00 
 5.76413972e-06  1.80000000e+00  1.80014559e+00 
 5.76819230e-06  1.80000000e+00  1.80005456e+00 
 5.77629747e-06  1.80000000e+00  1.79998118e+00 
 5.79250781e-06  1.80000000e+00  1.80001631e+00 
 5.82492848e-06  1.80000000e+00  1.79998416e+00 
 5.88976982e-06  1.80000000e+00  1.80001554e+00 
 6.00000000e-06  1.80000000e+00  1.79998450e+00 
 6.00001000e-06  1.62000000e+00  1.79878775e+00 
 6.00003000e-06  1.26000000e+00  1.79660828e+00 
 6.00007000e-06  5.40000000e-01  1.79331676e+00 
 6.00010000e-06  0.00000000e+00  1.79170635e+00 
 6.00010793e-06  0.00000000e+00  1.79229848e+00 
 6.00012378e-06  0.00000000e+00  1.79346429e+00 
 6.00015550e-06  0.00000000e+00  1.79524170e+00 
 6.00021892e-06  0.00000000e+00  1.79764903e+00 
 6.00034577e-06  0.00000000e+00  1.80023888e+00 
 6.00057424e-06  0.00000000e+00  1.80197284e+00 
 6.00089717e-06  0.00000000e+00  1.80232220e+00 
 6.00136287e-06  0.00000000e+00  1.80079973e+00 
 6.00182607e-06  0.00000000e+00  1.79777550e+00 
 6.00229652e-06  0.00000000e+00  1.79768202e+00 
 6.00280982e-06  0.00000000e+00  1.79898002e+00 
 6.00338070e-06  0.00000000e+00  1.79715613e+00 
 6.00393251e-06  0.00000000e+00  1.79907394e+00 
 6.00444014e-06  0.00000000e+00  1.80018503e+00 
 6.00490196e-06  0.00000000e+00  1.80090985e+00 
 6.00542432e-06  0.00000000e+00  1.80086207e+00 
 6.00617367e-06  0.00000000e+00  1.80040198e+00 
 6.00689194e-06  0.00000000e+00  1.80028487e+00 
 6.00793848e-06  0.00000000e+00  1.80008800e+00 
 6.00874494e-06  0.00000000e+00  1.80014513e+00 
 6.00960460e-06  0.00000000e+00  1.80014980e+00 
 6.01048448e-06  0.00000000e+00  1.80053080e+00 
 6.01144641e-06  0.00000000e+00  1.80029673e+00 
 6.01213156e-06  0.00000000e+00  1.79971216e+00 
 6.01277033e-06  0.00000000e+00  1.79900935e+00 
 6.01357297e-06  0.00000000e+00  1.79944871e+00 
 6.01443070e-06  0.00000000e+00  1.79935740e+00 
 6.01525569e-06  0.00000000e+00  1.79784697e+00 
 6.01624883e-06  0.00000000e+00  1.79757293e+00 
 6.01728778e-06  0.00000000e+00  1.79845652e+00 
 6.01892057e-06  0.00000000e+00  1.79958086e+00 
 6.02069548e-06  0.00000000e+00  1.80051183e+00 
 6.02265365e-06  0.00000000e+00  1.80248196e+00 
 6.02404906e-06  0.00000000e+00  1.79681227e+00 
 6.02542654e-06  0.00000000e+00  1.80009255e+00 
 6.02700987e-06  0.00000000e+00  1.79870406e+00 
 6.02845381e-06  0.00000000e+00  1.80008976e+00 
 6.02996258e-06  0.00000000e+00  1.79975025e+00 
 6.03298011e-06  0.00000000e+00  1.79994920e+00 
 6.03597823e-06  0.00000000e+00  1.80004359e+00 
 6.04140806e-06  0.00000000e+00  1.79984553e+00 
 6.04903016e-06  0.00000000e+00  1.80011877e+00 
 6.05947122e-06  0.00000000e+00  1.79981220e+00 
 6.08035334e-06  0.00000000e+00  1.80015532e+00 
 6.10918378e-06  0.00000000e+00  1.79980900e+00 
 6.16051846e-06  0.00000000e+00  1.80017339e+00 
 6.24325799e-06  0.00000000e+00  1.79981117e+00 
 6.25010000e-06  6.67038446e-12  1.80020134e+00 
 6.25011000e-06  1.80000000e-01  1.80054161e+00 
 6.25013000e-06  5.40000000e-01  1.80179868e+00 
 6.25017000e-06  1.26000000e+00  1.80536897e+00 
 6.25020000e-06  1.80000000e+00  1.80777077e+00 
 6.25020800e-06  1.80000000e+00  1.80752975e+00 
 6.25022400e-06  1.80000000e+00  1.80701502e+00 
 6.25025600e-06  1.80000000e+00  1.80618688e+00 
 6.25032000e-06  1.80000000e+00  1.80506395e+00 
 6.25039009e-06  1.80000000e+00  1.80424239e+00 
 6.25053026e-06  1.80000000e+00  1.80306260e+00 
 6.25068865e-06  1.80000000e+00  1.80257826e+00 
 6.25095108e-06  1.80000000e+00  1.80434562e+00 
 6.25136992e-06  1.80000000e+00  1.80773540e+00 
 6.25178185e-06  1.80000000e+00  1.80489234e+00 
 6.25223429e-06  1.80000000e+00  1.80245087e+00 
 6.25285337e-06  1.80000000e+00  1.80098358e+00 
 6.25349022e-06  1.80000000e+00  1.79977398e+00 
 6.25404849e-06  1.80000000e+00  1.79879906e+00 
 6.25463719e-06  1.80000000e+00  1.79803689e+00 
 6.25522509e-06  1.80000000e+00  1.79810559e+00 
 6.25619262e-06  1.80000000e+00  1.79841917e+00 
 6.25714387e-06  1.80000000e+00  1.79882788e+00 
 6.25896486e-06  1.80000000e+00  1.79931077e+00 
 6.26117375e-06  1.80000000e+00  1.79966617e+00 
 6.26559152e-06  1.80000000e+00  1.79992057e+00 
 6.27442708e-06  1.80000000e+00  1.80001781e+00 
 6.29141718e-06  1.80000000e+00  1.79998755e+00 
 6.32539739e-06  1.80000000e+00  1.80001086e+00 
 6.39335780e-06  1.80000000e+00  1.79998959e+00 
 6.50000000e-06  1.80000000e+00  1.80001004e+00 
 6.50001000e-06  1.62000000e+00  1.79883154e+00 
 6.50003000e-06  1.26000000e+00  1.79667949e+00 
 6.50007000e-06  5.40000000e-01  1.79336684e+00 
 6.50010000e-06  0.00000000e+00  1.79171098e+00 
 6.50010793e-06  0.00000000e+00  1.79227358e+00 
 6.50012378e-06  0.00000000e+00  1.79339463e+00 
 6.50015548e-06  0.00000000e+00  1.79515869e+00 
 6.50021888e-06  0.00000000e+00  1.79761686e+00 
 6.50034569e-06  0.00000000e+00  1.80028965e+00 
 6.50057473e-06  0.00000000e+00  1.80206616e+00 
 6.50089697e-06  0.00000000e+00  1.80231171e+00 
 6.50136371e-06  0.00000000e+00  1.80012431e+00 
 6.50182579e-06  0.00000000e+00  1.79717868e+00 
 6.50229661e-06  0.00000000e+00  1.79839965e+00 
 6.50281082e-06  0.00000000e+00  1.79987955e+00 
 6.50339761e-06  0.00000000e+00  1.79989126e+00 
 6.50395158e-06  0.00000000e+00  1.79989182e+00 
 6.50458429e-06  0.00000000e+00  1.79985974e+00 
 6.50536484e-06  0.00000000e+00  1.79987848e+00 
 6.50594509e-06  0.00000000e+00  1.79990297e+00 
 6.50662216e-06  0.00000000e+00  1.79992888e+00 
 6.50746566e-06  0.00000000e+00  1.79988595e+00 
 6.50834598e-06  0.00000000e+00  1.79991613e+00 
 6.50920722e-06  0.00000000e+00  1.79988104e+00 
 6.51024445e-06  0.00000000e+00  1.79991602e+00 
 6.51138904e-06  0.00000000e+00  1.79988755e+00 
 6.51361282e-06  0.00000000e+00  1.79992887e+00 
 6.51674629e-06  0.00000000e+00  1.79990999e+00 
 6.52244463e-06  0.00000000e+00  1.79995732e+00 
 6.53230419e-06  0.00000000e+00  1.79994263e+00 
 6.54898944e-06  0.00000000e+00  1.79998728e+00 
 6.58235994e-06  0.00000000e+00  1.79996816e+00 
 6.64910095e-06  0.00000000e+00  1.80000675e+00 
 6.75010000e-06  6.67038446e-12  1.79997977e+00 
 6.75011000e-06  1.80000000e-01  1.80054871e+00 
 6.75013000e-06  5.40000000e-01  1.80204541e+00 
 6.75017000e-06  1.26000000e+00  1.80558292e+00 
 6.75020000e-06  1.80000000e+00  1.80792254e+00 
 6.75020800e-06  1.80000000e+00  1.80767170e+00 
 6.75022400e-06  1.80000000e+00  1.80713837e+00 
 6.75025600e-06  1.80000000e+00  1.80627963e+00 
 6.75032000e-06  1.80000000e+00  1.80512036e+00 
 6.75038992e-06  1.80000000e+00  1.80428059e+00 
 6.75052977e-06  1.80000000e+00  1.80308712e+00 
 6.75071282e-06  1.80000000e+00  1.80264152e+00 
 6.75096302e-06  1.80000000e+00  1.80454910e+00 
 6.75140275e-06  1.80000000e+00  1.80759750e+00 
 6.75180046e-06  1.80000000e+00  1.80477717e+00 
 6.75226807e-06  1.80000000e+00  1.80234939e+00 
 6.75290004e-06  1.80000000e+00  1.80103473e+00 
 6.75353446e-06  1.80000000e+00  1.80005056e+00 
 6.75414073e-06  1.80000000e+00  1.79899460e+00 
 6.75471929e-06  1.80000000e+00  1.79807901e+00 
 6.75531753e-06  1.80000000e+00  1.79802885e+00 
 6.75607367e-06  1.80000000e+00  1.79827237e+00 
 6.75690522e-06  1.80000000e+00  1.79863236e+00 
 6.75856833e-06  1.80000000e+00  1.79916375e+00 
 6.76079238e-06  1.80000000e+00  1.79958726e+00 
 6.76460374e-06  1.80000000e+00  1.79988052e+00 
 6.77222645e-06  1.80000000e+00  1.80001125e+00 
 6.78747188e-06  1.80000000e+00  1.79999297e+00 
 6.81796275e-06  1.80000000e+00  1.80000580e+00 
 6.87894448e-06  1.80000000e+00  1.79999448e+00 
 7.00000000e-06  1.80000000e+00  1.80000529e+00 
 7.00001000e-06  1.62000000e+00  1.79882747e+00 
 7.00003000e-06  1.26000000e+00  1.79667780e+00 
 7.00007000e-06  5.40000000e-01  1.79336766e+00 
 7.00010000e-06  0.00000000e+00  1.79171149e+00 
 7.00010794e-06  0.00000000e+00  1.79227439e+00 
 7.00012382e-06  0.00000000e+00  1.79339551e+00 
 7.00015558e-06  0.00000000e+00  1.79515953e+00 
 7.00021911e-06  0.00000000e+00  1.79762173e+00 
 7.00034615e-06  0.00000000e+00  1.80029774e+00 
 7.00057483e-06  0.00000000e+00  1.80206662e+00 
 7.00089805e-06  0.00000000e+00  1.80230540e+00 
 7.00136395e-06  0.00000000e+00  1.80010761e+00 
 7.00182664e-06  0.00000000e+00  1.79717457e+00 
 7.00229667e-06  0.00000000e+00  1.79838900e+00 
 7.00281053e-06  0.00000000e+00  1.79972039e+00 
 7.00339380e-06  0.00000000e+00  1.79986035e+00 
 7.00394184e-06  0.00000000e+00  1.79994688e+00 
 7.00445345e-06  0.00000000e+00  1.79995706e+00 
 7.00492378e-06  0.00000000e+00  1.79996725e+00 
 7.00545087e-06  0.00000000e+00  1.79991621e+00 
 7.00616951e-06  0.00000000e+00  1.79992141e+00 
 7.00691306e-06  0.00000000e+00  1.79988544e+00 
 7.00840015e-06  0.00000000e+00  1.79997226e+00 
 7.00989702e-06  0.00000000e+00  1.80018094e+00 
 7.01119392e-06  0.00000000e+00  1.80039656e+00 
 7.01225938e-06  0.00000000e+00  1.79966703e+00 
 7.01327735e-06  0.00000000e+00  1.79878095e+00 
 7.01435124e-06  0.00000000e+00  1.79970010e+00 
 7.01534804e-06  0.00000000e+00  1.79779852e+00 
 7.01638725e-06  0.00000000e+00  1.79749165e+00 
 7.01754088e-06  0.00000000e+00  1.79842668e+00 
 7.01919064e-06  0.00000000e+00  1.79942269e+00 
 7.02093222e-06  0.00000000e+00  1.79972077e+00 
 7.02277675e-06  0.00000000e+00  1.79990341e+00 
 7.02535233e-06  0.00000000e+00  1.79992181e+00 
 7.02867944e-06  0.00000000e+00  1.79998879e+00 
 7.03238199e-06  0.00000000e+00  1.80009131e+00 
 7.03644063e-06  0.00000000e+00  1.79998769e+00 
 7.03995147e-06  0.00000000e+00  1.79985412e+00 
 7.04354037e-06  0.00000000e+00  1.80006317e+00 
 7.04803395e-06  0.00000000e+00  1.79990749e+00 
 7.05615391e-06  0.00000000e+00  1.80003304e+00 
 7.06611572e-06  0.00000000e+00  1.79992996e+00 
 7.08030703e-06  0.00000000e+00  1.80002722e+00 
 7.09938294e-06  0.00000000e+00  1.79994563e+00 
 7.12334146e-06  0.00000000e+00  1.80002674e+00 
 7.15040608e-06  0.00000000e+00  1.79995566e+00 
 7.18801172e-06  0.00000000e+00  1.80002678e+00 
 7.25010000e-06  6.67038446e-12  1.79996213e+00 
 7.25011000e-06  1.80000000e-01  1.80051540e+00 
 7.25013000e-06  5.40000000e-01  1.80201238e+00 
 7.25017000e-06  1.26000000e+00  1.80556086e+00 
 7.25020000e-06  1.80000000e+00  1.80789396e+00 
 7.25020793e-06  1.80000000e+00  1.80762982e+00 
 7.25022378e-06  1.80000000e+00  1.80707394e+00 
 7.25025550e-06  1.80000000e+00  1.80620263e+00 
 7.25031892e-06  1.80000000e+00  1.80507858e+00 
 7.25038868e-06  1.80000000e+00  1.80427452e+00 
 7.25052821e-06  1.80000000e+00  1.80310265e+00 
 7.25068581e-06  1.80000000e+00  1.80260252e+00 
 7.25094580e-06  1.80000000e+00  1.80430934e+00 
 7.25136358e-06  1.80000000e+00  1.80773928e+00 
 7.25177802e-06  1.80000000e+00  1.80476993e+00 
 7.25222882e-06  1.80000000e+00  1.80197019e+00 
 7.25284513e-06  1.80000000e+00  1.80036782e+00 
 7.25345493e-06  1.80000000e+00  1.80002341e+00 
 7.25405741e-06  1.80000000e+00  1.80001059e+00 
 7.25467068e-06  1.80000000e+00  1.79986251e+00 
 7.25529549e-06  1.80000000e+00  1.79992080e+00 
 7.25618653e-06  1.80000000e+00  1.79991314e+00 
 7.25741304e-06  1.80000000e+00  1.79995897e+00 
 7.25908318e-06  1.80000000e+00  1.79996003e+00 
 7.26157454e-06  1.80000000e+00  1.79999434e+00 
 7.26585748e-06  1.80000000e+00  1.79998857e+00 
 7.27442338e-06  1.80000000e+00  1.80000831e+00 
 7.29155516e-06  1.80000000e+00  1.79999180e+00 
 7.32581874e-06  1.80000000e+00  1.80000800e+00 
 7.39434589e-06  1.80000000e+00  1.79999197e+00 
 7.50000000e-06  1.80000000e+00  1.80000794e+00 
 7.50001000e-06  1.62000000e+00  1.79880941e+00 
 7.50003000e-06  1.26000000e+00  1.79663347e+00 
 7.50007000e-06  5.40000000e-01  1.79333677e+00 
 7.50010000e-06  0.00000000e+00  1.79171907e+00 
 7.50010793e-06  0.00000000e+00  1.79230675e+00 
 7.50012378e-06  0.00000000e+00  1.79346430e+00 
 7.50015548e-06  0.00000000e+00  1.79523538e+00 
 7.50021889e-06  0.00000000e+00  1.79764125e+00 
 7.50034571e-06  0.00000000e+00  1.80023572e+00 
 7.50057476e-06  0.00000000e+00  1.80197932e+00 
 7.50089707e-06  0.00000000e+00  1.80231863e+00 
 7.50136350e-06  0.00000000e+00  1.80077340e+00 
 7.50182802e-06  0.00000000e+00  1.79775210e+00 
 7.50229737e-06  0.00000000e+00  1.79728071e+00 
 7.50281452e-06  0.00000000e+00  1.79782722e+00 
 7.50335690e-06  0.00000000e+00  1.79837546e+00 
 7.50392676e-06  0.00000000e+00  1.79884961e+00 
 7.50455129e-06  0.00000000e+00  1.79918880e+00 
 7.50532873e-06  0.00000000e+00  1.79942026e+00 
 7.50589020e-06  0.00000000e+00  1.79958691e+00 
 7.50657028e-06  0.00000000e+00  1.79968283e+00 
 7.50749443e-06  0.00000000e+00  1.79977554e+00 
 7.50832695e-06  0.00000000e+00  1.79981996e+00 
 7.50925228e-06  0.00000000e+00  1.79985294e+00 
 7.51032098e-06  0.00000000e+00  1.79987783e+00 
 7.51149911e-06  0.00000000e+00  1.79989138e+00 
 7.51385536e-06  0.00000000e+00  1.79991411e+00 
 7.51718560e-06  0.00000000e+00  1.79992534e+00 
 7.52334660e-06  0.00000000e+00  1.79994588e+00 
 7.53416426e-06  0.00000000e+00  1.79995825e+00 
 7.55265971e-06  0.00000000e+00  1.79997590e+00 
 7.58965061e-06  0.00000000e+00  1.79998293e+00 
 7.66363240e-06  0.00000000e+00  1.79999427e+00 
 7.75010000e-06  0.00000000e+00  1.79999305e+00 
 7.75011000e-06  1.80000000e-01  1.80056666e+00 
 7.75013000e-06  5.40000000e-01  1.80207215e+00 
 7.75017000e-06  1.26000000e+00  1.80561233e+00 
 7.75020000e-06  1.80000000e+00  1.80794175e+00 
 7.75020800e-06  1.80000000e+00  1.80767519e+00 
 7.75022400e-06  1.80000000e+00  1.80711528e+00 
 7.75025600e-06  1.80000000e+00  1.80623711e+00 
 7.75032000e-06  1.80000000e+00  1.80509703e+00 
 7.75038993e-06  1.80000000e+00  1.80428412e+00 
 7.75052979e-06  1.80000000e+00  1.80310371e+00 
 7.75071287e-06  1.80000000e+00  1.80265733e+00 
 7.75096310e-06  1.80000000e+00  1.80456696e+00 
 7.75140289e-06  1.80000000e+00  1.80756595e+00 
 7.75180077e-06  1.80000000e+00  1.80462831e+00 
 7.75226835e-06  1.80000000e+00  1.80185973e+00 
 7.75290266e-06  1.80000000e+00  1.79985062e+00 
 7.75353421e-06  1.80000000e+00  1.79958816e+00 
 7.75413370e-06  1.80000000e+00  1.80025223e+00 
 7.75470565e-06  1.80000000e+00  1.80067842e+00 
 7.75530063e-06  1.80000000e+00  1.80143776e+00 
 7.75606605e-06  1.80000000e+00  1.80171267e+00 
 7.75689045e-06  1.80000000e+00  1.80144410e+00 
 7.75769601e-06  1.80000000e+00  1.80107201e+00 
 7.75856702e-06  1.80000000e+00  1.80089660e+00 
 7.76001196e-06  1.80000000e+00  1.80056854e+00 
 7.76151495e-06  1.80000000e+00  1.80038671e+00 
 7.76420175e-06  1.80000000e+00  1.80014290e+00 
 7.76832345e-06  1.80000000e+00  1.80005249e+00 
 7.77656684e-06  1.80000000e+00  1.79998117e+00 
 7.79305364e-06  1.80000000e+00  1.80001627e+00 
 7.82544936e-06  1.80000000e+00  1.79998422e+00 
 7.89024081e-06  1.80000000e+00  1.80001547e+00 
 8.00000000e-06  1.80000000e+00  1.79998458e+00 
 8.00001000e-06  1.62000000e+00  1.79879292e+00 
 8.00003000e-06  1.26000000e+00  1.79662234e+00 
 8.00007000e-06  5.40000000e-01  1.79333082e+00 
 8.00010000e-06  0.00000000e+00  1.79171572e+00 
 8.00010793e-06  0.00000000e+00  1.79230510e+00 
 8.00012378e-06  0.00000000e+00  1.79346575e+00 
 8.00015550e-06  0.00000000e+00  1.79523785e+00 
 8.00021892e-06  0.00000000e+00  1.79764232e+00 
 8.00034577e-06  0.00000000e+00  1.80023539e+00 
 8.00057425e-06  0.00000000e+00  1.80197455e+00 
 8.00089717e-06  0.00000000e+00  1.80232205e+00 
 8.00136292e-06  0.00000000e+00  1.80079275e+00 
 8.00182567e-06  0.00000000e+00  1.79777141e+00 
 8.00229635e-06  0.00000000e+00  1.79766549e+00 
 8.00280703e-06  0.00000000e+00  1.79900347e+00 
 8.00338328e-06  0.00000000e+00  1.79716279e+00 
 8.00394342e-06  0.00000000e+00  1.79908772e+00 
 8.00445095e-06  0.00000000e+00  1.80019931e+00 
 8.00491808e-06  0.00000000e+00  1.80092015e+00 
 8.00544483e-06  0.00000000e+00  1.80085590e+00 
 8.00620830e-06  0.00000000e+00  1.80039837e+00 
 8.00692701e-06  0.00000000e+00  1.80027386e+00 
 8.00778033e-06  0.00000000e+00  1.80008039e+00 
 8.00861235e-06  0.00000000e+00  1.80007791e+00 
 8.00943671e-06  0.00000000e+00  1.79999818e+00 
 8.01032795e-06  0.00000000e+00  1.80005917e+00 
 8.01128675e-06  0.00000000e+00  1.79999448e+00 
 8.01289241e-06  0.00000000e+00  1.80018083e+00 
 8.01458380e-06  0.00000000e+00  1.80083730e+00 
 8.01654584e-06  0.00000000e+00  1.79931193e+00 
 8.01791872e-06  0.00000000e+00  1.80009856e+00 
 8.01929920e-06  0.00000000e+00  1.79951221e+00 
 8.02095562e-06  0.00000000e+00  1.79961518e+00 
 8.02276982e-06  0.00000000e+00  1.79985675e+00 
 8.02479125e-06  0.00000000e+00  1.79987735e+00 
 8.02879262e-06  0.00000000e+00  1.79999733e+00 
 8.03348065e-06  0.00000000e+00  1.79990884e+00 
 8.04223297e-06  0.00000000e+00  1.80001855e+00 
 8.05610651e-06  0.00000000e+00  1.79992238e+00 
 8.07577326e-06  0.00000000e+00  1.80003534e+00 
 8.10658954e-06  0.00000000e+00  1.79993297e+00 
 8.16525425e-06  0.00000000e+00  1.80004661e+00 
 8.25010000e-06  0.00000000e+00  1.79994026e+00 
 8.25011000e-06  1.80000000e-01  1.80052447e+00 
 8.25013000e-06  5.40000000e-01  1.80204987e+00 
 8.25017000e-06  1.26000000e+00  1.80560224e+00 
 8.25020000e-06  1.80000000e+00  1.80793718e+00 
 8.25020800e-06  1.80000000e+00  1.80768613e+00 
 8.25022400e-06  1.80000000e+00  1.80715138e+00 
 8.25025600e-06  1.80000000e+00  1.80628320e+00 
 8.25032000e-06  1.80000000e+00  1.80511268e+00 
 8.25044800e-06  1.80000000e+00  1.80369324e+00 
 8.25058409e-06  1.80000000e+00  1.80279271e+00 
 8.25078600e-06  1.80000000e+00  1.80291037e+00 
 8.25118982e-06  1.80000000e+00  1.80738541e+00 
 8.25160269e-06  1.80000000e+00  1.80618030e+00 
 8.25199288e-06  1.80000000e+00  1.80318668e+00 
 8.25255294e-06  1.80000000e+00  1.80100015e+00 
 8.25326277e-06  1.80000000e+00  1.80003787e+00 
 8.25400205e-06  1.80000000e+00  1.79990551e+00 
 8.25475003e-06  1.80000000e+00  1.79989503e+00 
 8.25569775e-06  1.80000000e+00  1.79993861e+00 
 8.25668531e-06  1.80000000e+00  1.79995351e+00 
 8.25813329e-06  1.80000000e+00  1.79996903e+00 
 8.26006698e-06  1.80000000e+00  1.79998573e+00 
 8.26280910e-06  1.80000000e+00  1.79999056e+00 
 8.26764471e-06  1.80000000e+00  1.80000118e+00 
 8.27448457e-06  1.80000000e+00  1.79999731e+00 
 8.28591194e-06  1.80000000e+00  1.80000251e+00 
 8.30372053e-06  1.80000000e+00  1.79999732e+00 
 8.33620429e-06  1.80000000e+00  1.80000259e+00 
 8.40117181e-06  1.80000000e+00  1.79999732e+00 
 8.50000000e-06  1.80000000e+00  1.80000261e+00 
 8.50001000e-06  1.62000000e+00  1.79882465e+00 
 8.50003000e-06  1.26000000e+00  1.79667088e+00 
 8.50007000e-06  5.40000000e-01  1.79335354e+00 
 8.50010000e-06  0.00000000e+00  1.79169175e+00 
 8.50010792e-06  0.00000000e+00  1.79225527e+00 
 8.50012375e-06  0.00000000e+00  1.79337519e+00 
 8.50015543e-06  0.00000000e+00  1.79513690e+00 
 8.50021877e-06  0.00000000e+00  1.79759864e+00 
 8.50034546e-06  0.00000000e+00  1.80030569e+00 
 8.50058846e-06  0.00000000e+00  1.80227202e+00 
 8.50090583e-06  0.00000000e+00  1.80229634e+00 
 8.50134423e-06  0.00000000e+00  1.79921114e+00 
 8.50181620e-06  0.00000000e+00  1.80024683e+00 
 8.50227109e-06  0.00000000e+00  1.81522350e+00 
 8.50280901e-06  0.00000000e+00  1.83114781e+00 
 8.50332651e-06  0.00000000e+00  1.80873247e+00 
 8.50389980e-06  0.00000000e+00  1.76503474e+00 
 8.50435374e-06  0.00000000e+00  1.73335989e+00 
 8.50487520e-06  0.00000000e+00  1.69548605e+00 
 8.50546548e-06  0.00000000e+00  1.65284590e+00 
 8.50609187e-06  0.00000000e+00  1.60720640e+00 
 8.50734465e-06  0.00000000e+00  1.51575187e+00 
 8.50882277e-06  0.00000000e+00  1.40738507e+00 
 8.51161110e-06  0.00000000e+00  1.20387835e+00 
 8.51637897e-06  0.00000000e+00  8.70983355e-01 
 8.52145402e-06  0.00000000e+00  5.70890390e-01 
 8.52557036e-06  0.00000000e+00  3.54699692e-01 
 8.52851018e-06  0.00000000e+00  2.25484126e-01 
 8.53119298e-06  0.00000000e+00  1.40037605e-01 
 8.53332093e-06  0.00000000e+00  9.48161256e-02 
 8.53533998e-06  0.00000000e+00  6.41720498e-02 
 8.53731033e-06  0.00000000e+00  4.38660418e-02 
 8.53940600e-06  0.00000000e+00  2.88325346e-02 
 8.54188788e-06  0.00000000e+00  1.75998253e-02 
 8.54476090e-06  0.00000000e+00  9.70079981e-03 
 8.54855722e-06  0.00000000e+00  4.51688156e-03 
 8.55346732e-06  0.00000000e+00  1.50069243e-03 
 8.56018974e-06  0.00000000e+00  4.47292358e-04 
 8.56958524e-06  0.00000000e+00  2.10118642e-05 
 8.58228072e-06  0.00000000e+00  1.47991565e-04 
 8.60263472e-06  0.00000000e+00 -4.12606012e-06 
 8.62564977e-06  0.00000000e+00  1.32435251e-04 
 8.65946330e-06  0.00000000e+00 -2.04380038e-05 
 8.70065271e-06  0.00000000e+00  1.16669513e-04 
 8.75010000e-06  0.00000000e+00 -3.51267112e-05 
 8.75011000e-06  1.80000000e-01  1.02533169e-03 
 8.75013000e-06  5.40000000e-01  3.03116535e-03 
 8.75017000e-06  1.26000000e+00  5.95808060e-03 
 8.75020000e-06  1.80000000e+00  7.29598311e-03 
 8.75020800e-06  1.80000000e+00  6.88074991e-03 
 8.75022400e-06  1.80000000e+00  6.04554240e-03 
 8.75025600e-06  1.80000000e+00  4.74448962e-03 
 8.75032000e-06  1.80000000e+00  3.16133950e-03 
 8.75044800e-06  1.80000000e+00  1.84378364e-03 
 8.75058450e-06  1.80000000e+00  1.48674028e-03 
 8.75081936e-06  1.80000000e+00  2.09545466e-03 
 8.75128910e-06  1.80000000e+00  5.28305327e-03 
 8.75172446e-06  1.80000000e+00  3.19432905e-03 
 8.75215034e-06  1.80000000e+00  2.17516839e-03 
 8.75276654e-06  1.80000000e+00  2.41668624e-04 
 8.75331688e-06  1.80000000e+00 -1.97260436e-03 
 8.75391652e-06  1.80000000e+00 -7.49311416e-04 
 8.75451889e-06  1.80000000e+00 -1.73571110e-04 
 8.75510593e-06  1.80000000e+00  1.84501852e-04 
 8.75604719e-06  1.80000000e+00  6.15730705e-04 
 8.75708483e-06  1.80000000e+00  9.01179215e-04 
 8.75869893e-06  1.80000000e+00  9.57010939e-04 
 8.76097501e-06  1.80000000e+00  8.62994821e-04 
 8.76488758e-06  1.80000000e+00  6.12117651e-04 
 8.77271273e-06  1.80000000e+00  3.17964847e-04 
 8.78604128e-06  1.80000000e+00  1.34197771e-04 
 8.81269836e-06  1.80000000e+00  8.94575388e-05 
 8.86601252e-06  1.80000000e+00  4.01467641e-05 
 8.97264085e-06  1.80000000e+00  3.76429535e-05 
 9.00000000e-06  1.80000000e+00  1.89302594e-05 
