 1.00000000e-12  1.78200000e+00  3.40671188e-01 
 1.02772000e-12  1.78150104e+00  3.45758928e-01 
 1.08316000e-12  1.78050312e+00  3.52853463e-01 
 1.19404001e-12  1.77850728e+00  3.61472685e-01 
 1.33845830e-12  1.77590775e+00  3.72352898e-01 
 1.62729489e-12  1.77070869e+00  3.91794167e-01 
 2.20496806e-12  1.76031057e+00  4.18892325e-01 
 3.05967017e-12  1.74492594e+00  4.40422096e-01 
 3.96278781e-12  1.72866982e+00  4.51347926e-01 
 5.17606719e-12  1.70683079e+00  4.57314928e-01 
 6.89262051e-12  1.67593283e+00  4.58972884e-01 
 1.02353483e-11  1.61576373e+00  4.55788799e-01 
 1.40707458e-11  1.54672658e+00  4.51544951e-01 
 2.08835173e-11  1.42409669e+00  4.47456077e-01 
 2.75764625e-11  1.30362368e+00  4.46186549e-01 
 3.66461044e-11  1.14037012e+00  4.45542787e-01 
 4.78772072e-11  9.38210271e-01  4.45485921e-01 
 6.59739249e-11  6.12469352e-01  4.45488182e-01 
 8.68713279e-11  2.36316098e-01  4.46206914e-01 
 1.00000000e-10  0.00000000e+00  4.46765870e-01 
 1.01088208e-10  0.00000000e+00  4.47053659e-01 
 1.03264625e-10  0.00000000e+00  4.47505109e-01 
 1.07617459e-10  0.00000000e+00  4.48279071e-01 
 1.16323127e-10  0.00000000e+00  4.49376605e-01 
 1.33734462e-10  0.00000000e+00  4.51248630e-01 
 1.68557132e-10  0.00000000e+00  4.54868708e-01 
 2.38202473e-10  0.00000000e+00  4.61840206e-01 
 3.77493154e-10  0.00000000e+00  4.74082788e-01 
 5.35228749e-10  0.00000000e+00  4.86709121e-01 
 7.80579236e-10  0.00000000e+00  5.04619851e-01 
 1.11120982e-09  0.00000000e+00  5.19248204e-01 
 1.50479454e-09  0.00000000e+00  5.24211855e-01 
 2.17572388e-09  0.00000000e+00  5.19501446e-01 
 2.87841591e-09  0.00000000e+00  5.02645259e-01 
 3.74140784e-09  0.00000000e+00  4.70119584e-01 
 4.51888162e-09  0.00000000e+00  4.35525176e-01 
 5.35508807e-09  0.00000000e+00  3.98588039e-01 
 6.65569693e-09  0.00000000e+00  3.43569183e-01 
 7.89659637e-09  0.00000000e+00  2.97614629e-01 
 9.04636063e-09  0.00000000e+00  2.58182474e-01 
 9.87094298e-09  0.00000000e+00  2.32081907e-01 
 1.07671851e-08  0.00000000e+00  2.04996616e-01 
 1.17930350e-08  0.00000000e+00  1.77322643e-01 
 1.28233325e-08  0.00000000e+00  1.52756284e-01 
 1.48003518e-08  0.00000000e+00  1.13803714e-01 
 1.72837843e-08  0.00000000e+00  7.76852679e-02 
 2.17814221e-08  0.00000000e+00  3.74840011e-02 
 2.58607997e-08  0.00000000e+00  1.91401514e-02 
 2.93366388e-08  0.00000000e+00  1.08319029e-02 
 3.32186705e-08  0.00000000e+00  5.64482873e-03 
 3.63967173e-08  0.00000000e+00  3.38255632e-03 
 3.96775899e-08  0.00000000e+00  1.93662669e-03 
 4.36612764e-08  0.00000000e+00  1.03107447e-03 
 4.95652272e-08  0.00000000e+00  3.40961422e-04 
 5.81975787e-08  0.00000000e+00  9.50763267e-05 
 7.43806403e-08  0.00000000e+00 -2.62436707e-05 
 9.77202556e-08  0.00000000e+00  3.04213832e-05 
 1.44399486e-07  0.00000000e+00 -2.49432894e-05 
 2.08912376e-07  0.00000000e+00  2.60247626e-05 
 2.50100000e-07  0.00000000e+00 -2.54533124e-05 
 2.50110000e-07  1.80000000e-01  2.22385982e-03 
 2.50130000e-07  5.40000000e-01  5.56842229e-03 
 2.50170000e-07  1.26000000e+00  9.33746090e-03 
 2.50200000e-07  1.80000000e+00  1.07800020e-02 
 2.50200518e-07  1.80000000e+00  1.06283594e-02 
 2.50201555e-07  1.80000000e+00  1.03287668e-02 
 2.50203628e-07  1.80000000e+00  9.75968952e-03 
 2.50207774e-07  1.80000000e+00  8.89055959e-03 
 2.50216066e-07  1.80000000e+00  7.76229690e-03 
 2.50232650e-07  1.80000000e+00  6.01979293e-03 
 2.50265818e-07  1.80000000e+00  3.49630485e-03 
 2.50332154e-07  1.80000000e+00  1.45014144e-03 
 2.50407866e-07  1.80000000e+00 -6.37894374e-05 
 2.50559290e-07  1.80000000e+00 -9.61423077e-04 
 2.50706294e-07  1.80000000e+00 -1.00727267e-03 
 2.51000303e-07  1.80000000e+00  4.85630189e-06 
 2.51328806e-07  1.80000000e+00  1.33611995e-03 
 2.51814202e-07  1.80000000e+00  2.21632219e-03 
 2.52368794e-07  1.80000000e+00  1.07492863e-03 
 2.52972948e-07  1.80000000e+00  7.09302058e-04 
 2.53861145e-07  1.80000000e+00  4.68954732e-05 
 2.54730341e-07  1.80000000e+00  1.27900495e-05 
 2.55539189e-07  1.80000000e+00  6.56049829e-04 
 2.56396603e-07  1.80000000e+00  6.23122835e-04 
 2.57283541e-07  1.80000000e+00  4.19565122e-04 
 2.58158847e-07  1.80000000e+00  6.15348312e-04 
 2.59692327e-07  1.80000000e+00  4.63743180e-04 
 2.61760181e-07  1.80000000e+00  4.92849141e-04 
 2.63981744e-07  1.80000000e+00  2.86691113e-04 
 2.67675539e-07  1.80000000e+00  2.49917930e-04 
 2.73179962e-07  1.80000000e+00  6.81386648e-05 
 2.84188806e-07  1.80000000e+00  7.56071267e-05 
 3.06206496e-07  1.80000000e+00 -2.88362411e-05 
 3.46160982e-07  1.80000000e+00  4.42984848e-05 
 4.26069954e-07  1.80000000e+00 -3.69084844e-05 
 5.00000000e-07  1.80000000e+00  4.12843665e-05 
 5.00010000e-07  1.62000000e+00 -8.54076234e-04 
 5.00030000e-07  1.26000000e+00 -2.26744653e-03 
 5.00070000e-07  5.40000000e-01 -3.71019095e-03 
 5.00100000e-07  0.00000000e+00 -4.55618189e-03 
 5.00104219e-07  0.00000000e+00 -4.25154712e-03 
 5.00112657e-07  0.00000000e+00 -3.59558921e-03 
 5.00129533e-07  0.00000000e+00 -2.86439597e-03 
 5.00163285e-07  0.00000000e+00 -2.15492344e-03 
 5.00230788e-07  0.00000000e+00 -1.12203174e-03 
 5.00365795e-07  0.00000000e+00 -3.41246766e-04 
 5.00552710e-07  0.00000000e+00  7.77082695e-05 
 5.00926539e-07  0.00000000e+00  5.55940511e-04 
 5.01510300e-07  0.00000000e+00 -2.86566696e-03 
 5.02040254e-07  0.00000000e+00 -1.13174352e-02 
 5.02609402e-07  0.00000000e+00 -4.94809471e-03 
 5.03288230e-07  0.00000000e+00  4.99498828e-02 
 5.04079096e-07  0.00000000e+00  1.46544732e-01 
 5.04828506e-07  0.00000000e+00  2.41744112e-01 
 5.05641636e-07  0.00000000e+00  3.43171600e-01 
 5.06667803e-07  0.00000000e+00  4.64663835e-01 
 5.07754721e-07  0.00000000e+00  5.87296015e-01 
 5.09486231e-07  0.00000000e+00  7.73792808e-01 
 5.12226716e-07  0.00000000e+00  1.02465933e+00 
 5.14062173e-07  0.00000000e+00  1.15643672e+00 
 5.16137380e-07  0.00000000e+00  1.36492964e+00 
 5.18338265e-07  0.00000000e+00  1.59475913e+00 
 5.20722608e-07  0.00000000e+00  1.73386678e+00 
 5.23450149e-07  0.00000000e+00  1.78534133e+00 
 5.27987787e-07  0.00000000e+00  1.80062682e+00 
 5.34633319e-07  0.00000000e+00  1.80005221e+00 
 5.45821510e-07  0.00000000e+00  1.80000316e+00 
 5.65434960e-07  0.00000000e+00  1.80007379e+00 
 5.98748776e-07  0.00000000e+00  1.79995498e+00 
 6.59308944e-07  0.00000000e+00  1.80006550e+00 
 7.50100000e-07  9.52912066e-13  1.79994379e+00 
 7.50110000e-07  1.80000000e-01  1.80059563e+00 
 7.50130000e-07  5.40000000e-01  1.80202732e+00 
 7.50170000e-07  1.26000000e+00  1.80487415e+00 
 7.50200000e-07  1.80000000e+00  1.80680674e+00 
 7.50200745e-07  1.80000000e+00  1.80681648e+00 
 7.50202234e-07  1.80000000e+00  1.80678374e+00 
 7.50205212e-07  1.80000000e+00  1.80657879e+00 
 7.50211168e-07  1.80000000e+00  1.80619404e+00 
 7.50223080e-07  1.80000000e+00  1.80578911e+00 
 7.50246904e-07  1.80000000e+00  1.80539163e+00 
 7.50294553e-07  1.80000000e+00  1.80481368e+00 
 7.50389850e-07  1.80000000e+00  1.80404372e+00 
 7.50580444e-07  1.80000000e+00  1.80302240e+00 
 7.50953891e-07  1.80000000e+00  1.80239631e+00 
 7.51428752e-07  1.80000000e+00  1.80473952e+00 
 7.51992290e-07  1.80000000e+00  1.80530808e+00 
 7.52594240e-07  1.80000000e+00  1.80284776e+00 
 7.53250162e-07  1.80000000e+00  1.80086147e+00 
 7.54105150e-07  1.80000000e+00  1.79985107e+00 
 7.54724786e-07  1.80000000e+00  1.80013714e+00 
 7.55451573e-07  1.80000000e+00  1.80127031e+00 
 7.56120806e-07  1.80000000e+00  1.79960848e+00 
 7.56852833e-07  1.80000000e+00  1.79990561e+00 
 7.57764759e-07  1.80000000e+00  1.79976562e+00 
 7.58759897e-07  1.80000000e+00  1.79995729e+00 
 7.60750173e-07  1.80000000e+00  1.79989061e+00 
 7.62907953e-07  1.80000000e+00  1.80001690e+00 
 7.66537483e-07  1.80000000e+00  1.79994851e+00 
 7.71134414e-07  1.80000000e+00  1.80004458e+00 
 7.80328276e-07  1.80000000e+00  1.79996610e+00 
 7.98715999e-07  1.80000000e+00  1.80004635e+00 
 8.35491446e-07  1.80000000e+00  1.79996545e+00 
 9.09042339e-07  1.80000000e+00  1.80004409e+00 
 1.00000000e-06  1.80000000e+00  1.79996365e+00 
 1.00001000e-06  1.62000000e+00  1.79878107e+00 
 1.00003000e-06  1.26000000e+00  1.79670316e+00 
 1.00007000e-06  5.40000000e-01  1.79423308e+00 
 1.00010000e-06  0.00000000e+00  1.79300625e+00 
 1.00010420e-06  0.00000000e+00  1.79333420e+00 
 1.00011259e-06  0.00000000e+00  1.79413386e+00 
 1.00012937e-06  0.00000000e+00  1.79524222e+00 
 1.00016294e-06  0.00000000e+00  1.79644033e+00 
 1.00023007e-06  0.00000000e+00  1.79827911e+00 
 1.00036433e-06  0.00000000e+00  1.80005124e+00 
 1.00055041e-06  0.00000000e+00  1.80105947e+00 
 1.00092255e-06  0.00000000e+00  1.80175446e+00 
 1.00144819e-06  0.00000000e+00  1.80151704e+00 
 1.00198131e-06  0.00000000e+00  1.80031168e+00 
 1.00255153e-06  0.00000000e+00  1.79838686e+00 
 1.00322086e-06  0.00000000e+00  1.79853952e+00 
 1.00397067e-06  0.00000000e+00  1.79871344e+00 
 1.00471783e-06  0.00000000e+00  1.79917836e+00 
 1.00540882e-06  0.00000000e+00  1.79566559e+00 
 1.00612958e-06  0.00000000e+00  1.79163271e+00 
 1.00693729e-06  0.00000000e+00  1.79141150e+00 
 1.00770446e-06  0.00000000e+00  1.78775886e+00 
 1.00852913e-06  0.00000000e+00  1.78918008e+00 
 1.00971065e-06  0.00000000e+00  1.79349387e+00 
 1.01102915e-06  0.00000000e+00  1.79673439e+00 
 1.01329495e-06  0.00000000e+00  1.79888328e+00 
 1.01571420e-06  0.00000000e+00  1.80000885e+00 
 1.01764557e-06  0.00000000e+00  1.80013571e+00 
 1.01938585e-06  0.00000000e+00  1.79965229e+00 
 1.02065567e-06  0.00000000e+00  1.79906178e+00 
 1.02204563e-06  0.00000000e+00  1.79966480e+00 
 1.02361768e-06  0.00000000e+00  1.79803594e+00 
 1.02516773e-06  0.00000000e+00  1.79843332e+00 
 1.02703353e-06  0.00000000e+00  1.79924523e+00 
 1.02973884e-06  0.00000000e+00  1.79991777e+00 
 1.03264909e-06  0.00000000e+00  1.79985501e+00 
 1.03846959e-06  0.00000000e+00  1.80006058e+00 
 1.04759594e-06  0.00000000e+00  1.79989006e+00 
 1.06255745e-06  0.00000000e+00  1.80006472e+00 
 1.08252225e-06  0.00000000e+00  1.79990141e+00 
 1.11507052e-06  0.00000000e+00  1.80007173e+00 
 1.16795084e-06  0.00000000e+00  1.79990975e+00 
 1.23267964e-06  0.00000000e+00  1.80007695e+00 
 1.25010000e-06  0.00000000e+00  1.79991328e+00 
 1.25011000e-06  1.80000000e-01  1.80072274e+00 
 1.25013000e-06  5.40000000e-01  1.80239500e+00 
 1.25017000e-06  1.26000000e+00  1.80550919e+00 
 1.25020000e-06  1.80000000e+00  1.80762850e+00 
 1.25020073e-06  1.80000000e+00  1.80764312e+00 
 1.25020219e-06  1.80000000e+00  1.80761838e+00 
 1.25020511e-06  1.80000000e+00  1.80741580e+00 
 1.25021096e-06  1.80000000e+00  1.80701231e+00 
 1.25022265e-06  1.80000000e+00  1.80656830e+00 
 1.25024602e-06  1.80000000e+00  1.80610743e+00 
 1.25029278e-06  1.80000000e+00  1.80540839e+00 
 1.25038629e-06  1.80000000e+00  1.80444846e+00 
 1.25057331e-06  1.80000000e+00  1.80324646e+00 
 1.25090266e-06  1.80000000e+00  1.80238167e+00 
 1.25139724e-06  1.80000000e+00  1.80412392e+00 
 1.25202201e-06  1.80000000e+00  1.80488583e+00 
 1.25260586e-06  1.80000000e+00  1.80252600e+00 
 1.25327620e-06  1.80000000e+00  1.80102908e+00 
 1.25410299e-06  1.80000000e+00  1.80011766e+00 
 1.25471414e-06  1.80000000e+00  1.79949948e+00 
 1.25542357e-06  1.80000000e+00  1.79872640e+00 
 1.25625860e-06  1.80000000e+00  1.79823631e+00 
 1.25710812e-06  1.80000000e+00  1.79841846e+00 
 1.25821424e-06  1.80000000e+00  1.79872112e+00 
 1.25998988e-06  1.80000000e+00  1.79918117e+00 
 1.26193737e-06  1.80000000e+00  1.79947884e+00 
 1.26489080e-06  1.80000000e+00  1.79976094e+00 
 1.26876426e-06  1.80000000e+00  1.79990432e+00 
 1.27651120e-06  1.80000000e+00  1.80000198e+00 
 1.29200508e-06  1.80000000e+00  1.79999561e+00 
 1.32299283e-06  1.80000000e+00  1.80000459e+00 
 1.38496834e-06  1.80000000e+00  1.79999517e+00 
 1.50000000e-06  1.80000000e+00  1.80000474e+00 
 1.50001000e-06  1.62000000e+00  1.79876913e+00 
 1.50003000e-06  1.26000000e+00  1.79654639e+00 
 1.50007000e-06  5.40000000e-01  1.79382993e+00 
 1.50010000e-06  0.00000000e+00  1.79243874e+00 
 1.50010423e-06  0.00000000e+00  1.79275035e+00 
 1.50011269e-06  0.00000000e+00  1.79353995e+00 
 1.50012961e-06  0.00000000e+00  1.79468106e+00 
 1.50016344e-06  0.00000000e+00  1.79596197e+00 
 1.50023112e-06  0.00000000e+00  1.79795622e+00 
 1.50036646e-06  0.00000000e+00  1.79990044e+00 
 1.50054420e-06  0.00000000e+00  1.80098312e+00 
 1.50089967e-06  0.00000000e+00  1.80171912e+00 
 1.50139495e-06  0.00000000e+00  1.80132790e+00 
 1.50190840e-06  0.00000000e+00  1.80005060e+00 
 1.50245148e-06  0.00000000e+00  1.79859217e+00 
 1.50311559e-06  0.00000000e+00  1.79888736e+00 
 1.50377870e-06  0.00000000e+00  1.79956267e+00 
 1.50453352e-06  0.00000000e+00  1.79964553e+00 
 1.50540370e-06  0.00000000e+00  1.79979215e+00 
 1.50622424e-06  0.00000000e+00  1.79982264e+00 
 1.50750561e-06  0.00000000e+00  1.79985077e+00 
 1.50884121e-06  0.00000000e+00  1.79990362e+00 
 1.51011829e-06  0.00000000e+00  1.79996765e+00 
 1.51142317e-06  0.00000000e+00  1.79990999e+00 
 1.51305780e-06  0.00000000e+00  1.79997256e+00 
 1.51457632e-06  0.00000000e+00  1.79991789e+00 
 1.51633358e-06  0.00000000e+00  1.79997839e+00 
 1.51815818e-06  0.00000000e+00  1.79992419e+00 
 1.52180737e-06  0.00000000e+00  1.79998536e+00 
 1.52876955e-06  0.00000000e+00  1.79993614e+00 
 1.54020630e-06  0.00000000e+00  1.79999990e+00 
 1.56307980e-06  0.00000000e+00  1.79995261e+00 
 1.60882679e-06  0.00000000e+00  1.80001631e+00 
 1.70032078e-06  0.00000000e+00  1.79996580e+00 
 1.75010000e-06  0.00000000e+00  1.80002299e+00 
 1.75011000e-06  1.80000000e-01  1.80071272e+00 
 1.75013000e-06  5.40000000e-01  1.80222739e+00 
 1.75017000e-06  1.26000000e+00  1.80526278e+00 
 1.75020000e-06  1.80000000e+00  1.80737892e+00 
 1.75020074e-06  1.80000000e+00  1.80739358e+00 
 1.75020223e-06  1.80000000e+00  1.80736810e+00 
 1.75020521e-06  1.80000000e+00  1.80716491e+00 
 1.75021116e-06  1.80000000e+00  1.80676924e+00 
 1.75022307e-06  1.80000000e+00  1.80634381e+00 
 1.75024688e-06  1.80000000e+00  1.80590491e+00 
 1.75029451e-06  1.80000000e+00  1.80523663e+00 
 1.75038977e-06  1.80000000e+00  1.80431981e+00 
 1.75058028e-06  1.80000000e+00  1.80316212e+00 
 1.75091418e-06  1.80000000e+00  1.80237914e+00 
 1.75140573e-06  1.80000000e+00  1.80420977e+00 
 1.75204296e-06  1.80000000e+00  1.80484051e+00 
 1.75261783e-06  1.80000000e+00  1.80251648e+00 
 1.75330430e-06  1.80000000e+00  1.80104852e+00 
 1.75414369e-06  1.80000000e+00  1.80025380e+00 
 1.75474797e-06  1.80000000e+00  1.79970239e+00 
 1.75544560e-06  1.80000000e+00  1.79894311e+00 
 1.75613364e-06  1.80000000e+00  1.79831606e+00 
 1.75686148e-06  1.80000000e+00  1.79831032e+00 
 1.75781337e-06  1.80000000e+00  1.79853441e+00 
 1.75886813e-06  1.80000000e+00  1.79885281e+00 
 1.76097765e-06  1.80000000e+00  1.79931011e+00 
 1.76315035e-06  1.80000000e+00  1.79959828e+00 
 1.76694915e-06  1.80000000e+00  1.79984823e+00 
 1.77179990e-06  1.80000000e+00  1.79996038e+00 
 1.78150142e-06  1.80000000e+00  1.80000267e+00 
 1.80090444e-06  1.80000000e+00  1.79999883e+00 
 1.83971048e-06  1.80000000e+00  1.80000059e+00 
 1.91732257e-06  1.80000000e+00  1.79999937e+00 
 2.00000000e-06  1.80000000e+00  1.80000039e+00 
 2.00001000e-06  1.62000000e+00  1.79876183e+00 
 2.00003000e-06  1.26000000e+00  1.79654874e+00 
 2.00007000e-06  5.40000000e-01  1.79384354e+00 
 2.00010000e-06  3.67639252e-12  1.79244836e+00 
 2.00010419e-06  0.00000000e+00  1.79275710e+00 
 2.00011258e-06  0.00000000e+00  1.79354058e+00 
 2.00012935e-06  0.00000000e+00  1.79467581e+00 
 2.00016289e-06  0.00000000e+00  1.79594876e+00 
 2.00022997e-06  0.00000000e+00  1.79793531e+00 
 2.00036414e-06  0.00000000e+00  1.79988426e+00 
 2.00054082e-06  0.00000000e+00  1.80097355e+00 
 2.00089418e-06  0.00000000e+00  1.80171630e+00 
 2.00138553e-06  0.00000000e+00  1.80133642e+00 
 2.00189638e-06  0.00000000e+00  1.80007589e+00 
 2.00243508e-06  0.00000000e+00  1.79861846e+00 
 2.00309810e-06  0.00000000e+00  1.79880583e+00 
 2.00375409e-06  0.00000000e+00  1.79946506e+00 
 2.00453347e-06  0.00000000e+00  1.79965344e+00 
 2.00518844e-06  0.00000000e+00  1.79977431e+00 
 2.00589770e-06  0.00000000e+00  1.79981617e+00 
 2.00674344e-06  0.00000000e+00  1.79991084e+00 
 2.00747819e-06  0.00000000e+00  1.79987192e+00 
 2.00826426e-06  0.00000000e+00  1.79993655e+00 
 2.00933049e-06  0.00000000e+00  1.79989447e+00 
 2.01036752e-06  0.00000000e+00  1.79995599e+00 
 2.01227181e-06  0.00000000e+00  1.79993140e+00 
 2.01467144e-06  0.00000000e+00  1.80006136e+00 
 2.01663669e-06  0.00000000e+00  1.80029055e+00 
 2.01869568e-06  0.00000000e+00  1.79995540e+00 
 2.02019826e-06  0.00000000e+00  1.79912844e+00 
 2.02159789e-06  0.00000000e+00  1.79977432e+00 
 2.02284124e-06  0.00000000e+00  1.79847800e+00 
 2.02423078e-06  0.00000000e+00  1.79808231e+00 
 2.02576292e-06  0.00000000e+00  1.79882249e+00 
 2.02804044e-06  0.00000000e+00  1.79971324e+00 
 2.03018807e-06  0.00000000e+00  1.79979907e+00 
 2.03426196e-06  0.00000000e+00  1.80002604e+00 
 2.04001664e-06  0.00000000e+00  1.79991379e+00 
 2.04900107e-06  0.00000000e+00  1.80003192e+00 
 2.05859497e-06  0.00000000e+00  1.79988182e+00 
 2.06759590e-06  0.00000000e+00  1.80002226e+00 
 2.07779534e-06  0.00000000e+00  1.80003302e+00 
 2.08480703e-06  0.00000000e+00  1.79991269e+00 
 2.09168349e-06  0.00000000e+00  1.80006659e+00 
 2.09798945e-06  0.00000000e+00  1.79992252e+00 
 2.10491440e-06  0.00000000e+00  1.80005377e+00 
 2.11224683e-06  0.00000000e+00  1.79992960e+00 
 2.12006656e-06  0.00000000e+00  1.80004122e+00 
 2.12813996e-06  0.00000000e+00  1.79994302e+00 
 2.14376028e-06  0.00000000e+00  1.80003496e+00 
 2.16149592e-06  0.00000000e+00  1.79995015e+00 
 2.18984622e-06  0.00000000e+00  1.80003352e+00 
 2.23655789e-06  0.00000000e+00  1.79995504e+00 
 2.25010000e-06  0.00000000e+00  1.80003149e+00 
 2.25011000e-06  1.80000000e-01  1.80077727e+00 
 2.25013000e-06  5.40000000e-01  1.80231213e+00 
 2.25017000e-06  1.26000000e+00  1.80530560e+00 
 2.25020000e-06  1.80000000e+00  1.80739839e+00 
 2.25020073e-06  1.80000000e+00  1.80741374e+00 
 2.25020219e-06  1.80000000e+00  1.80739312e+00 
 2.25020512e-06  1.80000000e+00  1.80719946e+00 
 2.25021096e-06  1.80000000e+00  1.80679957e+00 
 2.25022266e-06  1.80000000e+00  1.80635341e+00 
 2.25024604e-06  1.80000000e+00  1.80590023e+00 
 2.25029281e-06  1.80000000e+00  1.80523586e+00 
 2.25038636e-06  1.80000000e+00  1.80434609e+00 
 2.25057345e-06  1.80000000e+00  1.80321134e+00 
 2.25090200e-06  1.80000000e+00  1.80238142e+00 
 2.25139427e-06  1.80000000e+00  1.80412529e+00 
 2.25202201e-06  1.80000000e+00  1.80484078e+00 
 2.25260342e-06  1.80000000e+00  1.80231894e+00 
 2.25328213e-06  1.80000000e+00  1.80055043e+00 
 2.25412473e-06  1.80000000e+00  1.79983981e+00 
 2.25471991e-06  1.80000000e+00  1.79981463e+00 
 2.25540514e-06  1.80000000e+00  1.79981644e+00 
 2.25623432e-06  1.80000000e+00  1.79978187e+00 
 2.25716971e-06  1.80000000e+00  1.79983938e+00 
 2.25817988e-06  1.80000000e+00  1.79986526e+00 
 2.26020021e-06  1.80000000e+00  1.79992654e+00 
 2.26208140e-06  1.80000000e+00  1.79994629e+00 
 2.26523075e-06  1.80000000e+00  1.79998168e+00 
 2.26904670e-06  1.80000000e+00  1.79998784e+00 
 2.27667860e-06  1.80000000e+00  1.80000326e+00 
 2.29194241e-06  1.80000000e+00  1.79999641e+00 
 2.32247002e-06  1.80000000e+00  1.80000348e+00 
 2.38352525e-06  1.80000000e+00  1.79999639e+00 
 2.48295488e-06  1.80000000e+00  1.80000348e+00 
 2.50000000e-06  1.80000000e+00  1.79999642e+00 
 2.50001000e-06  1.62000000e+00  1.79876871e+00 
 2.50003000e-06  1.26000000e+00  1.79654978e+00 
 2.50007000e-06  5.40000000e-01  1.79383787e+00 
 2.50010000e-06  3.67639252e-12  1.79247141e+00 
 2.50010419e-06  0.00000000e+00  1.79277696e+00 
 2.50011258e-06  0.00000000e+00  1.79357131e+00 
 2.50012935e-06  0.00000000e+00  1.79475088e+00 
 2.50016288e-06  0.00000000e+00  1.79602665e+00 
 2.50022996e-06  0.00000000e+00  1.79797318e+00 
 2.50036411e-06  0.00000000e+00  1.79985251e+00 
 2.50054089e-06  0.00000000e+00  1.80091606e+00 
 2.50089445e-06  0.00000000e+00  1.80169277e+00 
 2.50138739e-06  0.00000000e+00  1.80160954e+00 
 2.50189890e-06  0.00000000e+00  1.80060844e+00 
 2.50240460e-06  0.00000000e+00  1.79875786e+00 
 2.50302763e-06  0.00000000e+00  1.79766433e+00 
 2.50367385e-06  0.00000000e+00  1.79799742e+00 
 2.50454365e-06  0.00000000e+00  1.79860081e+00 
 2.50534566e-06  0.00000000e+00  1.79909482e+00 
 2.50628341e-06  0.00000000e+00  1.79939576e+00 
 2.50760430e-06  0.00000000e+00  1.79964323e+00 
 2.50903588e-06  0.00000000e+00  1.79979529e+00 
 2.51043874e-06  0.00000000e+00  1.79989176e+00 
 2.51185514e-06  0.00000000e+00  1.79989604e+00 
 2.51315020e-06  0.00000000e+00  1.79994607e+00 
 2.51456677e-06  0.00000000e+00  1.79992241e+00 
 2.51596336e-06  0.00000000e+00  1.79996531e+00 
 2.51760212e-06  0.00000000e+00  1.79993222e+00 
 2.52087962e-06  0.00000000e+00  1.79997639e+00 
 2.52588797e-06  0.00000000e+00  1.79994313e+00 
 2.53590466e-06  0.00000000e+00  1.79998948e+00 
 2.55593803e-06  0.00000000e+00  1.79995932e+00 
 2.59600479e-06  0.00000000e+00  1.80000646e+00 
 2.67613829e-06  0.00000000e+00  1.79997339e+00 
 2.75010000e-06  0.00000000e+00  1.80001454e+00 
 2.75011000e-06  1.80000000e-01  1.80071204e+00 
 2.75013000e-06  5.40000000e-01  1.80224064e+00 
 2.75017000e-06  1.26000000e+00  1.80525299e+00 
 2.75020000e-06  1.80000000e+00  1.80733684e+00 
 2.75020074e-06  1.80000000e+00  1.80735343e+00 
 2.75020223e-06  1.80000000e+00  1.80733342e+00 
 2.75020521e-06  1.80000000e+00  1.80713793e+00 
 2.75021116e-06  1.80000000e+00  1.80673919e+00 
 2.75022307e-06  1.80000000e+00  1.80629997e+00 
 2.75024688e-06  1.80000000e+00  1.80585337e+00 
 2.75029450e-06  1.80000000e+00  1.80519437e+00 
 2.75038975e-06  1.80000000e+00  1.80431385e+00 
 2.75058024e-06  1.80000000e+00  1.80317757e+00 
 2.75091393e-06  1.80000000e+00  1.80239085e+00 
 2.75140450e-06  1.80000000e+00  1.80420515e+00 
 2.75197817e-06  1.80000000e+00  1.80501285e+00 
 2.75257757e-06  1.80000000e+00  1.80244680e+00 
 2.75322592e-06  1.80000000e+00  1.80055209e+00 
 2.75406696e-06  1.80000000e+00  1.79954892e+00 
 2.75468314e-06  1.80000000e+00  1.79963425e+00 
 2.75539820e-06  1.80000000e+00  1.80000241e+00 
 2.75605102e-06  1.80000000e+00  1.80035533e+00 
 2.75677470e-06  1.80000000e+00  1.80086409e+00 
 2.75766959e-06  1.80000000e+00  1.80122027e+00 
 2.75866448e-06  1.80000000e+00  1.80116094e+00 
 2.75968430e-06  1.80000000e+00  1.80089596e+00 
 2.76117912e-06  1.80000000e+00  1.80063257e+00 
 2.76282967e-06  1.80000000e+00  1.80044648e+00 
 2.76511075e-06  1.80000000e+00  1.80025653e+00 
 2.76792470e-06  1.80000000e+00  1.80012730e+00 
 2.77213122e-06  1.80000000e+00  1.80004117e+00 
 2.78054426e-06  1.80000000e+00  1.80000020e+00 
 2.79633799e-06  1.80000000e+00  1.79999949e+00 
 2.82792546e-06  1.80000000e+00  1.80000044e+00 
 2.89110039e-06  1.80000000e+00  1.79999947e+00 
 3.00000000e-06  1.80000000e+00  1.80000044e+00 
 3.00001000e-06  1.62000000e+00  1.79877302e+00 
 3.00003000e-06  1.26000000e+00  1.79655690e+00 
 3.00007000e-06  5.40000000e-01  1.79384670e+00 
 3.00010000e-06  3.67639252e-12  1.79247987e+00 
 3.00010419e-06  0.00000000e+00  1.79278591e+00 
 3.00011258e-06  0.00000000e+00  1.79358096e+00 
 3.00012935e-06  0.00000000e+00  1.79476055e+00 
 3.00016290e-06  0.00000000e+00  1.79603493e+00 
 3.00022999e-06  0.00000000e+00  1.79797757e+00 
 3.00036417e-06  0.00000000e+00  1.79985207e+00 
 3.00054089e-06  0.00000000e+00  1.80091332e+00 
 3.00089434e-06  0.00000000e+00  1.80169353e+00 
 3.00138585e-06  0.00000000e+00  1.80162830e+00 
 3.00189666e-06  0.00000000e+00  1.80063132e+00 
 3.00243343e-06  0.00000000e+00  1.79872121e+00 
 3.00309384e-06  0.00000000e+00  1.79811938e+00 
 3.00374963e-06  0.00000000e+00  1.79853724e+00 
 3.00451654e-06  0.00000000e+00  1.79778134e+00 
 3.00514959e-06  0.00000000e+00  1.79925189e+00 
 3.00584577e-06  0.00000000e+00  1.80010736e+00 
 3.00654347e-06  0.00000000e+00  1.80073313e+00 
 3.00723047e-06  0.00000000e+00  1.80056742e+00 
 3.00796929e-06  0.00000000e+00  1.80036986e+00 
 3.00888525e-06  0.00000000e+00  1.80022955e+00 
 3.00988469e-06  0.00000000e+00  1.80010379e+00 
 3.01155130e-06  0.00000000e+00  1.80003965e+00 
 3.01316371e-06  0.00000000e+00  1.80001148e+00 
 3.01461422e-06  0.00000000e+00  1.80007295e+00 
 3.01612646e-06  0.00000000e+00  1.80028454e+00 
 3.01769334e-06  0.00000000e+00  1.80030302e+00 
 3.01889877e-06  0.00000000e+00  1.79971988e+00 
 3.02006874e-06  0.00000000e+00  1.79912953e+00 
 3.02151668e-06  0.00000000e+00  1.79970871e+00 
 3.02288968e-06  0.00000000e+00  1.79841739e+00 
 3.02421168e-06  0.00000000e+00  1.79806934e+00 
 3.02587715e-06  0.00000000e+00  1.79895866e+00 
 3.02810490e-06  0.00000000e+00  1.79969096e+00 
 3.03039327e-06  0.00000000e+00  1.79985822e+00 
 3.03449037e-06  0.00000000e+00  1.79998321e+00 
 3.04025611e-06  0.00000000e+00  1.79995749e+00 
 3.04959649e-06  0.00000000e+00  1.79999072e+00 
 3.05947053e-06  0.00000000e+00  1.80002226e+00 
 3.06843707e-06  0.00000000e+00  1.80018904e+00 
 3.07236780e-06  0.00000000e+00  1.79922739e+00 
 3.07623882e-06  0.00000000e+00  1.80058047e+00 
 3.08036146e-06  0.00000000e+00  1.79947341e+00 
 3.08702670e-06  0.00000000e+00  1.80043941e+00 
 3.09515149e-06  0.00000000e+00  1.79956959e+00 
 3.10690358e-06  0.00000000e+00  1.80037907e+00 
 3.12402024e-06  0.00000000e+00  1.79961418e+00 
 3.15011443e-06  0.00000000e+00  1.80035624e+00 
 3.18276624e-06  0.00000000e+00  1.79963588e+00 
 3.21710170e-06  0.00000000e+00  1.80034354e+00 
 3.25010000e-06  0.00000000e+00  1.79965285e+00 
 3.25011000e-06  1.80000000e-01  1.80027298e+00 
 3.25013000e-06  5.40000000e-01  1.80180266e+00 
 3.25017000e-06  1.26000000e+00  1.80499051e+00 
 3.25020000e-06  1.80000000e+00  1.80712181e+00 
 3.25020073e-06  1.80000000e+00  1.80714066e+00 
 3.25020219e-06  1.80000000e+00  1.80712512e+00 
 3.25020512e-06  1.80000000e+00  1.80693892e+00 
 3.25021096e-06  1.80000000e+00  1.80656259e+00 
 3.25022266e-06  1.80000000e+00  1.80615569e+00 
 3.25024605e-06  1.80000000e+00  1.80574852e+00 
 3.25029283e-06  1.80000000e+00  1.80513258e+00 
 3.25038638e-06  1.80000000e+00  1.80426963e+00 
 3.25057350e-06  1.80000000e+00  1.80315078e+00 
 3.25090108e-06  1.80000000e+00  1.80234301e+00 
 3.25139335e-06  1.80000000e+00  1.80411035e+00 
 3.25202046e-06  1.80000000e+00  1.80490401e+00 
 3.25260176e-06  1.80000000e+00  1.80254323e+00 
 3.25328012e-06  1.80000000e+00  1.80102942e+00 
 3.25412302e-06  1.80000000e+00  1.80011638e+00 
 3.25473600e-06  1.80000000e+00  1.79949924e+00 
 3.25544479e-06  1.80000000e+00  1.79873137e+00 
 3.25635789e-06  1.80000000e+00  1.79823710e+00 
 3.25721082e-06  1.80000000e+00  1.79844484e+00 
 3.25833332e-06  1.80000000e+00  1.79875362e+00 
 3.26034002e-06  1.80000000e+00  1.79924812e+00 
 3.26227577e-06  1.80000000e+00  1.79952042e+00 
 3.26551463e-06  1.80000000e+00  1.79979709e+00 
 3.26946848e-06  1.80000000e+00  1.79992032e+00 
 3.27737618e-06  1.80000000e+00  1.80000276e+00 
 3.29319159e-06  1.80000000e+00  1.79999583e+00 
 3.32482240e-06  1.80000000e+00  1.80000421e+00 
 3.38808402e-06  1.80000000e+00  1.79999562e+00 
 3.50000000e-06  1.80000000e+00  1.80000429e+00 
 3.50001000e-06  1.62000000e+00  1.79878331e+00 
 3.50003000e-06  1.26000000e+00  1.79658778e+00 
 3.50007000e-06  5.40000000e-01  1.79387786e+00 
 3.50010000e-06  3.67639252e-12  1.79247422e+00 
 3.50010423e-06  0.00000000e+00  1.79277828e+00 
 3.50011269e-06  0.00000000e+00  1.79356001e+00 
 3.50012961e-06  0.00000000e+00  1.79469590e+00 
 3.50016344e-06  0.00000000e+00  1.79596925e+00 
 3.50023111e-06  0.00000000e+00  1.79795931e+00 
 3.50036645e-06  0.00000000e+00  1.79989995e+00 
 3.50054421e-06  0.00000000e+00  1.80098447e+00 
 3.50089974e-06  0.00000000e+00  1.80172143e+00 
 3.50139503e-06  0.00000000e+00  1.80133275e+00 
 3.50190837e-06  0.00000000e+00  1.80004874e+00 
 3.50245174e-06  0.00000000e+00  1.79857208e+00 
 3.50311597e-06  0.00000000e+00  1.79886656e+00 
 3.50377914e-06  0.00000000e+00  1.79957692e+00 
 3.50451597e-06  0.00000000e+00  1.79964730e+00 
 3.50536893e-06  0.00000000e+00  1.79979964e+00 
 3.50619504e-06  0.00000000e+00  1.79981880e+00 
 3.50732203e-06  0.00000000e+00  1.79985285e+00 
 3.50871568e-06  0.00000000e+00  1.79989476e+00 
 3.50989508e-06  0.00000000e+00  1.79996724e+00 
 3.51113378e-06  0.00000000e+00  1.79990520e+00 
 3.51249376e-06  0.00000000e+00  1.79997263e+00 
 3.51405248e-06  0.00000000e+00  1.79991429e+00 
 3.51569806e-06  0.00000000e+00  1.79997904e+00 
 3.51745104e-06  0.00000000e+00  1.79992123e+00 
 3.52095699e-06  0.00000000e+00  1.79998596e+00 
 3.52683495e-06  0.00000000e+00  1.79993270e+00 
 3.53802576e-06  0.00000000e+00  1.80000030e+00 
 3.56040738e-06  0.00000000e+00  1.79995023e+00 
 3.60517061e-06  0.00000000e+00  1.80001755e+00 
 3.69469707e-06  0.00000000e+00  1.79996399e+00 
 3.75010000e-06  0.00000000e+00  1.80002462e+00 
 3.75011000e-06  1.80000000e-01  1.80070465e+00 
 3.75013000e-06  5.40000000e-01  1.80221578e+00 
 3.75017000e-06  1.26000000e+00  1.80524253e+00 
 3.75020000e-06  1.80000000e+00  1.80732597e+00 
 3.75020074e-06  1.80000000e+00  1.80734204e+00 
 3.75020223e-06  1.80000000e+00  1.80731968e+00 
 3.75020521e-06  1.80000000e+00  1.80712064e+00 
 3.75021116e-06  1.80000000e+00  1.80673130e+00 
 3.75022307e-06  1.80000000e+00  1.80631321e+00 
 3.75024688e-06  1.80000000e+00  1.80588090e+00 
 3.75029450e-06  1.80000000e+00  1.80522215e+00 
 3.75038975e-06  1.80000000e+00  1.80431565e+00 
 3.75058025e-06  1.80000000e+00  1.80316233e+00 
 3.75091398e-06  1.80000000e+00  1.80238107e+00 
 3.75140442e-06  1.80000000e+00  1.80421243e+00 
 3.75197776e-06  1.80000000e+00  1.80507347e+00 
 3.75257697e-06  1.80000000e+00  1.80264072e+00 
 3.75322474e-06  1.80000000e+00  1.80115047e+00 
 3.75406263e-06  1.80000000e+00  1.80032642e+00 
 3.75467740e-06  1.80000000e+00  1.79977129e+00 
 3.75539242e-06  1.80000000e+00  1.79901312e+00 
 3.75604217e-06  1.80000000e+00  1.79837524e+00 
 3.75676453e-06  1.80000000e+00  1.79829101e+00 
 3.75765610e-06  1.80000000e+00  1.79850021e+00 
 3.75864922e-06  1.80000000e+00  1.79878642e+00 
 3.76063546e-06  1.80000000e+00  1.79925679e+00 
 3.76273286e-06  1.80000000e+00  1.79954815e+00 
 3.76627278e-06  1.80000000e+00  1.79982476e+00 
 3.77062191e-06  1.80000000e+00  1.79993736e+00 
 3.77932017e-06  1.80000000e+00  1.80000687e+00 
 3.79671670e-06  1.80000000e+00  1.79999362e+00 
 3.83150976e-06  1.80000000e+00  1.80000607e+00 
 3.90109586e-06  1.80000000e+00  1.79999385e+00 
 4.00000000e-06  1.80000000e+00  1.80000604e+00 
 4.00001000e-06  1.62000000e+00  1.79877785e+00 
 4.00003000e-06  1.26000000e+00  1.79658220e+00 
 4.00007000e-06  5.40000000e-01  1.79387887e+00 
 4.00010000e-06  0.00000000e+00  1.79247415e+00 
 4.00010419e-06  0.00000000e+00  1.79277737e+00 
 4.00011258e-06  0.00000000e+00  1.79355508e+00 
 4.00012935e-06  0.00000000e+00  1.79468460e+00 
 4.00016290e-06  0.00000000e+00  1.79595018e+00 
 4.00022998e-06  0.00000000e+00  1.79793369e+00 
 4.00036416e-06  0.00000000e+00  1.79988207e+00 
 4.00054086e-06  0.00000000e+00  1.80097453e+00 
 4.00089426e-06  0.00000000e+00  1.80171835e+00 
 4.00138561e-06  0.00000000e+00  1.80134087e+00 
 4.00189635e-06  0.00000000e+00  1.80007361e+00 
 4.00243462e-06  0.00000000e+00  1.79860344e+00 
 4.00309763e-06  0.00000000e+00  1.79879103e+00 
 4.00375355e-06  0.00000000e+00  1.79947369e+00 
 4.00453279e-06  0.00000000e+00  1.79965175e+00 
 4.00518756e-06  0.00000000e+00  1.79978272e+00 
 4.00589678e-06  0.00000000e+00  1.79981504e+00 
 4.00677759e-06  0.00000000e+00  1.79991580e+00 
 4.00755523e-06  0.00000000e+00  1.79987031e+00 
 4.00837034e-06  0.00000000e+00  1.79994140e+00 
 4.00945497e-06  0.00000000e+00  1.79989305e+00 
 4.01058750e-06  0.00000000e+00  1.79996116e+00 
 4.01260573e-06  0.00000000e+00  1.79993957e+00 
 4.01505367e-06  0.00000000e+00  1.80010956e+00 
 4.01691734e-06  0.00000000e+00  1.80032856e+00 
 4.01897078e-06  0.00000000e+00  1.79979551e+00 
 4.02063750e-06  0.00000000e+00  1.79919988e+00 
 4.02241428e-06  0.00000000e+00  1.79927897e+00 
 4.02415925e-06  0.00000000e+00  1.79804522e+00 
 4.02628034e-06  0.00000000e+00  1.79899018e+00 
 4.02819610e-06  0.00000000e+00  1.79964115e+00 
 4.03108000e-06  0.00000000e+00  1.79990083e+00 
 4.03484639e-06  0.00000000e+00  1.79989863e+00 
 4.04064378e-06  0.00000000e+00  1.79994879e+00 
 4.04752912e-06  0.00000000e+00  1.79998421e+00 
 4.05491031e-06  0.00000000e+00  1.80009012e+00 
 4.06025628e-06  0.00000000e+00  1.79985013e+00 
 4.06588015e-06  0.00000000e+00  1.80009941e+00 
 4.07134217e-06  0.00000000e+00  1.79989081e+00 
 4.07725640e-06  0.00000000e+00  1.80007516e+00 
 4.08527761e-06  0.00000000e+00  1.79990666e+00 
 4.09165680e-06  0.00000000e+00  1.80005703e+00 
 4.09928121e-06  0.00000000e+00  1.79992063e+00 
 4.10999465e-06  0.00000000e+00  1.80005123e+00 
 4.12744126e-06  0.00000000e+00  1.79992903e+00 
 4.15084622e-06  0.00000000e+00  1.80005051e+00 
 4.18852762e-06  0.00000000e+00  1.79993502e+00 
 4.24695231e-06  0.00000000e+00  1.80005229e+00 
 4.25010000e-06  6.67038446e-12  1.79994940e+00 
 4.25011000e-06  1.80000000e-01  1.80065485e+00 
 4.25013000e-06  5.40000000e-01  1.80217844e+00 
 4.25017000e-06  1.26000000e+00  1.80519225e+00 
 4.25020000e-06  1.80000000e+00  1.80727143e+00 
 4.25020073e-06  1.80000000e+00  1.80728704e+00 
 4.25020219e-06  1.80000000e+00  1.80726754e+00 
 4.25020511e-06  1.80000000e+00  1.80707962e+00 
 4.25021096e-06  1.80000000e+00  1.80668946e+00 
 4.25022265e-06  1.80000000e+00  1.80625632e+00 
 4.25024603e-06  1.80000000e+00  1.80582196e+00 
 4.25029280e-06  1.80000000e+00  1.80518818e+00 
 4.25038633e-06  1.80000000e+00  1.80433100e+00 
 4.25057339e-06  1.80000000e+00  1.80321257e+00 
 4.25090053e-06  1.80000000e+00  1.80238261e+00 
 4.25139303e-06  1.80000000e+00  1.80412460e+00 
 4.25201969e-06  1.80000000e+00  1.80485262e+00 
 4.25260104e-06  1.80000000e+00  1.80232965e+00 
 4.25327918e-06  1.80000000e+00  1.80056058e+00 
 4.25412268e-06  1.80000000e+00  1.79984283e+00 
 4.25471796e-06  1.80000000e+00  1.79981804e+00 
 4.25540196e-06  1.80000000e+00  1.79981277e+00 
 4.25623638e-06  1.80000000e+00  1.79977886e+00 
 4.25721494e-06  1.80000000e+00  1.79984442e+00 
 4.25820746e-06  1.80000000e+00  1.79986611e+00 
 4.26019249e-06  1.80000000e+00  1.79992699e+00 
 4.26209928e-06  1.80000000e+00  1.79994626e+00 
 4.26523972e-06  1.80000000e+00  1.79998194e+00 
 4.26908860e-06  1.80000000e+00  1.79998781e+00 
 4.27678636e-06  1.80000000e+00  1.80000340e+00 
 4.29218187e-06  1.80000000e+00  1.79999629e+00 
 4.32297290e-06  1.80000000e+00  1.80000356e+00 
 4.38455495e-06  1.80000000e+00  1.79999632e+00 
 4.50000000e-06  1.80000000e+00  1.80000358e+00 
 4.50001000e-06  1.62000000e+00  1.79878301e+00 
 4.50003000e-06  1.26000000e+00  1.79657594e+00 
 4.50007000e-06  5.40000000e-01  1.79386208e+00 
 4.50010000e-06  0.00000000e+00  1.79248999e+00 
 4.50010423e-06  0.00000000e+00  1.79280043e+00 
 4.50011269e-06  0.00000000e+00  1.79360178e+00 
 4.50012961e-06  0.00000000e+00  1.79477891e+00 
 4.50016345e-06  0.00000000e+00  1.79605116e+00 
 4.50023114e-06  0.00000000e+00  1.79799693e+00 
 4.50036650e-06  0.00000000e+00  1.79987064e+00 
 4.50054386e-06  0.00000000e+00  1.80092853e+00 
 4.50089857e-06  0.00000000e+00  1.80169772e+00 
 4.50139454e-06  0.00000000e+00  1.80160126e+00 
 4.50190803e-06  0.00000000e+00  1.80058073e+00 
 4.50241610e-06  0.00000000e+00  1.79871746e+00 
 4.50303806e-06  0.00000000e+00  1.79766427e+00 
 4.50369105e-06  0.00000000e+00  1.79801070e+00 
 4.50455782e-06  0.00000000e+00  1.79861058e+00 
 4.50534189e-06  0.00000000e+00  1.79909527e+00 
 4.50627581e-06  0.00000000e+00  1.79939186e+00 
 4.50742912e-06  0.00000000e+00  1.79961479e+00 
 4.50870064e-06  0.00000000e+00  1.79976424e+00 
 4.50989639e-06  0.00000000e+00  1.79987294e+00 
 4.51111965e-06  0.00000000e+00  1.79987636e+00 
 4.51228544e-06  0.00000000e+00  1.79993730e+00 
 4.51360264e-06  0.00000000e+00  1.79991166e+00 
 4.51492907e-06  0.00000000e+00  1.79996259e+00 
 4.51643920e-06  0.00000000e+00  1.79992576e+00 
 4.51945948e-06  0.00000000e+00  1.79997606e+00 
 4.52550003e-06  0.00000000e+00  1.79993995e+00 
 4.53606659e-06  0.00000000e+00  1.79999157e+00 
 4.55719971e-06  0.00000000e+00  1.79995722e+00 
 4.59946596e-06  0.00000000e+00  1.80000917e+00 
 4.68399844e-06  0.00000000e+00  1.79997138e+00 
 4.75010000e-06  6.67038446e-12  1.80001687e+00 
 4.75011000e-06  1.80000000e-01  1.80071296e+00 
 4.75013000e-06  5.40000000e-01  1.80223911e+00 
 4.75017000e-06  1.26000000e+00  1.80524139e+00 
 4.75020000e-06  1.80000000e+00  1.80730497e+00 
 4.75020074e-06  1.80000000e+00  1.80732107e+00 
 4.75020223e-06  1.80000000e+00  1.80730046e+00 
 4.75020521e-06  1.80000000e+00  1.80710553e+00 
 4.75021116e-06  1.80000000e+00  1.80671037e+00 
 4.75022306e-06  1.80000000e+00  1.80627641e+00 
 4.75024687e-06  1.80000000e+00  1.80583667e+00 
 4.75029448e-06  1.80000000e+00  1.80518782e+00 
 4.75038971e-06  1.80000000e+00  1.80431572e+00 
 4.75058016e-06  1.80000000e+00  1.80317989e+00 
 4.75091179e-06  1.80000000e+00  1.80238937e+00 
 4.75140377e-06  1.80000000e+00  1.80420319e+00 
 4.75203998e-06  1.80000000e+00  1.80478877e+00 
 4.75261453e-06  1.80000000e+00  1.80232320e+00 
 4.75330040e-06  1.80000000e+00  1.80041359e+00 
 4.75414991e-06  1.80000000e+00  1.79951508e+00 
 4.75475733e-06  1.80000000e+00  1.79966827e+00 
 4.75545430e-06  1.80000000e+00  1.80003414e+00 
 4.75615350e-06  1.80000000e+00  1.80040670e+00 
 4.75688775e-06  1.80000000e+00  1.80093854e+00 
 4.75787510e-06  1.80000000e+00  1.80123510e+00 
 4.75893826e-06  1.80000000e+00  1.80109866e+00 
 4.76007169e-06  1.80000000e+00  1.80080877e+00 
 4.76153375e-06  1.80000000e+00  1.80059098e+00 
 4.76365052e-06  1.80000000e+00  1.80036594e+00 
 4.76565659e-06  1.80000000e+00  1.80022724e+00 
 4.76932943e-06  1.80000000e+00  1.80008504e+00 
 4.77390975e-06  1.80000000e+00  1.80002775e+00 
 4.78307038e-06  1.80000000e+00  1.79999626e+00 
 4.80139165e-06  1.80000000e+00  1.80000281e+00 
 4.83803419e-06  1.80000000e+00  1.79999720e+00 
 4.91131927e-06  1.80000000e+00  1.80000262e+00 
 5.00000000e-06  1.80000000e+00  1.79999732e+00 
 5.00001000e-06  1.62000000e+00  1.79877501e+00 
 5.00003000e-06  1.26000000e+00  1.79657319e+00 
 5.00007000e-06  5.40000000e-01  1.79386717e+00 
 5.00010000e-06  0.00000000e+00  1.79249500e+00 
 5.00010419e-06  0.00000000e+00  1.79280250e+00 
 5.00011258e-06  0.00000000e+00  1.79359815e+00 
 5.00012934e-06  0.00000000e+00  1.79477137e+00 
 5.00016288e-06  0.00000000e+00  1.79603728e+00 
 5.00022995e-06  0.00000000e+00  1.79797357e+00 
 5.00036410e-06  0.00000000e+00  1.79984738e+00 
 5.00054032e-06  0.00000000e+00  1.80091118e+00 
 5.00089275e-06  0.00000000e+00  1.80169299e+00 
 5.00138307e-06  0.00000000e+00  1.80163024e+00 
 5.00189307e-06  0.00000000e+00  1.80063857e+00 
 5.00242825e-06  0.00000000e+00  1.79873307e+00 
 5.00308821e-06  0.00000000e+00  1.79810281e+00 
 5.00374130e-06  0.00000000e+00  1.79854382e+00 
 5.00450730e-06  0.00000000e+00  1.79778830e+00 
 5.00513967e-06  0.00000000e+00  1.79920665e+00 
 5.00583593e-06  0.00000000e+00  1.80012520e+00 
 5.00652260e-06  0.00000000e+00  1.80070473e+00 
 5.00719823e-06  0.00000000e+00  1.80060616e+00 
 5.00791983e-06  0.00000000e+00  1.80035452e+00 
 5.00897762e-06  0.00000000e+00  1.80023276e+00 
 5.00994378e-06  0.00000000e+00  1.80007811e+00 
 5.01179115e-06  0.00000000e+00  1.80005831e+00 
 5.01294356e-06  0.00000000e+00  1.79999552e+00 
 5.01429171e-06  0.00000000e+00  1.80007704e+00 
 5.01559593e-06  0.00000000e+00  1.80016430e+00 
 5.01714782e-06  0.00000000e+00  1.80044206e+00 
 5.01864396e-06  0.00000000e+00  1.79987660e+00 
 5.02002537e-06  0.00000000e+00  1.79918141e+00 
 5.02153313e-06  0.00000000e+00  1.79969855e+00 
 5.02288017e-06  0.00000000e+00  1.79851617e+00 
 5.02427799e-06  0.00000000e+00  1.79813536e+00 
 5.02594754e-06  0.00000000e+00  1.79932024e+00 
 5.02774288e-06  0.00000000e+00  1.80043101e+00 
 5.02978447e-06  0.00000000e+00  1.79919074e+00 
 5.03152372e-06  0.00000000e+00  1.79974053e+00 
 5.03330835e-06  0.00000000e+00  1.79946437e+00 
 5.03539238e-06  0.00000000e+00  1.80007688e+00 
 5.03741265e-06  0.00000000e+00  1.79982221e+00 
 5.04145319e-06  0.00000000e+00  1.80004483e+00 
 5.04716824e-06  0.00000000e+00  1.79992172e+00 
 5.05486519e-06  0.00000000e+00  1.80001529e+00 
 5.06722298e-06  0.00000000e+00  1.79995372e+00 
 5.07942941e-06  0.00000000e+00  1.80000255e+00 
 5.09440693e-06  0.00000000e+00  1.79997533e+00 
 5.11435149e-06  0.00000000e+00  1.79999436e+00 
 5.15424060e-06  0.00000000e+00  1.79998859e+00 
 5.22400010e-06  0.00000000e+00  1.79999582e+00 
 5.25010000e-06  6.67038446e-12  1.79999735e+00 
 5.25011000e-06  1.80000000e-01  1.80063389e+00 
 5.25013000e-06  5.40000000e-01  1.80206920e+00 
 5.25017000e-06  1.26000000e+00  1.80509412e+00 
 5.25020000e-06  1.80000000e+00  1.80720201e+00 
 5.25020073e-06  1.80000000e+00  1.80721761e+00 
 5.25020219e-06  1.80000000e+00  1.80719633e+00 
 5.25020512e-06  1.80000000e+00  1.80700402e+00 
 5.25021096e-06  1.80000000e+00  1.80662427e+00 
 5.25022266e-06  1.80000000e+00  1.80621507e+00 
 5.25024605e-06  1.80000000e+00  1.80580279e+00 
 5.25029283e-06  1.80000000e+00  1.80518422e+00 
 5.25038639e-06  1.80000000e+00  1.80431914e+00 
 5.25057350e-06  1.80000000e+00  1.80319147e+00 
 5.25090135e-06  1.80000000e+00  1.80237374e+00 
 5.25139363e-06  1.80000000e+00  1.80413440e+00 
 5.25201170e-06  1.80000000e+00  1.80495182e+00 
 5.25259605e-06  1.80000000e+00  1.80257271e+00 
 5.25327568e-06  1.80000000e+00  1.80104353e+00 
 5.25412698e-06  1.80000000e+00  1.80012090e+00 
 5.25474154e-06  1.80000000e+00  1.79950424e+00 
 5.25545257e-06  1.80000000e+00  1.79872956e+00 
 5.25637122e-06  1.80000000e+00  1.79824014e+00 
 5.25724494e-06  1.80000000e+00  1.79846052e+00 
 5.25835473e-06  1.80000000e+00  1.79876482e+00 
 5.26043487e-06  1.80000000e+00  1.79926827e+00 
 5.26237064e-06  1.80000000e+00  1.79953370e+00 
 5.26568829e-06  1.80000000e+00  1.79980667e+00 
 5.26966911e-06  1.80000000e+00  1.79992513e+00 
 5.27763077e-06  1.80000000e+00  1.80000250e+00 
 5.29355408e-06  1.80000000e+00  1.79999636e+00 
 5.32540070e-06  1.80000000e+00  1.80000363e+00 
 5.38909395e-06  1.80000000e+00  1.79999618e+00 
 5.50000000e-06  1.80000000e+00  1.80000371e+00 
 5.50001000e-06  1.62000000e+00  1.79878557e+00 
 5.50003000e-06  1.26000000e+00  1.79660193e+00 
 5.50007000e-06  5.40000000e-01  1.79389679e+00 
 5.50010000e-06  0.00000000e+00  1.79248841e+00 
 5.50010423e-06  0.00000000e+00  1.79279595e+00 
 5.50011269e-06  0.00000000e+00  1.79357982e+00 
 5.50012961e-06  0.00000000e+00  1.79470782e+00 
 5.50016345e-06  0.00000000e+00  1.79597092e+00 
 5.50023112e-06  0.00000000e+00  1.79795386e+00 
 5.50036648e-06  0.00000000e+00  1.79989635e+00 
 5.50054421e-06  0.00000000e+00  1.80098502e+00 
 5.50089967e-06  0.00000000e+00  1.80172388e+00 
 5.50139496e-06  0.00000000e+00  1.80133656e+00 
 5.50190841e-06  0.00000000e+00  1.80004700e+00 
 5.50245149e-06  0.00000000e+00  1.79856172e+00 
 5.50311557e-06  0.00000000e+00  1.79885845e+00 
 5.50377869e-06  0.00000000e+00  1.79958165e+00 
 5.50452244e-06  0.00000000e+00  1.79964724e+00 
 5.50540299e-06  0.00000000e+00  1.79980551e+00 
 5.50621747e-06  0.00000000e+00  1.79981618e+00 
 5.50750557e-06  0.00000000e+00  1.79986183e+00 
 5.50883629e-06  0.00000000e+00  1.79989918e+00 
 5.51007589e-06  0.00000000e+00  1.79997022e+00 
 5.51150914e-06  0.00000000e+00  1.79990477e+00 
 5.51284390e-06  0.00000000e+00  1.79997617e+00 
 5.51422461e-06  0.00000000e+00  1.79991291e+00 
 5.51576387e-06  0.00000000e+00  1.79998076e+00 
 5.51750138e-06  0.00000000e+00  1.79991989e+00 
 5.52058575e-06  0.00000000e+00  1.79998676e+00 
 5.52510725e-06  0.00000000e+00  1.79992981e+00 
 5.53370122e-06  0.00000000e+00  1.79999869e+00 
 5.54967089e-06  0.00000000e+00  1.79994545e+00 
 5.57935314e-06  0.00000000e+00  1.80001487e+00 
 5.63841562e-06  0.00000000e+00  1.79996010e+00 
 5.75010000e-06  6.67038446e-12  1.80002577e+00 
 5.75011000e-06  1.80000000e-01  1.80070745e+00 
 5.75013000e-06  5.40000000e-01  1.80221684e+00 
 5.75017000e-06  1.26000000e+00  1.80523281e+00 
 5.75020000e-06  1.80000000e+00  1.80730265e+00 
 5.75020074e-06  1.80000000e+00  1.80731792e+00 
 5.75020223e-06  1.80000000e+00  1.80729419e+00 
 5.75020521e-06  1.80000000e+00  1.80709477e+00 
 5.75021116e-06  1.80000000e+00  1.80670833e+00 
 5.75022307e-06  1.80000000e+00  1.80629504e+00 
 5.75024688e-06  1.80000000e+00  1.80586940e+00 
 5.75029451e-06  1.80000000e+00  1.80521956e+00 
 5.75038976e-06  1.80000000e+00  1.80431841e+00 
 5.75058027e-06  1.80000000e+00  1.80316288e+00 
 5.75091387e-06  1.80000000e+00  1.80238121e+00 
 5.75140501e-06  1.80000000e+00  1.80421940e+00 
 5.75203767e-06  1.80000000e+00  1.80486286e+00 
 5.75261309e-06  1.80000000e+00  1.80252981e+00 
 5.75329720e-06  1.80000000e+00  1.80105348e+00 
 5.75413601e-06  1.80000000e+00  1.80026693e+00 
 5.75474082e-06  1.80000000e+00  1.79972140e+00 
 5.75543952e-06  1.80000000e+00  1.79896357e+00 
 5.75612325e-06  1.80000000e+00  1.79832814e+00 
 5.75684973e-06  1.80000000e+00  1.79830635e+00 
 5.75779315e-06  1.80000000e+00  1.79853111e+00 
 5.75883781e-06  1.80000000e+00  1.79883933e+00 
 5.76092712e-06  1.80000000e+00  1.79930331e+00 
 5.76309130e-06  1.80000000e+00  1.79958819e+00 
 5.76685280e-06  1.80000000e+00  1.79984715e+00 
 5.77162828e-06  1.80000000e+00  1.79995495e+00 
 5.78117923e-06  1.80000000e+00  1.80000565e+00 
 5.80028114e-06  1.80000000e+00  1.79999580e+00 
 5.83848496e-06  1.80000000e+00  1.80000368e+00 
 5.91489260e-06  1.80000000e+00  1.79999634e+00 
 6.00000000e-06  1.80000000e+00  1.80000349e+00 
 6.00001000e-06  1.62000000e+00  1.79877898e+00 
 6.00003000e-06  1.26000000e+00  1.79659449e+00 
 6.00007000e-06  5.40000000e-01  1.79389526e+00 
 6.00010000e-06  0.00000000e+00  1.79248734e+00 
 6.00010419e-06  0.00000000e+00  1.79279288e+00 
 6.00011258e-06  0.00000000e+00  1.79357191e+00 
 6.00012935e-06  0.00000000e+00  1.79469489e+00 
 6.00016289e-06  0.00000000e+00  1.79595079e+00 
 6.00022997e-06  0.00000000e+00  1.79792785e+00 
 6.00036414e-06  0.00000000e+00  1.79987813e+00 
 6.00054081e-06  0.00000000e+00  1.80097506e+00 
 6.00089414e-06  0.00000000e+00  1.80172103e+00 
 6.00138549e-06  0.00000000e+00  1.80134600e+00 
 6.00189631e-06  0.00000000e+00  1.80007332e+00 
 6.00243469e-06  0.00000000e+00  1.79859253e+00 
 6.00309744e-06  0.00000000e+00  1.79878119e+00 
 6.00375394e-06  0.00000000e+00  1.79947941e+00 
 6.00453279e-06  0.00000000e+00  1.79965101e+00 
 6.00519386e-06  0.00000000e+00  1.79978845e+00 
 6.00590056e-06  0.00000000e+00  1.79981581e+00 
 6.00668171e-06  0.00000000e+00  1.79991538e+00 
 6.00743901e-06  0.00000000e+00  1.79986749e+00 
 6.00827330e-06  0.00000000e+00  1.79994205e+00 
 6.00942256e-06  0.00000000e+00  1.79989174e+00 
 6.01066965e-06  0.00000000e+00  1.79996280e+00 
 6.01277173e-06  0.00000000e+00  1.79993885e+00 
 6.01534848e-06  0.00000000e+00  1.80012257e+00 
 6.01727193e-06  0.00000000e+00  1.80032635e+00 
 6.01938845e-06  0.00000000e+00  1.79971394e+00 
 6.02101440e-06  0.00000000e+00  1.79930292e+00 
 6.02279569e-06  0.00000000e+00  1.79885904e+00 
 6.02455998e-06  0.00000000e+00  1.79799719e+00 
 6.02649441e-06  0.00000000e+00  1.79919791e+00 
 6.02862854e-06  0.00000000e+00  1.79970740e+00 
 6.03104668e-06  0.00000000e+00  1.79989529e+00 
 6.03465723e-06  0.00000000e+00  1.79994632e+00 
 6.03948380e-06  0.00000000e+00  1.79991363e+00 
 6.04589545e-06  0.00000000e+00  1.79996434e+00 
 6.05304929e-06  0.00000000e+00  1.80000071e+00 
 6.06043548e-06  0.00000000e+00  1.80008710e+00 
 6.06582134e-06  0.00000000e+00  1.79984252e+00 
 6.07114992e-06  0.00000000e+00  1.80011111e+00 
 6.07724791e-06  0.00000000e+00  1.79988001e+00 
 6.08377960e-06  0.00000000e+00  1.80007518e+00 
 6.09232047e-06  0.00000000e+00  1.79990847e+00 
 6.10249950e-06  0.00000000e+00  1.80005712e+00 
 6.11552056e-06  0.00000000e+00  1.79993521e+00 
 6.12558498e-06  0.00000000e+00  1.80003971e+00 
 6.13602003e-06  0.00000000e+00  1.79995409e+00 
 6.14543261e-06  0.00000000e+00  1.80005074e+00 
 6.15509473e-06  0.00000000e+00  1.79991750e+00 
 6.16568742e-06  0.00000000e+00  1.80003142e+00 
 6.17699182e-06  0.00000000e+00  1.79995012e+00 
 6.19143224e-06  0.00000000e+00  1.80003677e+00 
 6.20725664e-06  0.00000000e+00  1.79994847e+00 
 6.23890543e-06  0.00000000e+00  1.80004035e+00 
 6.25010000e-06  6.67038446e-12  1.79994801e+00 
 6.25011000e-06  1.80000000e-01  1.80065865e+00 
 6.25013000e-06  5.40000000e-01  1.80217647e+00 
 6.25017000e-06  1.26000000e+00  1.80518811e+00 
 6.25020000e-06  1.80000000e+00  1.80727155e+00 
 6.25020074e-06  1.80000000e+00  1.80728508e+00 
 6.25020223e-06  1.80000000e+00  1.80725854e+00 
 6.25020521e-06  1.80000000e+00  1.80705782e+00 
 6.25021116e-06  1.80000000e+00  1.80667295e+00 
 6.25022306e-06  1.80000000e+00  1.80626384e+00 
 6.25024686e-06  1.80000000e+00  1.80584748e+00 
 6.25029447e-06  1.80000000e+00  1.80521482e+00 
 6.25038968e-06  1.80000000e+00  1.80432761e+00 
 6.25058010e-06  1.80000000e+00  1.80317348e+00 
 6.25091320e-06  1.80000000e+00  1.80238490e+00 
 6.25140475e-06  1.80000000e+00  1.80421270e+00 
 6.25203935e-06  1.80000000e+00  1.80484953e+00 
 6.25261418e-06  1.80000000e+00  1.80251680e+00 
 6.25329918e-06  1.80000000e+00  1.80101049e+00 
 6.25413947e-06  1.80000000e+00  1.80010799e+00 
 6.25474878e-06  1.80000000e+00  1.79949049e+00 
 6.25545308e-06  1.80000000e+00  1.79872955e+00 
 6.25635614e-06  1.80000000e+00  1.79823755e+00 
 6.25724683e-06  1.80000000e+00  1.79846327e+00 
 6.25833708e-06  1.80000000e+00  1.79875775e+00 
 6.26045509e-06  1.80000000e+00  1.79927388e+00 
 6.26238166e-06  1.80000000e+00  1.79953316e+00 
 6.26572384e-06  1.80000000e+00  1.79981039e+00 
 6.26968675e-06  1.80000000e+00  1.79992371e+00 
 6.27761258e-06  1.80000000e+00  1.80000401e+00 
 6.29346425e-06  1.80000000e+00  1.79999471e+00 
 6.32516757e-06  1.80000000e+00  1.80000530e+00 
 6.38857422e-06  1.80000000e+00  1.79999455e+00 
 6.50000000e-06  1.80000000e+00  1.80000535e+00 
 6.50001000e-06  1.62000000e+00  1.79878432e+00 
 6.50003000e-06  1.26000000e+00  1.79660501e+00 
 6.50007000e-06  5.40000000e-01  1.79390645e+00 
 6.50010000e-06  0.00000000e+00  1.79249721e+00 
 6.50010423e-06  0.00000000e+00  1.79281077e+00 
 6.50011269e-06  0.00000000e+00  1.79359838e+00 
 6.50012960e-06  0.00000000e+00  1.79471798e+00 
 6.50016344e-06  0.00000000e+00  1.79597057e+00 
 6.50023110e-06  0.00000000e+00  1.79794490e+00 
 6.50036643e-06  0.00000000e+00  1.79989226e+00 
 6.50054417e-06  0.00000000e+00  1.80098608e+00 
 6.50089964e-06  0.00000000e+00  1.80172546e+00 
 6.50139488e-06  0.00000000e+00  1.80133590e+00 
 6.50190820e-06  0.00000000e+00  1.80004648e+00 
 6.50245094e-06  0.00000000e+00  1.79856278e+00 
 6.50311411e-06  0.00000000e+00  1.79885980e+00 
 6.50377716e-06  0.00000000e+00  1.79957845e+00 
 6.50453104e-06  0.00000000e+00  1.79964578e+00 
 6.50538282e-06  0.00000000e+00  1.79980250e+00 
 6.50620991e-06  0.00000000e+00  1.79982021e+00 
 6.50734495e-06  0.00000000e+00  1.79985234e+00 
 6.50873251e-06  0.00000000e+00  1.79989328e+00 
 6.50992194e-06  0.00000000e+00  1.79997355e+00 
 6.51115499e-06  0.00000000e+00  1.79990378e+00 
 6.51228444e-06  0.00000000e+00  1.79997536e+00 
 6.51360157e-06  0.00000000e+00  1.79991184e+00 
 6.51491286e-06  0.00000000e+00  1.79997923e+00 
 6.51641867e-06  0.00000000e+00  1.79991859e+00 
 6.51943030e-06  0.00000000e+00  1.79998497e+00 
 6.52545356e-06  0.00000000e+00  1.79993042e+00 
 6.53617080e-06  0.00000000e+00  1.80000012e+00 
 6.55760529e-06  0.00000000e+00  1.79994849e+00 
 6.60047426e-06  0.00000000e+00  1.80001793e+00 
 6.68621221e-06  0.00000000e+00  1.79996278e+00 
 6.75010000e-06  6.67038446e-12  1.80002551e+00 
 6.75011000e-06  1.80000000e-01  1.80071264e+00 
 6.75013000e-06  5.40000000e-01  1.80222032e+00 
 6.75017000e-06  1.26000000e+00  1.80522368e+00 
 6.75020000e-06  1.80000000e+00  1.80728873e+00 
 6.75020074e-06  1.80000000e+00  1.80730252e+00 
 6.75020223e-06  1.80000000e+00  1.80727616e+00 
 6.75020521e-06  1.80000000e+00  1.80707528e+00 
 6.75021116e-06  1.80000000e+00  1.80669026e+00 
 6.75022307e-06  1.80000000e+00  1.80628080e+00 
 6.75024688e-06  1.80000000e+00  1.80586226e+00 
 6.75029450e-06  1.80000000e+00  1.80522142e+00 
 6.75038975e-06  1.80000000e+00  1.80432369e+00 
 6.75058023e-06  1.80000000e+00  1.80316387e+00 
 6.75091383e-06  1.80000000e+00  1.80238087e+00 
 6.75140519e-06  1.80000000e+00  1.80422095e+00 
 6.75204219e-06  1.80000000e+00  1.80484665e+00 
 6.75261599e-06  1.80000000e+00  1.80252065e+00 
 6.75330252e-06  1.80000000e+00  1.80104605e+00 
 6.75414283e-06  1.80000000e+00  1.80026027e+00 
 6.75474649e-06  1.80000000e+00  1.79971324e+00 
 6.75544310e-06  1.80000000e+00  1.79896142e+00 
 6.75613224e-06  1.80000000e+00  1.79832523e+00 
 6.75686043e-06  1.80000000e+00  1.79830772e+00 
 6.75781365e-06  1.80000000e+00  1.79853597e+00 
 6.75886870e-06  1.80000000e+00  1.79884654e+00 
 6.76097879e-06  1.80000000e+00  1.79931182e+00 
 6.76315285e-06  1.80000000e+00  1.79959393e+00 
 6.76695065e-06  1.80000000e+00  1.79985122e+00 
 6.77179826e-06  1.80000000e+00  1.79995690e+00 
 6.78149349e-06  1.80000000e+00  1.80000599e+00 
 6.80088394e-06  1.80000000e+00  1.79999557e+00 
 6.83966484e-06  1.80000000e+00  1.80000391e+00 
 6.91722665e-06  1.80000000e+00  1.79999608e+00 
 7.00000000e-06  1.80000000e+00  1.80000370e+00 
 7.00001000e-06  1.62000000e+00  1.79877729e+00 
 7.00003000e-06  1.26000000e+00  1.79659770e+00 
 7.00007000e-06  5.40000000e-01  1.79390423e+00 
 7.00010000e-06  0.00000000e+00  1.79249589e+00 
 7.00010419e-06  0.00000000e+00  1.79280663e+00 
 7.00011258e-06  0.00000000e+00  1.79358891e+00 
 7.00012935e-06  0.00000000e+00  1.79470448e+00 
 7.00016289e-06  0.00000000e+00  1.79595054e+00 
 7.00022997e-06  0.00000000e+00  1.79791950e+00 
 7.00036414e-06  0.00000000e+00  1.79987424e+00 
 7.00054083e-06  0.00000000e+00  1.80097613e+00 
 7.00089420e-06  0.00000000e+00  1.80172277e+00 
 7.00138554e-06  0.00000000e+00  1.80134633e+00 
 7.00189626e-06  0.00000000e+00  1.80007348e+00 
 7.00243447e-06  0.00000000e+00  1.79859165e+00 
 7.00309670e-06  0.00000000e+00  1.79877953e+00 
 7.00375307e-06  0.00000000e+00  1.79947922e+00 
 7.00453162e-06  0.00000000e+00  1.79965138e+00 
 7.00518633e-06  0.00000000e+00  1.79978759e+00 
 7.00589506e-06  0.00000000e+00  1.79981397e+00 
 7.00669888e-06  0.00000000e+00  1.79991723e+00 
 7.00746147e-06  0.00000000e+00  1.79986790e+00 
 7.00829030e-06  0.00000000e+00  1.79994261e+00 
 7.00952531e-06  0.00000000e+00  1.79989260e+00 
 7.01070040e-06  0.00000000e+00  1.79996269e+00 
 7.01287719e-06  0.00000000e+00  1.79993836e+00 
 7.01546017e-06  0.00000000e+00  1.80011635e+00 
 7.01740407e-06  0.00000000e+00  1.80032348e+00 
 7.01954375e-06  0.00000000e+00  1.79971543e+00 
 7.02109668e-06  0.00000000e+00  1.79930469e+00 
 7.02276663e-06  0.00000000e+00  1.79899892e+00 
 7.02452440e-06  0.00000000e+00  1.79796957e+00 
 7.02639588e-06  0.00000000e+00  1.79904396e+00 
 7.02844338e-06  0.00000000e+00  1.79966049e+00 
 7.03088456e-06  0.00000000e+00  1.79986955e+00 
 7.03447636e-06  0.00000000e+00  1.79993981e+00 
 7.03868344e-06  0.00000000e+00  1.79993210e+00 
 7.04300831e-06  0.00000000e+00  1.79997184e+00 
 7.04991428e-06  0.00000000e+00  1.79998325e+00 
 7.05950666e-06  0.00000000e+00  1.79999736e+00 
 7.07103882e-06  0.00000000e+00  1.80002160e+00 
 7.07874380e-06  0.00000000e+00  1.79989068e+00 
 7.08682123e-06  0.00000000e+00  1.80008976e+00 
 7.09697863e-06  0.00000000e+00  1.79988883e+00 
 7.10769562e-06  0.00000000e+00  1.80008058e+00 
 7.12301280e-06  0.00000000e+00  1.79990155e+00 
 7.14190817e-06  0.00000000e+00  1.80007574e+00 
 7.16792686e-06  0.00000000e+00  1.79990977e+00 
 7.20691767e-06  0.00000000e+00  1.80007489e+00 
 7.25010000e-06  6.67038446e-12  1.79991513e+00 
 7.25011000e-06  1.80000000e-01  1.80064853e+00 
 7.25013000e-06  5.40000000e-01  1.80217612e+00 
 7.25017000e-06  1.26000000e+00  1.80516419e+00 
 7.25020000e-06  1.80000000e+00  1.80722439e+00 
 7.25020073e-06  1.80000000e+00  1.80723878e+00 
 7.25020219e-06  1.80000000e+00  1.80721821e+00 
 7.25020512e-06  1.80000000e+00  1.80703446e+00 
 7.25021096e-06  1.80000000e+00  1.80665542e+00 
 7.25022265e-06  1.80000000e+00  1.80622920e+00 
 7.25024604e-06  1.80000000e+00  1.80580932e+00 
 7.25029281e-06  1.80000000e+00  1.80518893e+00 
 7.25038634e-06  1.80000000e+00  1.80432817e+00 
 7.25057342e-06  1.80000000e+00  1.80320095e+00 
 7.25090694e-06  1.80000000e+00  1.80238351e+00 
 7.25139634e-06  1.80000000e+00  1.80415470e+00 
 7.25202793e-06  1.80000000e+00  1.80482655e+00 
 7.25260599e-06  1.80000000e+00  1.80233120e+00 
 7.25328739e-06  1.80000000e+00  1.80056326e+00 
 7.25412976e-06  1.80000000e+00  1.79983979e+00 
 7.25472366e-06  1.80000000e+00  1.79980959e+00 
 7.25540350e-06  1.80000000e+00  1.79980449e+00 
 7.25621671e-06  1.80000000e+00  1.79977192e+00 
 7.25725487e-06  1.80000000e+00  1.79984256e+00 
 7.25821316e-06  1.80000000e+00  1.79986411e+00 
 7.26012974e-06  1.80000000e+00  1.79992493e+00 
 7.26206026e-06  1.80000000e+00  1.79994581e+00 
 7.26518416e-06  1.80000000e+00  1.79998209e+00 
 7.26904654e-06  1.80000000e+00  1.79998845e+00 
 7.27677131e-06  1.80000000e+00  1.80000425e+00 
 7.29222086e-06  1.80000000e+00  1.79999704e+00 
 7.32311995e-06  1.80000000e+00  1.80000837e+00 
 7.35129383e-06  1.80000000e+00  1.79981870e+00 
 7.38119065e-06  1.80000000e+00  1.79986352e+00 
 7.40852772e-06  1.80000000e+00  1.80001806e+00 
 7.43508841e-06  1.80000000e+00  1.80003263e+00 
 7.46579454e-06  1.80000000e+00  1.79994817e+00 
 7.50000000e-06  1.80000000e+00  1.80005728e+00 
 7.50001000e-06  1.62000000e+00  1.79882511e+00 
 7.50003000e-06  1.26000000e+00  1.79664651e+00 
 7.50007000e-06  5.40000000e-01  1.79395744e+00 
 7.50010000e-06  0.00000000e+00  1.79254580e+00 
 7.50010423e-06  0.00000000e+00  1.79285974e+00 
 7.50011269e-06  0.00000000e+00  1.79364656e+00 
 7.50012960e-06  0.00000000e+00  1.79476133e+00 
 7.50016344e-06  0.00000000e+00  1.79600312e+00 
 7.50023110e-06  0.00000000e+00  1.79796928e+00 
 7.50036643e-06  0.00000000e+00  1.79991333e+00 
 7.50054481e-06  0.00000000e+00  1.80100396e+00 
 7.50090158e-06  0.00000000e+00  1.80172034e+00 
 7.50141677e-06  0.00000000e+00  1.80126874e+00 
 7.50194042e-06  0.00000000e+00  1.79996501e+00 
 7.50250115e-06  0.00000000e+00  1.79854191e+00 
 7.50316300e-06  0.00000000e+00  1.79895515e+00 
 7.50386134e-06  0.00000000e+00  1.79960554e+00 
 7.50459218e-06  0.00000000e+00  1.79962000e+00 
 7.50542374e-06  0.00000000e+00  1.79979851e+00 
 7.50628034e-06  0.00000000e+00  1.79981317e+00 
 7.50745925e-06  0.00000000e+00  1.79984720e+00 
 7.50889409e-06  0.00000000e+00  1.79989987e+00 
 7.51017524e-06  0.00000000e+00  1.79996603e+00 
 7.51148364e-06  0.00000000e+00  1.79990750e+00 
 7.51266867e-06  0.00000000e+00  1.79996959e+00 
 7.51401993e-06  0.00000000e+00  1.79991552e+00 
 7.51535528e-06  0.00000000e+00  1.79997362e+00 
 7.51690670e-06  0.00000000e+00  1.79992229e+00 
 7.52000953e-06  0.00000000e+00  1.79997978e+00 
 7.52530447e-06  0.00000000e+00  1.79993364e+00 
 7.53589435e-06  0.00000000e+00  1.79999482e+00 
 7.55707411e-06  0.00000000e+00  1.79995251e+00 
 7.59943364e-06  0.00000000e+00  1.80001328e+00 
 7.67992552e-06  0.00000000e+00  1.79996689e+00 
 7.75010000e-06  0.00000000e+00  1.80002110e+00 
 7.75011000e-06  1.80000000e-01  1.80070960e+00 
 7.75013000e-06  5.40000000e-01  1.80221780e+00 
 7.75017000e-06  1.26000000e+00  1.80521700e+00 
 7.75020000e-06  1.80000000e+00  1.80727742e+00 
 7.75020074e-06  1.80000000e+00  1.80729095e+00 
 7.75020223e-06  1.80000000e+00  1.80726432e+00 
 7.75020521e-06  1.80000000e+00  1.80706385e+00 
 7.75021116e-06  1.80000000e+00  1.80667986e+00 
 7.75022307e-06  1.80000000e+00  1.80627224e+00 
 7.75024688e-06  1.80000000e+00  1.80585832e+00 
 7.75029451e-06  1.80000000e+00  1.80522359e+00 
 7.75038977e-06  1.80000000e+00  1.80432756e+00 
 7.75058028e-06  1.80000000e+00  1.80316384e+00 
 7.75091850e-06  1.80000000e+00  1.80238476e+00 
 7.75140752e-06  1.80000000e+00  1.80424398e+00 
 7.75197874e-06  1.80000000e+00  1.80507703e+00 
 7.75257776e-06  1.80000000e+00  1.80264603e+00 
 7.75322479e-06  1.80000000e+00  1.80115165e+00 
 7.75406010e-06  1.80000000e+00  1.80031220e+00 
 7.75466449e-06  1.80000000e+00  1.79975956e+00 
 7.75536682e-06  1.80000000e+00  1.79904070e+00 
 7.75602258e-06  1.80000000e+00  1.79839827e+00 
 7.75674007e-06  1.80000000e+00  1.79829474e+00 
 7.75764238e-06  1.80000000e+00  1.79850283e+00 
 7.75864974e-06  1.80000000e+00  1.79878409e+00 
 7.76066446e-06  1.80000000e+00  1.79926311e+00 
 7.76277001e-06  1.80000000e+00  1.79954957e+00 
 7.76636380e-06  1.80000000e+00  1.79983087e+00 
 7.77079815e-06  1.80000000e+00  1.79993844e+00 
 7.77966687e-06  1.80000000e+00  1.80000911e+00 
 7.79740429e-06  1.80000000e+00  1.79999171e+00 
 7.83287913e-06  1.80000000e+00  1.80000791e+00 
 7.90382882e-06  1.80000000e+00  1.79999202e+00 
 8.00000000e-06  1.80000000e+00  1.80000781e+00 
 8.00001000e-06  1.62000000e+00  1.79878214e+00 
 8.00003000e-06  1.26000000e+00  1.79660450e+00 
 8.00007000e-06  5.40000000e-01  1.79391366e+00 
 8.00010000e-06  0.00000000e+00  1.79250599e+00 
 8.00010419e-06  0.00000000e+00  1.79281704e+00 
 8.00011258e-06  0.00000000e+00  1.79359891e+00 
 8.00012935e-06  0.00000000e+00  1.79471171e+00 
 8.00016290e-06  0.00000000e+00  1.79595048e+00 
 8.00022999e-06  0.00000000e+00  1.79791401e+00 
 8.00036418e-06  0.00000000e+00  1.79987306e+00 
 8.00054154e-06  0.00000000e+00  1.80098225e+00 
 8.00089628e-06  0.00000000e+00  1.80171577e+00 
 8.00140617e-06  0.00000000e+00  1.80128813e+00 
 8.00192596e-06  0.00000000e+00  1.80001143e+00 
 8.00248403e-06  0.00000000e+00  1.79858098e+00 
 8.00314265e-06  0.00000000e+00  1.79886812e+00 
 8.00383180e-06  0.00000000e+00  1.79952361e+00 
 8.00462512e-06  0.00000000e+00  1.79965144e+00 
 8.00530886e-06  0.00000000e+00  1.79979191e+00 
 8.00602612e-06  0.00000000e+00  1.79982740e+00 
 8.00681950e-06  0.00000000e+00  1.79991115e+00 
 8.00759288e-06  0.00000000e+00  1.79987280e+00 
 8.00842586e-06  0.00000000e+00  1.79993676e+00 
 8.00957581e-06  0.00000000e+00  1.79989571e+00 
 8.01088837e-06  0.00000000e+00  1.79995620e+00 
 8.01303543e-06  0.00000000e+00  1.79991475e+00 
 8.01567477e-06  0.00000000e+00  1.79997266e+00 
 8.01766174e-06  0.00000000e+00  1.79992576e+00 
 8.01985741e-06  0.00000000e+00  1.79997939e+00 
 8.02200859e-06  0.00000000e+00  1.79993187e+00 
 8.02448852e-06  0.00000000e+00  1.79998451e+00 
 8.02834353e-06  0.00000000e+00  1.79993830e+00 
 8.03343122e-06  0.00000000e+00  1.79999199e+00 
 8.04218269e-06  0.00000000e+00  1.79994765e+00 
 8.05630683e-06  0.00000000e+00  1.80000302e+00 
 8.08022621e-06  0.00000000e+00  1.79995934e+00 
 8.12247472e-06  0.00000000e+00  1.80001419e+00 
 8.19485587e-06  0.00000000e+00  1.79996866e+00 
 8.25010000e-06  0.00000000e+00  1.80001970e+00 
 8.25011000e-06  1.80000000e-01  1.80070961e+00 
 8.25013000e-06  5.40000000e-01  1.80222026e+00 
 8.25017000e-06  1.26000000e+00  1.80522135e+00 
 8.25020000e-06  1.80000000e+00  1.80728034e+00 
 8.25020074e-06  1.80000000e+00  1.80729369e+00 
 8.25020223e-06  1.80000000e+00  1.80726645e+00 
 8.25020521e-06  1.80000000e+00  1.80706434e+00 
 8.25021116e-06  1.80000000e+00  1.80667954e+00 
 8.25022306e-06  1.80000000e+00  1.80627299e+00 
 8.25024686e-06  1.80000000e+00  1.80586058e+00 
 8.25029447e-06  1.80000000e+00  1.80522974e+00 
 8.25038968e-06  1.80000000e+00  1.80433597e+00 
 8.25058011e-06  1.80000000e+00  1.80316995e+00 
 8.25096097e-06  1.80000000e+00  1.80244677e+00 
 8.25142707e-06  1.80000000e+00  1.80437886e+00 
 8.25198230e-06  1.80000000e+00  1.80494066e+00 
 8.25258187e-06  1.80000000e+00  1.80235472e+00 
 8.25321999e-06  1.80000000e+00  1.80066042e+00 
 8.25404504e-06  1.80000000e+00  1.79991839e+00 
 8.25494721e-06  1.80000000e+00  1.79974812e+00 
 8.25612240e-06  1.80000000e+00  1.79979460e+00 
 8.25751824e-06  1.80000000e+00  1.79984656e+00 
 8.25884627e-06  1.80000000e+00  1.79990343e+00 
 8.26109955e-06  1.80000000e+00  1.79993649e+00 
 8.26350343e-06  1.80000000e+00  1.79997276e+00 
 8.26727195e-06  1.80000000e+00  1.79998341e+00 
 8.27287846e-06  1.80000000e+00  1.80000168e+00 
 8.28409149e-06  1.80000000e+00  1.79999623e+00 
 8.30651756e-06  1.80000000e+00  1.80000372e+00 
 8.35136968e-06  1.80000000e+00  1.79999611e+00 
 8.44107392e-06  1.80000000e+00  1.80000378e+00 
 8.50000000e-06  1.80000000e+00  1.79999613e+00 
 8.50001000e-06  1.62000000e+00  1.79877061e+00 
 8.50003000e-06  1.26000000e+00  1.79659491e+00 
 8.50007000e-06  5.40000000e-01  1.79390982e+00 
 8.50010000e-06  0.00000000e+00  1.79250534e+00 
 8.50010420e-06  0.00000000e+00  1.79281926e+00 
 8.50011259e-06  0.00000000e+00  1.79360640e+00 
 8.50012937e-06  0.00000000e+00  1.79472343e+00 
 8.50016294e-06  0.00000000e+00  1.79596271e+00 
 8.50023008e-06  0.00000000e+00  1.79792172e+00 
 8.50036436e-06  0.00000000e+00  1.79987831e+00 
 8.50062372e-06  0.00000000e+00  1.80133384e+00 
 8.50102326e-06  0.00000000e+00  1.80184937e+00 
 8.50173198e-06  0.00000000e+00  1.80025239e+00 
 8.50237637e-06  0.00000000e+00  1.80039764e+00 
 8.50293922e-06  0.00000000e+00  1.81077961e+00 
 8.50362489e-06  0.00000000e+00  1.82400996e+00 
 8.50426456e-06  0.00000000e+00  1.80355327e+00 
 8.50501667e-06  0.00000000e+00  1.75868223e+00 
 8.50585805e-06  0.00000000e+00  1.71041443e+00 
 8.50679654e-06  0.00000000e+00  1.65548250e+00 
 8.50827075e-06  0.00000000e+00  1.56941955e+00 
 8.50962707e-06  0.00000000e+00  1.48964559e+00 
 8.51110713e-06  0.00000000e+00  1.40275736e+00 
 8.51253372e-06  0.00000000e+00  1.31886375e+00 
 8.51418872e-06  0.00000000e+00  1.22212053e+00 
 8.51633720e-06  0.00000000e+00  1.09767278e+00 
 8.51872837e-06  0.00000000e+00  9.62247687e-01 
 8.52351072e-06  0.00000000e+00  7.19121406e-01 
 8.52896079e-06  0.00000000e+00  4.72412028e-01 
 8.53279152e-06  0.00000000e+00  3.20817030e-01 
 8.53599139e-06  0.00000000e+00  2.12600464e-01 
 8.53876719e-06  0.00000000e+00  1.46139086e-01 
 8.54120093e-06  0.00000000e+00  1.01005274e-01 
 8.54314953e-06  0.00000000e+00  7.67918507e-02 
 8.54509900e-06  0.00000000e+00  5.63745470e-02 
 8.54693783e-06  0.00000000e+00  4.32159767e-02 
 8.54869854e-06  0.00000000e+00  3.23770066e-02 
 8.55122313e-06  0.00000000e+00  2.21841763e-02 
 8.55402434e-06  0.00000000e+00  1.38982187e-02 
 8.55676758e-06  0.00000000e+00  9.23508141e-03 
 8.56146106e-06  0.00000000e+00  4.06098090e-03 
 8.56632757e-06  0.00000000e+00  1.99753641e-03 
 8.57491918e-06  0.00000000e+00  2.71717528e-04 
 8.58334148e-06  0.00000000e+00  2.05533805e-04 
 8.59925725e-06  0.00000000e+00 -7.74143336e-05 
 8.61518495e-06  0.00000000e+00  1.25261332e-04 
 8.63252194e-06  0.00000000e+00 -6.57466650e-05 
 8.65114056e-06  0.00000000e+00  1.14846385e-04 
 8.67927658e-06  0.00000000e+00 -6.38142273e-05 
 8.71795688e-06  0.00000000e+00  1.07083686e-04 
 8.75010000e-06  0.00000000e+00 -6.44916083e-05 
 8.75011000e-06  1.80000000e-01  9.97160870e-04 
 8.75013000e-06  5.40000000e-01  2.79137168e-03 
 8.75017000e-06  1.26000000e+00  4.79253789e-03 
 8.75020000e-06  1.80000000e+00  5.95652225e-03 
 8.75020075e-06  1.80000000e+00  5.94955220e-03 
 8.75020224e-06  1.80000000e+00  5.88229081e-03 
 8.75020522e-06  1.80000000e+00  5.63309741e-03 
 8.75021118e-06  1.80000000e+00  5.22010132e-03 
 8.75022311e-06  1.80000000e+00  4.75068252e-03 
 8.75024697e-06  1.80000000e+00  4.18173799e-03 
 8.75029469e-06  1.80000000e+00  3.34493129e-03 
 8.75039012e-06  1.80000000e+00  2.33557971e-03 
 8.75058099e-06  1.80000000e+00  1.47990606e-03 
 8.75095547e-06  1.80000000e+00  1.38479887e-03 
 8.75142646e-06  1.80000000e+00  2.90871138e-03 
 8.75198506e-06  1.80000000e+00  2.50251511e-03 
 8.75258452e-06  1.80000000e+00  1.56101626e-03 
 8.75322661e-06  1.80000000e+00  1.15168199e-03 
 8.75405297e-06  1.80000000e+00 -9.92287870e-04 
 8.75468101e-06  1.80000000e+00 -1.53106254e-03 
 8.75541186e-06  1.80000000e+00 -7.21414099e-04 
 8.75617462e-06  1.80000000e+00 -1.84611135e-04 
 8.75697470e-06  1.80000000e+00  3.32738815e-05 
 8.75809704e-06  1.80000000e+00  3.86275070e-04 
 8.75961066e-06  1.80000000e+00  5.30410016e-04 
 8.76162345e-06  1.80000000e+00  6.78390765e-04 
 8.76426270e-06  1.80000000e+00  5.63621665e-04 
 8.76817334e-06  1.80000000e+00  4.96850836e-04 
 8.77576104e-06  1.80000000e+00  2.58408374e-04 
 8.79093645e-06  1.80000000e+00  1.46071057e-04 
 8.82075098e-06  1.80000000e+00  3.57877733e-05 
 8.88038003e-06  1.80000000e+00  5.83075965e-05 
 8.96313162e-06  1.80000000e+00 -2.70371453e-06 
 9.00000000e-06  1.80000000e+00  4.34393164e-05 
