 1.00000000e-12  1.78200000e+00  3.41923711e-01 
 1.02772000e-12  1.78150104e+00  3.47105798e-01 
 1.08316000e-12  1.78050312e+00  3.54355290e-01 
 1.19404001e-12  1.77850728e+00  3.62898955e-01 
 1.33845916e-12  1.77590774e+00  3.73303635e-01 
 1.62729745e-12  1.77070865e+00  3.91714081e-01 
 2.20497404e-12  1.76031047e+00  4.16861769e-01 
 3.04323358e-12  1.74522180e+00  4.35848334e-01 
 3.94958247e-12  1.72890752e+00  4.45118778e-01 
 5.16940934e-12  1.70695063e+00  4.49282363e-01 
 6.91453561e-12  1.67553836e+00  4.49144049e-01 
 1.00838035e-11  1.61849154e+00  4.44787920e-01 
 1.37850313e-11  1.55186944e+00  4.40503952e-01 
 2.04975377e-11  1.43104432e+00  4.36544243e-01 
 2.74892860e-11  1.30519285e+00  4.35218436e-01 
 3.63906673e-11  1.14496799e+00  4.34494956e-01 
 4.74406369e-11  9.46068536e-01  4.34189003e-01 
 6.40833477e-11  6.46499741e-01  4.33678461e-01 
 8.43729419e-11  2.81287045e-01  4.33526576e-01 
 1.00000000e-10  0.00000000e+00  4.33530266e-01 
 1.01305261e-10  0.00000000e+00  4.33793464e-01 
 1.03915782e-10  0.00000000e+00  4.34201348e-01 
 1.09136824e-10  0.00000000e+00  4.34803345e-01 
 1.19578908e-10  0.00000000e+00  4.35501254e-01 
 1.40463076e-10  0.00000000e+00  4.36718931e-01 
 1.82231413e-10  0.00000000e+00  4.39155973e-01 
 2.65768087e-10  0.00000000e+00  4.44163353e-01 
 4.17378887e-10  0.00000000e+00  4.52737147e-01 
 5.86968881e-10  0.00000000e+00  4.61092162e-01 
 8.59022143e-10  0.00000000e+00  4.73857131e-01 
 1.23661847e-09  0.00000000e+00  4.89447695e-01 
 1.75824593e-09  0.00000000e+00  5.01896780e-01 
 2.56213090e-09  0.00000000e+00  5.06130212e-01 
 3.30779262e-09  0.00000000e+00  4.99947879e-01 
 4.36903379e-09  0.00000000e+00  4.71105130e-01 
 5.41157160e-09  0.00000000e+00  4.31714596e-01 
 6.35793587e-09  0.00000000e+00  3.96945111e-01 
 7.74553455e-09  0.00000000e+00  3.47306075e-01 
 9.07540260e-09  0.00000000e+00  3.03206115e-01 
 1.03235724e-08  0.00000000e+00  2.65375614e-01 
 1.11838305e-08  0.00000000e+00  2.40614215e-01 
 1.20289808e-08  0.00000000e+00  2.17637834e-01 
 1.30558914e-08  0.00000000e+00  1.91846926e-01 
 1.40529336e-08  0.00000000e+00  1.69490340e-01 
 1.60470179e-08  0.00000000e+00  1.31242338e-01 
 1.90453862e-08  0.00000000e+00  8.81602212e-02 
 2.28412120e-08  0.00000000e+00  5.22632666e-02 
 2.69351259e-08  0.00000000e+00  2.93431264e-02 
 3.05670361e-08  0.00000000e+00  1.75132795e-02 
 3.44274968e-08  0.00000000e+00  1.00679996e-02 
 3.81441175e-08  0.00000000e+00  5.91114910e-03 
 4.23738790e-08  0.00000000e+00  3.19612590e-03 
 5.08334019e-08  0.00000000e+00  8.25559238e-04 
 6.12643481e-08  0.00000000e+00  1.21804832e-04 
 8.06294920e-08  0.00000000e+00 -4.50168868e-06 
 1.19359780e-07  0.00000000e+00  1.14678014e-06 
 1.82754107e-07  0.00000000e+00  6.21539239e-06 
 2.50100000e-07  0.00000000e+00 -5.59759890e-06 
 2.50110000e-07  1.80000000e-01  2.13112565e-03 
 2.50130000e-07  5.40000000e-01  5.16759831e-03 
 2.50170000e-07  1.26000000e+00  8.74097421e-03 
 2.50200000e-07  1.80000000e+00  1.04719957e-02 
 2.50200528e-07  1.80000000e+00  1.03225191e-02 
 2.50201583e-07  1.80000000e+00  1.00385020e-02 
 2.50203693e-07  1.80000000e+00  9.52863643e-03 
 2.50207913e-07  1.80000000e+00  8.79198444e-03 
 2.50216354e-07  1.80000000e+00  7.90966964e-03 
 2.50233235e-07  1.80000000e+00  6.61638298e-03 
 2.50266999e-07  1.80000000e+00  4.33805899e-03 
 2.50334525e-07  1.80000000e+00  2.15616315e-03 
 2.50427843e-07  1.80000000e+00  3.95707827e-04 
 2.50611410e-07  1.80000000e+00 -8.06713716e-04 
 2.50792042e-07  1.80000000e+00 -9.70455800e-04 
 2.51134901e-07  1.80000000e+00 -2.16162806e-04 
 2.51558376e-07  1.80000000e+00  9.23176092e-04 
 2.52258557e-07  1.80000000e+00  1.83735758e-03 
 2.52899693e-07  1.80000000e+00  8.81840923e-04 
 2.53738597e-07  1.80000000e+00  5.07886107e-04 
 2.54753905e-07  1.80000000e+00  4.75985521e-05 
 2.55922969e-07  1.80000000e+00 -9.24711409e-05 
 2.57000126e-07  1.80000000e+00  4.61992135e-04 
 2.58031971e-07  1.80000000e+00  5.17972528e-04 
 2.59197710e-07  1.80000000e+00  3.23950162e-04 
 2.60299060e-07  1.80000000e+00  5.35031831e-04 
 2.62113428e-07  1.80000000e+00  3.89996111e-04 
 2.64722549e-07  1.80000000e+00  4.29940784e-04 
 2.67421232e-07  1.80000000e+00  2.35838362e-04 
 2.72044100e-07  1.80000000e+00  2.12067925e-04 
 2.78808810e-07  1.80000000e+00  4.50767361e-05 
 2.92338229e-07  1.80000000e+00  6.42403887e-05 
 3.19397069e-07  1.80000000e+00 -3.27552487e-05 
 3.70368944e-07  1.80000000e+00  4.37808492e-05 
 4.72312694e-07  1.80000000e+00 -3.73099557e-05 
 5.00000000e-07  1.80000000e+00  4.09307849e-05 
 5.00010000e-07  1.62000000e+00 -8.04766397e-04 
 5.00030000e-07  1.26000000e+00 -2.09751266e-03 
 5.00070000e-07  5.40000000e-01 -3.42653784e-03 
 5.00100000e-07  0.00000000e+00 -4.29529430e-03 
 5.00104263e-07  0.00000000e+00 -4.01138509e-03 
 5.00112789e-07  0.00000000e+00 -3.41671826e-03 
 5.00129841e-07  0.00000000e+00 -2.80472734e-03 
 5.00163944e-07  0.00000000e+00 -2.20369889e-03 
 5.00232152e-07  0.00000000e+00 -1.26159011e-03 
 5.00368567e-07  0.00000000e+00 -4.72842324e-04 
 5.00559507e-07  0.00000000e+00 -1.78900119e-05 
 5.00941388e-07  0.00000000e+00  4.19749220e-04 
 5.01535991e-07  0.00000000e+00 -1.70438780e-04 
 5.02162721e-07  0.00000000e+00 -5.33447203e-03 
 5.02854097e-07  0.00000000e+00 -1.38373796e-02 
 5.03676274e-07  0.00000000e+00  8.67347019e-03 
 5.04428281e-07  0.00000000e+00  6.86153314e-02 
 5.05341799e-07  0.00000000e+00  1.55404053e-01 
 5.06300272e-07  0.00000000e+00  2.48743650e-01 
 5.07290759e-07  0.00000000e+00  3.43690528e-01 
 5.08690692e-07  0.00000000e+00  4.72973610e-01 
 5.10114785e-07  0.00000000e+00  5.97402271e-01 
 5.12675209e-07  0.00000000e+00  8.13665606e-01 
 5.15599542e-07  0.00000000e+00  1.02867847e+00 
 5.17747888e-07  0.00000000e+00  1.15536952e+00 
 5.20193827e-07  0.00000000e+00  1.30749093e+00 
 5.22648465e-07  0.00000000e+00  1.50462868e+00 
 5.25202500e-07  0.00000000e+00  1.67421257e+00 
 5.28411318e-07  0.00000000e+00  1.76795889e+00 
 5.33032364e-07  0.00000000e+00  1.79817962e+00 
 5.39374532e-07  0.00000000e+00  1.80039253e+00 
 5.48757152e-07  0.00000000e+00  1.79996053e+00 
 5.67522393e-07  0.00000000e+00  1.80008511e+00 
 5.94940274e-07  0.00000000e+00  1.79998182e+00 
 6.45998332e-07  0.00000000e+00  1.80003544e+00 
 7.44573331e-07  0.00000000e+00  1.79998303e+00 
 7.50100000e-07  9.52912066e-13  1.79997084e+00 
 7.50110000e-07  1.80000000e-01  1.80063967e+00 
 7.50130000e-07  5.40000000e-01  1.80196860e+00 
 7.50170000e-07  1.26000000e+00  1.80467049e+00 
 7.50200000e-07  1.80000000e+00  1.80654968e+00 
 7.50200770e-07  1.80000000e+00  1.80655494e+00 
 7.50202310e-07  1.80000000e+00  1.80651593e+00 
 7.50205391e-07  1.80000000e+00  1.80631576e+00 
 7.50211551e-07  1.80000000e+00  1.80596879e+00 
 7.50223873e-07  1.80000000e+00  1.80562878e+00 
 7.50248516e-07  1.80000000e+00  1.80529415e+00 
 7.50297802e-07  1.80000000e+00  1.80476901e+00 
 7.50396375e-07  1.80000000e+00  1.80404349e+00 
 7.50593520e-07  1.80000000e+00  1.80311059e+00 
 7.50983917e-07  1.80000000e+00  1.80203297e+00 
 7.51569272e-07  1.80000000e+00  1.80338800e+00 
 7.52238653e-07  1.80000000e+00  1.80525462e+00 
 7.52985143e-07  1.80000000e+00  1.80299614e+00 
 7.53829386e-07  1.80000000e+00  1.80094943e+00 
 7.54922752e-07  1.80000000e+00  1.79988176e+00 
 7.55816156e-07  1.80000000e+00  1.79995390e+00 
 7.56877117e-07  1.80000000e+00  1.80109456e+00 
 7.57785103e-07  1.80000000e+00  1.79970241e+00 
 7.58767632e-07  1.80000000e+00  1.79990692e+00 
 7.59881542e-07  1.80000000e+00  1.79983374e+00 
 7.61132136e-07  1.80000000e+00  1.79996730e+00 
 7.63633324e-07  1.80000000e+00  1.79991871e+00 
 7.66446900e-07  1.80000000e+00  1.80001808e+00 
 7.70880564e-07  1.80000000e+00  1.79996094e+00 
 7.76847460e-07  1.80000000e+00  1.80004117e+00 
 7.88781253e-07  1.80000000e+00  1.79997300e+00 
 8.12648838e-07  1.80000000e+00  1.80004226e+00 
 8.60150423e-07  1.80000000e+00  1.79997134e+00 
 9.55153594e-07  1.80000000e+00  1.80003950e+00 
 1.00000000e-06  1.80000000e+00  1.79996943e+00 
 1.00001000e-06  1.62000000e+00  1.79886036e+00 
 1.00003000e-06  1.26000000e+00  1.79688833e+00 
 1.00007000e-06  5.40000000e-01  1.79444634e+00 
 1.00010000e-06  0.00000000e+00  1.79322423e+00 
 1.00010424e-06  0.00000000e+00  1.79352190e+00 
 1.00011272e-06  0.00000000e+00  1.79423436e+00 
 1.00012967e-06  0.00000000e+00  1.79519347e+00 
 1.00016358e-06  0.00000000e+00  1.79624128e+00 
 1.00023140e-06  0.00000000e+00  1.79787341e+00 
 1.00036705e-06  0.00000000e+00  1.79956566e+00 
 1.00055733e-06  0.00000000e+00  1.80060522e+00 
 1.00093790e-06  0.00000000e+00  1.80134589e+00 
 1.00153426e-06  0.00000000e+00  1.80159621e+00 
 1.00216181e-06  0.00000000e+00  1.80096211e+00 
 1.00285293e-06  0.00000000e+00  1.79946125e+00 
 1.00356724e-06  0.00000000e+00  1.79806287e+00 
 1.00432036e-06  0.00000000e+00  1.79882474e+00 
 1.00516311e-06  0.00000000e+00  1.79855898e+00 
 1.00607140e-06  0.00000000e+00  1.79970924e+00 
 1.00701840e-06  0.00000000e+00  1.79672764e+00 
 1.00794688e-06  0.00000000e+00  1.79248938e+00 
 1.00903828e-06  0.00000000e+00  1.79198396e+00 
 1.01001102e-06  0.00000000e+00  1.78854751e+00 
 1.01108139e-06  0.00000000e+00  1.79016485e+00 
 1.01258887e-06  0.00000000e+00  1.79450106e+00 
 1.01427439e-06  0.00000000e+00  1.79723825e+00 
 1.01716996e-06  0.00000000e+00  1.79920599e+00 
 1.02013131e-06  0.00000000e+00  1.80000698e+00 
 1.02248951e-06  0.00000000e+00  1.80023744e+00 
 1.02462492e-06  0.00000000e+00  1.79964365e+00 
 1.02614691e-06  0.00000000e+00  1.79900972e+00 
 1.02770950e-06  0.00000000e+00  1.79987010e+00 
 1.02917172e-06  0.00000000e+00  1.79863501e+00 
 1.03074224e-06  0.00000000e+00  1.79824801e+00 
 1.03251430e-06  0.00000000e+00  1.79881866e+00 
 1.03499768e-06  0.00000000e+00  1.79966499e+00 
 1.03756867e-06  0.00000000e+00  1.79979652e+00 
 1.04224394e-06  0.00000000e+00  1.80002500e+00 
 1.04906823e-06  0.00000000e+00  1.79993208e+00 
 1.05623819e-06  0.00000000e+00  1.79997918e+00 
 1.06288728e-06  0.00000000e+00  1.79989679e+00 
 1.06923827e-06  0.00000000e+00  1.80004508e+00 
 1.07443016e-06  0.00000000e+00  1.79996851e+00 
 1.08010280e-06  0.00000000e+00  1.80024692e+00 
 1.08388478e-06  0.00000000e+00  1.79964620e+00 
 1.08797522e-06  0.00000000e+00  1.80023803e+00 
 1.09239803e-06  0.00000000e+00  1.79977425e+00 
 1.09710058e-06  0.00000000e+00  1.80018488e+00 
 1.10412699e-06  0.00000000e+00  1.79981463e+00 
 1.11064436e-06  0.00000000e+00  1.80015436e+00 
 1.11806779e-06  0.00000000e+00  1.79983329e+00 
 1.12576046e-06  0.00000000e+00  1.80013602e+00 
 1.14114580e-06  0.00000000e+00  1.79984944e+00 
 1.16110602e-06  0.00000000e+00  1.80012965e+00 
 1.19341223e-06  0.00000000e+00  1.79985736e+00 
 1.24833344e-06  0.00000000e+00  1.80012882e+00 
 1.25010000e-06  0.00000000e+00  1.79989548e+00 
 1.25011000e-06  1.80000000e-01  1.80058828e+00 
 1.25013000e-06  5.40000000e-01  1.80204408e+00 
 1.25017000e-06  1.26000000e+00  1.80496801e+00 
 1.25020000e-06  1.80000000e+00  1.80704455e+00 
 1.25020077e-06  1.80000000e+00  1.80705858e+00 
 1.25020231e-06  1.80000000e+00  1.80703452e+00 
 1.25020539e-06  1.80000000e+00  1.80684313e+00 
 1.25021155e-06  1.80000000e+00  1.80647545e+00 
 1.25022387e-06  1.80000000e+00  1.80609955e+00 
 1.25024851e-06  1.80000000e+00  1.80573237e+00 
 1.25029779e-06  1.80000000e+00  1.80515053e+00 
 1.25039635e-06  1.80000000e+00  1.80434040e+00 
 1.25059348e-06  1.80000000e+00  1.80329967e+00 
 1.25093907e-06  1.80000000e+00  1.80217176e+00 
 1.25155606e-06  1.80000000e+00  1.80303799e+00 
 1.25218784e-06  1.80000000e+00  1.80487310e+00 
 1.25295877e-06  1.80000000e+00  1.80263300e+00 
 1.25378337e-06  1.80000000e+00  1.80067940e+00 
 1.25485896e-06  1.80000000e+00  1.79982746e+00 
 1.25572222e-06  1.80000000e+00  1.79976714e+00 
 1.25673748e-06  1.80000000e+00  1.79981758e+00 
 1.25769983e-06  1.80000000e+00  1.79979561e+00 
 1.25871558e-06  1.80000000e+00  1.79983582e+00 
 1.26042129e-06  1.80000000e+00  1.79988863e+00 
 1.26201992e-06  1.80000000e+00  1.79991508e+00 
 1.26487146e-06  1.80000000e+00  1.79995611e+00 
 1.26796672e-06  1.80000000e+00  1.79997194e+00 
 1.27301329e-06  1.80000000e+00  1.79999476e+00 
 1.28210623e-06  1.80000000e+00  1.79999603e+00 
 1.30029213e-06  1.80000000e+00  1.80000351e+00 
 1.33458106e-06  1.80000000e+00  1.79999636e+00 
 1.40315891e-06  1.80000000e+00  1.80000350e+00 
 1.50000000e-06  1.80000000e+00  1.79999639e+00 
 1.50001000e-06  1.62000000e+00  1.79883426e+00 
 1.50003000e-06  1.26000000e+00  1.79671782e+00 
 1.50007000e-06  5.40000000e-01  1.79404422e+00 
 1.50010000e-06  0.00000000e+00  1.79268141e+00 
 1.50010429e-06  0.00000000e+00  1.79296749e+00 
 1.50011287e-06  0.00000000e+00  1.79368668e+00 
 1.50013002e-06  0.00000000e+00  1.79471350e+00 
 1.50016433e-06  0.00000000e+00  1.79583724e+00 
 1.50023296e-06  0.00000000e+00  1.79759195e+00 
 1.50037020e-06  0.00000000e+00  1.79939015e+00 
 1.50055544e-06  0.00000000e+00  1.80047819e+00 
 1.50092591e-06  0.00000000e+00  1.80127647e+00 
 1.50160943e-06  0.00000000e+00  1.80155110e+00 
 1.50223141e-06  0.00000000e+00  1.80089209e+00 
 1.50286264e-06  0.00000000e+00  1.79943781e+00 
 1.50357287e-06  0.00000000e+00  1.79791817e+00 
 1.50431281e-06  0.00000000e+00  1.79800355e+00 
 1.50515695e-06  0.00000000e+00  1.79844029e+00 
 1.50606274e-06  0.00000000e+00  1.79893683e+00 
 1.50710841e-06  0.00000000e+00  1.79928200e+00 
 1.50845013e-06  0.00000000e+00  1.79960220e+00 
 1.50981682e-06  0.00000000e+00  1.79968683e+00 
 1.51138774e-06  0.00000000e+00  1.79987909e+00 
 1.51278571e-06  0.00000000e+00  1.79987958e+00 
 1.51425297e-06  0.00000000e+00  1.79996034e+00 
 1.51631837e-06  0.00000000e+00  1.79992850e+00 
 1.51821627e-06  0.00000000e+00  1.79998959e+00 
 1.52024697e-06  0.00000000e+00  1.79994318e+00 
 1.52332796e-06  0.00000000e+00  1.79999738e+00 
 1.52622706e-06  0.00000000e+00  1.79994841e+00 
 1.53176157e-06  0.00000000e+00  1.80000107e+00 
 1.53923092e-06  0.00000000e+00  1.79995289e+00 
 1.55160485e-06  0.00000000e+00  1.80000620e+00 
 1.57325996e-06  0.00000000e+00  1.79995957e+00 
 1.60789762e-06  0.00000000e+00  1.80001361e+00 
 1.67131569e-06  0.00000000e+00  1.79996697e+00 
 1.75010000e-06  0.00000000e+00  1.80001957e+00 
 1.75011000e-06  1.80000000e-01  1.80065197e+00 
 1.75013000e-06  5.40000000e-01  1.80196534e+00 
 1.75017000e-06  1.26000000e+00  1.80476862e+00 
 1.75020000e-06  1.80000000e+00  1.80683952e+00 
 1.75020077e-06  1.80000000e+00  1.80685280e+00 
 1.75020231e-06  1.80000000e+00  1.80682792e+00 
 1.75020539e-06  1.80000000e+00  1.80663727e+00 
 1.75021155e-06  1.80000000e+00  1.80627865e+00 
 1.75022387e-06  1.80000000e+00  1.80592022e+00 
 1.75024851e-06  1.80000000e+00  1.80557046e+00 
 1.75029778e-06  1.80000000e+00  1.80501848e+00 
 1.75039634e-06  1.80000000e+00  1.80424408e+00 
 1.75059344e-06  1.80000000e+00  1.80324447e+00 
 1.75093802e-06  1.80000000e+00  1.80215398e+00 
 1.75155111e-06  1.80000000e+00  1.80304276e+00 
 1.75218405e-06  1.80000000e+00  1.80491159e+00 
 1.75295315e-06  1.80000000e+00  1.80270421e+00 
 1.75377601e-06  1.80000000e+00  1.80069552e+00 
 1.75484965e-06  1.80000000e+00  1.79960773e+00 
 1.75575885e-06  1.80000000e+00  1.79956379e+00 
 1.75682202e-06  1.80000000e+00  1.79998906e+00 
 1.75774659e-06  1.80000000e+00  1.80032428e+00 
 1.75873398e-06  1.80000000e+00  1.80083499e+00 
 1.75987192e-06  1.80000000e+00  1.80113291e+00 
 1.76114582e-06  1.80000000e+00  1.80104861e+00 
 1.76244863e-06  1.80000000e+00  1.80079441e+00 
 1.76423568e-06  1.80000000e+00  1.80056730e+00 
 1.76646040e-06  1.80000000e+00  1.80038361e+00 
 1.76921972e-06  1.80000000e+00  1.80021977e+00 
 1.77289192e-06  1.80000000e+00  1.80010369e+00 
 1.77804623e-06  1.80000000e+00  1.80003296e+00 
 1.78835487e-06  1.80000000e+00  1.80000035e+00 
 1.80597205e-06  1.80000000e+00  1.79999926e+00 
 1.84120640e-06  1.80000000e+00  1.80000061e+00 
 1.91167512e-06  1.80000000e+00  1.79999925e+00 
 2.00000000e-06  1.80000000e+00  1.80000068e+00 
 2.00001000e-06  1.62000000e+00  1.79883520e+00 
 2.00003000e-06  1.26000000e+00  1.79671981e+00 
 2.00007000e-06  5.40000000e-01  1.79405687e+00 
 2.00010000e-06  3.67639252e-12  1.79269214e+00 
 2.00010424e-06  0.00000000e+00  1.79297499e+00 
 2.00011271e-06  0.00000000e+00  1.79368846e+00 
 2.00012967e-06  0.00000000e+00  1.79471041e+00 
 2.00016357e-06  0.00000000e+00  1.79582473e+00 
 2.00023138e-06  0.00000000e+00  1.79756682e+00 
 2.00036700e-06  0.00000000e+00  1.79936230e+00 
 2.00055118e-06  0.00000000e+00  1.80046071e+00 
 2.00091954e-06  0.00000000e+00  1.80126462e+00 
 2.00159956e-06  0.00000000e+00  1.80156669e+00 
 2.00222713e-06  0.00000000e+00  1.80091704e+00 
 2.00290913e-06  0.00000000e+00  1.79933709e+00 
 2.00362622e-06  0.00000000e+00  1.79804117e+00 
 2.00438219e-06  0.00000000e+00  1.79889790e+00 
 2.00522366e-06  0.00000000e+00  1.79794529e+00 
 2.00612687e-06  0.00000000e+00  1.79870750e+00 
 2.00697259e-06  0.00000000e+00  1.79984381e+00 
 2.00785471e-06  0.00000000e+00  1.80044809e+00 
 2.00874734e-06  0.00000000e+00  1.80077050e+00 
 2.00970658e-06  0.00000000e+00  1.80036264e+00 
 2.01060136e-06  0.00000000e+00  1.80034964e+00 
 2.01184730e-06  0.00000000e+00  1.80011887e+00 
 2.01314344e-06  0.00000000e+00  1.80011974e+00 
 2.01539380e-06  0.00000000e+00  1.79998882e+00 
 2.01786915e-06  0.00000000e+00  1.80006966e+00 
 2.01971338e-06  0.00000000e+00  1.80010238e+00 
 2.02176066e-06  0.00000000e+00  1.80044091e+00 
 2.02372166e-06  0.00000000e+00  1.79995280e+00 
 2.02520813e-06  0.00000000e+00  1.79931614e+00 
 2.02660942e-06  0.00000000e+00  1.79933946e+00 
 2.02809199e-06  0.00000000e+00  1.79962521e+00 
 2.02966927e-06  0.00000000e+00  1.79846000e+00 
 2.03147110e-06  0.00000000e+00  1.79838002e+00 
 2.03331977e-06  0.00000000e+00  1.79914978e+00 
 2.03647119e-06  0.00000000e+00  1.79981641e+00 
 2.03945230e-06  0.00000000e+00  1.79989673e+00 
 2.04541452e-06  0.00000000e+00  1.80000795e+00 
 2.05733897e-06  0.00000000e+00  1.79995346e+00 
 2.07534779e-06  0.00000000e+00  1.80000999e+00 
 2.11136544e-06  0.00000000e+00  1.79996256e+00 
 2.16379115e-06  0.00000000e+00  1.80001674e+00 
 2.23285570e-06  0.00000000e+00  1.79996879e+00 
 2.25010000e-06  0.00000000e+00  1.80001856e+00 
 2.25011000e-06  1.80000000e-01  1.80068434e+00 
 2.25013000e-06  5.40000000e-01  1.80200718e+00 
 2.25017000e-06  1.26000000e+00  1.80478265e+00 
 2.25020000e-06  1.80000000e+00  1.80683621e+00 
 2.25020076e-06  1.80000000e+00  1.80684851e+00 
 2.25020227e-06  1.80000000e+00  1.80682340e+00 
 2.25020529e-06  1.80000000e+00  1.80663537e+00 
 2.25021134e-06  1.80000000e+00  1.80627811e+00 
 2.25022343e-06  1.80000000e+00  1.80591719e+00 
 2.25024762e-06  1.80000000e+00  1.80556788e+00 
 2.25029599e-06  1.80000000e+00  1.80502246e+00 
 2.25039273e-06  1.80000000e+00  1.80425876e+00 
 2.25058621e-06  1.80000000e+00  1.80327314e+00 
 2.25092735e-06  1.80000000e+00  1.80216454e+00 
 2.25154216e-06  1.80000000e+00  1.80299765e+00 
 2.25216590e-06  1.80000000e+00  1.80491247e+00 
 2.25294699e-06  1.80000000e+00  1.80270253e+00 
 2.25375668e-06  1.80000000e+00  1.80072608e+00 
 2.25482744e-06  1.80000000e+00  1.79983745e+00 
 2.25576079e-06  1.80000000e+00  1.79980073e+00 
 2.25682245e-06  1.80000000e+00  1.79984891e+00 
 2.25793835e-06  1.80000000e+00  1.79981944e+00 
 2.25897779e-06  1.80000000e+00  1.79985443e+00 
 2.26079045e-06  1.80000000e+00  1.79990270e+00 
 2.26251093e-06  1.80000000e+00  1.79992514e+00 
 2.26532623e-06  1.80000000e+00  1.79996306e+00 
 2.26880594e-06  1.80000000e+00  1.79997594e+00 
 2.27404443e-06  1.80000000e+00  1.79999780e+00 
 2.28452139e-06  1.80000000e+00  1.79999565e+00 
 2.30327944e-06  1.80000000e+00  1.80000431e+00 
 2.33743133e-06  1.80000000e+00  1.79999550e+00 
 2.40573511e-06  1.80000000e+00  1.80000440e+00 
 2.46984577e-06  1.80000000e+00  1.79999547e+00 
 2.50000000e-06  1.80000000e+00  1.80000447e+00 
 2.50001000e-06  1.62000000e+00  1.79883881e+00 
 2.50003000e-06  1.26000000e+00  1.79672676e+00 
 2.50007000e-06  5.40000000e-01  1.79406261e+00 
 2.50010000e-06  3.67639252e-12  1.79269306e+00 
 2.50010424e-06  0.00000000e+00  1.79297732e+00 
 2.50011272e-06  0.00000000e+00  1.79369163e+00 
 2.50012967e-06  0.00000000e+00  1.79471044e+00 
 2.50016358e-06  0.00000000e+00  1.79582382e+00 
 2.50023140e-06  0.00000000e+00  1.79756678e+00 
 2.50036703e-06  0.00000000e+00  1.79936458e+00 
 2.50055133e-06  0.00000000e+00  1.80046401e+00 
 2.50091992e-06  0.00000000e+00  1.80126845e+00 
 2.50159996e-06  0.00000000e+00  1.80155395e+00 
 2.50222657e-06  0.00000000e+00  1.80089718e+00 
 2.50286236e-06  0.00000000e+00  1.79943454e+00 
 2.50357401e-06  0.00000000e+00  1.79791648e+00 
 2.50431521e-06  0.00000000e+00  1.79800695e+00 
 2.50516176e-06  0.00000000e+00  1.79844421e+00 
 2.50606865e-06  0.00000000e+00  1.79894174e+00 
 2.50711406e-06  0.00000000e+00  1.79928508e+00 
 2.50845669e-06  0.00000000e+00  1.79960181e+00 
 2.50982462e-06  0.00000000e+00  1.79968823e+00 
 2.51139419e-06  0.00000000e+00  1.79987967e+00 
 2.51280314e-06  0.00000000e+00  1.79987879e+00 
 2.51427711e-06  0.00000000e+00  1.79996067e+00 
 2.51632545e-06  0.00000000e+00  1.79992817e+00 
 2.51822789e-06  0.00000000e+00  1.79998980e+00 
 2.52033964e-06  0.00000000e+00  1.79994286e+00 
 2.52307405e-06  0.00000000e+00  1.79999748e+00 
 2.52651729e-06  0.00000000e+00  1.79994807e+00 
 2.53217691e-06  0.00000000e+00  1.80000157e+00 
 2.54080060e-06  0.00000000e+00  1.79995285e+00 
 2.55551620e-06  0.00000000e+00  1.80000740e+00 
 2.58088959e-06  0.00000000e+00  1.79996013e+00 
 2.62449421e-06  0.00000000e+00  1.80001526e+00 
 2.70563577e-06  0.00000000e+00  1.79996775e+00 
 2.75010000e-06  0.00000000e+00  1.80002001e+00 
 2.75011000e-06  1.80000000e-01  1.80065233e+00 
 2.75013000e-06  5.40000000e-01  1.80196547e+00 
 2.75017000e-06  1.26000000e+00  1.80476056e+00 
 2.75020000e-06  1.80000000e+00  1.80681149e+00 
 2.75020077e-06  1.80000000e+00  1.80682430e+00 
 2.75020231e-06  1.80000000e+00  1.80679883e+00 
 2.75020539e-06  1.80000000e+00  1.80660864e+00 
 2.75021155e-06  1.80000000e+00  1.80625270e+00 
 2.75022387e-06  1.80000000e+00  1.80589796e+00 
 2.75024851e-06  1.80000000e+00  1.80555192e+00 
 2.75029778e-06  1.80000000e+00  1.80500556e+00 
 2.75039634e-06  1.80000000e+00  1.80423793e+00 
 2.75059344e-06  1.80000000e+00  1.80324379e+00 
 2.75093792e-06  1.80000000e+00  1.80215495e+00 
 2.75154663e-06  1.80000000e+00  1.80303486e+00 
 2.75218055e-06  1.80000000e+00  1.80491767e+00 
 2.75294766e-06  1.80000000e+00  1.80272346e+00 
 2.75376892e-06  1.80000000e+00  1.80070886e+00 
 2.75483816e-06  1.80000000e+00  1.79961515e+00 
 2.75575423e-06  1.80000000e+00  1.79956170e+00 
 2.75682344e-06  1.80000000e+00  1.79998667e+00 
 2.75775621e-06  1.80000000e+00  1.80032723e+00 
 2.75874663e-06  1.80000000e+00  1.80083963e+00 
 2.75988211e-06  1.80000000e+00  1.80113684e+00 
 2.76115417e-06  1.80000000e+00  1.80104716e+00 
 2.76247638e-06  1.80000000e+00  1.80079195e+00 
 2.76424315e-06  1.80000000e+00  1.80056594e+00 
 2.76653713e-06  1.80000000e+00  1.80037965e+00 
 2.76929332e-06  1.80000000e+00  1.80021533e+00 
 2.77302452e-06  1.80000000e+00  1.80010212e+00 
 2.77822657e-06  1.80000000e+00  1.80003040e+00 
 2.78863065e-06  1.80000000e+00  1.80000146e+00 
 2.80808282e-06  1.80000000e+00  1.79999814e+00 
 2.84698715e-06  1.80000000e+00  1.80000179e+00 
 2.92479581e-06  1.80000000e+00  1.79999804e+00 
 3.00000000e-06  1.80000000e+00  1.80000189e+00 
 3.00001000e-06  1.62000000e+00  1.79883868e+00 
 3.00003000e-06  1.26000000e+00  1.79673253e+00 
 3.00007000e-06  5.40000000e-01  1.79407035e+00 
 3.00010000e-06  3.67639252e-12  1.79270082e+00 
 3.00010424e-06  0.00000000e+00  1.79298533e+00 
 3.00011271e-06  0.00000000e+00  1.79370009e+00 
 3.00012967e-06  0.00000000e+00  1.79471915e+00 
 3.00016357e-06  0.00000000e+00  1.79583154e+00 
 3.00023138e-06  0.00000000e+00  1.79757102e+00 
 3.00036700e-06  0.00000000e+00  1.79936399e+00 
 3.00055119e-06  0.00000000e+00  1.80046133e+00 
 3.00091958e-06  0.00000000e+00  1.80126446e+00 
 3.00159959e-06  0.00000000e+00  1.80156575e+00 
 3.00222617e-06  0.00000000e+00  1.80091650e+00 
 3.00290755e-06  0.00000000e+00  1.79933872e+00 
 3.00362466e-06  0.00000000e+00  1.79803954e+00 
 3.00438050e-06  0.00000000e+00  1.79889104e+00 
 3.00522163e-06  0.00000000e+00  1.79796247e+00 
 3.00612442e-06  0.00000000e+00  1.79868681e+00 
 3.00707311e-06  0.00000000e+00  1.79995726e+00 
 3.00793202e-06  0.00000000e+00  1.80046943e+00 
 3.00884645e-06  0.00000000e+00  1.80077289e+00 
 3.00982628e-06  0.00000000e+00  1.80033923e+00 
 3.01077189e-06  0.00000000e+00  1.80034307e+00 
 3.01210396e-06  0.00000000e+00  1.80009590e+00 
 3.01349659e-06  0.00000000e+00  1.80011289e+00 
 3.01567139e-06  0.00000000e+00  1.79998975e+00 
 3.01721788e-06  0.00000000e+00  1.80006861e+00 
 3.01893042e-06  0.00000000e+00  1.80005114e+00 
 3.02050225e-06  0.00000000e+00  1.80031555e+00 
 3.02230817e-06  0.00000000e+00  1.80031836e+00 
 3.02381221e-06  0.00000000e+00  1.79982262e+00 
 3.02532542e-06  0.00000000e+00  1.79914418e+00 
 3.02711635e-06  0.00000000e+00  1.79968625e+00 
 3.02876199e-06  0.00000000e+00  1.79874830e+00 
 3.03034812e-06  0.00000000e+00  1.79821614e+00 
 3.03237760e-06  0.00000000e+00  1.79894882e+00 
 3.03463951e-06  0.00000000e+00  1.79964708e+00 
 3.03737705e-06  0.00000000e+00  1.79982482e+00 
 3.04151328e-06  0.00000000e+00  1.79999751e+00 
 3.04780946e-06  0.00000000e+00  1.79994774e+00 
 3.05793631e-06  0.00000000e+00  1.80001127e+00 
 3.07502812e-06  0.00000000e+00  1.79995385e+00 
 3.09122233e-06  0.00000000e+00  1.80001555e+00 
 3.11050034e-06  0.00000000e+00  1.79995981e+00 
 3.13003629e-06  0.00000000e+00  1.80014393e+00 
 3.14299630e-06  0.00000000e+00  1.79961959e+00 
 3.15543388e-06  0.00000000e+00  1.80039462e+00 
 3.17127180e-06  0.00000000e+00  1.79960692e+00 
 3.18856941e-06  0.00000000e+00  1.80034242e+00 
 3.20982638e-06  0.00000000e+00  1.79967413e+00 
 3.23924634e-06  0.00000000e+00  1.80028851e+00 
 3.25010000e-06  0.00000000e+00  1.79976286e+00 
 3.25011000e-06  1.80000000e-01  1.80032207e+00 
 3.25013000e-06  5.40000000e-01  1.80158149e+00 
 3.25017000e-06  1.26000000e+00  1.80438596e+00 
 3.25020000e-06  1.80000000e+00  1.80641649e+00 
 3.25020077e-06  1.80000000e+00  1.80642983e+00 
 3.25020231e-06  1.80000000e+00  1.80640453e+00 
 3.25020539e-06  1.80000000e+00  1.80621502e+00 
 3.25021155e-06  1.80000000e+00  1.80587040e+00 
 3.25022386e-06  1.80000000e+00  1.80553205e+00 
 3.25024850e-06  1.80000000e+00  1.80520205e+00 
 3.25029776e-06  1.80000000e+00  1.80468494e+00 
 3.25039629e-06  1.80000000e+00  1.80397190e+00 
 3.25059335e-06  1.80000000e+00  1.80308404e+00 
 3.25093662e-06  1.80000000e+00  1.80210553e+00 
 3.25154537e-06  1.80000000e+00  1.80302008e+00 
 3.25217849e-06  1.80000000e+00  1.80493135e+00 
 3.25294593e-06  1.80000000e+00  1.80281987e+00 
 3.25376600e-06  1.80000000e+00  1.80105828e+00 
 3.25483182e-06  1.80000000e+00  1.80027973e+00 
 3.25578434e-06  1.80000000e+00  1.79968766e+00 
 3.25687312e-06  1.80000000e+00  1.79882317e+00 
 3.25797794e-06  1.80000000e+00  1.79836160e+00 
 3.25904598e-06  1.80000000e+00  1.79856244e+00 
 3.26083929e-06  1.80000000e+00  1.79895284e+00 
 3.26258637e-06  1.80000000e+00  1.79926606e+00 
 3.26539989e-06  1.80000000e+00  1.79958209e+00 
 3.26894194e-06  1.80000000e+00  1.79979791e+00 
 3.27424916e-06  1.80000000e+00  1.79993727e+00 
 3.28486361e-06  1.80000000e+00  1.80000017e+00 
 3.30334023e-06  1.80000000e+00  1.80000078e+00 
 3.33703126e-06  1.80000000e+00  1.79999876e+00 
 3.40441332e-06  1.80000000e+00  1.80000116e+00 
 3.50000000e-06  1.80000000e+00  1.79999859e+00 
 3.50001000e-06  1.62000000e+00  1.79884727e+00 
 3.50003000e-06  1.26000000e+00  1.79677076e+00 
 3.50007000e-06  5.40000000e-01  1.79410803e+00 
 3.50010000e-06  3.67639252e-12  1.79271385e+00 
 3.50010429e-06  0.00000000e+00  1.79299661e+00 
 3.50011287e-06  0.00000000e+00  1.79369741e+00 
 3.50013002e-06  0.00000000e+00  1.79467462e+00 
 3.50016433e-06  0.00000000e+00  1.79578115e+00 
 3.50023295e-06  0.00000000e+00  1.79754845e+00 
 3.50037019e-06  0.00000000e+00  1.79940185e+00 
 3.50055541e-06  0.00000000e+00  1.80051339e+00 
 3.50092585e-06  0.00000000e+00  1.80133414e+00 
 3.50160940e-06  0.00000000e+00  1.80140923e+00 
 3.50223045e-06  0.00000000e+00  1.80042657e+00 
 3.50291152e-06  0.00000000e+00  1.79904877e+00 
 3.50362404e-06  0.00000000e+00  1.79858646e+00 
 3.50437762e-06  0.00000000e+00  1.79938188e+00 
 3.50523088e-06  0.00000000e+00  1.79971573e+00 
 3.50615090e-06  0.00000000e+00  1.79979131e+00 
 3.50710982e-06  0.00000000e+00  1.79983132e+00 
 3.50847051e-06  0.00000000e+00  1.79992520e+00 
 3.50978193e-06  0.00000000e+00  1.79984908e+00 
 3.51139495e-06  0.00000000e+00  1.79999201e+00 
 3.51288330e-06  0.00000000e+00  1.79992918e+00 
 3.51443189e-06  0.00000000e+00  1.79999564e+00 
 3.51595680e-06  0.00000000e+00  1.79992986e+00 
 3.51766785e-06  0.00000000e+00  1.79999898e+00 
 3.51944083e-06  0.00000000e+00  1.79993314e+00 
 3.52136620e-06  0.00000000e+00  1.80000117e+00 
 3.52521695e-06  0.00000000e+00  1.79993664e+00 
 3.53289218e-06  0.00000000e+00  1.80000647e+00 
 3.54587562e-06  0.00000000e+00  1.79994456e+00 
 3.57184252e-06  0.00000000e+00  1.80001642e+00 
 3.62377631e-06  0.00000000e+00  1.79995590e+00 
 3.68540049e-06  0.00000000e+00  1.80002291e+00 
 3.74213725e-06  0.00000000e+00  1.79996178e+00 
 3.75010000e-06  0.00000000e+00  1.80007936e+00 
 3.75011000e-06  1.80000000e-01  1.80069418e+00 
 3.75013000e-06  5.40000000e-01  1.80198857e+00 
 3.75017000e-06  1.26000000e+00  1.80478551e+00 
 3.75020000e-06  1.80000000e+00  1.80682380e+00 
 3.75020077e-06  1.80000000e+00  1.80683571e+00 
 3.75020231e-06  1.80000000e+00  1.80680950e+00 
 3.75020539e-06  1.80000000e+00  1.80662430e+00 
 3.75021155e-06  1.80000000e+00  1.80627999e+00 
 3.75022387e-06  1.80000000e+00  1.80593159e+00 
 3.75024851e-06  1.80000000e+00  1.80559305e+00 
 3.75029779e-06  1.80000000e+00  1.80504895e+00 
 3.75039635e-06  1.80000000e+00  1.80426690e+00 
 3.75059347e-06  1.80000000e+00  1.80326054e+00 
 3.75093797e-06  1.80000000e+00  1.80217591e+00 
 3.75154480e-06  1.80000000e+00  1.80304997e+00 
 3.75217922e-06  1.80000000e+00  1.80492912e+00 
 3.75294519e-06  1.80000000e+00  1.80272551e+00 
 3.75376598e-06  1.80000000e+00  1.80069770e+00 
 3.75483156e-06  1.80000000e+00  1.79958485e+00 
 3.75574564e-06  1.80000000e+00  1.79950958e+00 
 3.75681357e-06  1.80000000e+00  1.79993502e+00 
 3.75774628e-06  1.80000000e+00  1.80028649e+00 
 3.75873575e-06  1.80000000e+00  1.80080441e+00 
 3.75986913e-06  1.80000000e+00  1.80112622e+00 
 3.76113961e-06  1.80000000e+00  1.80103618e+00 
 3.76244898e-06  1.80000000e+00  1.80077883e+00 
 3.76421684e-06  1.80000000e+00  1.80054712e+00 
 3.76645228e-06  1.80000000e+00  1.80038294e+00 
 3.76920521e-06  1.80000000e+00  1.80022186e+00 
 3.77287764e-06  1.80000000e+00  1.80010870e+00 
 3.77803675e-06  1.80000000e+00  1.80003170e+00 
 3.78835498e-06  1.80000000e+00  1.80000425e+00 
 3.80628704e-06  1.80000000e+00  1.79999655e+00 
 3.84215117e-06  1.80000000e+00  1.80000439e+00 
 3.87156908e-06  1.80000000e+00  1.79999659e+00 
 3.90012738e-06  1.80000000e+00  1.80000368e+00 
 3.93145808e-06  1.80000000e+00  1.79999600e+00 
 3.96629583e-06  1.80000000e+00  1.80000405e+00 
 4.00000000e-06  1.80000000e+00  1.79999566e+00 
 4.00001000e-06  1.62000000e+00  1.79884164e+00 
 4.00003000e-06  1.26000000e+00  1.79675002e+00 
 4.00007000e-06  5.40000000e-01  1.79407944e+00 
 4.00010000e-06  0.00000000e+00  1.79270655e+00 
 4.00010429e-06  0.00000000e+00  1.79299631e+00 
 4.00011287e-06  0.00000000e+00  1.79371907e+00 
 4.00013002e-06  0.00000000e+00  1.79474088e+00 
 4.00016433e-06  0.00000000e+00  1.79585931e+00 
 4.00023294e-06  0.00000000e+00  1.79760580e+00 
 4.00037017e-06  0.00000000e+00  1.79939330e+00 
 4.00055530e-06  0.00000000e+00  1.80047761e+00 
 4.00092557e-06  0.00000000e+00  1.80127267e+00 
 4.00160922e-06  0.00000000e+00  1.80156173e+00 
 4.00223036e-06  0.00000000e+00  1.80090702e+00 
 4.00290824e-06  0.00000000e+00  1.79933512e+00 
 4.00362426e-06  0.00000000e+00  1.79803655e+00 
 4.00437953e-06  0.00000000e+00  1.79888912e+00 
 4.00521971e-06  0.00000000e+00  1.79798246e+00 
 4.00612197e-06  0.00000000e+00  1.79866547e+00 
 4.00696307e-06  0.00000000e+00  1.79985577e+00 
 4.00784150e-06  0.00000000e+00  1.80041860e+00 
 4.00873042e-06  0.00000000e+00  1.80079094e+00 
 4.00969509e-06  0.00000000e+00  1.80036361e+00 
 4.01061396e-06  0.00000000e+00  1.80035764e+00 
 4.01191460e-06  0.00000000e+00  1.80011056e+00 
 4.01326290e-06  0.00000000e+00  1.80012145e+00 
 4.01556953e-06  0.00000000e+00  1.79999614e+00 
 4.01714443e-06  0.00000000e+00  1.80006501e+00 
 4.01885242e-06  0.00000000e+00  1.80005597e+00 
 4.02042394e-06  0.00000000e+00  1.80031481e+00 
 4.02223339e-06  0.00000000e+00  1.80033934e+00 
 4.02355137e-06  0.00000000e+00  1.79993091e+00 
 4.02482060e-06  0.00000000e+00  1.79937408e+00 
 4.02649805e-06  0.00000000e+00  1.79955834e+00 
 4.02807292e-06  0.00000000e+00  1.79962159e+00 
 4.02968612e-06  0.00000000e+00  1.79927266e+00 
 4.03157594e-06  0.00000000e+00  1.79825726e+00 
 4.03285245e-06  0.00000000e+00  1.79904328e+00 
 4.03430534e-06  0.00000000e+00  1.79881672e+00 
 4.03598491e-06  0.00000000e+00  1.79960796e+00 
 4.03780357e-06  0.00000000e+00  1.79967184e+00 
 4.04037579e-06  0.00000000e+00  1.79995028e+00 
 4.04433964e-06  0.00000000e+00  1.79991786e+00 
 4.05001682e-06  0.00000000e+00  1.80002531e+00 
 4.05950522e-06  0.00000000e+00  1.79993473e+00 
 4.06855867e-06  0.00000000e+00  1.80002814e+00 
 4.08382915e-06  0.00000000e+00  1.79994027e+00 
 4.10073574e-06  0.00000000e+00  1.80003172e+00 
 4.13171194e-06  0.00000000e+00  1.79994503e+00 
 4.16062789e-06  0.00000000e+00  1.80003584e+00 
 4.18692003e-06  0.00000000e+00  1.79994774e+00 
 4.21972422e-06  0.00000000e+00  1.80003811e+00 
 4.25010000e-06  6.67038446e-12  1.79994942e+00 
 4.25011000e-06  1.80000000e-01  1.80072015e+00 
 4.25013000e-06  5.40000000e-01  1.80203363e+00 
 4.25017000e-06  1.26000000e+00  1.80473712e+00 
 4.25020000e-06  1.80000000e+00  1.80679820e+00 
 4.25020077e-06  1.80000000e+00  1.80680661e+00 
 4.25020231e-06  1.80000000e+00  1.80677381e+00 
 4.25020539e-06  1.80000000e+00  1.80657681e+00 
 4.25021154e-06  1.80000000e+00  1.80622678e+00 
 4.25022386e-06  1.80000000e+00  1.80588462e+00 
 4.25024849e-06  1.80000000e+00  1.80554386e+00 
 4.25029774e-06  1.80000000e+00  1.80499732e+00 
 4.25039625e-06  1.80000000e+00  1.80422093e+00 
 4.25059327e-06  1.80000000e+00  1.80322350e+00 
 4.25093506e-06  1.80000000e+00  1.80214115e+00 
 4.25154390e-06  1.80000000e+00  1.80301353e+00 
 4.25217583e-06  1.80000000e+00  1.80493580e+00 
 4.25294376e-06  1.80000000e+00  1.80282878e+00 
 4.25376237e-06  1.80000000e+00  1.80106480e+00 
 4.25482640e-06  1.80000000e+00  1.80028469e+00 
 4.25577867e-06  1.80000000e+00  1.79969318e+00 
 4.25686727e-06  1.80000000e+00  1.79882824e+00 
 4.25796935e-06  1.80000000e+00  1.79836242e+00 
 4.25903753e-06  1.80000000e+00  1.79856109e+00 
 4.26083010e-06  1.80000000e+00  1.79895212e+00 
 4.26257288e-06  1.80000000e+00  1.79926395e+00 
 4.26539762e-06  1.80000000e+00  1.79958291e+00 
 4.26892692e-06  1.80000000e+00  1.79979673e+00 
 4.27418472e-06  1.80000000e+00  1.79993697e+00 
 4.28470032e-06  1.80000000e+00  1.79999919e+00 
 4.30325658e-06  1.80000000e+00  1.80000156e+00 
 4.33691324e-06  1.80000000e+00  1.79999802e+00 
 4.40422658e-06  1.80000000e+00  1.80000191e+00 
 4.50000000e-06  1.80000000e+00  1.79999790e+00 
 4.50001000e-06  1.62000000e+00  1.79884831e+00 
 4.50003000e-06  1.26000000e+00  1.79677654e+00 
 4.50007000e-06  5.40000000e-01  1.79411399e+00 
 4.50010000e-06  0.00000000e+00  1.79271780e+00 
 4.50010429e-06  0.00000000e+00  1.79300161e+00 
 4.50011286e-06  0.00000000e+00  1.79370352e+00 
 4.50013002e-06  0.00000000e+00  1.79467956e+00 
 4.50016432e-06  0.00000000e+00  1.79578440e+00 
 4.50023294e-06  0.00000000e+00  1.79754947e+00 
 4.50037016e-06  0.00000000e+00  1.79939991e+00 
 4.50055506e-06  0.00000000e+00  1.80051089e+00 
 4.50092487e-06  0.00000000e+00  1.80133301e+00 
 4.50160864e-06  0.00000000e+00  1.80141152e+00 
 4.50222945e-06  0.00000000e+00  1.80042855e+00 
 4.50291014e-06  0.00000000e+00  1.79904733e+00 
 4.50362285e-06  0.00000000e+00  1.79858135e+00 
 4.50437649e-06  0.00000000e+00  1.79938283e+00 
 4.50522948e-06  0.00000000e+00  1.79971642e+00 
 4.50614884e-06  0.00000000e+00  1.79979239e+00 
 4.50710856e-06  0.00000000e+00  1.79983126e+00 
 4.50846839e-06  0.00000000e+00  1.79992224e+00 
 4.50977577e-06  0.00000000e+00  1.79985104e+00 
 4.51127477e-06  0.00000000e+00  1.79999106e+00 
 4.51297838e-06  0.00000000e+00  1.79992802e+00 
 4.51451730e-06  0.00000000e+00  1.79999609e+00 
 4.51599415e-06  0.00000000e+00  1.79992963e+00 
 4.51760331e-06  0.00000000e+00  1.79999924e+00 
 4.51927275e-06  0.00000000e+00  1.79993276e+00 
 4.52118641e-06  0.00000000e+00  1.80000138e+00 
 4.52501373e-06  0.00000000e+00  1.79993637e+00 
 4.53053641e-06  0.00000000e+00  1.80000574e+00 
 4.54158178e-06  0.00000000e+00  1.79994317e+00 
 4.56367253e-06  0.00000000e+00  1.80001515e+00 
 4.60744697e-06  0.00000000e+00  1.79995456e+00 
 4.69499583e-06  0.00000000e+00  1.80002607e+00 
 4.75010000e-06  6.67038446e-12  1.79996105e+00 
 4.75011000e-06  1.80000000e-01  1.80061970e+00 
 4.75013000e-06  5.40000000e-01  1.80193675e+00 
 4.75017000e-06  1.26000000e+00  1.80474417e+00 
 4.75020000e-06  1.80000000e+00  1.80679003e+00 
 4.75020076e-06  1.80000000e+00  1.80680123e+00 
 4.75020227e-06  1.80000000e+00  1.80677365e+00 
 4.75020529e-06  1.80000000e+00  1.80658528e+00 
 4.75021133e-06  1.80000000e+00  1.80624325e+00 
 4.75022341e-06  1.80000000e+00  1.80590637e+00 
 4.75024758e-06  1.80000000e+00  1.80557716e+00 
 4.75029592e-06  1.80000000e+00  1.80504422e+00 
 4.75039260e-06  1.80000000e+00  1.80427025e+00 
 4.75058597e-06  1.80000000e+00  1.80326717e+00 
 4.75092311e-06  1.80000000e+00  1.80216237e+00 
 4.75153667e-06  1.80000000e+00  1.80298489e+00 
 4.75215889e-06  1.80000000e+00  1.80495397e+00 
 4.75294018e-06  1.80000000e+00  1.80285889e+00 
 4.75374676e-06  1.80000000e+00  1.80111110e+00 
 4.75480820e-06  1.80000000e+00  1.80037577e+00 
 4.75573950e-06  1.80000000e+00  1.79986809e+00 
 4.75681656e-06  1.80000000e+00  1.79905625e+00 
 4.75776768e-06  1.80000000e+00  1.79844292e+00 
 4.75876391e-06  1.80000000e+00  1.79843275e+00 
 4.75990303e-06  1.80000000e+00  1.79870917e+00 
 4.76117899e-06  1.80000000e+00  1.79896170e+00 
 4.76372646e-06  1.80000000e+00  1.79939712e+00 
 4.76654239e-06  1.80000000e+00  1.79963859e+00 
 4.77106689e-06  1.80000000e+00  1.79987861e+00 
 4.77719095e-06  1.80000000e+00  1.79995392e+00 
 4.78943907e-06  1.80000000e+00  1.80001568e+00 
 4.81393531e-06  1.80000000e+00  1.79998594e+00 
 4.86292780e-06  1.80000000e+00  1.80001348e+00 
 4.96091276e-06  1.80000000e+00  1.79998656e+00 
 5.00000000e-06  1.80000000e+00  1.80001302e+00 
 5.00001000e-06  1.62000000e+00  1.79885130e+00 
 5.00003000e-06  1.26000000e+00  1.79676703e+00 
 5.00007000e-06  5.40000000e-01  1.79411292e+00 
 5.00010000e-06  0.00000000e+00  1.79271643e+00 
 5.00010424e-06  0.00000000e+00  1.79299829e+00 
 5.00011272e-06  0.00000000e+00  1.79369519e+00 
 5.00012967e-06  0.00000000e+00  1.79466483e+00 
 5.00016358e-06  0.00000000e+00  1.79576033e+00 
 5.00023140e-06  0.00000000e+00  1.79751591e+00 
 5.00036704e-06  0.00000000e+00  1.79937275e+00 
 5.00055089e-06  0.00000000e+00  1.80049795e+00 
 5.00091860e-06  0.00000000e+00  1.80132697e+00 
 5.00159884e-06  0.00000000e+00  1.80141493e+00 
 5.00222532e-06  0.00000000e+00  1.80043069e+00 
 5.00290987e-06  0.00000000e+00  1.79905446e+00 
 5.00363595e-06  0.00000000e+00  1.79858929e+00 
 5.00439987e-06  0.00000000e+00  1.79932315e+00 
 5.00525201e-06  0.00000000e+00  1.79968191e+00 
 5.00616921e-06  0.00000000e+00  1.79980741e+00 
 5.00718715e-06  0.00000000e+00  1.79982473e+00 
 5.00822188e-06  0.00000000e+00  1.79995606e+00 
 5.00909143e-06  0.00000000e+00  1.79988783e+00 
 5.01013540e-06  0.00000000e+00  1.79997434e+00 
 5.01115430e-06  0.00000000e+00  1.79990921e+00 
 5.01249120e-06  0.00000000e+00  1.79998657e+00 
 5.01444087e-06  0.00000000e+00  1.79992832e+00 
 5.01733506e-06  0.00000000e+00  1.80004256e+00 
 5.02026360e-06  0.00000000e+00  1.80017228e+00 
 5.02265916e-06  0.00000000e+00  1.80028378e+00 
 5.02459826e-06  0.00000000e+00  1.79957525e+00 
 5.02642555e-06  0.00000000e+00  1.79920986e+00 
 5.02845574e-06  0.00000000e+00  1.79947429e+00 
 5.03034547e-06  0.00000000e+00  1.79836669e+00 
 5.03278901e-06  0.00000000e+00  1.79879024e+00 
 5.03501086e-06  0.00000000e+00  1.79963514e+00 
 5.03850970e-06  0.00000000e+00  1.79986027e+00 
 5.04297428e-06  0.00000000e+00  1.80000612e+00 
 5.05038512e-06  0.00000000e+00  1.79994687e+00 
 5.06284323e-06  0.00000000e+00  1.80001379e+00 
 5.08283142e-06  0.00000000e+00  1.79995326e+00 
 5.10530625e-06  0.00000000e+00  1.80002013e+00 
 5.12888052e-06  0.00000000e+00  1.79995637e+00 
 5.16350978e-06  0.00000000e+00  1.80002454e+00 
 5.20463318e-06  0.00000000e+00  1.79995979e+00 
 5.25010000e-06  6.67038446e-12  1.80002750e+00 
 5.25011000e-06  1.80000000e-01  1.80063945e+00 
 5.25013000e-06  5.40000000e-01  1.80193178e+00 
 5.25017000e-06  1.26000000e+00  1.80474374e+00 
 5.25020000e-06  1.80000000e+00  1.80677972e+00 
 5.25020077e-06  1.80000000e+00  1.80679105e+00 
 5.25020231e-06  1.80000000e+00  1.80676205e+00 
 5.25020539e-06  1.80000000e+00  1.80656901e+00 
 5.25021155e-06  1.80000000e+00  1.80622434e+00 
 5.25022387e-06  1.80000000e+00  1.80588913e+00 
 5.25024850e-06  1.80000000e+00  1.80555899e+00 
 5.25029777e-06  1.80000000e+00  1.80502344e+00 
 5.25039632e-06  1.80000000e+00  1.80424848e+00 
 5.25059341e-06  1.80000000e+00  1.80323740e+00 
 5.25093996e-06  1.80000000e+00  1.80214373e+00 
 5.25154387e-06  1.80000000e+00  1.80302972e+00 
 5.25217668e-06  1.80000000e+00  1.80494373e+00 
 5.25294246e-06  1.80000000e+00  1.80283985e+00 
 5.25376119e-06  1.80000000e+00  1.80106900e+00 
 5.25482477e-06  1.80000000e+00  1.80028699e+00 
 5.25577849e-06  1.80000000e+00  1.79969504e+00 
 5.25686806e-06  1.80000000e+00  1.79883548e+00 
 5.25797045e-06  1.80000000e+00  1.79836213e+00 
 5.25904241e-06  1.80000000e+00  1.79856270e+00 
 5.26082700e-06  1.80000000e+00  1.79895185e+00 
 5.26257014e-06  1.80000000e+00  1.79926417e+00 
 5.26537981e-06  1.80000000e+00  1.79958149e+00 
 5.26891621e-06  1.80000000e+00  1.79979642e+00 
 5.27420864e-06  1.80000000e+00  1.79993748e+00 
 5.28479351e-06  1.80000000e+00  1.79999934e+00 
 5.30317528e-06  1.80000000e+00  1.80000158e+00 
 5.33667839e-06  1.80000000e+00  1.79999796e+00 
 5.40368462e-06  1.80000000e+00  1.80000198e+00 
 5.50000000e-06  1.80000000e+00  1.79999782e+00 
 5.50001000e-06  1.62000000e+00  1.79884896e+00 
 5.50003000e-06  1.26000000e+00  1.79678329e+00 
 5.50007000e-06  5.40000000e-01  1.79412602e+00 
 5.50010000e-06  0.00000000e+00  1.79272881e+00 
 5.50010429e-06  0.00000000e+00  1.79301551e+00 
 5.50011287e-06  0.00000000e+00  1.79371932e+00 
 5.50013002e-06  0.00000000e+00  1.79468977e+00 
 5.50016433e-06  0.00000000e+00  1.79578646e+00 
 5.50023295e-06  0.00000000e+00  1.79754425e+00 
 5.50037018e-06  0.00000000e+00  1.79939594e+00 
 5.50055538e-06  0.00000000e+00  1.80051236e+00 
 5.50092578e-06  0.00000000e+00  1.80133577e+00 
 5.50160925e-06  0.00000000e+00  1.80141224e+00 
 5.50223106e-06  0.00000000e+00  1.80042584e+00 
 5.50291180e-06  0.00000000e+00  1.79904007e+00 
 5.50362463e-06  0.00000000e+00  1.79858092e+00 
 5.50437817e-06  0.00000000e+00  1.79938350e+00 
 5.50523218e-06  0.00000000e+00  1.79971536e+00 
 5.50615015e-06  0.00000000e+00  1.79979574e+00 
 5.50718401e-06  0.00000000e+00  1.79983708e+00 
 5.50851416e-06  0.00000000e+00  1.79992221e+00 
 5.50989978e-06  0.00000000e+00  1.79985193e+00 
 5.51133652e-06  0.00000000e+00  1.79999325e+00 
 5.51292067e-06  0.00000000e+00  1.79992826e+00 
 5.51458943e-06  0.00000000e+00  1.79999699e+00 
 5.51616536e-06  0.00000000e+00  1.79992956e+00 
 5.51780078e-06  0.00000000e+00  1.79999983e+00 
 5.51959430e-06  0.00000000e+00  1.79993256e+00 
 5.52163013e-06  0.00000000e+00  1.80000190e+00 
 5.52528373e-06  0.00000000e+00  1.79993605e+00 
 5.53065951e-06  0.00000000e+00  1.80000602e+00 
 5.54108184e-06  0.00000000e+00  1.79994261e+00 
 5.56069915e-06  0.00000000e+00  1.80001482e+00 
 5.59771218e-06  0.00000000e+00  1.79995321e+00 
 5.67173822e-06  0.00000000e+00  1.80002543e+00 
 5.75010000e-06  6.67038446e-12  1.79996074e+00 
 5.75011000e-06  1.80000000e-01  1.80062080e+00 
 5.75013000e-06  5.40000000e-01  1.80193631e+00 
 5.75017000e-06  1.26000000e+00  1.80473654e+00 
 5.75020000e-06  1.80000000e+00  1.80677603e+00 
 5.75020076e-06  1.80000000e+00  1.80678661e+00 
 5.75020227e-06  1.80000000e+00  1.80675787e+00 
 5.75020529e-06  1.80000000e+00  1.80656874e+00 
 5.75021133e-06  1.80000000e+00  1.80622795e+00 
 5.75022342e-06  1.80000000e+00  1.80589384e+00 
 5.75024760e-06  1.80000000e+00  1.80556934e+00 
 5.75029595e-06  1.80000000e+00  1.80504315e+00 
 5.75039266e-06  1.80000000e+00  1.80427380e+00 
 5.75058607e-06  1.80000000e+00  1.80326877e+00 
 5.75092539e-06  1.80000000e+00  1.80215927e+00 
 5.75153636e-06  1.80000000e+00  1.80298797e+00 
 5.75215980e-06  1.80000000e+00  1.80495463e+00 
 5.75293933e-06  1.80000000e+00  1.80286071e+00 
 5.75374640e-06  1.80000000e+00  1.80110836e+00 
 5.75481230e-06  1.80000000e+00  1.80037546e+00 
 5.75574223e-06  1.80000000e+00  1.79986812e+00 
 5.75681433e-06  1.80000000e+00  1.79906164e+00 
 5.75776086e-06  1.80000000e+00  1.79844610e+00 
 5.75875623e-06  1.80000000e+00  1.79843026e+00 
 5.75989081e-06  1.80000000e+00  1.79870510e+00 
 5.76116190e-06  1.80000000e+00  1.79895712e+00 
 5.76370408e-06  1.80000000e+00  1.79939382e+00 
 5.76650888e-06  1.80000000e+00  1.79963574e+00 
 5.77101949e-06  1.80000000e+00  1.79987721e+00 
 5.77709178e-06  1.80000000e+00  1.79995290e+00 
 5.78923635e-06  1.80000000e+00  1.80001575e+00 
 5.81352551e-06  1.80000000e+00  1.79998588e+00 
 5.86210382e-06  1.80000000e+00  1.80001354e+00 
 5.95926045e-06  1.80000000e+00  1.79998646e+00 
 6.00000000e-06  1.80000000e+00  1.80001315e+00 
 6.00001000e-06  1.62000000e+00  1.79885214e+00 
 6.00003000e-06  1.26000000e+00  1.79677264e+00 
 6.00007000e-06  5.40000000e-01  1.79412310e+00 
 6.00010000e-06  0.00000000e+00  1.79272618e+00 
 6.00010424e-06  0.00000000e+00  1.79300988e+00 
 6.00011272e-06  0.00000000e+00  1.79370794e+00 
 6.00012967e-06  0.00000000e+00  1.79467330e+00 
 6.00016359e-06  0.00000000e+00  1.79576176e+00 
 6.00023141e-06  0.00000000e+00  1.79751113e+00 
 6.00036706e-06  0.00000000e+00  1.79936872e+00 
 6.00055125e-06  0.00000000e+00  1.80049927e+00 
 6.00091963e-06  0.00000000e+00  1.80132971e+00 
 6.00159963e-06  0.00000000e+00  1.80141618e+00 
 6.00222705e-06  0.00000000e+00  1.80042891e+00 
 6.00291191e-06  0.00000000e+00  1.79904631e+00 
 6.00363042e-06  0.00000000e+00  1.79858253e+00 
 6.00438809e-06  0.00000000e+00  1.79931714e+00 
 6.00523499e-06  0.00000000e+00  1.79967990e+00 
 6.00615040e-06  0.00000000e+00  1.79980916e+00 
 6.00709929e-06  0.00000000e+00  1.79981849e+00 
 6.00812493e-06  0.00000000e+00  1.79995557e+00 
 6.00897342e-06  0.00000000e+00  1.79988704e+00 
 6.00996624e-06  0.00000000e+00  1.79997335e+00 
 6.01098846e-06  0.00000000e+00  1.79990827e+00 
 6.01227760e-06  0.00000000e+00  1.79998546e+00 
 6.01423568e-06  0.00000000e+00  1.79992583e+00 
 6.01725381e-06  0.00000000e+00  1.80003690e+00 
 6.02028642e-06  0.00000000e+00  1.80015847e+00 
 6.02269037e-06  0.00000000e+00  1.80031302e+00 
 6.02472760e-06  0.00000000e+00  1.79958883e+00 
 6.02667873e-06  0.00000000e+00  1.79922777e+00 
 6.02868496e-06  0.00000000e+00  1.79936713e+00 
 6.03068290e-06  0.00000000e+00  1.79831271e+00 
 6.03291273e-06  0.00000000e+00  1.79884362e+00 
 6.03519857e-06  0.00000000e+00  1.79964706e+00 
 6.03858610e-06  0.00000000e+00  1.79984856e+00 
 6.04298477e-06  0.00000000e+00  1.80001419e+00 
 6.05174093e-06  0.00000000e+00  1.79993697e+00 
 6.06191095e-06  0.00000000e+00  1.80002415e+00 
 6.07404752e-06  0.00000000e+00  1.79994234e+00 
 6.08635141e-06  0.00000000e+00  1.80002750e+00 
 6.10785447e-06  0.00000000e+00  1.79994558e+00 
 6.13977252e-06  0.00000000e+00  1.80003215e+00 
 6.20360862e-06  0.00000000e+00  1.79995091e+00 
 6.25010000e-06  6.67038446e-12  1.80003631e+00 
 6.25011000e-06  1.80000000e-01  1.80064949e+00 
 6.25013000e-06  5.40000000e-01  1.80193968e+00 
 6.25017000e-06  1.26000000e+00  1.80474100e+00 
 6.25020000e-06  1.80000000e+00  1.80676804e+00 
 6.25020077e-06  1.80000000e+00  1.80677884e+00 
 6.25020231e-06  1.80000000e+00  1.80674891e+00 
 6.25020539e-06  1.80000000e+00  1.80655528e+00 
 6.25021155e-06  1.80000000e+00  1.80621138e+00 
 6.25022387e-06  1.80000000e+00  1.80587779e+00 
 6.25024850e-06  1.80000000e+00  1.80555106e+00 
 6.25029777e-06  1.80000000e+00  1.80502135e+00 
 6.25039632e-06  1.80000000e+00  1.80425072e+00 
 6.25059340e-06  1.80000000e+00  1.80323883e+00 
 6.25093982e-06  1.80000000e+00  1.80214369e+00 
 6.25154361e-06  1.80000000e+00  1.80303041e+00 
 6.25218010e-06  1.80000000e+00  1.80494280e+00 
 6.25294350e-06  1.80000000e+00  1.80283896e+00 
 6.25376553e-06  1.80000000e+00  1.80106296e+00 
 6.25482837e-06  1.80000000e+00  1.80028175e+00 
 6.25577732e-06  1.80000000e+00  1.79969163e+00 
 6.25686625e-06  1.80000000e+00  1.79883427e+00 
 6.25797156e-06  1.80000000e+00  1.79836126e+00 
 6.25903856e-06  1.80000000e+00  1.79856281e+00 
 6.26082450e-06  1.80000000e+00  1.79895281e+00 
 6.26256117e-06  1.80000000e+00  1.79926354e+00 
 6.26537003e-06  1.80000000e+00  1.79958123e+00 
 6.26890093e-06  1.80000000e+00  1.79979587e+00 
 6.27418813e-06  1.80000000e+00  1.79993737e+00 
 6.28476254e-06  1.80000000e+00  1.79999914e+00 
 6.30306746e-06  1.80000000e+00  1.80000174e+00 
 6.33644907e-06  1.80000000e+00  1.79999782e+00 
 6.40321230e-06  1.80000000e+00  1.80000209e+00 
 6.50000000e-06  1.80000000e+00  1.79999769e+00 
 6.50001000e-06  1.62000000e+00  1.79884995e+00 
 6.50003000e-06  1.26000000e+00  1.79678877e+00 
 6.50007000e-06  5.40000000e-01  1.79413567e+00 
 6.50010000e-06  0.00000000e+00  1.79273833e+00 
 6.50010429e-06  0.00000000e+00  1.79302627e+00 
 6.50011287e-06  0.00000000e+00  1.79373073e+00 
 6.50013002e-06  0.00000000e+00  1.79469759e+00 
 6.50016433e-06  0.00000000e+00  1.79578752e+00 
 6.50023295e-06  0.00000000e+00  1.79753895e+00 
 6.50037019e-06  0.00000000e+00  1.79939153e+00 
 6.50055540e-06  0.00000000e+00  1.80051228e+00 
 6.50092584e-06  0.00000000e+00  1.80133722e+00 
 6.50160932e-06  0.00000000e+00  1.80141256e+00 
 6.50223042e-06  0.00000000e+00  1.80042632e+00 
 6.50291040e-06  0.00000000e+00  1.79904159e+00 
 6.50362290e-06  0.00000000e+00  1.79857988e+00 
 6.50437607e-06  0.00000000e+00  1.79938197e+00 
 6.50523072e-06  0.00000000e+00  1.79971502e+00 
 6.50614819e-06  0.00000000e+00  1.79979429e+00 
 6.50710902e-06  0.00000000e+00  1.79983007e+00 
 6.50846533e-06  0.00000000e+00  1.79992921e+00 
 6.50977937e-06  0.00000000e+00  1.79984324e+00 
 6.51141651e-06  0.00000000e+00  1.79999411e+00 
 6.51290246e-06  0.00000000e+00  1.79993078e+00 
 6.51445033e-06  0.00000000e+00  1.79999668e+00 
 6.51588241e-06  0.00000000e+00  1.79993015e+00 
 6.51747103e-06  0.00000000e+00  1.79999930e+00 
 6.51912293e-06  0.00000000e+00  1.79993292e+00 
 6.52101803e-06  0.00000000e+00  1.80000118e+00 
 6.52480823e-06  0.00000000e+00  1.79993638e+00 
 6.53047956e-06  0.00000000e+00  1.80000551e+00 
 6.54182222e-06  0.00000000e+00  1.79994336e+00 
 6.56450753e-06  0.00000000e+00  1.80001516e+00 
 6.60987817e-06  0.00000000e+00  1.79995492e+00 
 6.70061944e-06  0.00000000e+00  1.80002609e+00 
 6.75010000e-06  6.67038446e-12  1.79996121e+00 
 6.75011000e-06  1.80000000e-01  1.80062154e+00 
 6.75013000e-06  5.40000000e-01  1.80193548e+00 
 6.75017000e-06  1.26000000e+00  1.80473021e+00 
 6.75020000e-06  1.80000000e+00  1.80676398e+00 
 6.75020076e-06  1.80000000e+00  1.80677420e+00 
 6.75020227e-06  1.80000000e+00  1.80674481e+00 
 6.75020529e-06  1.80000000e+00  1.80655535e+00 
 6.75021133e-06  1.80000000e+00  1.80621541e+00 
 6.75022342e-06  1.80000000e+00  1.80588333e+00 
 6.75024760e-06  1.80000000e+00  1.80556272e+00 
 6.75029595e-06  1.80000000e+00  1.80504261e+00 
 6.75039266e-06  1.80000000e+00  1.80427748e+00 
 6.75058607e-06  1.80000000e+00  1.80327072e+00 
 6.75092539e-06  1.80000000e+00  1.80215882e+00 
 6.75153613e-06  1.80000000e+00  1.80298836e+00 
 6.75216161e-06  1.80000000e+00  1.80495522e+00 
 6.75293961e-06  1.80000000e+00  1.80286122e+00 
 6.75374843e-06  1.80000000e+00  1.80110507e+00 
 6.75481331e-06  1.80000000e+00  1.80037418e+00 
 6.75574111e-06  1.80000000e+00  1.79986730e+00 
 6.75681290e-06  1.80000000e+00  1.79906443e+00 
 6.75775733e-06  1.80000000e+00  1.79844947e+00 
 6.75875116e-06  1.80000000e+00  1.79842860e+00 
 6.75988819e-06  1.80000000e+00  1.79870454e+00 
 6.76116078e-06  1.80000000e+00  1.79895617e+00 
 6.76370595e-06  1.80000000e+00  1.79939450e+00 
 6.76650538e-06  1.80000000e+00  1.79963504e+00 
 6.77101788e-06  1.80000000e+00  1.79987758e+00 
 6.77707899e-06  1.80000000e+00  1.79995237e+00 
 6.78920121e-06  1.80000000e+00  1.80001612e+00 
 6.81344564e-06  1.80000000e+00  1.79998549e+00 
 6.86193452e-06  1.80000000e+00  1.80001393e+00 
 6.95891227e-06  1.80000000e+00  1.79998608e+00 
 7.00000000e-06  1.80000000e+00  1.80001351e+00 
 7.00001000e-06  1.62000000e+00  1.79885351e+00 
 7.00003000e-06  1.26000000e+00  1.79677776e+00 
 7.00007000e-06  5.40000000e-01  1.79413203e+00 
 7.00010000e-06  0.00000000e+00  1.79273530e+00 
 7.00010424e-06  0.00000000e+00  1.79301992e+00 
 7.00011272e-06  0.00000000e+00  1.79371842e+00 
 7.00012967e-06  0.00000000e+00  1.79468051e+00 
 7.00016358e-06  0.00000000e+00  1.79576240e+00 
 7.00023141e-06  0.00000000e+00  1.79750551e+00 
 7.00036705e-06  0.00000000e+00  1.79936393e+00 
 7.00055125e-06  0.00000000e+00  1.80049890e+00 
 7.00091966e-06  0.00000000e+00  1.80133099e+00 
 7.00159965e-06  0.00000000e+00  1.80141683e+00 
 7.00222636e-06  0.00000000e+00  1.80042988e+00 
 7.00291051e-06  0.00000000e+00  1.79904776e+00 
 7.00362867e-06  0.00000000e+00  1.79857968e+00 
 7.00438598e-06  0.00000000e+00  1.79931548e+00 
 7.00523270e-06  0.00000000e+00  1.79968043e+00 
 7.00614797e-06  0.00000000e+00  1.79980973e+00 
 7.00717239e-06  0.00000000e+00  1.79982220e+00 
 7.00818160e-06  0.00000000e+00  1.79995800e+00 
 7.00903541e-06  0.00000000e+00  1.79988773e+00 
 7.01005859e-06  0.00000000e+00  1.79997454e+00 
 7.01107812e-06  0.00000000e+00  1.79990878e+00 
 7.01239833e-06  0.00000000e+00  1.79998633e+00 
 7.01435625e-06  0.00000000e+00  1.79992555e+00 
 7.01722647e-06  0.00000000e+00  1.80003269e+00 
 7.02045705e-06  0.00000000e+00  1.80014731e+00 
 7.02287776e-06  0.00000000e+00  1.80033652e+00 
 7.02508276e-06  0.00000000e+00  1.79957226e+00 
 7.02724782e-06  0.00000000e+00  1.79928074e+00 
 7.02924768e-06  0.00000000e+00  1.79901772e+00 
 7.03144569e-06  0.00000000e+00  1.79823431e+00 
 7.03380982e-06  0.00000000e+00  1.79923367e+00 
 7.03637920e-06  0.00000000e+00  1.79980239e+00 
 7.03932222e-06  0.00000000e+00  1.79985419e+00 
 7.04386817e-06  0.00000000e+00  1.80003230e+00 
 7.04989852e-06  0.00000000e+00  1.79991985e+00 
 7.05651835e-06  0.00000000e+00  1.80004002e+00 
 7.06588147e-06  0.00000000e+00  1.79992301e+00 
 7.08273876e-06  0.00000000e+00  1.80004414e+00 
 7.10889152e-06  0.00000000e+00  1.79992880e+00 
 7.15695694e-06  0.00000000e+00  1.80005014e+00 
 7.23072157e-06  0.00000000e+00  1.79993481e+00 
 7.25010000e-06  6.67038446e-12  1.80005305e+00 
 7.25011000e-06  1.80000000e-01  1.80066892e+00 
 7.25013000e-06  5.40000000e-01  1.80195904e+00 
 7.25017000e-06  1.26000000e+00  1.80474716e+00 
 7.25020000e-06  1.80000000e+00  1.80676239e+00 
 7.25020077e-06  1.80000000e+00  1.80677278e+00 
 7.25020231e-06  1.80000000e+00  1.80674209e+00 
 7.25020539e-06  1.80000000e+00  1.80654779e+00 
 7.25021155e-06  1.80000000e+00  1.80620388e+00 
 7.25022387e-06  1.80000000e+00  1.80587063e+00 
 7.25024850e-06  1.80000000e+00  1.80554553e+00 
 7.25029778e-06  1.80000000e+00  1.80501953e+00 
 7.25039632e-06  1.80000000e+00  1.80425111e+00 
 7.25059341e-06  1.80000000e+00  1.80323780e+00 
 7.25094508e-06  1.80000000e+00  1.80213739e+00 
 7.25154420e-06  1.80000000e+00  1.80304267e+00 
 7.25218541e-06  1.80000000e+00  1.80494408e+00 
 7.25294470e-06  1.80000000e+00  1.80284392e+00 
 7.25377071e-06  1.80000000e+00  1.80106312e+00 
 7.25483276e-06  1.80000000e+00  1.80025856e+00 
 7.25574032e-06  1.80000000e+00  1.79968056e+00 
 7.25680553e-06  1.80000000e+00  1.79884820e+00 
 7.25794169e-06  1.80000000e+00  1.79836150e+00 
 7.25896533e-06  1.80000000e+00  1.79855644e+00 
 7.26078523e-06  1.80000000e+00  1.79895234e+00 
 7.26246350e-06  1.80000000e+00  1.79925334e+00 
 7.26529071e-06  1.80000000e+00  1.79957870e+00 
 7.26873845e-06  1.80000000e+00  1.79978930e+00 
 7.27397262e-06  1.80000000e+00  1.79993574e+00 
 7.28444097e-06  1.80000000e+00  1.79999781e+00 
 7.30292965e-06  1.80000000e+00  1.80000286e+00 
 7.33675586e-06  1.80000000e+00  1.79999674e+00 
 7.40440827e-06  1.80000000e+00  1.80000318e+00 
 7.50000000e-06  1.80000000e+00  1.79999664e+00 
 7.50001000e-06  1.62000000e+00  1.79885003e+00 
 7.50003000e-06  1.26000000e+00  1.79679261e+00 
 7.50007000e-06  5.40000000e-01  1.79414332e+00 
 7.50010000e-06  0.00000000e+00  1.79274633e+00 
 7.50010429e-06  0.00000000e+00  1.79303513e+00 
 7.50011287e-06  0.00000000e+00  1.79374003e+00 
 7.50013002e-06  0.00000000e+00  1.79470434e+00 
 7.50016433e-06  0.00000000e+00  1.79578873e+00 
 7.50023295e-06  0.00000000e+00  1.79753494e+00 
 7.50037018e-06  0.00000000e+00  1.79938947e+00 
 7.50055534e-06  0.00000000e+00  1.80051376e+00 
 7.50092566e-06  0.00000000e+00  1.80133658e+00 
 7.50151654e-06  0.00000000e+00  1.80148803e+00 
 7.50214197e-06  0.00000000e+00  1.80056953e+00 
 7.50283741e-06  0.00000000e+00  1.79925525e+00 
 7.50356039e-06  0.00000000e+00  1.79856380e+00 
 7.50432017e-06  0.00000000e+00  1.79928986e+00 
 7.50516991e-06  0.00000000e+00  1.79964183e+00 
 7.50609486e-06  0.00000000e+00  1.79975285e+00 
 7.50713761e-06  0.00000000e+00  1.79980421e+00 
 7.50847097e-06  0.00000000e+00  1.79992656e+00 
 7.50985063e-06  0.00000000e+00  1.79983588e+00 
 7.51154797e-06  0.00000000e+00  1.80000455e+00 
 7.51307627e-06  0.00000000e+00  1.79993428e+00 
 7.51465930e-06  0.00000000e+00  1.80000803e+00 
 7.51608840e-06  0.00000000e+00  1.79993534e+00 
 7.51770609e-06  0.00000000e+00  1.80001009e+00 
 7.51931322e-06  0.00000000e+00  1.79993781e+00 
 7.52117851e-06  0.00000000e+00  1.80001116e+00 
 7.52490910e-06  0.00000000e+00  1.79994036e+00 
 7.53119661e-06  0.00000000e+00  1.80001391e+00 
 7.54377163e-06  0.00000000e+00  1.79994542e+00 
 7.56892166e-06  0.00000000e+00  1.80002095e+00 
 7.61922174e-06  0.00000000e+00  1.79995426e+00 
 7.71982189e-06  0.00000000e+00  1.80002964e+00 
 7.75010000e-06  0.00000000e+00  1.79995897e+00 
 7.75011000e-06  1.80000000e-01  1.80061999e+00 
 7.75013000e-06  5.40000000e-01  1.80193474e+00 
 7.75017000e-06  1.26000000e+00  1.80472546e+00 
 7.75020000e-06  1.80000000e+00  1.80675409e+00 
 7.75020076e-06  1.80000000e+00  1.80676410e+00 
 7.75020227e-06  1.80000000e+00  1.80673437e+00 
 7.75020529e-06  1.80000000e+00  1.80654478e+00 
 7.75021133e-06  1.80000000e+00  1.80620543e+00 
 7.75022341e-06  1.80000000e+00  1.80587478e+00 
 7.75024758e-06  1.80000000e+00  1.80555745e+00 
 7.75029591e-06  1.80000000e+00  1.80504275e+00 
 7.75039257e-06  1.80000000e+00  1.80428073e+00 
 7.75058589e-06  1.80000000e+00  1.80327174e+00 
 7.75093045e-06  1.80000000e+00  1.80215110e+00 
 7.75153625e-06  1.80000000e+00  1.80300118e+00 
 7.75216623e-06  1.80000000e+00  1.80496581e+00 
 7.75294028e-06  1.80000000e+00  1.80287437e+00 
 7.75375178e-06  1.80000000e+00  1.80111633e+00 
 7.75481802e-06  1.80000000e+00  1.80036478e+00 
 7.75570730e-06  1.80000000e+00  1.79986353e+00 
 7.75675468e-06  1.80000000e+00  1.79908386e+00 
 7.75766307e-06  1.80000000e+00  1.79847277e+00 
 7.75863952e-06  1.80000000e+00  1.79842096e+00 
 7.75976141e-06  1.80000000e+00  1.79868626e+00 
 7.76101674e-06  1.80000000e+00  1.79893484e+00 
 7.76352740e-06  1.80000000e+00  1.79937785e+00 
 7.76624998e-06  1.80000000e+00  1.79961882e+00 
 7.77068322e-06  1.80000000e+00  1.79986928e+00 
 7.77645180e-06  1.80000000e+00  1.79994635e+00 
 7.78798898e-06  1.80000000e+00  1.80001607e+00 
 7.81106333e-06  1.80000000e+00  1.79998527e+00 
 7.85721204e-06  1.80000000e+00  1.80001420e+00 
 7.94950946e-06  1.80000000e+00  1.79998577e+00 
 8.00000000e-06  1.80000000e+00  1.80001391e+00 
 8.00001000e-06  1.62000000e+00  1.79885501e+00 
 8.00003000e-06  1.26000000e+00  1.79678245e+00 
 8.00007000e-06  5.40000000e-01  1.79413966e+00 
 8.00010000e-06  0.00000000e+00  1.79274341e+00 
 8.00010424e-06  0.00000000e+00  1.79302875e+00 
 8.00011272e-06  0.00000000e+00  1.79372761e+00 
 8.00012967e-06  0.00000000e+00  1.79468730e+00 
 8.00016359e-06  0.00000000e+00  1.79576371e+00 
 8.00023141e-06  0.00000000e+00  1.79750152e+00 
 8.00036706e-06  0.00000000e+00  1.79936154e+00 
 8.00055121e-06  0.00000000e+00  1.80049995e+00 
 8.00091950e-06  0.00000000e+00  1.80133027e+00 
 8.00151415e-06  0.00000000e+00  1.80148506e+00 
 8.00214119e-06  0.00000000e+00  1.80056676e+00 
 8.00283764e-06  0.00000000e+00  1.79925804e+00 
 8.00356484e-06  0.00000000e+00  1.79855964e+00 
 8.00432732e-06  0.00000000e+00  1.79922164e+00 
 8.00516703e-06  0.00000000e+00  1.79960567e+00 
 8.00608976e-06  0.00000000e+00  1.79977047e+00 
 8.00702012e-06  0.00000000e+00  1.79978231e+00 
 8.00802480e-06  0.00000000e+00  1.79994425e+00 
 8.00896552e-06  0.00000000e+00  1.79987717e+00 
 8.00994556e-06  0.00000000e+00  1.79997576e+00 
 8.01097465e-06  0.00000000e+00  1.79990800e+00 
 8.01230823e-06  0.00000000e+00  1.79999491e+00 
 8.01413218e-06  0.00000000e+00  1.79992803e+00 
 8.01685095e-06  0.00000000e+00  1.80000842e+00 
 8.02021651e-06  0.00000000e+00  1.79993856e+00 
 8.02271337e-06  0.00000000e+00  1.80001195e+00 
 8.02545788e-06  0.00000000e+00  1.79994167e+00 
 8.02813390e-06  0.00000000e+00  1.80001245e+00 
 8.03121235e-06  0.00000000e+00  1.79994403e+00 
 8.03585702e-06  0.00000000e+00  1.80001349e+00 
 8.04192904e-06  0.00000000e+00  1.79994696e+00 
 8.05210954e-06  0.00000000e+00  1.80001646e+00 
 8.06822440e-06  0.00000000e+00  1.79995157e+00 
 8.09503354e-06  0.00000000e+00  1.80002162e+00 
 8.14683245e-06  0.00000000e+00  1.79995787e+00 
 8.24910437e-06  0.00000000e+00  1.80002815e+00 
 8.25010000e-06  0.00000000e+00  1.79996222e+00 
 8.25011000e-06  1.80000000e-01  1.80062281e+00 
 8.25013000e-06  5.40000000e-01  1.80193857e+00 
 8.25017000e-06  1.26000000e+00  1.80473087e+00 
 8.25020000e-06  1.80000000e+00  1.80675760e+00 
 8.25020076e-06  1.80000000e+00  1.80676732e+00 
 8.25020227e-06  1.80000000e+00  1.80673663e+00 
 8.25020529e-06  1.80000000e+00  1.80654487e+00 
 8.25021133e-06  1.80000000e+00  1.80620446e+00 
 8.25022341e-06  1.80000000e+00  1.80587456e+00 
 8.25024757e-06  1.80000000e+00  1.80555779e+00 
 8.25029590e-06  1.80000000e+00  1.80504601e+00 
 8.25039255e-06  1.80000000e+00  1.80428696e+00 
 8.25058585e-06  1.80000000e+00  1.80327682e+00 
 8.25097246e-06  1.80000000e+00  1.80212574e+00 
 8.25154304e-06  1.80000000e+00  1.80308236e+00 
 8.25221038e-06  1.80000000e+00  1.80487341e+00 
 8.25295331e-06  1.80000000e+00  1.80265907e+00 
 8.25379262e-06  1.80000000e+00  1.80067924e+00 
 8.25485129e-06  1.80000000e+00  1.79990126e+00 
 8.25616372e-06  1.80000000e+00  1.79974569e+00 
 8.25752901e-06  1.80000000e+00  1.79981411e+00 
 8.25911102e-06  1.80000000e+00  1.79985705e+00 
 8.26082531e-06  1.80000000e+00  1.79990615e+00 
 8.26339691e-06  1.80000000e+00  1.79994555e+00 
 8.26637205e-06  1.80000000e+00  1.79996767e+00 
 8.27041634e-06  1.80000000e+00  1.79998982e+00 
 8.27624863e-06  1.80000000e+00  1.79999298e+00 
 8.28791321e-06  1.80000000e+00  1.80000379e+00 
 8.31124236e-06  1.80000000e+00  1.79999609e+00 
 8.35744376e-06  1.80000000e+00  1.80000379e+00 
 8.44984656e-06  1.80000000e+00  1.79999605e+00 
 8.50000000e-06  1.80000000e+00  1.80000383e+00 
 8.50001000e-06  1.62000000e+00  1.79884257e+00 
 8.50003000e-06  1.26000000e+00  1.79676992e+00 
 8.50007000e-06  5.40000000e-01  1.79413341e+00 
 8.50010000e-06  0.00000000e+00  1.79274082e+00 
 8.50010424e-06  0.00000000e+00  1.79302914e+00 
 8.50011272e-06  0.00000000e+00  1.79373301e+00 
 8.50012967e-06  0.00000000e+00  1.79469667e+00 
 8.50016359e-06  0.00000000e+00  1.79577338e+00 
 8.50023142e-06  0.00000000e+00  1.79750658e+00 
 8.50036707e-06  0.00000000e+00  1.79936334e+00 
 8.50063838e-06  0.00000000e+00  1.80085131e+00 
 8.50111347e-06  0.00000000e+00  1.80163287e+00 
 8.50186942e-06  0.00000000e+00  1.80103635e+00 
 8.50270637e-06  0.00000000e+00  1.79838426e+00 
 8.50337717e-06  0.00000000e+00  1.80223908e+00 
 8.50423903e-06  0.00000000e+00  1.82003941e+00 
 8.50513658e-06  0.00000000e+00  1.81756623e+00 
 8.50606127e-06  0.00000000e+00  1.77901772e+00 
 8.50708331e-06  0.00000000e+00  1.72932919e+00 
 8.50859436e-06  0.00000000e+00  1.65862315e+00 
 8.51016859e-06  0.00000000e+00  1.58310722e+00 
 8.51269147e-06  0.00000000e+00  1.46265265e+00 
 8.51434124e-06  0.00000000e+00  1.38304755e+00 
 8.51622683e-06  0.00000000e+00  1.29246496e+00 
 8.51914298e-06  0.00000000e+00  1.15214662e+00 
 8.52188107e-06  0.00000000e+00  1.02170973e+00 
 8.52524877e-06  0.00000000e+00  8.63476471e-01 
 8.53198418e-06  0.00000000e+00  5.78050921e-01 
 8.53866169e-06  0.00000000e+00  3.27656234e-01 
 8.54352145e-06  0.00000000e+00  1.94793896e-01 
 8.54747131e-06  0.00000000e+00  1.17164595e-01 
 8.55121232e-06  0.00000000e+00  7.37864053e-02 
 8.55424115e-06  0.00000000e+00  4.81110689e-02 
 8.55714271e-06  0.00000000e+00  3.35482470e-02 
 8.55953837e-06  0.00000000e+00  2.35420143e-02 
 8.56207426e-06  0.00000000e+00  1.71890938e-02 
 8.56494183e-06  0.00000000e+00  1.12554465e-02 
 8.56831312e-06  0.00000000e+00  7.31158284e-03 
 8.57161335e-06  0.00000000e+00  4.45133787e-03 
 8.57768424e-06  0.00000000e+00  1.98205155e-03 
 8.58328206e-06  0.00000000e+00  8.09125707e-04 
 8.59260849e-06  0.00000000e+00  2.77471822e-04 
 8.60261409e-06  0.00000000e+00  3.37448418e-05 
 8.61946542e-06  0.00000000e+00  7.83421141e-05 
 8.63671546e-06  0.00000000e+00  6.36115702e-06 
 8.65828813e-06  0.00000000e+00  6.90924078e-05 
 8.68725645e-06  0.00000000e+00  7.72375554e-06 
 8.72157487e-06  0.00000000e+00  5.94528207e-05 
 8.75010000e-06  0.00000000e+00  7.67315725e-06 
 8.75011000e-06  1.80000000e-01  9.39968477e-04 
 8.75013000e-06  5.40000000e-01  2.49504862e-03 
 8.75017000e-06  1.26000000e+00  4.32994610e-03 
 8.75020000e-06  1.80000000e+00  5.48267166e-03 
 8.75020077e-06  1.80000000e+00  5.47332705e-03 
 8.75020231e-06  1.80000000e+00  5.40227991e-03 
 8.75020538e-06  1.80000000e+00  5.15937993e-03 
 8.75021154e-06  1.80000000e+00  4.79259978e-03 
 8.75022385e-06  1.80000000e+00  4.41002936e-03 
 8.75024846e-06  1.80000000e+00  3.94253379e-03 
 8.75029769e-06  1.80000000e+00  3.22155580e-03 
 8.75039615e-06  1.80000000e+00  2.29536666e-03 
 8.75059307e-06  1.80000000e+00  1.43940324e-03 
 8.75098306e-06  1.80000000e+00  1.03824500e-03 
 8.75155416e-06  1.80000000e+00  1.92939435e-03 
 8.75223398e-06  1.80000000e+00  2.42012711e-03 
 8.75299090e-06  1.80000000e+00  1.23734746e-03 
 8.75379922e-06  1.80000000e+00  8.53245958e-04 
 8.75491985e-06  1.80000000e+00 -2.91183759e-04 
 8.75586395e-06  1.80000000e+00 -1.67190719e-03 
 8.75693096e-06  1.80000000e+00 -9.41470590e-04 
 8.75793222e-06  1.80000000e+00 -4.51237554e-04 
 8.75897627e-06  1.80000000e+00 -2.00919120e-04 
 8.76065533e-06  1.80000000e+00  1.37518156e-04 
 8.76235829e-06  1.80000000e+00  3.05102624e-04 
 8.76505662e-06  1.80000000e+00  4.27645899e-04 
 8.76852275e-06  1.80000000e+00  3.98265876e-04 
 8.77355365e-06  1.80000000e+00  3.45932064e-04 
 8.78361546e-06  1.80000000e+00  2.12473197e-04 
 8.80091996e-06  1.80000000e+00  1.21989766e-04 
 8.83199540e-06  1.80000000e+00  6.49235080e-05 
 8.89390518e-06  1.80000000e+00  4.93354288e-05 
 9.00000000e-06  1.80000000e+00  2.51532078e-05 
