 0.00000000e+00  5.97835741e-05 
 1.00000000e-12  3.89531519e-03 
 2.00000000e-12  4.20766007e-03 
 4.00000000e-12  4.28685461e-03 
 8.00000000e-12  4.13852948e-03 
 1.60000000e-11  3.97435192e-03 
 3.20000000e-11  3.86321938e-03 
 6.40000000e-11  4.92019201e-03 
 1.00000000e-10  7.55017838e-03 
 1.06400000e-10  2.63393753e-03 
 1.19200000e-10  2.01989394e-03 
 1.44800000e-10  2.14348856e-03 
 1.96000000e-10  1.46916182e-03 
 2.98400000e-10  1.45832334e-03 
 4.51198508e-10  9.83798384e-04 
 7.56795524e-10  1.03284833e-03 
 1.04164432e-09  6.85355470e-04 
 1.50284859e-09  9.29674875e-04 
 1.91785412e-09  6.51994666e-04 
 2.38885572e-09  1.02475315e-03 
 2.84751914e-09  5.30155603e-04 
 3.24805363e-09  9.54108891e-04 
 3.71857067e-09  5.90177726e-04 
 4.21173859e-09  8.52749827e-04 
 4.70520641e-09  3.65185456e-04 
 5.25266898e-09  5.35943410e-04 
 5.84526195e-09  1.49813218e-04 
 6.64973630e-09  4.55534122e-04 
 7.41442793e-09  1.16407524e-04 
 8.29536420e-09  3.75667794e-04 
 9.24307736e-09 -3.84673658e-05 
 1.01508693e-08  2.73445727e-04 
 1.12070043e-08  1.73736210e-05 
 1.23546538e-08  3.31199364e-04 
 1.32739181e-08 -6.48608713e-05 
 1.41898618e-08  2.84423741e-04 
 1.50571071e-08 -6.35926711e-05 
 1.59831467e-08  2.76318609e-04 
 1.74856131e-08 -6.84562239e-05 
 2.04905460e-08  2.95840191e-04 
 2.35788004e-08  2.18853196e-05 
 2.61512698e-08  3.50159594e-04 
 2.74074162e-08 -7.75819708e-05 
 2.86245852e-08  3.06411381e-04 
 2.98968288e-08 -5.90698674e-05 
 3.15404516e-08  2.93053871e-04 
 3.36061687e-08 -5.71252749e-05 
 3.64739996e-08  2.80240703e-04 
 4.01889926e-08 -5.66278491e-05 
 4.37948808e-08  2.82284191e-04 
 4.89635543e-08 -5.88021337e-05 
 5.41035785e-08  2.78966127e-04 
 6.43836270e-08 -6.08281597e-05 
 7.75299145e-08  2.74656862e-04 
 1.01159814e-07 -6.48893921e-05 
 1.44051983e-07  2.70598412e-04 
 1.76910256e-07 -6.90764048e-05 
 2.06814657e-07  2.60177442e-04 
 2.19113785e-07 -7.67149502e-05 
 2.30979649e-07  2.48043502e-04 
 2.44014230e-07 -8.03051874e-05 
 2.50100000e-07  2.49772957e-04 
 2.50110000e-07 -4.61999440e-03 
 2.50130000e-07 -5.12386981e-03 
 2.50170000e-07 -3.46252533e-03 
 2.50200000e-07 -3.67537516e-03 
 2.50206659e-07  4.51539406e-04 
 2.50219976e-07  6.19343864e-04 
 2.50246611e-07  5.47431718e-04 
 2.50299881e-07  5.36904911e-04 
 2.50406421e-07  4.06528096e-04 
 2.50523327e-07  4.30669170e-04 
 2.50733226e-07  4.09761743e-04 
 2.50962076e-07  4.73310060e-04 
 2.51419776e-07  3.55659680e-04 
 2.51928266e-07  3.42682530e-04 
 2.52397282e-07  1.37621585e-04 
 2.53073980e-07  1.81939060e-04 
 2.53884359e-07  1.03186008e-04 
 2.54450317e-07  1.74663107e-04 
 2.55105983e-07  6.52607926e-05 
 2.55804147e-07  1.45570568e-04 
 2.56701552e-07  5.86776550e-05 
 2.57574909e-07  1.32810542e-04 
 2.59007074e-07  4.42833764e-05 
 2.60585748e-07  1.25466926e-04 
 2.63335247e-07  4.33140339e-05 
 2.66719668e-07  1.25051622e-04 
 2.73488510e-07  4.29436689e-05 
 2.84836474e-07  1.24398371e-04 
 3.03831335e-07  4.19096040e-05 
 3.39055300e-07  1.22173097e-04 
 3.97983632e-07  3.70959056e-05 
 5.00000000e-07  1.13319692e-04 
 5.00010000e-07  2.43559447e-03 
 5.00030000e-07  2.17399197e-03 
 5.00070000e-07  2.91749044e-03 
 5.00100000e-07  3.79262285e-03 
 5.00108000e-07  1.04247159e-03 
 5.00124000e-07  7.12352586e-04 
 5.00156000e-07  8.07609174e-04 
 5.00220000e-07  5.23968436e-04 
 5.00348000e-07  6.00476183e-04 
 5.00519838e-07  4.09032197e-04 
 5.00863514e-07  5.86402379e-04 
 5.01301036e-07  2.95548159e-04 
 5.01765169e-07  2.93287373e-04 
 5.02215004e-07  1.51641604e-04 
 5.02711143e-07  2.46335135e-04 
 5.03326602e-07  5.39566528e-05 
 5.04079408e-07  1.68330467e-04 
 5.04879959e-07  2.19962857e-05 
 5.05688812e-07  1.56532272e-04 
 5.06801619e-07  2.39399449e-05 
 5.08159548e-07  1.63703165e-04 
 5.09659269e-07  2.54632263e-05 
 5.10960948e-07  1.57911200e-04 
 5.12322086e-07  3.70150295e-05 
 5.14060172e-07  1.72155375e-04 
 5.15910293e-07  2.91271151e-05 
 5.17994519e-07  1.54564106e-04 
 5.20374702e-07  1.64931952e-05 
 5.22713002e-07  1.37410789e-04 
 5.27389603e-07  7.84772273e-06 
 5.33003836e-07  1.34418213e-04 
 5.42038868e-07  7.31993992e-06 
 5.59902505e-07  1.33361553e-04 
 5.85259099e-07  5.77800146e-06 
 6.34455054e-07  1.31171656e-04 
 7.18440145e-07  2.90281190e-06 
 7.50100000e-07  1.29265519e-04 
 7.50110000e-07 -2.39468074e-03 
 7.50130000e-07 -2.69843697e-03 
 7.50170000e-07 -1.95300943e-03 
 7.50200000e-07 -2.01952474e-03 
 7.50207769e-07  3.06659935e-04 
 7.50223307e-07  4.00146547e-04 
 7.50254383e-07  3.74414324e-04 
 7.50316535e-07  4.09738439e-04 
 7.50440838e-07  3.26644170e-04 
 7.50614467e-07  3.76635841e-04 
 7.50848860e-07  3.90406310e-04 
 7.51262070e-07  4.14631909e-04 
 7.51750493e-07  3.12184092e-04 
 7.52256046e-07  2.07700950e-04 
 7.52826247e-07  1.00387526e-04 
 7.53589175e-07  1.41647609e-04 
 7.54155043e-07  9.16105733e-05 
 7.54809819e-07  1.20782927e-04 
 7.55395342e-07  7.11794038e-05 
 7.56045416e-07  1.12591055e-04 
 7.56903131e-07  6.73185131e-05 
 7.57795733e-07  9.45563758e-05 
 7.58717818e-07  5.32833182e-05 
 7.59907188e-07  9.07783995e-05 
 7.61144272e-07  4.60706607e-05 
 7.62915603e-07  8.66326662e-05 
 7.65291360e-07  4.51942280e-05 
 7.68585185e-07  8.65090013e-05 
 7.74678985e-07  4.50452018e-05 
 7.83107940e-07  8.63329994e-05 
 7.97512796e-07  4.48289055e-05 
 8.20050681e-07  8.60307731e-05 
 8.55632410e-07  4.44413975e-05 
 9.14578913e-07  8.55599298e-05 
 1.00000000e-06  4.39677743e-05 
 1.00001000e-06  2.42168851e-03 
 1.00003000e-06  2.15477874e-03 
 1.00007000e-06  2.90697255e-03 
 1.00010000e-06  3.77850098e-03 
 1.00010800e-06  1.03193860e-03 
 1.00012400e-06  7.03368547e-04 
 1.00015600e-06  7.98994558e-04 
 1.00022000e-06  5.16767808e-04 
 1.00034800e-06  5.92795876e-04 
 1.00052007e-06  4.02638867e-04 
 1.00086422e-06  5.78910306e-04 
 1.00129877e-06  2.88906641e-04 
 1.00176137e-06  2.81812405e-04 
 1.00223518e-06  1.51120141e-04 
 1.00276481e-06  2.43729939e-04 
 1.00340342e-06  4.88289943e-05 
 1.00402824e-06  1.61936838e-04 
 1.00457101e-06  3.40077510e-05 
 1.00520547e-06  1.69193177e-04 
 1.00581053e-06  3.38808246e-05 
 1.00648930e-06  1.50587186e-04 
 1.00718136e-06  1.58218988e-05 
 1.00806047e-06  1.41942527e-04 
 1.00908082e-06  2.00925757e-05 
 1.01046781e-06  1.52932357e-04 
 1.01146302e-06  2.27399285e-05 
 1.01254482e-06  1.56050068e-04 
 1.01355578e-06  4.14897713e-05 
 1.01468205e-06  2.06228104e-04 
 1.01543186e-06  7.81014024e-05 
 1.01625901e-06  2.06128390e-04 
 1.01735856e-06  7.56363952e-05 
 1.01849227e-06  1.96740625e-04 
 1.01954353e-06  6.62891833e-05 
 1.02082757e-06  1.89056848e-04 
 1.02218628e-06  5.94883064e-05 
 1.02418829e-06  1.85479568e-04 
 1.02676343e-06  5.58087710e-05 
 1.03191370e-06  1.79901205e-04 
 1.04014863e-06  4.77815487e-05 
 1.05416557e-06  1.69241566e-04 
 1.07913551e-06  3.45301003e-05 
 1.12049629e-06  1.55340456e-04 
 1.19352311e-06  2.31402731e-05 
 1.25010000e-06  1.48885914e-04 
 1.25011000e-06 -2.38078231e-03 
 1.25013000e-06 -2.68718975e-03 
 1.25017000e-06 -1.93109127e-03 
 1.25020000e-06 -1.99510186e-03 
 1.25020777e-06  3.28048507e-04 
 1.25022332e-06  4.21723581e-04 
 1.25025441e-06  3.96381208e-04 
 1.25031658e-06  4.31514700e-04 
 1.25044094e-06  3.47996009e-04 
 1.25061456e-06  3.97698735e-04 
 1.25084908e-06  4.10839160e-04 
 1.25126210e-06  4.33591573e-04 
 1.25175024e-06  3.31598026e-04 
 1.25225999e-06  2.24077997e-04 
 1.25282914e-06  1.18894416e-04 
 1.25363123e-06  1.58340565e-04 
 1.25419810e-06  1.03801567e-04 
 1.25483656e-06  1.23176305e-04 
 1.25546151e-06  7.66828853e-05 
 1.25613019e-06  1.19536494e-04 
 1.25708309e-06  7.29413526e-05 
 1.25835682e-06  1.07083851e-04 
 1.26000849e-06  6.48496157e-05 
 1.26268129e-06  1.05438819e-04 
 1.26617122e-06  6.46009203e-05 
 1.27315108e-06  1.05104587e-04 
 1.28711080e-06  6.37609227e-05 
 1.30339002e-06  1.03828728e-04 
 1.32556802e-06  6.45171151e-05 
 1.34516538e-06  1.29703339e-04 
 1.36543021e-06  9.36245082e-05 
 1.37748116e-06  1.11331926e-04 
 1.38839664e-06  8.65250377e-05 
 1.39871674e-06  1.12552719e-04 
 1.40956274e-06  8.39721247e-05 
 1.42811076e-06  1.11031449e-04 
 1.44389347e-06  6.97219199e-05 
 1.45818041e-06  1.26827174e-04 
 1.46993866e-06  4.67033027e-05 
 1.47860894e-06  1.13929003e-04 
 1.48733058e-06  4.36262028e-05 
 1.49575490e-06  1.10643588e-04 
 1.50000000e-06  4.33454949e-05 
 1.50001000e-06  2.42110579e-03 
 1.50003000e-06  2.15362848e-03 
 1.50007000e-06  2.91716191e-03 
 1.50010000e-06  3.78430813e-03 
 1.50010800e-06  1.03960569e-03 
 1.50012400e-06  7.10762047e-04 
 1.50015600e-06  8.07264741e-04 
 1.50022000e-06  5.25802958e-04 
 1.50034800e-06  6.03098559e-04 
 1.50051981e-06  4.13194665e-04 
 1.50086343e-06  5.90099262e-04 
 1.50130159e-06  2.99660463e-04 
 1.50176611e-06  2.95271033e-04 
 1.50222282e-06  1.55285313e-04 
 1.50272159e-06  2.47908457e-04 
 1.50335157e-06  5.48040489e-05 
 1.50406764e-06  1.71404658e-04 
 1.50488873e-06  2.83220108e-05 
 1.50563694e-06  1.68999791e-04 
 1.50675727e-06  4.18558370e-05 
 1.50756068e-06  1.66206368e-04 
 1.50847600e-06  3.08592560e-05 
 1.50949438e-06  1.49775938e-04 
 1.51062867e-06  9.99423100e-06 
 1.51175979e-06  1.42069816e-04 
 1.51330755e-06  9.53427052e-06 
 1.51534702e-06  1.40945473e-04 
 1.51888593e-06  9.25266949e-06 
 1.52472432e-06  1.40090852e-04 
 1.53506371e-06  8.12736579e-06 
 1.55401654e-06  1.38018705e-04 
 1.59192218e-06  4.62018378e-06 
 1.66773348e-06  1.32512449e-04 
 1.75010000e-06 -6.18563896e-07 
 1.75011000e-06 -2.40438479e-03 
 1.75013000e-06 -2.69234200e-03 
 1.75017000e-06 -1.95105452e-03 
 1.75020000e-06 -2.00040397e-03 
 1.75020791e-06  3.09773822e-04 
 1.75022374e-06  4.01512863e-04 
 1.75025540e-06  3.76565653e-04 
 1.75031871e-06  4.08434378e-04 
 1.75044532e-06  3.26043809e-04 
 1.75061847e-06  3.76358157e-04 
 1.75085678e-06  3.90638189e-04 
 1.75127202e-06  4.11852035e-04 
 1.75175882e-06  3.10078748e-04 
 1.75226283e-06  2.03888209e-04 
 1.75283562e-06  1.00207995e-04 
 1.75361102e-06  1.40179799e-04 
 1.75417388e-06  9.08778072e-05 
 1.75481906e-06  1.18634908e-04 
 1.75539328e-06  7.09971300e-05 
 1.75603162e-06  1.10691507e-04 
 1.75687340e-06  6.74915228e-05 
 1.75777937e-06  9.25621198e-05 
 1.75867841e-06  5.32503346e-05 
 1.75990213e-06  8.88952892e-05 
 1.76110599e-06  4.60473285e-05 
 1.76288472e-06  8.46158025e-05 
 1.76523498e-06  4.50460966e-05 
 1.76851292e-06  8.44984697e-05 
 1.77448204e-06  4.49083822e-05 
 1.78273344e-06  8.42843220e-05 
 1.79673505e-06  4.46121051e-05 
 1.81849658e-06  8.38667259e-05 
 1.85271938e-06  4.40853729e-05 
 1.91117150e-06  8.32353932e-05 
 2.00000000e-06  4.34654943e-05 
 2.00001000e-06  2.41551330e-03 
 2.00003000e-06  2.14295641e-03 
 2.00007000e-06  2.91058080e-03 
 2.00010000e-06  3.77083842e-03 
 2.00010800e-06  1.02940709e-03 
 2.00012400e-06  7.01139104e-04 
 2.00015600e-06  7.96713070e-04 
 2.00022000e-06  5.14939442e-04 
 2.00034800e-06  5.91005750e-04 
 2.00052006e-06  4.01201733e-04 
 2.00086418e-06  5.77434430e-04 
 2.00129939e-06  2.87202750e-04 
 2.00176226e-06  2.80107092e-04 
 2.00223482e-06  1.49801426e-04 
 2.00276658e-06  2.41305049e-04 
 2.00340452e-06  4.72771031e-05 
 2.00403261e-06  1.60619988e-04 
 2.00457194e-06  3.23473880e-05 
 2.00520456e-06  1.67721178e-04 
 2.00580838e-06  3.21081488e-05 
 2.00648465e-06  1.49452450e-04 
 2.00717454e-06  1.44766119e-05 
 2.00805348e-06  1.40621839e-04 
 2.00907396e-06  1.85935597e-05 
 2.01046316e-06  1.52086803e-04 
 2.01145698e-06  2.03178638e-05 
 2.01253924e-06  1.51253861e-04 
 2.01354717e-06  3.59000398e-05 
 2.01467520e-06  1.98698369e-04 
 2.01542366e-06  7.14514408e-05 
 2.01624892e-06  2.01561119e-04 
 2.01734198e-06  7.02350847e-05 
 2.01847071e-06  1.91301170e-04 
 2.01952720e-06  6.01077040e-05 
 2.02079643e-06  1.81901888e-04 
 2.02215465e-06  5.19035283e-05 
 2.02414237e-06  1.76492814e-04 
 2.02665930e-06  4.60634429e-05 
 2.03169316e-06  1.67853030e-04 
 2.03974330e-06  3.40133943e-05 
 2.05334639e-06  1.62557949e-04 
 2.06409595e-06  8.65882385e-05 
 2.07248478e-06  1.53323026e-04 
 2.08100538e-06  5.12432095e-05 
 2.08666728e-06  1.50795098e-04 
 2.09195360e-06  4.77608775e-05 
 2.10012723e-06  1.53102231e-04 
 2.10732157e-06  4.57787510e-05 
 2.11493603e-06  1.52779972e-04 
 2.13010522e-06  4.41825698e-05 
 2.14934200e-06  1.50750686e-04 
 2.18436899e-06  4.03009383e-05 
 2.24433554e-06  1.41300240e-04 
 2.25010000e-06  3.23249263e-05 
 2.25011000e-06 -2.38224332e-03 
 2.25013000e-06 -2.67515856e-03 
 2.25017000e-06 -1.92891150e-03 
 2.25020000e-06 -1.97658605e-03 
 2.25020791e-06  3.33592155e-04 
 2.25022373e-06  4.25157775e-04 
 2.25025536e-06  3.99545989e-04 
 2.25031863e-06  4.31408748e-04 
 2.25044518e-06  3.48714846e-04 
 2.25061837e-06  3.99551672e-04 
 2.25085688e-06  4.12876506e-04 
 2.25127138e-06  4.33409910e-04 
 2.25175846e-06  3.31314807e-04 
 2.25226388e-06  2.25165433e-04 
 2.25283601e-06  1.21829878e-04 
 2.25364059e-06  1.62994950e-04 
 2.25422247e-06  1.09202799e-04 
 2.25488698e-06  1.27920373e-04 
 2.25551116e-06  7.89841969e-05 
 2.25618492e-06  1.20870942e-04 
 2.25719358e-06  7.26196724e-05 
 2.25839424e-06  1.07598287e-04 
 2.26016569e-06  6.49784433e-05 
 2.26280264e-06  1.05535405e-04 
 2.26657079e-06  6.41672353e-05 
 2.27410707e-06  1.04146870e-04 
 2.28917964e-06  6.16834616e-05 
 2.31932479e-06  1.00060063e-04 
 2.37961507e-06  5.64256430e-05 
 2.47143379e-06  9.61243703e-05 
 2.50000000e-06  5.52222656e-05 
 2.50001000e-06  2.42797963e-03 
 2.50003000e-06  2.15481092e-03 
 2.50007000e-06  2.92475164e-03 
 2.50010000e-06  3.78265447e-03 
 2.50010800e-06  1.04114874e-03 
 2.50012400e-06  7.12638089e-04 
 2.50015600e-06  8.09400747e-04 
 2.50022000e-06  5.27802890e-04 
 2.50034800e-06  6.03403516e-04 
 2.50051970e-06  4.13136077e-04 
 2.50086309e-06  5.89644815e-04 
 2.50129674e-06  3.00951393e-04 
 2.50175883e-06  2.92914101e-04 
 2.50223166e-06  1.62056050e-04 
 2.50276354e-06  2.52332187e-04 
 2.50339165e-06  5.54602537e-05 
 2.50398069e-06  1.73986946e-04 
 2.50461690e-06  3.05570283e-05 
 2.50530598e-06  1.64876051e-04 
 2.50627853e-06  3.75285426e-05 
 2.50744572e-06  1.66971839e-04 
 2.50856147e-06  2.97000193e-05 
 2.50962147e-06  1.48073974e-04 
 2.51091829e-06  9.88170393e-06 
 2.51229272e-06  1.42402864e-04 
 2.51369722e-06  9.79468770e-06 
 2.51650621e-06  1.41767470e-04 
 2.52107936e-06  9.86142068e-06 
 2.52831762e-06  1.41612668e-04 
 2.54186388e-06  9.85071387e-06 
 2.56367033e-06  1.41522190e-04 
 2.60257983e-06  9.82409835e-06 
 2.67580854e-06  1.41488202e-04 
 2.75010000e-06  9.82531319e-06 
 2.75011000e-06 -2.39346439e-03 
 2.75013000e-06 -2.68074721e-03 
 2.75017000e-06 -1.93715456e-03 
 2.75020000e-06 -1.98248822e-03 
 2.75020791e-06  3.21944228e-04 
 2.75022374e-06  4.12623708e-04 
 2.75025540e-06  3.87026056e-04 
 2.75031871e-06  4.18262905e-04 
 2.75044533e-06  3.36130994e-04 
 2.75061848e-06  3.87053648e-04 
 2.75085687e-06  4.01417905e-04 
 2.75127206e-06  4.22680308e-04 
 2.75175863e-06  3.20808992e-04 
 2.75226272e-06  2.14623551e-04 
 2.75283508e-06  1.10699731e-04 
 2.75363333e-06  1.49991433e-04 
 2.75420280e-06  9.92786183e-05 
 2.75485646e-06  1.22933807e-04 
 2.75543635e-06  7.25966465e-05 
 2.75607985e-06  1.10279574e-04 
 2.75692368e-06  6.54769074e-05 
 2.75783876e-06  9.90505572e-05 
 2.75962209e-06  5.59245136e-05 
 2.76187999e-06  9.56361550e-05 
 2.76527243e-06  5.59224481e-05 
 2.77128274e-06  9.55672344e-05 
 2.78330336e-06  5.58812052e-05 
 2.80734461e-06  9.55235222e-05 
 2.85542710e-06  5.58463235e-05 
 2.95159208e-06  9.54941045e-05 
 3.00000000e-06  5.58323960e-05 
 3.00001000e-06  2.42490644e-03 
 3.00003000e-06  2.14997760e-03 
 3.00007000e-06  2.92423438e-03 
 3.00010000e-06  3.77887802e-03 
 3.00010800e-06  1.04028187e-03 
 3.00012400e-06  7.12764765e-04 
 3.00015600e-06  8.09585008e-04 
 3.00022000e-06  5.28522440e-04 
 3.00034800e-06  6.03649721e-04 
 3.00052003e-06  4.13547652e-04 
 3.00086408e-06  5.89708945e-04 
 3.00129860e-06  2.99856071e-04 
 3.00176109e-06  2.91998745e-04 
 3.00223311e-06  1.62953188e-04 
 3.00276424e-06  2.54673970e-04 
 3.00340053e-06  5.84521948e-05 
 3.00402796e-06  1.70535025e-04 
 3.00457308e-06  3.62045669e-05 
 3.00519587e-06  1.68751264e-04 
 3.00580078e-06  3.50562621e-05 
 3.00646832e-06  1.57645126e-04 
 3.00715219e-06  2.21055595e-05 
 3.00803592e-06  1.46486653e-04 
 3.00914322e-06  1.91038390e-05 
 3.01086561e-06  1.61565769e-04 
 3.01269273e-06  3.86947298e-05 
 3.01416095e-06  1.86469637e-04 
 3.01541255e-06  7.42546286e-05 
 3.01661388e-06  1.98687001e-04 
 3.01786956e-06  6.41259827e-05 
 3.01896313e-06  1.84515680e-04 
 3.02014717e-06  5.06440185e-05 
 3.02144152e-06  1.73886486e-04 
 3.02308769e-06  4.35336253e-05 
 3.02502587e-06  1.69126951e-04 
 3.02806298e-06  3.84806042e-05 
 3.03376451e-06  1.63057324e-04 
 3.04258290e-06  3.33074591e-05 
 3.05930932e-06  1.60609173e-04 
 3.08631597e-06  3.06105470e-05 
 3.13052172e-06  1.49926910e-04 
 3.17404428e-06  1.70582515e-05 
 3.24421790e-06  1.43136872e-04 
 3.25010000e-06  1.49246365e-05 
 3.25011000e-06 -2.39546774e-03 
 3.25013000e-06 -2.68583501e-03 
 3.25017000e-06 -1.93808452e-03 
 3.25020000e-06 -1.98065731e-03 
 3.25020791e-06  3.25236552e-04 
 3.25022373e-06  4.16700713e-04 
 3.25025538e-06  3.91644183e-04 
 3.25031867e-06  4.23386737e-04 
 3.25044524e-06  3.41149915e-04 
 3.25061842e-06  3.91973639e-04 
 3.25085687e-06  4.05632895e-04 
 3.25127142e-06  4.25977852e-04 
 3.25175817e-06  3.24245058e-04 
 3.25226370e-06  2.17743262e-04 
 3.25283559e-06  1.14690707e-04 
 3.25363968e-06  1.55255687e-04 
 3.25421345e-06  1.02582428e-04 
 3.25487345e-06  1.20765127e-04 
 3.25549897e-06  7.23267738e-05 
 3.25617116e-06  1.13855364e-04 
 3.25716928e-06  6.64168552e-05 
 3.25837793e-06  1.00880506e-04 
 3.26012461e-06  5.89659150e-05 
 3.26276168e-06  9.93202973e-05 
 3.26646472e-06  5.88988396e-05 
 3.27387081e-06  9.92181607e-05 
 3.28868300e-06  5.87839051e-05 
 3.31830737e-06  9.90606412e-05 
 3.37755611e-06  5.85909162e-05 
 3.49605359e-06  9.88757597e-05 
 3.50000000e-06  5.85154895e-05 
 3.50001000e-06  2.42913258e-03 
 3.50003000e-06  2.15485013e-03 
 3.50007000e-06  2.92957652e-03 
 3.50010000e-06  3.78344404e-03 
 3.50010800e-06  1.04379942e-03 
 3.50012400e-06  7.15391275e-04 
 3.50015600e-06  8.12235496e-04 
 3.50022000e-06  5.30790986e-04 
 3.50034800e-06  6.06357274e-04 
 3.50051970e-06  4.16161680e-04 
 3.50086309e-06  5.92673381e-04 
 3.50129680e-06  3.04017273e-04 
 3.50175890e-06  2.95874308e-04 
 3.50223131e-06  1.65061148e-04 
 3.50276266e-06  2.55112554e-04 
 3.50339073e-06  5.84302808e-05 
 3.50398964e-06  1.76701816e-04 
 3.50463008e-06  3.36162871e-05 
 3.50532219e-06  1.67895933e-04 
 3.50630016e-06  4.09716322e-05 
 3.50746523e-06  1.70005769e-04 
 3.50855693e-06  3.29032299e-05 
 3.50963757e-06  1.50893908e-04 
 3.51090809e-06  1.30692627e-05 
 3.51228344e-06  1.45341335e-04 
 3.51368514e-06  1.29447916e-05 
 3.51648855e-06  1.44707630e-04 
 3.52109662e-06  1.30115592e-05 
 3.52837798e-06  1.44555927e-04 
 3.54209432e-06  1.30025944e-05 
 3.56423130e-06  1.44465992e-04 
 3.60384979e-06  1.29697749e-05 
 3.67694257e-06  1.44415713e-04 
 3.75010000e-06  1.29517299e-05 
 3.75011000e-06 -2.39041709e-03 
 3.75013000e-06 -2.67768628e-03 
 3.75017000e-06 -1.93329043e-03 
 3.75020000e-06 -1.97607185e-03 
 3.75020791e-06  3.25342750e-04 
 3.75022374e-06  4.15832037e-04 
 3.75025540e-06  3.90279211e-04 
 3.75031871e-06  4.21218432e-04 
 3.75044533e-06  3.39040768e-04 
 3.75061848e-06  3.89994347e-04 
 3.75085687e-06  4.04481699e-04 
 3.75127207e-06  4.25656775e-04 
 3.75175844e-06  3.23854182e-04 
 3.75226262e-06  2.17576660e-04 
 3.75283485e-06  1.13808376e-04 
 3.75363158e-06  1.52979227e-04 
 3.75420031e-06  1.02462877e-04 
 3.75485306e-06  1.25918831e-04 
 3.75543243e-06  7.56683985e-05 
 3.75607527e-06  1.13255962e-04 
 3.75691824e-06  6.85943525e-05 
 3.75783404e-06  1.02045850e-04 
 3.75961215e-06  5.89988729e-05 
 3.76186776e-06  9.86097713e-05 
 3.76524977e-06  5.89907822e-05 
 3.77124053e-06  9.85414616e-05 
 3.78322204e-06  5.89481183e-05 
 3.80718507e-06  9.84961037e-05 
 3.85511114e-06  5.89105663e-05 
 3.95096326e-06  9.84636143e-05 
 4.00000000e-06  5.88947508e-05 
 4.00001000e-06  2.42638444e-03 
 4.00003000e-06  2.15080552e-03 
 4.00007000e-06  2.92850227e-03 
 4.00010000e-06  3.78018009e-03 
 4.00010800e-06  1.04301680e-03 
 4.00012400e-06  7.15551487e-04 
 4.00015600e-06  8.12456831e-04 
 4.00022000e-06  5.31511649e-04 
 4.00034800e-06  6.06676172e-04 
 4.00052003e-06  4.16551386e-04 
 4.00086408e-06  5.92720098e-04 
 4.00129862e-06  3.02874002e-04 
 4.00176110e-06  2.94948968e-04 
 4.00223283e-06  1.65945896e-04 
 4.00276393e-06  2.57622787e-04 
 4.00339997e-06  6.14853613e-05 
 4.00402735e-06  1.73813431e-04 
 4.00457245e-06  3.92342249e-05 
 4.00519521e-06  1.71748360e-04 
 4.00580069e-06  3.80424261e-05 
 4.00646790e-06  1.60654181e-04 
 4.00715162e-06  2.50736483e-05 
 4.00803594e-06  1.49459837e-04 
 4.00914230e-06  2.20498000e-05 
 4.01086512e-06  1.64287947e-04 
 4.01270758e-06  3.59095065e-05 
 4.01432430e-06  1.92575052e-04 
 4.01561514e-06  6.47829954e-05 
 4.01684075e-06  1.88562777e-04 
 4.01811559e-06  5.23116036e-05 
 4.01923569e-06  1.74826519e-04 
 4.02042744e-06  3.92479675e-05 
 4.02172548e-06  1.64394187e-04 
 4.02361904e-06  3.30947984e-05 
 4.02550609e-06  1.60995607e-04 
 4.02893460e-06  3.07468657e-05 
 4.03453630e-06  1.59744196e-04 
 4.04309097e-06  3.00224653e-05 
 4.05248934e-06  1.50824613e-04 
 4.06111718e-06  1.55617390e-05 
 4.07079546e-06  1.61924346e-04 
 4.07750834e-06 -2.03814005e-06 
 4.08384907e-06  1.51700050e-04 
 4.09010645e-06 -9.79118062e-06 
 4.09640916e-06  1.41511625e-04 
 4.10280133e-06 -9.70826211e-06 
 4.10970346e-06  1.38488331e-04 
 4.12301834e-06 -9.90158344e-06 
 4.13691634e-06  1.36618153e-04 
 4.16002995e-06 -9.86620551e-06 
 4.19409644e-06  1.45660922e-04 
 4.22550631e-06  8.66821723e-06 
 4.25010000e-06  1.52904456e-04 
 4.25011000e-06 -2.37798221e-03 
 4.25013000e-06 -2.68363480e-03 
 4.25017000e-06 -1.91363770e-03 
 4.25020000e-06 -1.97604310e-03 
 4.25020771e-06  3.27890283e-04 
 4.25022314e-06  4.19753062e-04 
 4.25025400e-06  3.99726608e-04 
 4.25031572e-06  4.30091854e-04 
 4.25040212e-06  3.61172729e-04 
 4.25057493e-06  3.85940092e-04 
 4.25077975e-06  4.06608922e-04 
 4.25104941e-06  4.48169070e-04 
 4.25157100e-06  3.54407206e-04 
 4.25210393e-06  2.65891503e-04 
 4.25265143e-06  1.22693589e-04 
 4.25338890e-06  1.50428873e-04 
 4.25416503e-06  1.01172385e-04 
 4.25475901e-06  1.26893327e-04 
 4.25543801e-06  6.79928855e-05 
 4.25608542e-06  1.19991209e-04 
 4.25693827e-06  6.58151940e-05 
 4.25784764e-06  1.10164408e-04 
 4.25958382e-06  5.63638941e-05 
 4.26184332e-06  1.07120024e-04 
 4.26523505e-06  5.69770807e-05 
 4.27099001e-06  1.10572606e-04 
 4.27912991e-06  6.71114881e-05 
 4.28420075e-06  1.04666630e-04 
 4.28971795e-06  6.13978704e-05 
 4.29816073e-06  1.04446890e-04 
 4.30578317e-06  5.75434238e-05 
 4.32080350e-06  1.02046614e-04 
 4.33348503e-06  5.68789482e-05 
 4.34751478e-06  1.02211518e-04 
 4.37557429e-06  5.65822205e-05 
 4.42286544e-06  1.02254062e-04 
 4.49440602e-06  5.64674057e-05 
 4.50000000e-06  1.02615339e-04 
 4.50001000e-06  2.41810589e-03 
 4.50003000e-06  2.14360592e-03 
 4.50007000e-06  2.92917691e-03 
 4.50010000e-06  3.78385223e-03 
 4.50010800e-06  1.05457414e-03 
 4.50012400e-06  7.25711323e-04 
 4.50015600e-06  8.17068204e-04 
 4.50022000e-06  5.34829780e-04 
 4.50034800e-06  6.07568116e-04 
 4.50059740e-06  4.08940982e-04 
 4.50097269e-06  5.83077687e-04 
 4.50155976e-06  1.89040715e-04 
 4.50211549e-06  2.89881032e-04 
 4.50258575e-06  1.43072321e-04 
 4.50314843e-06  2.15040426e-04 
 4.50367627e-06  5.41806158e-05 
 4.50431841e-06  1.71601681e-04 
 4.50499910e-06  3.53828091e-05 
 4.50565192e-06  1.71870128e-04 
 4.50665824e-06  4.06506780e-05 
 4.50739726e-06  1.70827241e-04 
 4.50827409e-06  3.34578395e-05 
 4.50926951e-06  1.61172383e-04 
 4.51031758e-06  1.32038566e-05 
 4.51129785e-06  1.48236891e-04 
 4.51242600e-06  1.24162537e-05 
 4.51370485e-06  1.46966425e-04 
 4.51626253e-06  1.23213215e-05 
 4.52106528e-06  1.46706293e-04 
 4.53000598e-06  1.22953372e-05 
 4.54788739e-06  1.46592000e-04 
 4.58365019e-06  1.22337295e-05 
 4.65517580e-06  1.46528709e-04 
 4.75010000e-06  1.22054434e-05 
 4.75011000e-06 -2.38834461e-03 
 4.75013000e-06 -2.67834033e-03 
 4.75017000e-06 -1.92316897e-03 
 4.75020000e-06 -1.97432924e-03 
 4.75020783e-06  3.21680744e-04 
 4.75022349e-06  4.12492089e-04 
 4.75025481e-06  3.93145793e-04 
 4.75031744e-06  4.21628226e-04 
 4.75040374e-06  3.55154536e-04 
 4.75057634e-06  3.80257923e-04 
 4.75078228e-06  4.03792173e-04 
 4.75105246e-06  4.44719377e-04 
 4.75157801e-06  3.52832154e-04 
 4.75210719e-06  2.62536170e-04 
 4.75266192e-06  1.21424390e-04 
 4.75339741e-06  1.51966128e-04 
 4.75421347e-06  1.03458965e-04 
 4.75480876e-06  1.32999704e-04 
 4.75549428e-06  7.44760903e-05 
 4.75623923e-06  1.17575617e-04 
 4.75712269e-06  6.39165777e-05 
 4.75805423e-06  1.06581639e-04 
 4.75973060e-06  5.51497761e-05 
 4.76219659e-06  1.03989069e-04 
 4.76573241e-06  5.49247227e-05 
 4.77230898e-06  1.04011360e-04 
 4.78356779e-06  5.48332698e-05 
 4.80282671e-06  1.03994840e-04 
 4.83766662e-06  5.47838113e-05 
 4.89748154e-06  1.03971951e-04 
 5.00000000e-06  5.47570796e-05 
 5.00001000e-06  2.42101381e-03 
 5.00003000e-06  2.14448323e-03 
 5.00007000e-06  2.93069996e-03 
 5.00010000e-06  3.78384045e-03 
 5.00010800e-06  1.05550121e-03 
 5.00012400e-06  7.26874785e-04 
 5.00015600e-06  8.17865289e-04 
 5.00022000e-06  5.35632933e-04 
 5.00034800e-06  6.07788023e-04 
 5.00059672e-06  4.09275685e-04 
 5.00097194e-06  5.83157537e-04 
 5.00155741e-06  1.89657433e-04 
 5.00211355e-06  2.89167598e-04 
 5.00258693e-06  1.44331082e-04 
 5.00315189e-06  2.17767186e-04 
 5.00373546e-06  5.55258001e-05 
 5.00441086e-06  1.71536507e-04 
 5.00497893e-06  4.50050901e-05 
 5.00558650e-06  1.79051306e-04 
 5.00609284e-06  3.68992927e-05 
 5.00668886e-06  1.62301800e-04 
 5.00754145e-06  2.19038495e-05 
 5.00832082e-06  1.51431695e-04 
 5.00987955e-06  2.65089763e-05 
 5.01169934e-06  1.70897766e-04 
 5.01324746e-06  3.74956298e-05 
 5.01485636e-06  1.97308166e-04 
 5.01600915e-06  4.88906365e-05 
 5.01705453e-06  1.77761689e-04 
 5.01817293e-06  3.91990030e-05 
 5.01939946e-06  1.67578109e-04 
 5.02072547e-06  2.85455937e-05 
 5.02197976e-06  1.59510079e-04 
 5.02399028e-06  2.64073191e-05 
 5.02611230e-06  1.54894105e-04 
 5.03035635e-06  1.82129759e-05 
 5.03456916e-06  1.49412718e-04 
 5.03977331e-06  1.33217684e-05 
 5.04564139e-06  1.65253141e-04 
 5.05008638e-06  2.34555460e-06 
 5.05480562e-06  1.47134871e-04 
 5.06014185e-06  3.40576739e-07 
 5.06516103e-06  1.38433516e-04 
 5.07091049e-06 -6.89154071e-06 
 5.07692744e-06  1.35015509e-04 
 5.08327413e-06 -6.50135372e-06 
 5.09303635e-06  1.33967691e-04 
 5.11030658e-06 -6.70261650e-06 
 5.14077880e-06  1.33302602e-04 
 5.19296852e-06 -7.02537303e-06 
 5.25010000e-06  1.33000962e-04 
 5.25011000e-06 -2.39318941e-03 
 5.25013000e-06 -2.70039345e-03 
 5.25017000e-06 -1.93390729e-03 
 5.25020000e-06 -1.99543735e-03 
 5.25020771e-06  3.05113466e-04 
 5.25022313e-06  3.96609685e-04 
 5.25025398e-06  3.77062408e-04 
 5.25031567e-06  4.07331519e-04 
 5.25040212e-06  3.38951183e-04 
 5.25057501e-06  3.64404810e-04 
 5.25074805e-06  3.79258146e-04 
 5.25103412e-06  4.30089398e-04 
 5.25152000e-06  3.41236362e-04 
 5.25207539e-06  2.58893082e-04 
 5.25257987e-06  1.12795935e-04 
 5.25335632e-06  1.31219201e-04 
 5.25413792e-06  8.45878577e-05 
 5.25472343e-06  1.09618136e-04 
 5.25539884e-06  5.00317100e-05 
 5.25605926e-06  1.01470507e-04 
 5.25689889e-06  4.80051405e-05 
 5.25779132e-06  9.18547177e-05 
 5.25952622e-06  3.80710616e-05 
 5.26173627e-06  8.82452369e-05 
 5.26508908e-06  3.79004368e-05 
 5.27061414e-06  8.82514778e-05 
 5.28136946e-06  3.78031289e-05 
 5.29862851e-06  8.82099782e-05 
 5.33098439e-06  3.77324112e-05 
 5.38738633e-06  8.81608132e-05 
 5.48709269e-06  3.76846640e-05 
 5.50000000e-06  8.81523959e-05 
 5.50001000e-06  2.40275888e-03 
 5.50003000e-06  2.12746671e-03 
 5.50007000e-06  2.91685066e-03 
 5.50010000e-06  3.76803516e-03 
 5.50010800e-06  1.04009277e-03 
 5.50012400e-06  7.10671481e-04 
 5.50015600e-06  8.00637416e-04 
 5.50022000e-06  5.17915358e-04 
 5.50034800e-06  5.90877175e-04 
 5.50059749e-06  3.92595818e-04 
 5.50097273e-06  5.66292253e-04 
 5.50155959e-06  1.74153736e-04 
 5.50211536e-06  2.75034933e-04 
 5.50257405e-06  1.19869589e-04 
 5.50311829e-06  1.92099814e-04 
 5.50370945e-06  3.41099907e-05 
 5.50443509e-06  1.52816084e-04 
 5.50512109e-06  1.83881998e-05 
 5.50590364e-06  1.59757404e-04 
 5.50691667e-06  2.56768078e-05 
 5.50765186e-06  1.53257834e-04 
 5.50848928e-06  1.65838747e-05 
 5.50952838e-06  1.40481565e-04 
 5.51062054e-06 -3.40750976e-06 
 5.51167093e-06  1.31138622e-04 
 5.51294548e-06 -3.81819111e-06 
 5.51434905e-06  1.30221119e-04 
 5.51696545e-06 -3.89346063e-06 
 5.52069082e-06  1.30043560e-04 
 5.52730156e-06 -3.92060879e-06 
 5.53871670e-06  1.29944040e-04 
 5.55790655e-06 -3.97640531e-06 
 5.59628625e-06  1.29876289e-04 
 5.67304564e-06 -4.02044454e-06 
 5.75010000e-06  1.29846268e-04 
 5.75011000e-06 -2.39784455e-03 
 5.75013000e-06 -2.70172579e-03 
 5.75017000e-06 -1.93362378e-03 
 5.75020000e-06 -1.99481821e-03 
 5.75020775e-06  3.04082829e-04 
 5.75022324e-06  3.95942602e-04 
 5.75025422e-06  3.77077340e-04 
 5.75031618e-06  4.06984434e-04 
 5.75040275e-06  3.39112122e-04 
 5.75057589e-06  3.64132055e-04 
 5.75078083e-06  3.86713063e-04 
 5.75105092e-06  4.28657860e-04 
 5.75157415e-06  3.36377348e-04 
 5.75210512e-06  2.47168705e-04 
 5.75265598e-06  1.04892156e-04 
 5.75339435e-06  1.36324780e-04 
 5.75420910e-06  8.79019055e-05 
 5.75480290e-06  1.21026005e-04 
 5.75548723e-06  6.63056581e-05 
 5.75623870e-06  1.12379072e-04 
 5.75709192e-06  5.98532709e-05 
 5.75804658e-06  9.43284003e-05 
 5.75898201e-06  4.63417176e-05 
 5.76013223e-06  9.17250434e-05 
 5.76138239e-06  3.91201880e-05 
 5.76333473e-06  8.78076257e-05 
 5.76556775e-06  3.80966672e-05 
 5.76914740e-06  8.79363790e-05 
 5.77510667e-06  3.80096717e-05 
 5.78361193e-06  8.79537745e-05 
 5.79810260e-06  3.79545253e-05 
 5.82017408e-06  8.79407073e-05 
 5.85558121e-06  3.79185163e-05 
 5.91234991e-06  8.79250659e-05 
 6.00000000e-06  3.78974073e-05 
 6.00001000e-06  2.40358810e-03 
 6.00003000e-06  2.12689589e-03 
 6.00007000e-06  2.91655401e-03 
 6.00010000e-06  3.76701196e-03 
 6.00010800e-06  1.03977841e-03 
 6.00012400e-06  7.10649007e-04 
 6.00015600e-06  8.00331635e-04 
 6.00022000e-06  5.17834362e-04 
 6.00034800e-06  5.90986788e-04 
 6.00059677e-06  3.93138075e-04 
 6.00097200e-06  5.66646209e-04 
 6.00155740e-06  1.73590695e-04 
 6.00211355e-06  2.72991734e-04 
 6.00258696e-06  1.27006880e-04 
 6.00315190e-06  2.00620239e-04 
 6.00374333e-06  4.06896902e-05 
 6.00441545e-06  1.57844137e-04 
 6.00497610e-06  3.79466447e-05 
 6.00558808e-06  1.73659911e-04 
 6.00609536e-06  3.08038372e-05 
 6.00669147e-06  1.50606663e-04 
 6.00741586e-06  1.17713442e-05 
 6.00823573e-06  1.41081845e-04 
 6.00922907e-06  1.93672240e-05 
 6.01078243e-06  1.66899436e-04 
 6.01177466e-06  3.31587042e-05 
 6.01292203e-06  1.58955619e-04 
 6.01416332e-06  5.35265212e-05 
 6.01511978e-06  1.80966014e-04 
 6.01605930e-06  4.21686496e-05 
 6.01709039e-06  1.67882668e-04 
 6.01810187e-06  3.39148750e-05 
 6.01923951e-06  1.60944305e-04 
 6.02036354e-06  2.42756374e-05 
 6.02149964e-06  1.52095569e-04 
 6.02322300e-06  1.87346314e-05 
 6.02506661e-06  1.46193667e-04 
 6.02816592e-06  8.53716606e-06 
 6.03333411e-06  1.32525721e-04 
 6.04058854e-06 -3.77568185e-07 
 6.04734068e-06  1.29787863e-04 
 6.05673756e-06 -1.85660118e-06 
 6.07144782e-06  1.28348478e-04 
 6.09938804e-06 -2.43778663e-06 
 6.14064337e-06  1.28250457e-04 
 6.21203959e-06 -2.50026926e-06 
 6.25010000e-06  1.28187985e-04 
 6.25011000e-06 -2.39707430e-03 
 6.25013000e-06 -2.70323240e-03 
 6.25017000e-06 -1.93524342e-03 
 6.25020000e-06 -1.99443903e-03 
 6.25020772e-06  3.04141147e-04 
 6.25022315e-06  3.95642105e-04 
 6.25025402e-06  3.76541959e-04 
 6.25031576e-06  4.06823291e-04 
 6.25040221e-06  3.38743007e-04 
 6.25057510e-06  3.64178663e-04 
 6.25074817e-06  3.79244748e-04 
 6.25103427e-06  4.29883242e-04 
 6.25152039e-06  3.41120697e-04 
 6.25207547e-06  2.58333617e-04 
 6.25258027e-06  1.11784238e-04 
 6.25335633e-06  1.32910122e-04 
 6.25418388e-06  8.52653251e-05 
 6.25478005e-06  1.09625334e-04 
 6.25546762e-06  5.00099296e-05 
 6.25613641e-06  1.01707608e-04 
 6.25697504e-06  4.73085031e-05 
 6.25787128e-06  9.15793239e-05 
 6.25963154e-06  3.78533452e-05 
 6.26190770e-06  8.82255560e-05 
 6.26535515e-06  3.77036599e-05 
 6.27116633e-06  8.82146442e-05 
 6.28200323e-06  3.76137556e-05 
 6.29969039e-06  8.81818284e-05 
 6.33219509e-06  3.75607338e-05 
 6.38845681e-06  8.81541261e-05 
 6.48749929e-06  3.75342002e-05 
 6.50000000e-06  8.81553079e-05 
 6.50001000e-06  2.40164697e-03 
 6.50003000e-06  2.12605188e-03 
 6.50007000e-06  2.91753103e-03 
 6.50010000e-06  3.76694027e-03 
 6.50010800e-06  1.03980691e-03 
 6.50012400e-06  7.10449363e-04 
 6.50015600e-06  8.00417567e-04 
 6.50022000e-06  5.17796686e-04 
 6.50034800e-06  5.90764281e-04 
 6.50059749e-06  3.92538674e-04 
 6.50097269e-06  5.66174798e-04 
 6.50155958e-06  1.74154785e-04 
 6.50211532e-06  2.74926542e-04 
 6.50257479e-06  1.19749684e-04 
 6.50311872e-06  1.91963464e-04 
 6.50370942e-06  3.40601947e-05 
 6.50443493e-06  1.52686639e-04 
 6.50512075e-06  1.84012713e-05 
 6.50589269e-06  1.59552159e-04 
 6.50690903e-06  2.60733184e-05 
 6.50764298e-06  1.53109365e-04 
 6.50847873e-06  1.66250579e-05 
 6.50951684e-06  1.40555345e-04 
 6.51060303e-06 -3.42768056e-06 
 6.51165554e-06  1.31054635e-04 
 6.51292663e-06 -3.86545219e-06 
 6.51432543e-06  1.30124389e-04 
 6.51696122e-06 -3.94076076e-06 
 6.52070108e-06  1.29944505e-04 
 6.52738958e-06 -3.96680923e-06 
 6.53896124e-06  1.29844825e-04 
 6.55846827e-06 -4.02180086e-06 
 6.59748233e-06  1.29778305e-04 
 6.67551044e-06 -4.06389245e-06 
 6.75010000e-06  1.29750059e-04 
 6.75011000e-06 -2.39790723e-03 
 6.75013000e-06 -2.70176191e-03 
 6.75017000e-06 -1.93329009e-03 
 6.75020000e-06 -1.99312774e-03 
 6.75020775e-06  3.04238127e-04 
 6.75022324e-06  3.95987209e-04 
 6.75025422e-06  3.77163518e-04 
 6.75031618e-06  4.06935504e-04 
 6.75040275e-06  3.39090845e-04 
 6.75057589e-06  3.64025754e-04 
 6.75078083e-06  3.86689959e-04 
 6.75105092e-06  4.28553147e-04 
 6.75157415e-06  3.36340904e-04 
 6.75210498e-06  2.47092358e-04 
 6.75265589e-06  1.04856174e-04 
 6.75339413e-06  1.36220327e-04 
 6.75420892e-06  8.78961700e-05 
 6.75480273e-06  1.20947551e-04 
 6.75548702e-06  6.61855512e-05 
 6.75623504e-06  1.12294196e-04 
 6.75710761e-06  5.96234622e-05 
 6.75804975e-06  9.42428582e-05 
 6.75899955e-06  4.62999244e-05 
 6.76013885e-06  9.15698319e-05 
 6.76140329e-06  3.90604227e-05 
 6.76334948e-06  8.76978719e-05 
 6.76560519e-06  3.80708337e-05 
 6.76919357e-06  8.78231476e-05 
 6.77520117e-06  3.79841819e-05 
 6.78377529e-06  8.78401368e-05 
 6.79838151e-06  3.79291467e-05 
 6.82068418e-06  8.78270013e-05 
 6.85644593e-06  3.78933388e-05 
 6.91387347e-06  8.78115635e-05 
 7.00000000e-06  3.78727107e-05 
 7.00001000e-06  2.40269758e-03 
 7.00003000e-06  2.12580129e-03 
 7.00007000e-06  2.91704742e-03 
 7.00010000e-06  3.76614365e-03 
 7.00010800e-06  1.03954545e-03 
 7.00012400e-06  7.10466401e-04 
 7.00015600e-06  8.00148720e-04 
 7.00022000e-06  5.17725764e-04 
 7.00034800e-06  5.90888481e-04 
 7.00059677e-06  3.93081816e-04 
 7.00097200e-06  5.66564533e-04 
 7.00155740e-06  1.73529577e-04 
 7.00211355e-06  2.72907845e-04 
 7.00258696e-06  1.26947053e-04 
 7.00315190e-06  2.00534408e-04 
 7.00374334e-06  4.06410631e-05 
 7.00441544e-06  1.57768307e-04 
 7.00497607e-06  3.78826792e-05 
 7.00558805e-06  1.73575429e-04 
 7.00609531e-06  3.07419829e-05 
 7.00669142e-06  1.50538426e-04 
 7.00741582e-06  1.17329046e-05 
 7.00823566e-06  1.41053886e-04 
 7.00922899e-06  1.93571650e-05 
 7.01078160e-06  1.65458216e-04 
 7.01176579e-06  3.09581748e-05 
 7.01291885e-06  1.56423967e-04 
 7.01415485e-06  4.96322466e-05 
 7.01511053e-06  1.74477871e-04 
 7.01604888e-06  3.46745572e-05 
 7.01722354e-06  1.62070854e-04 
 7.01832738e-06  2.70672483e-05 
 7.01950846e-06  1.52690929e-04 
 7.02085310e-06  1.13478920e-05 
 7.02207093e-06  1.36994600e-04 
 7.02404971e-06  2.24835189e-06 
 7.02612445e-06  1.30851198e-04 
 7.03027391e-06  3.24170024e-07 
 7.03581829e-06  1.31483689e-04 
 7.04562146e-06  2.59846853e-06 
 7.06291806e-06  1.33998677e-04 
 7.09626810e-06  4.27457879e-06 
 7.15524589e-06  1.33093612e-04 
 7.25010000e-06  1.08645659e-06 
 7.25011000e-06 -2.40166367e-03 
 7.25013000e-06 -2.69364732e-03 
 7.25017000e-06 -1.93760848e-03 
 7.25020000e-06 -1.98365268e-03 
 7.25020785e-06  3.08701318e-04 
 7.25022356e-06  3.99237716e-04 
 7.25025498e-06  3.80893599e-04 
 7.25031781e-06  4.08707335e-04 
 7.25040382e-06  3.42605741e-04 
 7.25057584e-06  3.66770407e-04 
 7.25074976e-06  3.83692671e-04 
 7.25103618e-06  4.32302271e-04 
 7.25152553e-06  3.44644598e-04 
 7.25207787e-06  2.59891473e-04 
 7.25258657e-06  1.15014236e-04 
 7.25335825e-06  1.35496024e-04 
 7.25418502e-06  8.91710207e-05 
 7.25477980e-06  1.12139742e-04 
 7.25546612e-06  5.40066987e-05 
 7.25613459e-06  1.04175685e-04 
 7.25697286e-06  5.12968143e-05 
 7.25786842e-06  9.40400068e-05 
 7.25962796e-06  4.17948320e-05 
 7.26190248e-06  9.06272994e-05 
 7.26534703e-06  4.15770142e-05 
 7.27114759e-06  9.05124189e-05 
 7.28196830e-06  4.13124859e-05 
 7.29961683e-06  9.02132632e-05 
 7.33204592e-06  4.08787830e-05 
 7.38816189e-06  8.97061714e-05 
 7.48691094e-06  4.03770159e-05 
 7.50000000e-06  8.94716513e-05 
 7.50001000e-06  2.40305173e-03 
 7.50003000e-06  2.12732443e-03 
 7.50007000e-06  2.92003486e-03 
 7.50010000e-06  3.76838171e-03 
 7.50010800e-06  1.04175842e-03 
 7.50012400e-06  7.12448228e-04 
 7.50015600e-06  8.02401103e-04 
 7.50022000e-06  5.19848472e-04 
 7.50034800e-06  5.92807665e-04 
 7.50059749e-06  3.94625793e-04 
 7.50097269e-06  5.68230495e-04 
 7.50155958e-06  1.76232835e-04 
 7.50211532e-06  2.76989331e-04 
 7.50257475e-06  1.21841868e-04 
 7.50311870e-06  1.94019606e-04 
 7.50370941e-06  3.61452879e-05 
 7.50443495e-06  1.54742478e-04 
 7.50512077e-06  2.04783401e-05 
 7.50589335e-06  1.61618099e-04 
 7.50690948e-06  2.81418486e-05 
 7.50764356e-06  1.55162606e-04 
 7.50847938e-06  1.86957114e-05 
 7.50951777e-06  1.42592291e-04 
 7.51060428e-06 -1.34953189e-06 
 7.51165579e-06  1.33095693e-04 
 7.51292557e-06 -1.78654792e-06 
 7.51432285e-06  1.32163885e-04 
 7.51695149e-06 -1.86610478e-06 
 7.52068048e-06  1.31978381e-04 
 7.52734072e-06 -1.90103698e-06 
 7.53885289e-06  1.31864338e-04 
 7.55824326e-06 -1.97771515e-06 
 7.59702401e-06  1.31765278e-04 
 7.67458551e-06 -2.06253624e-06 
 7.75010000e-06  1.31703695e-04 
 7.75011000e-06 -2.39592964e-03 
 7.75013000e-06 -2.69976105e-03 
 7.75017000e-06 -1.93111367e-03 
 7.75020000e-06 -1.99008535e-03 
 7.75020775e-06  3.06340059e-04 
 7.75022324e-06  3.98017887e-04 
 7.75025422e-06  3.79221949e-04 
 7.75031618e-06  4.08914193e-04 
 7.75040275e-06  3.41108804e-04 
 7.75057589e-06  3.65975916e-04 
 7.75078083e-06  3.88696006e-04 
 7.75105092e-06  4.30495624e-04 
 7.75157416e-06  3.38341074e-04 
 7.75210487e-06  2.49060472e-04 
 7.75265580e-06  1.06855764e-04 
 7.75339395e-06  1.38159773e-04 
 7.75420878e-06  8.99004458e-05 
 7.75480253e-06  1.22885332e-04 
 7.75548679e-06  6.81930799e-05 
 7.75623509e-06  1.14235446e-04 
 7.75710622e-06  6.16401914e-05 
 7.75804927e-06  9.61880777e-05 
 7.75899774e-06  4.82986039e-05 
 7.76013815e-06  9.35210038e-05 
 7.76140096e-06  4.10600055e-05 
 7.76334809e-06  8.96443018e-05 
 7.76560121e-06  4.00662059e-05 
 7.76918894e-06  8.97698555e-05 
 7.77518821e-06  3.99787562e-05 
 7.78375089e-06  8.97860567e-05 
 7.79833303e-06  3.99222924e-05 
 7.82058856e-06  8.97711101e-05 
 7.85627073e-06  3.98841336e-05 
 7.91354588e-06  8.97531330e-05 
 8.00000000e-06  3.98612158e-05 
 8.00001000e-06  2.40413328e-03 
 8.00003000e-06  2.12715249e-03 
 8.00007000e-06  2.91932149e-03 
 8.00010000e-06  3.76759560e-03 
 8.00010800e-06  1.04145050e-03 
 8.00012400e-06  7.12345073e-04 
 8.00015600e-06  8.02081303e-04 
 8.00022000e-06  5.19657778e-04 
 8.00034800e-06  5.92856625e-04 
 8.00059677e-06  3.95016237e-04 
 8.00097199e-06  5.68507370e-04 
 8.00155740e-06  1.75614916e-04 
 8.00211359e-06  2.74923090e-04 
 8.00258701e-06  1.28036613e-04 
 8.00315196e-06  2.00976919e-04 
 8.00374339e-06  4.25502785e-05 
 8.00441553e-06  1.60627418e-04 
 8.00496881e-06  4.05233560e-05 
 8.00558426e-06  1.76812515e-04 
 8.00609160e-06  3.48317492e-05 
 8.00668746e-06  1.57524391e-04 
 8.00741113e-06  2.06038370e-05 
 8.00822954e-06  1.49788035e-04 
 8.00906920e-06  1.51666041e-05 
 8.00995803e-06  1.47206563e-04 
 8.01077840e-06  1.52733137e-05 
 8.01176067e-06  1.44137696e-04 
 8.01281746e-06  2.76964825e-05 
 8.01391199e-06  1.71600890e-04 
 8.01564645e-06  4.50356434e-05 
 8.01753830e-06  1.62815462e-04 
 8.01938005e-06  2.94260001e-05 
 8.02143820e-06  1.54540737e-04 
 8.02463242e-06  3.23749067e-05 
 8.02801340e-06  1.63984030e-04 
 8.03044848e-06  1.59139551e-05 
 8.03319867e-06  1.54587771e-04 
 8.03690103e-06  1.42718869e-05 
 8.04146312e-06  1.46783315e-04 
 8.04762522e-06  1.23371794e-05 
 8.05443344e-06  1.46035528e-04 
 8.06284883e-06  1.27347845e-05 
 8.07967962e-06  1.45702279e-04 
 8.10373148e-06  1.29738737e-05 
 8.14733734e-06  1.45625847e-04 
 8.22175640e-06  1.30870681e-05 
 8.25010000e-06  1.45541666e-04 
 8.25011000e-06 -2.37967686e-03 
 8.25013000e-06 -2.68041492e-03 
 8.25017000e-06 -1.91663376e-03 
 8.25020000e-06 -1.98165732e-03 
 8.25020777e-06  3.11581386e-04 
 8.25022331e-06  4.03014420e-04 
 8.25025439e-06  3.80427240e-04 
 8.25031655e-06  4.12826643e-04 
 8.25043743e-06  3.33213588e-04 
 8.25061310e-06  3.81552972e-04 
 8.25080579e-06  3.93508289e-04 
 8.25118127e-06  4.29837019e-04 
 8.25165818e-06  3.31209777e-04 
 8.25218466e-06  2.29425942e-04 
 8.25274052e-06  1.00084581e-04 
 8.25348857e-06  1.36167398e-04 
 8.25437798e-06  7.68847439e-05 
 8.25530605e-06  1.13076199e-04 
 8.25626951e-06  7.01140035e-05 
 8.25731104e-06  1.09981486e-04 
 8.25893418e-06  5.63000773e-05 
 8.26055833e-06  1.03073276e-04 
 8.26351077e-06  5.58210152e-05 
 8.26703072e-06  1.03094340e-04 
 8.27407062e-06  5.57499500e-05 
 8.28529003e-06  1.03083275e-04 
 8.30467649e-06  5.57050816e-05 
 8.34344940e-06  1.03061547e-04 
 8.42099522e-06  5.56760939e-05 
 8.50000000e-06  1.03048400e-04 
