 0.00000000e+00  5.93254800e-05 
 1.00000000e-12  4.17875188e-03 
 2.00000000e-12  4.53299011e-03 
 4.00000000e-12  4.61212353e-03 
 8.00000000e-12  4.43035824e-03 
 1.60000000e-11  4.22758809e-03 
 3.20000000e-11  4.03890254e-03 
 6.40000000e-11  4.88992424e-03 
 1.00000000e-10  7.68876958e-03 
 1.06400000e-10  2.52140800e-03 
 1.19200000e-10  1.89380913e-03 
 1.44800000e-10  2.08485066e-03 
 1.96000000e-10  1.36282602e-03 
 2.98400000e-10  1.40185342e-03 
 4.37237633e-10  8.99774561e-04 
 7.14912900e-10  1.09790671e-03 
 1.04541810e-09  6.95951963e-04 
 1.44345237e-09  9.86690862e-04 
 1.79884918e-09  6.83496768e-04 
 2.23933463e-09  1.07469107e-03 
 2.65282323e-09  6.31797053e-04 
 3.03594779e-09  1.03183705e-03 
 3.49535756e-09  7.31434545e-04 
 3.99558336e-09  9.69123588e-04 
 4.52914987e-09  4.13248358e-04 
 5.10242809e-09  5.67968846e-04 
 5.71769589e-09  1.88802649e-04 
 6.49567986e-09  5.30296337e-04 
 7.30460351e-09  6.71123761e-05 
 8.28725904e-09  3.77032821e-04 
 9.22713475e-09 -8.39809812e-05 
 1.03297482e-08  3.82444985e-04 
 1.13953195e-08 -6.16667407e-06 
 1.22269760e-08  3.35142670e-04 
 1.30260865e-08 -6.80999425e-05 
 1.38306332e-08  3.06999981e-04 
 1.46857338e-08 -6.54914523e-05 
 1.56566767e-08  2.96433792e-04 
 1.71481765e-08 -6.69596732e-05 
 1.88167805e-08  3.42246795e-04 
 2.03944243e-08  2.38366248e-05 
 2.20212832e-08  4.37300490e-04 
 2.32122773e-08 -4.52476784e-05 
 2.43799384e-08  3.16273269e-04 
 2.51425944e-08 -4.56468304e-05 
 2.61108755e-08  3.09891657e-04 
 2.80474376e-08 -5.24043226e-05 
 3.04176080e-08  2.96252259e-04 
 3.35422031e-08 -5.04255831e-05 
 3.68681192e-08  3.05195288e-04 
 4.06115948e-08 -5.37591247e-05 
 4.43564103e-08  2.99985660e-04 
 5.00654606e-08 -5.52859783e-05 
 5.72778041e-08  2.94788274e-04 
 6.96193459e-08 -6.01163162e-05 
 9.24444449e-08  2.87214379e-04 
 1.33850722e-07 -6.83487347e-05 
 2.15171156e-07  2.81613154e-04 
 2.50100000e-07 -7.01790312e-05 
 2.50110000e-07 -4.80855384e-03 
 2.50130000e-07 -5.31160031e-03 
 2.50170000e-07 -3.30552261e-03 
 2.50200000e-07 -3.75913329e-03 
 2.50207157e-07  7.65384768e-04 
 2.50221471e-07  9.45652219e-04 
 2.50250099e-07  7.33442951e-04 
 2.50307355e-07  7.00091308e-04 
 2.50377758e-07  5.12817513e-04 
 2.50518565e-07  5.37450081e-04 
 2.50653665e-07  4.53874167e-04 
 2.50923866e-07  5.20356198e-04 
 2.51238849e-07  3.53535606e-04 
 2.51655944e-07  4.50597759e-04 
 2.52104026e-07  1.68364665e-04 
 2.52707500e-07  2.35258609e-04 
 2.53485078e-07  1.05051717e-04 
 2.54051960e-07  2.39015283e-04 
 2.54708103e-07  7.17663946e-05 
 2.55369315e-07  1.96643542e-04 
 2.56044194e-07  5.79748345e-05 
 2.56963237e-07  1.78191791e-04 
 2.58165145e-07  4.09977907e-05 
 2.59501411e-07  1.71769749e-04 
 2.61998112e-07  4.02478035e-05 
 2.65390998e-07  1.71256084e-04 
 2.72176769e-07  3.98625298e-05 
 2.83620387e-07  1.70601281e-04 
 3.03640011e-07  3.89439304e-05 
 3.40634610e-07  1.68710833e-04 
 3.81197636e-07  3.20320536e-05 
 4.19785879e-07  1.58259623e-04 
 4.30335418e-07  6.36617828e-06 
 4.43002699e-07  1.52456315e-04 
 4.52518512e-07  7.45801414e-06 
 4.61706187e-07  1.49590352e-04 
 4.74560297e-07  7.47075608e-06 
 4.88807354e-07  1.47531810e-04 
 5.00000000e-07  6.85628325e-06 
 5.00010000e-07  2.57752711e-03 
 5.00030000e-07  2.26673245e-03 
 5.00070000e-07  2.89499577e-03 
 5.00100000e-07  3.89913568e-03 
 5.00108000e-07  9.95396317e-04 
 5.00124000e-07  6.51602962e-04 
 5.00156000e-07  7.81342999e-04 
 5.00220000e-07  5.12998493e-04 
 5.00336926e-07  5.85315686e-04 
 5.00499857e-07  3.81489468e-04 
 5.00825719e-07  5.75624704e-04 
 5.01287223e-07  3.65635937e-04 
 5.01764288e-07  3.43891119e-04 
 5.02196245e-07  1.65256948e-04 
 5.02667732e-07  2.37714707e-04 
 5.03354144e-07  4.40062272e-05 
 5.03977866e-07  1.76391225e-04 
 5.04855175e-07  1.91536769e-05 
 5.05716405e-07  1.65988641e-04 
 5.06760202e-07  2.50070673e-05 
 5.08061578e-07  1.73180438e-04 
 5.09305373e-07  2.17286279e-05 
 5.10738455e-07  1.69247794e-04 
 5.12181270e-07  3.74984360e-05 
 5.13723601e-07  1.83387690e-04 
 5.15271435e-07  2.78349485e-05 
 5.17396624e-07  1.67983867e-04 
 5.19497592e-07  2.08125383e-05 
 5.21698652e-07  1.49630983e-04 
 5.26100772e-07  7.15740635e-06 
 5.31781955e-07  1.44048683e-04 
 5.39510223e-07  6.53879982e-06 
 5.54220958e-07  1.43158881e-04 
 5.78062377e-07  5.10712234e-06 
 6.20086237e-07  1.41079323e-04 
 6.93845124e-07  2.30756582e-06 
 7.50100000e-07  1.38758790e-04 
 7.50110000e-07 -2.48835124e-03 
 7.50130000e-07 -2.85591221e-03 
 7.50170000e-07 -1.86795100e-03 
 7.50200000e-07 -2.07916278e-03 
 7.50207874e-07  4.73522514e-04 
 7.50223622e-07  5.65460614e-04 
 7.50255119e-07  5.08013980e-04 
 7.50318112e-07  5.04653241e-04 
 7.50444099e-07  3.94972745e-04 
 7.50684073e-07  4.70269627e-04 
 7.50947584e-07  4.06001311e-04 
 7.51386656e-07  3.74491631e-04 
 7.51856207e-07  2.91654742e-04 
 7.52366708e-07  1.51028342e-04 
 7.53027207e-07  1.17329835e-04 
 7.53771336e-07  1.28254397e-04 
 7.54419242e-07  1.05937874e-04 
 7.55086504e-07  1.03166747e-04 
 7.55797438e-07  9.46882625e-05 
 7.56655582e-07  9.27629442e-05 
 7.57545184e-07  7.42053998e-05 
 7.58395990e-07  8.27480115e-05 
 7.59294102e-07  6.98634498e-05 
 7.60732355e-07  7.40009000e-05 
 7.62102119e-07  6.68305484e-05 
 7.64836858e-07  7.36147156e-05 
 7.68243271e-07  6.67695785e-05 
 7.75056095e-07  7.33554840e-05 
 7.88681745e-07  6.65386610e-05 
 8.11519421e-07  7.29741703e-05 
 8.57194773e-07  6.60382306e-05 
 9.47857612e-07  7.22947728e-05 
 1.00000000e-06  6.55562412e-05 
 1.00001000e-06  2.56857242e-03 
 1.00003000e-06  2.25021417e-03 
 1.00007000e-06  2.88359956e-03 
 1.00010000e-06  3.89073570e-03 
 1.00010800e-06  9.86446635e-04 
 1.00012400e-06  6.43744745e-04 
 1.00015600e-06  7.74158850e-04 
 1.00022000e-06  5.05949850e-04 
 1.00033687e-06  5.78031983e-04 
 1.00049979e-06  3.74567373e-04 
 1.00082563e-06  5.68414181e-04 
 1.00128347e-06  3.59128393e-04 
 1.00175876e-06  3.34799678e-04 
 1.00218969e-06  1.66972246e-04 
 1.00268466e-06  2.38249403e-04 
 1.00329798e-06  4.39835126e-05 
 1.00392713e-06  1.75683767e-04 
 1.00442929e-06  3.37784285e-05 
 1.00500552e-06  1.82665243e-04 
 1.00556910e-06  3.97450745e-05 
 1.00608862e-06  1.69635732e-04 
 1.00669002e-06  2.13688240e-05 
 1.00753426e-06  1.56937960e-04 
 1.00840896e-06  2.47341094e-05 
 1.00971024e-06  1.67300173e-04 
 1.01066600e-06  2.57640923e-05 
 1.01168700e-06  1.63800303e-04 
 1.01279672e-06  6.79286885e-05 
 1.01366016e-06  2.24929674e-04 
 1.01451093e-06  8.98106015e-05 
 1.01557697e-06  2.21136184e-04 
 1.01653675e-06  8.24055962e-05 
 1.01760743e-06  2.11719830e-04 
 1.01886090e-06  7.08200386e-05 
 1.02002435e-06  2.03822278e-04 
 1.02206429e-06  6.68606637e-05 
 1.02399723e-06  1.99511773e-04 
 1.02786309e-06  6.15775676e-05 
 1.03485704e-06  1.90878383e-04 
 1.04542013e-06  5.02978940e-05 
 1.06654632e-06  1.76145764e-04 
 1.09165308e-06  3.54632033e-05 
 1.11743571e-06  1.86288113e-04 
 1.13534607e-06  8.00996872e-05 
 1.14703526e-06  1.50777260e-04 
 1.15842410e-06  7.65306785e-05 
 1.16923974e-06  1.50160816e-04 
 1.18028835e-06  7.33827528e-05 
 1.19433363e-06  1.49839481e-04 
 1.21132263e-06  6.95542676e-05 
 1.23353529e-06  1.48009808e-04 
 1.25010000e-06  6.56248517e-05 
 1.25011000e-06 -2.44387816e-03 
 1.25013000e-06 -2.79653444e-03 
 1.25017000e-06 -1.81392922e-03 
 1.25020000e-06 -2.02138993e-03 
 1.25020792e-06  5.23476129e-04 
 1.25022376e-06  6.13179053e-04 
 1.25025544e-06  5.53302808e-04 
 1.25031879e-06  5.45913698e-04 
 1.25044550e-06  4.34422109e-04 
 1.25068537e-06  5.08350961e-04 
 1.25094771e-06  4.43127157e-04 
 1.25138513e-06  4.10525639e-04 
 1.25185445e-06  3.28595972e-04 
 1.25236417e-06  1.86991547e-04 
 1.25302573e-06  1.55541468e-04 
 1.25378539e-06  1.64010545e-04 
 1.25439766e-06  1.32698302e-04 
 1.25505507e-06  1.26155032e-04 
 1.25572315e-06  1.20566224e-04 
 1.25668816e-06  1.15142536e-04 
 1.25764146e-06  1.05422238e-04 
 1.25922793e-06  1.08831954e-04 
 1.26149211e-06  1.04071092e-04 
 1.26566428e-06  1.08420001e-04 
 1.27299373e-06  1.03623376e-04 
 1.28517048e-06  1.07807381e-04 
 1.30768384e-06  1.02976107e-04 
 1.34604115e-06  1.06878068e-04 
 1.41866347e-06  1.00312937e-04 
 1.50000000e-06  9.96317661e-05 
 1.50001000e-06  2.59884649e-03 
 1.50003000e-06  2.27089302e-03 
 1.50007000e-06  2.91430897e-03 
 1.50010000e-06  3.91604021e-03 
 1.50010800e-06  1.01357620e-03 
 1.50012400e-06  6.71829604e-04 
 1.50015600e-06  8.03374411e-04 
 1.50022000e-06  5.35475279e-04 
 1.50033687e-06  6.06257716e-04 
 1.50049969e-06  4.02697084e-04 
 1.50082534e-06  5.96520954e-04 
 1.50128255e-06  3.88301749e-04 
 1.50175753e-06  3.63238006e-04 
 1.50218829e-06  1.95458691e-04 
 1.50268397e-06  2.63251992e-04 
 1.50323117e-06  7.09667144e-05 
 1.50382094e-06  2.02531497e-04 
 1.50442372e-06  4.41847288e-05 
 1.50508573e-06  1.92385950e-04 
 1.50616241e-06  5.54192111e-05 
 1.50719667e-06  2.00612461e-04 
 1.50818373e-06  4.62193228e-05 
 1.50931061e-06  1.73959345e-04 
 1.51036318e-06  2.45675436e-05 
 1.51157637e-06  1.69768667e-04 
 1.51288750e-06  2.42141603e-05 
 1.51550974e-06  1.68922114e-04 
 1.52041057e-06  2.37947563e-05 
 1.52863870e-06  1.67891569e-04 
 1.54509495e-06  2.22035577e-05 
 1.57800746e-06  1.64908360e-04 
 1.64383247e-06  1.74797440e-05 
 1.75010000e-06  1.59522820e-04 
 1.75011000e-06 -2.47026775e-03 
 1.75013000e-06 -2.83712324e-03 
 1.75017000e-06 -1.83325427e-03 
 1.75020000e-06 -2.05444454e-03 
 1.75020787e-06  4.93144215e-04 
 1.75022361e-06  5.83967964e-04 
 1.75025509e-06  5.25425648e-04 
 1.75031805e-06  5.21470982e-04 
 1.75044397e-06  4.11572064e-04 
 1.75068293e-06  4.87719737e-04 
 1.75094435e-06  4.23446262e-04 
 1.75138139e-06  3.92115247e-04 
 1.75185101e-06  3.10315223e-04 
 1.75235789e-06  1.69580306e-04 
 1.75302382e-06  1.33204732e-04 
 1.75377177e-06  1.44071954e-04 
 1.75440584e-06  1.17230562e-04 
 1.75506835e-06  1.11893841e-04 
 1.75578007e-06  9.91498168e-05 
 1.75673082e-06  9.69743772e-05 
 1.75759975e-06  8.52910316e-05 
 1.75928099e-06  9.07305999e-05 
 1.76145791e-06  8.39630601e-05 
 1.76567111e-06  9.05141768e-05 
 1.77297709e-06  8.37861543e-05 
 1.78489522e-06  9.01902759e-05 
 1.80725610e-06  8.34076899e-05 
 1.84458592e-06  8.96508574e-05 
 1.91556937e-06  8.27793334e-05 
 2.00000000e-06  8.90988923e-05 
 2.00001000e-06  2.58445237e-03 
 2.00003000e-06  2.25349682e-03 
 2.00007000e-06  2.90318707e-03 
 2.00010000e-06  3.90182423e-03 
 2.00010800e-06  1.00112811e-03 
 2.00012400e-06  6.59903732e-04 
 2.00015600e-06  7.91490493e-04 
 2.00022000e-06  5.23876173e-04 
 2.00033683e-06  5.94674863e-04 
 2.00049961e-06  3.91358633e-04 
 2.00082517e-06  5.85046246e-04 
 2.00128246e-06  3.76640654e-04 
 2.00175745e-06  3.51131222e-04 
 2.00218785e-06  1.85042682e-04 
 2.00268243e-06  2.55074302e-04 
 2.00328709e-06  6.03912759e-05 
 2.00390951e-06  1.88852220e-04 
 2.00440561e-06  4.13590788e-05 
 2.00498423e-06  1.90167756e-04 
 2.00556591e-06  4.57814365e-05 
 2.00609460e-06  1.81572351e-04 
 2.00671274e-06  3.13506730e-05 
 2.00757263e-06  1.65538323e-04 
 2.00843877e-06  2.75197463e-05 
 2.00998678e-06  1.81510404e-04 
 2.01143039e-06  4.01415279e-05 
 2.01279870e-06  2.10703939e-04 
 2.01388518e-06  8.47266228e-05 
 2.01492795e-06  2.23439288e-04 
 2.01602776e-06  7.63222729e-05 
 2.01707098e-06  2.08632919e-04 
 2.01818485e-06  6.08237132e-05 
 2.01936618e-06  1.96600564e-04 
 2.02104221e-06  5.39184634e-05 
 2.02271669e-06  1.90906188e-04 
 2.02606563e-06  4.72595927e-05 
 2.03151673e-06  1.81763162e-04 
 2.04076642e-06  3.71157278e-05 
 2.05840486e-06  1.71492919e-04 
 2.08284913e-06  3.09856634e-05 
 2.11466282e-06  1.69612990e-04 
 2.17730826e-06  2.68874645e-05 
 2.25010000e-06  1.60206582e-04 
 2.25011000e-06 -2.47336917e-03 
 2.25013000e-06 -2.84046019e-03 
 2.25017000e-06 -1.82992761e-03 
 2.25020000e-06 -2.05053897e-03 
 2.25020787e-06  4.96491549e-04 
 2.25022362e-06  5.87576087e-04 
 2.25025512e-06  5.29408981e-04 
 2.25031812e-06  5.25387893e-04 
 2.25044411e-06  4.15671771e-04 
 2.25068451e-06  4.92061728e-04 
 2.25094483e-06  4.27009273e-04 
 2.25138136e-06  3.95051802e-04 
 2.25185104e-06  3.13371429e-04 
 2.25235796e-06  1.72328550e-04 
 2.25302245e-06  1.38702991e-04 
 2.25378282e-06  1.48137001e-04 
 2.25439503e-06  1.16006511e-04 
 2.25505325e-06  1.10275308e-04 
 2.25572081e-06  1.04107104e-04 
 2.25668510e-06  9.92198412e-05 
 2.25763616e-06  8.89764830e-05 
 2.25922151e-06  9.28595046e-05 
 2.26148267e-06  8.75873276e-05 
 2.26563668e-06  9.23953555e-05 
 2.27285738e-06  8.70144184e-05 
 2.28484723e-06  9.14902231e-05 
 2.30683332e-06  8.58053931e-05 
 2.34413371e-06  8.99538550e-05 
 2.41320046e-06  8.42397799e-05 
 2.49487955e-06  8.89246810e-05 
 2.50000000e-06  8.39952890e-05 
 2.50001000e-06  2.58053028e-03 
 2.50003000e-06  2.25415179e-03 
 2.50007000e-06  2.90370346e-03 
 2.50010000e-06  3.90321450e-03 
 2.50010800e-06  1.00191869e-03 
 2.50012400e-06  6.59859378e-04 
 2.50015600e-06  7.92104743e-04 
 2.50022000e-06  5.24088111e-04 
 2.50033687e-06  5.95407042e-04 
 2.50049968e-06  3.91495452e-04 
 2.50082530e-06  5.85821866e-04 
 2.50128253e-06  3.77323639e-04 
 2.50175751e-06  3.52416284e-04 
 2.50218781e-06  1.84505811e-04 
 2.50268342e-06  2.52545087e-04 
 2.50323253e-06  5.98748825e-05 
 2.50382346e-06  1.91863337e-04 
 2.50442762e-06  3.33769010e-05 
 2.50509086e-06  1.81927228e-04 
 2.50616596e-06  4.48192758e-05 
 2.50720189e-06  1.90272522e-04 
 2.50818517e-06  3.56926416e-05 
 2.50931751e-06  1.63678947e-04 
 2.51036573e-06  1.41829318e-05 
 2.51157588e-06  1.59702817e-04 
 2.51288506e-06  1.39936908e-05 
 2.51550341e-06  1.59118444e-04 
 2.52042504e-06  1.40705595e-05 
 2.52868737e-06  1.58943248e-04 
 2.54521204e-06  1.40352478e-05 
 2.57826136e-06  1.58827001e-04 
 2.64436001e-06  1.39704405e-05 
 2.75010000e-06  1.58769796e-04 
 2.75011000e-06 -2.47109058e-03 
 2.75013000e-06 -2.83769428e-03 
 2.75017000e-06 -1.82997893e-03 
 2.75020000e-06 -2.04952146e-03 
 2.75020787e-06  4.93009811e-04 
 2.75022362e-06  5.83459462e-04 
 2.75025511e-06  5.25004030e-04 
 2.75031810e-06  5.20454705e-04 
 2.75044407e-06  4.10535995e-04 
 2.75068308e-06  4.86830473e-04 
 2.75094344e-06  4.22794656e-04 
 2.75137959e-06  3.91273672e-04 
 2.75184910e-06  3.10101498e-04 
 2.75235481e-06  1.69105709e-04 
 2.75302151e-06  1.32444829e-04 
 2.75376890e-06  1.43198828e-04 
 2.75439970e-06  1.16652931e-04 
 2.75506059e-06  1.11042368e-04 
 2.75577291e-06  9.85394194e-05 
 2.75671955e-06  9.61488695e-05 
 2.75758997e-06  8.46826744e-05 
 2.75926043e-06  8.98307360e-05 
 2.76143767e-06  8.33808735e-05 
 2.76559297e-06  8.96870588e-05 
 2.77281414e-06  8.33412589e-05 
 2.78452897e-06  8.95718601e-05 
 2.80641715e-06  8.32956988e-05 
 2.84288744e-06  8.95057795e-05 
 2.91079186e-06  8.32631959e-05 
 3.00000000e-06  8.94766254e-05 
 3.00001000e-06  2.58221521e-03 
 3.00003000e-06  2.24851527e-03 
 3.00007000e-06  2.90569777e-03 
 3.00010000e-06  3.89943953e-03 
 3.00010800e-06  1.00101525e-03 
 3.00012400e-06  6.59874521e-04 
 3.00015600e-06  7.91708661e-04 
 3.00022000e-06  5.24258850e-04 
 3.00033683e-06  5.95181256e-04 
 3.00049961e-06  3.91808427e-04 
 3.00082518e-06  5.85606169e-04 
 3.00128246e-06  3.77185594e-04 
 3.00175745e-06  3.51568414e-04 
 3.00218751e-06  1.85607250e-04 
 3.00268217e-06  2.55541499e-04 
 3.00328679e-06  6.09390349e-05 
 3.00390908e-06  1.89371236e-04 
 3.00440512e-06  4.19109528e-05 
 3.00498372e-06  1.90673192e-04 
 3.00556582e-06  4.63415467e-05 
 3.00609462e-06  1.82085778e-04 
 3.00671308e-06  3.19092622e-05 
 3.00757340e-06  1.66054073e-04 
 3.00843937e-06  2.80828920e-05 
 3.00998788e-06  1.82006946e-04 
 3.01143143e-06  4.05862602e-05 
 3.01279895e-06  2.09246062e-04 
 3.01388480e-06  7.71143169e-05 
 3.01492668e-06  2.11945619e-04 
 3.01602636e-06  6.53612836e-05 
 3.01706952e-06  1.96960483e-04 
 3.01818363e-06  4.86090260e-05 
 3.01936516e-06  1.83414445e-04 
 3.02104119e-06  4.00671896e-05 
 3.02271536e-06  1.74996148e-04 
 3.02606372e-06  2.65033862e-05 
 3.02943884e-06  1.63407463e-04 
 3.03347143e-06  1.85547253e-05 
 3.03716602e-06  1.57713294e-04 
 3.03956581e-06  2.31299779e-05 
 3.04312509e-06  1.88638057e-04 
 3.04582580e-06  1.04355930e-05 
 3.04867421e-06  1.65158621e-04 
 3.05155258e-06  1.36235951e-05 
 3.05477978e-06  1.62138494e-04 
 3.05993821e-06  8.19369355e-06 
 3.06496548e-06  1.53022918e-04 
 3.07059599e-06  6.25109350e-06 
 3.07665907e-06  1.52448724e-04 
 3.08489454e-06  5.58292348e-06 
 3.10030189e-06  1.49910011e-04 
 3.12501115e-06  8.00727080e-07 
 3.17426583e-06  1.43032441e-04 
 3.25010000e-06 -4.20503285e-06 
 3.25011000e-06 -2.50775498e-03 
 3.25013000e-06 -2.85615775e-03 
 3.25017000e-06 -1.85996050e-03 
 3.25020000e-06 -2.06178021e-03 
 3.25020792e-06  4.73770727e-04 
 3.25022376e-06  5.65009363e-04 
 3.25025544e-06  5.08558218e-04 
 3.25031879e-06  5.03663574e-04 
 3.25044550e-06  3.94217685e-04 
 3.25068558e-06  4.70020166e-04 
 3.25094560e-06  4.05520752e-04 
 3.25138121e-06  3.72853244e-04 
 3.25185035e-06  2.92045088e-04 
 3.25235746e-06  1.49447993e-04 
 3.25302121e-06  1.11564509e-04 
 3.25373178e-06  1.19391397e-04 
 3.25439766e-06  8.70479434e-05 
 3.25508913e-06  8.70814597e-05 
 3.25577606e-06  8.15846443e-05 
 3.25674873e-06  7.72545576e-05 
 3.25787057e-06  6.69710402e-05 
 3.25940377e-06  7.16329843e-05 
 3.26184415e-06  6.63013476e-05 
 3.26606782e-06  7.14341105e-05 
 3.27309804e-06  6.62322397e-05 
 3.28510460e-06  7.12714500e-05 
 3.30582763e-06  6.61149372e-05 
 3.34115506e-06  7.11252229e-05 
 3.40699281e-06  6.59964739e-05 
 3.50000000e-06  7.10353708e-05 
 3.50001000e-06  2.56462784e-03 
 3.50003000e-06  2.23164265e-03 
 3.50007000e-06  2.89075047e-03 
 3.50010000e-06  3.88291427e-03 
 3.50010800e-06  9.84688389e-04 
 3.50012400e-06  6.42188538e-04 
 3.50015600e-06  7.72970373e-04 
 3.50022000e-06  5.04941964e-04 
 3.50033687e-06  5.77071104e-04 
 3.50049975e-06  3.73442800e-04 
 3.50082550e-06  5.67683349e-04 
 3.50128522e-06  3.60504488e-04 
 3.50176133e-06  3.34675550e-04 
 3.50217939e-06  1.59497054e-04 
 3.50264519e-06  2.31125970e-04 
 3.50331651e-06  3.56277403e-05 
 3.50394973e-06  1.68806792e-04 
 3.50473282e-06  1.42469529e-05 
 3.50553496e-06  1.70428045e-04 
 3.50657392e-06  3.25312552e-05 
 3.50734291e-06  1.70084034e-04 
 3.50817018e-06  2.03543930e-05 
 3.50903265e-06  1.48423342e-04 
 3.51002923e-06 -2.52526545e-06 
 3.51119484e-06  1.41123229e-04 
 3.51241211e-06 -3.03665944e-06 
 3.51484665e-06  1.40363355e-04 
 3.51957819e-06 -2.98291628e-06 
 3.52889805e-06  1.40191060e-04 
 3.54753777e-06 -3.02595358e-06 
 3.58481721e-06  1.40095736e-04 
 3.65937608e-06 -3.06734019e-06 
 3.75010000e-06  1.40060522e-04 
 3.75011000e-06 -2.48955861e-03 
 3.75013000e-06 -2.85653831e-03 
 3.75017000e-06 -1.84733759e-03 
 3.75020000e-06 -2.06502599e-03 
 3.75020787e-06  4.74581123e-04 
 3.75022362e-06  5.65732293e-04 
 3.75025512e-06  5.08503392e-04 
 3.75031812e-06  5.03716241e-04 
 3.75044410e-06  3.93105079e-04 
 3.75068311e-06  4.68710346e-04 
 3.75094292e-06  4.05053084e-04 
 3.75137860e-06  3.73206499e-04 
 3.75184807e-06  2.92662498e-04 
 3.75235302e-06  1.51146592e-04 
 3.75301721e-06  1.15518238e-04 
 3.75376352e-06  1.26836499e-04 
 3.75439103e-06  1.04842398e-04 
 3.75504951e-06  1.01891522e-04 
 3.75576230e-06  9.30066022e-05 
 3.75670319e-06  9.06121259e-05 
 3.75757771e-06  7.24413891e-05 
 3.75842501e-06  8.12013458e-05 
 3.75933290e-06  6.81677721e-05 
 3.76074512e-06  7.24642586e-05 
 3.76214537e-06  6.51970905e-05 
 3.76486161e-06  7.20616111e-05 
 3.76832697e-06  6.52527458e-05 
 3.77525770e-06  7.19512119e-05 
 3.78757533e-06  6.52330010e-05 
 3.80807120e-06  7.18717648e-05 
 3.84906294e-06  6.51940163e-05 
 3.92761478e-06  7.18254530e-05 
 4.00000000e-06  6.51757283e-05 
 4.00001000e-06  2.55897924e-03 
 4.00003000e-06  2.23031374e-03 
 4.00007000e-06  2.88888942e-03 
 4.00010000e-06  3.88251601e-03 
 4.00010800e-06  9.84224827e-04 
 4.00012400e-06  6.41611827e-04 
 4.00015600e-06  7.72524096e-04 
 4.00022000e-06  5.04533276e-04 
 4.00033683e-06  5.77277839e-04 
 4.00049960e-06  3.73854551e-04 
 4.00082514e-06  5.68103563e-04 
 4.00128247e-06  3.59574030e-04 
 4.00175749e-06  3.34246291e-04 
 4.00218730e-06  1.66536383e-04 
 4.00268148e-06  2.37376380e-04 
 4.00328912e-06  4.41372554e-05 
 4.00391329e-06  1.75396946e-04 
 4.00441308e-06  3.35843506e-05 
 4.00498808e-06  1.83536542e-04 
 4.00556452e-06  3.93970355e-05 
 4.00608991e-06  1.70997324e-04 
 4.00670399e-06  2.06081965e-05 
 4.00756047e-06  1.57476188e-04 
 4.00842708e-06  2.50855174e-05 
 4.00973473e-06  1.76694459e-04 
 4.01070936e-06  3.64782415e-05 
 4.01173931e-06  1.74919993e-04 
 4.01284768e-06  7.51865298e-05 
 4.01368580e-06  2.18644281e-04 
 4.01449818e-06  7.74442878e-05 
 4.01545547e-06  2.06557689e-04 
 4.01644186e-06  6.43683429e-05 
 4.01744844e-06  1.93151684e-04 
 4.01851122e-06  4.74145629e-05 
 4.01960539e-06  1.79947845e-04 
 4.02123388e-06  3.94030288e-05 
 4.02299116e-06  1.73148023e-04 
 4.02648822e-06  3.25481316e-05 
 4.03172859e-06  1.65781964e-04 
 4.03918738e-06  2.79083549e-05 
 4.04681831e-06  2.02466354e-04 
 4.05400539e-06  7.79349862e-05 
 4.05931359e-06  1.69849974e-04 
 4.06437704e-06  3.99271012e-05 
 4.06773001e-06  1.63426705e-04 
 4.07170517e-06  3.37025008e-05 
 4.07880553e-06  1.56797326e-04 
 4.08615869e-06  2.02404183e-05 
 4.09559120e-06  1.42312668e-04 
 4.10195837e-06  2.39007349e-05 
 4.10668172e-06  1.41241476e-04 
 4.11181514e-06  1.53081366e-05 
 4.11838357e-06  1.38716889e-04 
 4.12547145e-06  4.29801367e-06 
 4.13343002e-06  1.35020792e-04 
 4.14069013e-06  3.61779930e-06 
 4.14847871e-06  1.33942780e-04 
 4.15696573e-06  2.83023778e-06 
 4.16539711e-06  1.34198926e-04 
 4.17488517e-06  2.51462027e-06 
 4.19386129e-06  1.34419795e-04 
 4.22445562e-06  2.40971263e-06 
 4.25010000e-06  1.34532182e-04 
 4.25011000e-06 -2.49887436e-03 
 4.25013000e-06 -2.86550628e-03 
 4.25017000e-06 -1.85185269e-03 
 4.25020000e-06 -2.06788228e-03 
 4.25020788e-06  4.72738543e-04 
 4.25022364e-06  5.64357635e-04 
 4.25025516e-06  5.08045935e-04 
 4.25031821e-06  5.03586070e-04 
 4.25044429e-06  3.93957868e-04 
 4.25068462e-06  4.69627546e-04 
 4.25094384e-06  4.05519816e-04 
 4.25137935e-06  3.72663841e-04 
 4.25184886e-06  2.92226130e-04 
 4.25235447e-06  1.49619841e-04 
 4.25301984e-06  1.10766052e-04 
 4.25373581e-06  1.19438255e-04 
 4.25441862e-06  8.63440305e-05 
 4.25509962e-06  8.70771847e-05 
 4.25580062e-06  8.11155195e-05 
 4.25676958e-06  7.69144256e-05 
 4.25789671e-06  6.66460680e-05 
 4.25944569e-06  7.14474422e-05 
 4.26188392e-06  6.60028021e-05 
 4.26612636e-06  7.12657437e-05 
 4.27311680e-06  6.59576657e-05 
 4.28504604e-06  7.11464937e-05 
 4.30554214e-06  6.59000282e-05 
 4.34031158e-06  7.10737828e-05 
 4.40646902e-06  6.58549939e-05 
 4.50000000e-06  7.10299497e-05 
 4.50001000e-06  2.56331214e-03 
 4.50003000e-06  2.22951973e-03 
 4.50007000e-06  2.89178790e-03 
 4.50010000e-06  3.88157861e-03 
 4.50010800e-06  9.84422462e-04 
 4.50012400e-06  6.41957983e-04 
 4.50015600e-06  7.72742007e-04 
 4.50022000e-06  5.04769105e-04 
 4.50033687e-06  5.76942697e-04 
 4.50049975e-06  3.73361833e-04 
 4.50082549e-06  5.67612875e-04 
 4.50128521e-06  3.60476398e-04 
 4.50176131e-06  3.34565233e-04 
 4.50217936e-06  1.59431733e-04 
 4.50264514e-06  2.31019591e-04 
 4.50331644e-06  3.55808162e-05 
 4.50394967e-06  1.68702378e-04 
 4.50473207e-06  1.41920766e-05 
 4.50553362e-06  1.70283102e-04 
 4.50657255e-06  3.22434071e-05 
 4.50734139e-06  1.70027758e-04 
 4.50816888e-06  2.03025730e-05 
 4.50903307e-06  1.48356789e-04 
 4.51003080e-06 -2.59444524e-06 
 4.51119299e-06  1.41048755e-04 
 4.51241324e-06 -3.09648738e-06 
 4.51485374e-06  1.40287532e-04 
 4.51956252e-06 -3.04210668e-06 
 4.52891848e-06  1.40115178e-04 
 4.54763041e-06 -3.08553375e-06 
 4.58505428e-06  1.40019655e-04 
 4.65990200e-06 -3.12772544e-06 
 4.75010000e-06  1.39983402e-04 
 4.75011000e-06 -2.48963264e-03 
 4.75013000e-06 -2.85657302e-03 
 4.75017000e-06 -1.84668847e-03 
 4.75020000e-06 -2.06296236e-03 
 4.75020787e-06  4.74676752e-04 
 4.75022362e-06  5.65721589e-04 
 4.75025512e-06  5.08577439e-04 
 4.75031811e-06  5.03618570e-04 
 4.75044410e-06  3.93016402e-04 
 4.75068311e-06  4.68621435e-04 
 4.75094259e-06  4.05059934e-04 
 4.75137800e-06  3.73133849e-04 
 4.75184744e-06  2.92822125e-04 
 4.75235201e-06  1.51184647e-04 
 4.75301650e-06  1.15462172e-04 
 4.75376228e-06  1.26750991e-04 
 4.75438888e-06  1.04850228e-04 
 4.75504684e-06  1.01797220e-04 
 4.75575986e-06  9.29812196e-05 
 4.75669940e-06  9.05687168e-05 
 4.75757467e-06  7.24170273e-05 
 4.75842394e-06  8.10875269e-05 
 4.75933178e-06  6.81527806e-05 
 4.76074000e-06  7.23468162e-05 
 4.76214252e-06  6.51828612e-05 
 4.76485141e-06  7.19367247e-05 
 4.76831262e-06  6.52401514e-05 
 4.77523505e-06  7.18251977e-05 
 4.78735361e-06  6.52214015e-05 
 4.80757203e-06  7.17454294e-05 
 4.84800887e-06  6.51825263e-05 
 4.92506613e-06  7.16985928e-05 
 5.00000000e-06  6.51637130e-05 
 5.00001000e-06  2.55786462e-03 
 5.00003000e-06  2.22866403e-03 
 5.00007000e-06  2.88969331e-03 
 5.00010000e-06  3.88144208e-03 
 5.00010800e-06  9.84002469e-04 
 5.00012400e-06  6.41416897e-04 
 5.00015600e-06  7.72326577e-04 
 5.00022000e-06  5.04385554e-04 
 5.00033683e-06  5.77161543e-04 
 5.00049960e-06  3.73779723e-04 
 5.00082514e-06  5.68028425e-04 
 5.00128246e-06  3.59528120e-04 
 5.00175749e-06  3.34138392e-04 
 5.00218715e-06  1.66487060e-04 
 5.00268139e-06  2.37275906e-04 
 5.00328900e-06  4.40871433e-05 
 5.00391311e-06  1.75308147e-04 
 5.00441282e-06  3.35260958e-05 
 5.00498783e-06  1.83444873e-04 
 5.00556448e-06  3.93550861e-05 
 5.00608994e-06  1.70920894e-04 
 5.00670417e-06  2.05559873e-05 
 5.00756085e-06  1.57438676e-04 
 5.00842739e-06  2.50637213e-05 
 5.00973484e-06  1.76180304e-04 
 5.01071087e-06  3.40911768e-05 
 5.01174151e-06  1.70504401e-04 
 5.01284992e-06  6.69053197e-05 
 5.01368183e-06  2.06309726e-04 
 5.01448429e-06  6.28834800e-05 
 5.01555173e-06  1.90372725e-04 
 5.01651637e-06  4.82895161e-05 
 5.01756643e-06  1.77077987e-04 
 5.01880684e-06  3.09886701e-05 
 5.01993450e-06  1.64809810e-04 
 5.02177661e-06  2.64154256e-05 
 5.02367612e-06  1.70252990e-04 
 5.02618380e-06  6.98845939e-05 
 5.02852972e-06  2.08472206e-04 
 5.03125192e-06  9.47416506e-05 
 5.03428719e-06  2.12887321e-04 
 5.03644574e-06  1.90749200e-05 
 5.03877546e-06  1.82811740e-04 
 5.04111858e-06  2.16006918e-05 
 5.04342570e-06  1.71169014e-04 
 5.04782592e-06  1.86583045e-05 
 5.05339085e-06  1.62806393e-04 
 5.06222153e-06  1.48457333e-05 
 5.07607695e-06  1.59247031e-04 
 5.09799231e-06  1.41339494e-05 
 5.13326676e-06  1.58616862e-04 
 5.18928536e-06  1.06912705e-05 
 5.24061262e-06  1.44855319e-04 
 5.25010000e-06  2.09298076e-05 
 5.25011000e-06 -2.48655808e-03 
 5.25013000e-06 -2.83643535e-03 
 5.25017000e-06 -1.84014743e-03 
 5.25020000e-06 -2.04045203e-03 
 5.25020792e-06  4.91411864e-04 
 5.25022376e-06  5.81765874e-04 
 5.25025544e-06  5.24933401e-04 
 5.25031879e-06  5.18865677e-04 
 5.25044550e-06  4.09137406e-04 
 5.25068550e-06  4.84201291e-04 
 5.25094490e-06  4.19872663e-04 
 5.25137989e-06  3.86699896e-04 
 5.25184899e-06  3.06730860e-04 
 5.25235521e-06  1.63809014e-04 
 5.25301959e-06  1.25721029e-04 
 5.25372690e-06  1.33129776e-04 
 5.25439787e-06  1.01044006e-04 
 5.25508116e-06  1.00618799e-04 
 5.25577073e-06  9.55731946e-05 
 5.25673633e-06  9.07358238e-05 
 5.25785359e-06  8.07479692e-05 
 5.25938005e-06  8.46733197e-05 
 5.26181411e-06  7.94269245e-05 
 5.26597418e-06  8.28833331e-05 
 5.27291936e-06  7.47550246e-05 
 5.28469142e-06  7.45788824e-05 
 5.29925613e-06  6.76381378e-05 
 5.31507855e-06  7.12926505e-05 
 5.34672339e-06  6.63687347e-05 
 5.40687647e-06  7.07151072e-05 
 5.50000000e-06  6.61621212e-05 
 5.50001000e-06  2.55853250e-03 
 5.50003000e-06  2.23001613e-03 
 5.50007000e-06  2.89057452e-03 
 5.50010000e-06  3.88230618e-03 
 5.50010800e-06  9.84493974e-04 
 5.50012400e-06  6.41669357e-04 
 5.50015600e-06  7.72773665e-04 
 5.50022000e-06  5.04541152e-04 
 5.50033687e-06  5.77047824e-04 
 5.50049973e-06  3.73212219e-04 
 5.50082546e-06  5.67731030e-04 
 5.50128517e-06  3.60344735e-04 
 5.50176127e-06  3.34664017e-04 
 5.50217926e-06  1.59287856e-04 
 5.50264506e-06  2.31111928e-04 
 5.50331642e-06  3.54294257e-05 
 5.50394960e-06  1.68805482e-04 
 5.50473221e-06  1.40426151e-05 
 5.50553394e-06  1.70392922e-04 
 5.50657282e-06  3.20890352e-05 
 5.50734173e-06  1.70131924e-04 
 5.50816914e-06  2.01457732e-05 
 5.50903331e-06  1.48462262e-04 
 5.51003120e-06 -2.75291636e-06 
 5.51119155e-06  1.41156334e-04 
 5.51241193e-06 -3.25278943e-06 
 5.51485269e-06  1.40393852e-04 
 5.51955869e-06 -3.19877824e-06 
 5.52891531e-06  1.40220688e-04 
 5.54762854e-06 -3.24335724e-06 
 5.58505500e-06  1.40123623e-04 
 5.65990793e-06 -3.28694079e-06 
 5.75010000e-06  1.40086710e-04 
 5.75011000e-06 -2.48963461e-03 
 5.75013000e-06 -2.85656993e-03 
 5.75017000e-06 -1.84639132e-03 
 5.75020000e-06 -2.06176705e-03 
 5.75020787e-06  4.74711658e-04 
 5.75022362e-06  5.65694715e-04 
 5.75025512e-06  5.08621576e-04 
 5.75031811e-06  5.03567324e-04 
 5.75044410e-06  3.92986301e-04 
 5.75068311e-06  4.68576282e-04 
 5.75094239e-06  4.05083678e-04 
 5.75137762e-06  3.73101271e-04 
 5.75184702e-06  2.92950916e-04 
 5.75235135e-06  1.51223978e-04 
 5.75301603e-06  1.15449712e-04 
 5.75376181e-06  1.26705455e-04 
 5.75438756e-06  1.04881726e-04 
 5.75504515e-06  1.01758034e-04 
 5.75575840e-06  9.29800988e-05 
 5.75669708e-06  9.05492835e-05 
 5.75757261e-06  7.24224393e-05 
 5.75842249e-06  8.10286960e-05 
 5.75933043e-06  6.81649678e-05 
 5.76073666e-06  7.22849738e-05 
 5.76214012e-06  6.51918053e-05 
 5.76484417e-06  7.18713661e-05 
 5.76830265e-06  6.52498087e-05 
 5.77521959e-06  7.17594585e-05 
 5.78727196e-06  6.52314164e-05 
 5.80740140e-06  7.16795581e-05 
 5.84766028e-06  6.51925889e-05 
 5.92409295e-06  7.16325576e-05 
 6.00000000e-06  6.51735685e-05 
 6.00001000e-06  2.55719378e-03 
 6.00003000e-06  2.22778112e-03 
 6.00007000e-06  2.89016112e-03 
 6.00010000e-06  3.88085037e-03 
 6.00010800e-06  9.83922721e-04 
 6.00012400e-06  6.41357045e-04 
 6.00015600e-06  7.72235996e-04 
 6.00022000e-06  5.04313467e-04 
 6.00033683e-06  5.77102099e-04 
 6.00049960e-06  3.73750157e-04 
 6.00082514e-06  5.67995203e-04 
 6.00128246e-06  3.59509072e-04 
 6.00175749e-06  3.34090111e-04 
 6.00218705e-06  1.66472891e-04 
 6.00268135e-06  2.37231448e-04 
 6.00328892e-06  4.40698245e-05 
 6.00391298e-06  1.75271196e-04 
 6.00441262e-06  3.35026307e-05 
 6.00498764e-06  1.83406755e-04 
 6.00556444e-06  3.93397896e-05 
 6.00608995e-06  1.70889284e-04 
 6.00670430e-06  2.05343544e-05 
 6.00756114e-06  1.57424505e-04 
 6.00842761e-06  2.49005246e-05 
 6.00973474e-06  1.74668034e-04 
 6.01071299e-06  3.15097822e-05 
 6.01174478e-06  1.67626346e-04 
 6.01285345e-06  7.02106125e-05 
 6.01367953e-06  2.20972469e-04 
 6.01447233e-06  8.65737389e-05 
 6.01553675e-06  2.21483824e-04 
 6.01651182e-06  8.32158652e-05 
 6.01755649e-06  2.16842073e-04 
 6.01879563e-06  7.58739907e-05 
 6.01991467e-06  2.24222519e-04 
 6.02123501e-06  1.20288474e-04 
 6.02237611e-06  2.29890509e-04 
 6.02355215e-06  3.36536111e-05 
 6.02489939e-06  1.77956250e-04 
 6.02613172e-06  2.57225502e-05 
 6.02747626e-06  1.70294648e-04 
 6.03016533e-06  1.94342530e-05 
 6.03504804e-06  1.61365533e-04 
 6.04336088e-06  1.41973255e-05 
 6.05406683e-06  1.59409104e-04 
 6.07084314e-06  1.38650704e-05 
 6.10439575e-06  1.59020395e-04 
 6.16303583e-06  1.38165683e-05 
 6.22706186e-06  1.59001069e-04 
 6.25010000e-06  1.38676457e-05 
 6.25011000e-06 -2.48934265e-03 
 6.25013000e-06 -2.83689924e-03 
 6.25017000e-06 -1.83855812e-03 
 6.25020000e-06 -2.03751612e-03 
 6.25020792e-06  4.93486683e-04 
 6.25022376e-06  5.83455990e-04 
 6.25025544e-06  5.25977670e-04 
 6.25031879e-06  5.20425530e-04 
 6.25044550e-06  4.11480607e-04 
 6.25068558e-06  4.87929478e-04 
 6.25094481e-06  4.23324199e-04 
 6.25137967e-06  3.90812377e-04 
 6.25184875e-06  3.10446335e-04 
 6.25235484e-06  1.68376281e-04 
 6.25301930e-06  1.35487134e-04 
 6.25377759e-06  1.44080978e-04 
 6.25438023e-06  1.13196612e-04 
 6.25503382e-06  1.06050711e-04 
 6.25569548e-06  1.01001703e-04 
 6.25665380e-06  9.53184481e-05 
 6.25758667e-06  8.59244975e-05 
 6.25915919e-06  8.87802583e-05 
 6.26140196e-06  8.46120907e-05 
 6.26542583e-06  8.86092575e-05 
 6.27250615e-06  8.45524973e-05 
 6.28406415e-06  8.84867525e-05 
 6.30525041e-06  8.44959844e-05 
 6.34101731e-06  8.84163457e-05 
 6.40805609e-06  8.44574217e-05 
 6.50000000e-06  8.83833304e-05 
 6.50001000e-06  2.57987077e-03 
 6.50003000e-06  2.24485185e-03 
 6.50007000e-06  2.90918184e-03 
 6.50010000e-06  3.89713381e-03 
 6.50010800e-06  1.00091328e-03 
 6.50012400e-06  6.59370225e-04 
 6.50015600e-06  7.91448805e-04 
 6.50022000e-06  5.23948169e-04 
 6.50033687e-06  5.95115167e-04 
 6.50049969e-06  3.91540474e-04 
 6.50082534e-06  5.85660306e-04 
 6.50128255e-06  3.77497382e-04 
 6.50175753e-06  3.52089590e-04 
 6.50218717e-06  1.84718148e-04 
 6.50268335e-06  2.52230662e-04 
 6.50323065e-06  6.02346310e-05 
 6.50382010e-06  1.91707028e-04 
 6.50442191e-06  3.35918142e-05 
 6.50508321e-06  1.81619563e-04 
 6.50616054e-06  4.49171268e-05 
 6.50719180e-06  1.90028235e-04 
 6.50818318e-06  3.58794195e-05 
 6.50930313e-06  1.63690193e-04 
 6.51036378e-06  1.42944131e-05 
 6.51158126e-06  1.59541002e-04 
 6.51288903e-06  1.41363325e-05 
 6.51550458e-06  1.58950626e-04 
 6.52036889e-06  1.42247765e-05 
 6.52851623e-06  1.58783886e-04 
 6.54481092e-06  1.42083370e-05 
 6.57740029e-06  1.58692284e-04 
 6.64257904e-06  1.41729447e-05 
 6.75010000e-06  1.58655148e-04 
 6.75011000e-06 -2.47110324e-03 
 6.75013000e-06 -2.83755396e-03 
 6.75017000e-06 -1.82697252e-03 
 6.75020000e-06 -2.04187285e-03 
 6.75020787e-06  4.93847910e-04 
 6.75022362e-06  5.83893982e-04 
 6.75025512e-06  5.25510001e-04 
 6.75031811e-06  5.20377586e-04 
 6.75044410e-06  4.10414168e-04 
 6.75068313e-06  4.86871851e-04 
 6.75094228e-06  4.23073661e-04 
 6.75137739e-06  3.91369953e-04 
 6.75184677e-06  3.10905066e-04 
 6.75235107e-06  1.69607290e-04 
 6.75301901e-06  1.32501630e-04 
 6.75376610e-06  1.43229781e-04 
 6.75439210e-06  1.17009629e-04 
 6.75505084e-06  1.11122652e-04 
 6.75576457e-06  9.87724696e-05 
 6.75670602e-06  9.61879989e-05 
 6.75757854e-06  8.48930082e-05 
 6.75923543e-06  8.97416284e-05 
 6.76141315e-06  8.35710696e-05 
 6.76548126e-06  8.95894512e-05 
 6.77256592e-06  8.35354379e-05 
 6.78395638e-06  8.94722983e-05 
 6.80508695e-06  8.34915015e-05 
 6.84016198e-06  8.94054133e-05 
 6.90603721e-06  8.34589805e-05 
 7.00000000e-06  8.93751196e-05 
 7.00001000e-06  2.57862914e-03 
 7.00003000e-06  2.24281272e-03 
 7.00007000e-06  2.90862192e-03 
 7.00010000e-06  3.89584843e-03 
 7.00010800e-06  1.00040327e-03 
 7.00012400e-06  6.59346677e-04 
 7.00015600e-06  7.91418874e-04 
 7.00022000e-06  5.24097139e-04 
 7.00033683e-06  5.95176128e-04 
 7.00049961e-06  3.91768793e-04 
 7.00082517e-06  5.85683641e-04 
 7.00128246e-06  3.77248544e-04 
 7.00175745e-06  3.51542925e-04 
 7.00218698e-06  1.85685810e-04 
 7.00268193e-06  2.55532349e-04 
 7.00328642e-06  6.09947483e-05 
 7.00390848e-06  1.89415930e-04 
 7.00440437e-06  4.19502220e-05 
 7.00498280e-06  1.90700811e-04 
 7.00556555e-06  4.63979926e-05 
 7.00609450e-06  1.82126150e-04 
 7.00671346e-06  3.19582082e-05 
 7.00757454e-06  1.66091431e-04 
 7.00844014e-06  2.81408251e-05 
 7.00998936e-06  1.82068059e-04 
 7.01143271e-06  4.07247170e-05 
 7.01279866e-06  2.04686242e-04 
 7.01388108e-06  5.63517100e-05 
 7.01491695e-06  1.85016513e-04 
 7.01601733e-06  4.48178107e-05 
 7.01708250e-06  1.78790914e-04 
 7.01819068e-06  3.16142457e-05 
 7.01939046e-06  1.65264210e-04 
 7.02106691e-06  2.17868323e-05 
 7.02275145e-06  1.58216136e-04 
 7.02611961e-06  1.63820851e-05 
 7.03151871e-06  1.55583363e-04 
 7.03749411e-06  1.63625213e-05 
 7.04873546e-06  1.55938811e-04 
 7.06930026e-06  1.67647913e-05 
 7.09853039e-06  1.56162808e-04 
 7.13839118e-06  1.68065085e-05 
 7.20014827e-06  1.56114567e-04 
 7.25010000e-06  1.67776090e-05 
 7.25011000e-06 -2.48716059e-03 
 7.25013000e-06 -2.83575124e-03 
 7.25017000e-06 -1.83743749e-03 
 7.25020000e-06 -2.03657837e-03 
 7.25020792e-06  4.94114194e-04 
 7.25022376e-06  5.83978509e-04 
 7.25025544e-06  5.26127639e-04 
 7.25031879e-06  5.20318518e-04 
 7.25044550e-06  4.11410870e-04 
 7.25068538e-06  4.87918916e-04 
 7.25094458e-06  4.23421472e-04 
 7.25137940e-06  3.90874337e-04 
 7.25184837e-06  3.10510896e-04 
 7.25235429e-06  1.68546336e-04 
 7.25301897e-06  1.35215696e-04 
 7.25377946e-06  1.43821998e-04 
 7.25438845e-06  1.12695009e-04 
 7.25504545e-06  1.06212344e-04 
 7.25571153e-06  1.00963693e-04 
 7.25667286e-06  9.51752597e-05 
 7.25761796e-06  8.58668373e-05 
 7.25919649e-06  8.88085268e-05 
 7.26145042e-06  8.46240329e-05 
 7.26549587e-06  8.86405787e-05 
 7.27254768e-06  8.45634937e-05 
 7.28409435e-06  8.85192019e-05 
 7.30511898e-06  8.45067952e-05 
 7.34055063e-06  8.84495037e-05 
 7.40694919e-06  8.44695095e-05 
 7.50000000e-06  8.84187047e-05 
 7.50001000e-06  2.57963205e-03 
 7.50003000e-06  2.24444078e-03 
 7.50007000e-06  2.90899143e-03 
 7.50010000e-06  3.89670680e-03 
 7.50010800e-06  1.00074885e-03 
 7.50012400e-06  6.59298428e-04 
 7.50015600e-06  7.91683123e-04 
 7.50022000e-06  5.24176039e-04 
 7.50033687e-06  5.95295462e-04 
 7.50049969e-06  3.91505491e-04 
 7.50082534e-06  5.85690952e-04 
 7.50128257e-06  3.77326165e-04 
 7.50175756e-06  3.52217902e-04 
 7.50218716e-06  1.84928622e-04 
 7.50268306e-06  2.52338159e-04 
 7.50323240e-06  5.98948222e-05 
 7.50382322e-06  1.91695135e-04 
 7.50442756e-06  3.35071537e-05 
 7.50509089e-06  1.81784042e-04 
 7.50616624e-06  4.49701305e-05 
 7.50720248e-06  1.90136739e-04 
 7.50818565e-06  3.58424606e-05 
 7.50931859e-06  1.63574265e-04 
 7.51036806e-06  1.43061024e-05 
 7.51157845e-06  1.59594020e-04 
 7.51288511e-06  1.41283978e-05 
 7.51549842e-06  1.59010281e-04 
 7.52041729e-06  1.42133142e-05 
 7.52866564e-06  1.58845242e-04 
 7.54516233e-06  1.41956945e-05 
 7.57815571e-06  1.58754603e-04 
 7.64414248e-06  1.41607772e-05 
 7.75010000e-06  1.58718464e-04 
 7.75011000e-06 -2.47099697e-03 
 7.75013000e-06 -2.83733076e-03 
 7.75017000e-06 -1.82667146e-03 
 7.75020000e-06 -2.04142674e-03 
 7.75020787e-06  4.94081531e-04 
 7.75022362e-06  5.83984645e-04 
 7.75025512e-06  5.25436653e-04 
 7.75031812e-06  5.20179952e-04 
 7.75044412e-06  4.10365784e-04 
 7.75068315e-06  4.86897227e-04 
 7.75094194e-06  4.23205564e-04 
 7.75137688e-06  3.91403327e-04 
 7.75184632e-06  3.11097662e-04 
 7.75235026e-06  1.69808109e-04 
 7.75301842e-06  1.32608440e-04 
 7.75376512e-06  1.43107516e-04 
 7.75439071e-06  1.16917979e-04 
 7.75504915e-06  1.11200576e-04 
 7.75576261e-06  9.89416890e-05 
 7.75670332e-06  9.61956262e-05 
 7.75757561e-06  8.49723212e-05 
 7.75923063e-06  8.97243359e-05 
 7.76140779e-06  8.36395215e-05 
 7.76546264e-06  8.95724335e-05 
 7.77252824e-06  8.36038977e-05 
 7.78387125e-06  8.94554053e-05 
 7.80489725e-06  8.35601477e-05 
 7.83977899e-06  8.93886190e-05 
 7.90536340e-06  8.35277117e-05 
 8.00000000e-06  8.93583020e-05 
 8.00001000e-06  2.57847929e-03 
 8.00003000e-06  2.24249719e-03 
 8.00007000e-06  2.90836863e-03 
 8.00010000e-06  3.89545551e-03 
 8.00010800e-06  1.00028508e-03 
 8.00012400e-06  6.59249718e-04 
 8.00015600e-06  7.91698087e-04 
 8.00022000e-06  5.24308547e-04 
 8.00033683e-06  5.95393029e-04 
 8.00049961e-06  3.91700815e-04 
 8.00082518e-06  5.85709096e-04 
 8.00128247e-06  3.77129951e-04 
 8.00175746e-06  3.51930323e-04 
 8.00218704e-06  1.85372100e-04 
 8.00268190e-06  2.54266109e-04 
 8.00328637e-06  6.01210599e-05 
 8.00390844e-06  1.90650952e-04 
 8.00440320e-06  4.26192073e-05 
 8.00498215e-06  1.92400903e-04 
 8.00556563e-06  4.83816662e-05 
 8.00609503e-06  1.87743337e-04 
 8.00671452e-06  3.80384474e-05 
 8.00757616e-06  1.72239822e-04 
 8.00844170e-06  1.82250272e-05 
 8.00928442e-06  1.57343635e-04 
 8.01027259e-06  1.69485321e-05 
 8.01136739e-06  1.56427384e-04 
 8.01355698e-06  1.69815220e-05 
 8.01793618e-06  1.56214583e-04 
 8.02669456e-06  1.69521670e-05 
 8.04421133e-06  1.56091143e-04 
 8.07924488e-06  1.68861002e-05 
 8.14931197e-06  1.56027172e-04 
 8.25010000e-06  1.68584785e-05 
 8.25011000e-06 -2.48742058e-03 
 8.25013000e-06 -2.82848788e-03 
 8.25017000e-06 -1.83384516e-03 
 8.25020000e-06 -2.04542804e-03 
 8.25020792e-06  4.73848545e-04 
 8.25022376e-06  5.64796676e-04 
 8.25025544e-06  5.11761740e-04 
 8.25031879e-06  5.06744012e-04 
 8.25044550e-06  4.01952472e-04 
 8.25069892e-06  4.79548182e-04 
 8.25095422e-06  4.14760251e-04 
 8.25138707e-06  3.79805591e-04 
 8.25185810e-06  2.99288837e-04 
 8.25236973e-06  1.50971029e-04 
 8.25302684e-06  1.12982636e-04 
 8.25386919e-06  1.17660670e-04 
 8.25475129e-06  9.73296909e-05 
 8.25564926e-06  1.06258518e-04 
 8.25658660e-06  9.16002709e-05 
 8.25789376e-06  8.95511982e-05 
 8.25925055e-06  8.44261679e-05 
 8.26176522e-06  8.88588052e-05 
 8.26492749e-06  8.44154953e-05 
 8.27125202e-06  8.87351719e-05 
 8.28062957e-06  8.43731845e-05 
 8.29648605e-06  8.86485979e-05 
 8.32576411e-06  8.43277717e-05 
 8.38432024e-06  8.85946652e-05 
 8.49766586e-06  8.42975674e-05 
 8.50000000e-06  8.85230593e-05 
