 0.00000000e+00  3.10304308e-05 
 1.00000000e-12  6.80085559e-03 
 2.00000000e-12  7.72326025e-03 
 4.00000000e-12  8.04625587e-03 
 8.00000000e-12  7.61154211e-03 
 1.60000000e-11  7.62869922e-03 
 3.20000000e-11  7.26901917e-03 
 6.40000000e-11  8.31325547e-03 
 1.00000000e-10  1.09577999e-02 
 1.01502815e-10  3.46573095e-03 
 1.04508444e-10  1.72974319e-03 
 1.10519702e-10  2.89473102e-03 
 1.22542220e-10  1.79639040e-03 
 1.46587254e-10  2.56418670e-03 
 1.94677322e-10  1.44505435e-03 
 2.90857459e-10  1.98442091e-03 
 4.36272409e-10  8.95267777e-04 
 7.02956412e-10  1.60913849e-03 
 1.20535172e-09  5.60260885e-04 
 1.70415872e-09  1.31658783e-03 
 2.47410588e-09  4.46160184e-04 
 3.11207283e-09  1.33838516e-03 
 3.80787682e-09  3.59814575e-04 
 4.60822569e-09  1.33158556e-03 
 5.35832656e-09  4.31239646e-04 
 6.05200975e-09  1.12311476e-03 
 6.79950412e-09  1.20302932e-04 
 7.53507061e-09  8.45723367e-04 
 8.36098894e-09 -4.70875067e-05 
 9.32629380e-09  7.72879100e-04 
 1.03540660e-08 -1.51334655e-04 
 1.15333883e-08  6.40394310e-04 
 1.28054831e-08 -3.29131352e-04 
 1.40768094e-08  5.54500890e-04 
 1.56349344e-08 -2.82388910e-04 
 1.72584560e-08  5.73721973e-04 
 1.85797161e-08 -3.44873463e-04 
 1.99894717e-08  5.22944281e-04 
 2.13306621e-08 -3.41543945e-04 
 2.31353700e-08  5.19090202e-04 
 2.51469249e-08 -3.39936115e-04 
 2.69821206e-08  5.16605494e-04 
 2.94083718e-08 -3.38983660e-04 
 3.24948494e-08  5.16106670e-04 
 3.65143648e-08 -3.35998083e-04 
 4.19769726e-08  5.19817167e-04 
 4.83216609e-08 -3.33046405e-04 
 5.65587968e-08  5.17963055e-04 
 6.54285958e-08 -3.18544170e-04 
 7.51702881e-08  6.14315512e-04 
 8.16884517e-08 -3.72393331e-04 
 8.78107367e-08  5.87043671e-04 
 9.43525422e-08 -3.62520430e-04 
 1.01225349e-07  5.77369266e-04 
 1.10444996e-07 -3.55773907e-04 
 1.20839706e-07  5.71462360e-04 
 1.34356390e-07 -3.53702347e-04 
 1.51068025e-07  5.67386768e-04 
 1.72057631e-07 -3.52415719e-04 
 1.87896005e-07  5.63789386e-04 
 2.09474686e-07 -3.39438920e-04 
 2.18791155e-07  5.31566028e-04 
 2.27787157e-07 -3.41963366e-04 
 2.34912166e-07  5.39388946e-04 
 2.42417520e-07 -3.34827888e-04 
 2.49487190e-07  5.25854901e-04 
 2.50100000e-07 -3.37160609e-04 
 2.50110000e-07 -7.95733502e-03 
 2.50130000e-07 -8.49630402e-03 
 2.50170000e-07 -6.54847088e-03 
 2.50200000e-07 -7.21111902e-03 
 2.50200529e-07 -1.04359762e-03 
 2.50201588e-07  1.32224930e-03 
 2.50203705e-07  3.42670090e-04 
 2.50207939e-07  8.41185169e-04 
 2.50216407e-07  4.90018431e-04 
 2.50233343e-07  8.83254401e-04 
 2.50267215e-07  4.44724648e-04 
 2.50334958e-07  7.16148705e-04 
 2.50414394e-07  3.06578022e-04 
 2.50573266e-07  6.10353786e-04 
 2.50729688e-07  2.68335189e-04 
 2.51042532e-07  6.42524253e-04 
 2.51385437e-07  2.78116877e-04 
 2.51893769e-07  5.62533905e-04 
 2.52461786e-07  1.75555176e-04 
 2.53300008e-07  3.14570171e-04 
 2.54132563e-07 -1.15360201e-05 
 2.55081531e-07  3.13442505e-04 
 2.55803569e-07 -1.77571504e-05 
 2.56618624e-07  2.77110024e-04 
 2.57554347e-07 -4.94883079e-05 
 2.58683639e-07  2.63883133e-04 
 2.59946407e-07 -6.45181932e-05 
 2.62077056e-07  2.47202184e-04 
 2.64168770e-07 -7.14947628e-05 
 2.67749833e-07  2.47037460e-04 
 2.72500355e-07 -7.17751659e-05 
 2.82001400e-07  2.46708625e-04 
 2.98644950e-07 -7.22403843e-05 
 3.26991723e-07  2.45960590e-04 
 3.80527319e-07 -7.39412043e-05 
 4.72313834e-07  2.41293358e-04 
 5.00000000e-07 -7.85950212e-05 
 5.00010000e-07  3.92111866e-03 
 5.00030000e-07  3.70561623e-03 
 5.00070000e-07  4.20869010e-03 
 5.00100000e-07  5.29004273e-03 
 5.00104156e-07  1.19092786e-03 
 5.00112468e-07  6.67059446e-04 
 5.00129092e-07  9.86751819e-04 
 5.00162340e-07  5.55336818e-04 
 5.00228836e-07  8.49680795e-04 
 5.00361827e-07  4.14869741e-04 
 5.00537244e-07  7.10629274e-04 
 5.00888077e-07  3.36071031e-04 
 5.01500850e-07  6.88961352e-04 
 5.02193271e-07  1.77515921e-04 
 5.02775018e-07  4.45435832e-04 
 5.03497511e-07  3.02407946e-05 
 5.04171204e-07  3.16230063e-04 
 5.05159690e-07 -5.24536263e-05 
 5.06136680e-07  2.71813266e-04 
 5.07127037e-07 -7.11578189e-05 
 5.08569352e-07  2.69281333e-04 
 5.09934730e-07 -6.91918207e-05 
 5.11848377e-07  2.75800159e-04 
 5.14102506e-07 -6.13836656e-05 
 5.15978737e-07  2.81818352e-04 
 5.17949682e-07 -5.73131403e-05 
 5.20049906e-07  2.70081310e-04 
 5.22602028e-07 -6.62919989e-05 
 5.25513400e-07  2.60210255e-04 
 5.28285404e-07 -8.63140045e-05 
 5.33829412e-07  2.49123491e-04 
 5.41660408e-07 -9.09196238e-05 
 5.51890191e-07  2.48378849e-04 
 5.72349755e-07 -9.22258706e-05 
 6.06329188e-07  2.46185547e-04 
 6.74288056e-07 -9.58251187e-05 
 7.50100000e-07  2.42024576e-04 
 7.50110000e-07 -3.78314951e-03 
 7.50130000e-07 -4.13656955e-03 
 7.50170000e-07 -3.17245344e-03 
 7.50200000e-07 -3.54543994e-03 
 7.50200764e-07 -3.38526227e-04 
 7.50202291e-07  7.59972584e-04 
 7.50205347e-07  1.04110737e-04 
 7.50211457e-07  5.80337061e-04 
 7.50223678e-07  2.27897323e-04 
 7.50248119e-07  6.00038484e-04 
 7.50297002e-07  2.61366592e-04 
 7.50394767e-07  5.67513275e-04 
 7.50590298e-07  2.36922405e-04 
 7.50976766e-07  6.14148932e-04 
 7.51389333e-07  2.65264953e-04 
 7.51911105e-07  5.36094404e-04 
 7.52517701e-07  1.49175242e-04 
 7.53315924e-07  2.88186714e-04 
 7.54224643e-07 -3.21212495e-05 
 7.55416130e-07  2.78471580e-04 
 7.56522274e-07 -4.60365956e-05 
 7.57526411e-07  2.53082368e-04 
 7.58616386e-07 -5.42668705e-05 
 7.59819664e-07  2.40914029e-04 
 7.61115801e-07 -7.34669991e-05 
 7.62373198e-07  2.32538923e-04 
 7.63828030e-07 -8.00646617e-05 
 7.66046825e-07  2.25544427e-04 
 7.68379900e-07 -8.15487372e-05 
 7.72338178e-07  2.25298027e-04 
 7.79953083e-07 -8.17520453e-05 
 7.91358140e-07  2.24865599e-04 
 8.13246440e-07 -8.22991029e-05 
 8.49528954e-07  2.23981223e-04 
 9.13742903e-07 -8.34725277e-05 
 1.00000000e-06  2.22704772e-04 
 1.00001000e-06  3.91556596e-03 
 1.00003000e-06  3.66946751e-03 
 1.00007000e-06  4.20529387e-03 
 1.00010000e-06  5.26357744e-03 
 1.00010417e-06  1.17604852e-03 
 1.00011250e-06  6.53785968e-04 
 1.00012916e-06  9.72246629e-04 
 1.00016250e-06  5.43533516e-04 
 1.00022916e-06  8.36931477e-04 
 1.00036248e-06  4.03491429e-04 
 1.00053810e-06  6.98142186e-04 
 1.00088935e-06  3.25573780e-04 
 1.00150438e-06  6.76302342e-04 
 1.00219439e-06  1.63796290e-04 
 1.00281476e-06  4.32669801e-04 
 1.00346143e-06  3.42164875e-05 
 1.00414510e-06  3.14176896e-04 
 1.00499002e-06 -5.82947708e-05 
 1.00588544e-06  2.72933260e-04 
 1.00675718e-06 -6.23307421e-05 
 1.00764905e-06  2.79460175e-04 
 1.00863578e-06 -6.53188565e-05 
 1.00966124e-06  2.63961721e-04 
 1.01059118e-06 -8.11253075e-05 
 1.01205354e-06  2.51755593e-04 
 1.01354169e-06 -7.52266908e-05 
 1.01594952e-06  2.70895573e-04 
 1.01768182e-06 -7.58276657e-05 
 1.01951443e-06  2.71938623e-04 
 1.02118150e-06 -3.89662566e-05 
 1.02265386e-06  3.29299128e-04 
 1.02412573e-06 -1.10888509e-05 
 1.02571656e-06  3.16314603e-04 
 1.02717772e-06 -2.69861007e-05 
 1.02898316e-06  3.06455604e-04 
 1.03114064e-06 -3.35387847e-05 
 1.03350783e-06  3.01715276e-04 
 1.03783395e-06 -3.98142641e-05 
 1.04393716e-06  2.93551937e-04 
 1.05449909e-06 -5.02385611e-05 
 1.07275527e-06  2.79877044e-04 
 1.10247306e-06 -6.57752348e-05 
 1.15533770e-06  2.64650186e-04 
 1.22891767e-06 -7.78215624e-05 
 1.25010000e-06  2.58701682e-04 
 1.25011000e-06 -3.77137197e-03 
 1.25013000e-06 -4.12622191e-03 
 1.25017000e-06 -3.15382386e-03 
 1.25020000e-06 -3.52409427e-03 
 1.25020076e-06 -3.22422602e-04 
 1.25020229e-06  7.73146178e-04 
 1.25020534e-06  1.19327257e-04 
 1.25021145e-06  5.94298548e-04 
 1.25022367e-06  2.43420822e-04 
 1.25024809e-06  6.15143450e-04 
 1.25029695e-06  2.78236237e-04 
 1.25039467e-06  5.84298501e-04 
 1.25059010e-06  2.55194382e-04 
 1.25093635e-06  6.28750973e-04 
 1.25136196e-06  2.87503632e-04 
 1.25188276e-06  5.52761032e-04 
 1.25249060e-06  1.75291102e-04 
 1.25325809e-06  3.09196236e-04 
 1.25413592e-06 -1.59440212e-05 
 1.25528330e-06  2.89158747e-04 
 1.25619626e-06 -3.79354765e-05 
 1.25715784e-06  2.55521499e-04 
 1.25822103e-06 -4.75937905e-05 
 1.25979635e-06  2.47085606e-04 
 1.26130402e-06 -6.20167619e-05 
 1.26377858e-06  2.40330546e-04 
 1.26678396e-06 -6.33739402e-05 
 1.27220540e-06  2.39148525e-04 
 1.28304827e-06 -6.53091051e-05 
 1.29376320e-06  2.64399064e-04 
 1.30365510e-06  1.80501166e-05 
 1.31117704e-06  2.23946096e-04 
 1.31820139e-06 -1.79213939e-05 
 1.32385503e-06  2.31379703e-04 
 1.32895560e-06 -2.59545490e-05 
 1.33757206e-06  2.37227211e-04 
 1.34767374e-06 -2.75014531e-05 
 1.36249743e-06  2.38438675e-04 
 1.37893896e-06 -2.91256231e-05 
 1.40841508e-06  2.38804072e-04 
 1.44449120e-06 -3.07193627e-05 
 1.50000000e-06  2.37004140e-04 
 1.50001000e-06  3.93059394e-03 
 1.50003000e-06  3.68376191e-03 
 1.50007000e-06  4.23222395e-03 
 1.50010000e-06  5.28710802e-03 
 1.50010416e-06  1.20450347e-03 
 1.50011249e-06  6.81778004e-04 
 1.50012914e-06  1.00167381e-03 
 1.50016244e-06  5.74825290e-04 
 1.50022905e-06  8.70535632e-04 
 1.50036226e-06  4.37851127e-04 
 1.50053068e-06  7.33342964e-04 
 1.50086754e-06  3.59090178e-04 
 1.50144479e-06  7.13539592e-04 
 1.50221447e-06  1.93969142e-04 
 1.50288647e-06  4.57706006e-04 
 1.50356109e-06  5.73264460e-05 
 1.50426852e-06  3.34359828e-04 
 1.50524135e-06 -2.93654183e-05 
 1.50619657e-06  2.90818444e-04 
 1.50715723e-06 -4.64074053e-05 
 1.50860093e-06  2.94851385e-04 
 1.50998042e-06 -3.76109792e-05 
 1.51128681e-06  2.96999162e-04 
 1.51270688e-06 -4.18690287e-05 
 1.51425261e-06  2.79558103e-04 
 1.51593365e-06 -6.63506930e-05 
 1.51751605e-06  2.70326297e-04 
 1.51964500e-06 -6.62114863e-05 
 1.52190839e-06  2.68958831e-04 
 1.52593794e-06 -6.62446206e-05 
 1.53198797e-06  2.68233469e-04 
 1.54253637e-06 -6.70283557e-05 
 1.56209470e-06  2.66503494e-04 
 1.59628839e-06 -7.01674338e-05 
 1.62406313e-06  2.51803830e-04 
 1.65128939e-06 -7.57869886e-05 
 1.66451264e-06  2.31734180e-04 
 1.67739981e-06 -8.21886172e-05 
 1.68896004e-06  2.31868080e-04 
 1.69815822e-06 -8.50507233e-05 
 1.70820703e-06  2.32643850e-04 
 1.72552893e-06 -8.70731554e-05 
 1.74607876e-06  2.31875758e-04 
 1.75010000e-06 -8.91827233e-05 
 1.75011000e-06 -3.78797396e-03 
 1.75013000e-06 -4.12375962e-03 
 1.75017000e-06 -3.17163971e-03 
 1.75020000e-06 -3.52123514e-03 
 1.75020075e-06 -3.48405153e-04 
 1.75020224e-06  7.53716173e-04 
 1.75020522e-06  1.10485747e-04 
 1.75021118e-06  5.71231668e-04 
 1.75022312e-06  2.33027603e-04 
 1.75024698e-06  5.91895699e-04 
 1.75029470e-06  2.67867309e-04 
 1.75039014e-06  5.60365034e-04 
 1.75058104e-06  2.42001438e-04 
 1.75091933e-06  6.01432426e-04 
 1.75134575e-06  2.77756086e-04 
 1.75186980e-06  5.29096308e-04 
 1.75248002e-06  1.67683516e-04 
 1.75323632e-06  2.88648587e-04 
 1.75411117e-06 -2.43052731e-05 
 1.75528760e-06  2.71427123e-04 
 1.75619055e-06 -3.24288690e-05 
 1.75714276e-06  2.44982931e-04 
 1.75817557e-06 -4.54890492e-05 
 1.75929738e-06  2.37012398e-04 
 1.76052175e-06 -6.42929823e-05 
 1.76181655e-06  2.24724148e-04 
 1.76321272e-06 -7.02464758e-05 
 1.76539420e-06  2.16266282e-04 
 1.76772462e-06 -7.32744339e-05 
 1.77128825e-06  2.15945739e-04 
 1.77687618e-06 -7.34920357e-05 
 1.78805204e-06  2.15442126e-04 
 1.81040375e-06 -7.42855402e-05 
 1.85510719e-06  2.14078311e-04 
 1.94451407e-06 -7.61565844e-05 
 2.00000000e-06  2.12657550e-04 
 2.00001000e-06  3.90810503e-03 
 2.00003000e-06  3.65632272e-03 
 2.00007000e-06  4.21161322e-03 
 2.00010000e-06  5.25917487e-03 
 2.00010416e-06  1.17876013e-03 
 2.00011248e-06  6.55910499e-04 
 2.00012913e-06  9.73938040e-04 
 2.00016242e-06  5.45258139e-04 
 2.00022900e-06  8.38606649e-04 
 2.00036217e-06  4.04872641e-04 
 2.00053052e-06  6.99826824e-04 
 2.00086722e-06  3.25352127e-04 
 2.00144384e-06  6.79524464e-04 
 2.00221481e-06  1.59667540e-04 
 2.00288020e-06  4.23991604e-04 
 2.00355718e-06  2.46775611e-05 
 2.00426454e-06  3.04919741e-04 
 2.00523002e-06 -6.23021150e-05 
 2.00609902e-06  2.71437343e-04 
 2.00688268e-06 -6.28931205e-05 
 2.00784283e-06  2.74487375e-04 
 2.00887861e-06 -6.69231279e-05 
 2.00983739e-06  2.61178938e-04 
 2.01085388e-06 -8.14892019e-05 
 2.01224568e-06  2.49042762e-04 
 2.01382562e-06 -7.57396347e-05 
 2.01601099e-06  2.69175848e-04 
 2.01759230e-06 -7.67367657e-05 
 2.01932516e-06  2.69361374e-04 
 2.02125902e-06 -2.84091503e-05 
 2.02261715e-06  3.21792694e-04 
 2.02389579e-06 -1.98224388e-05 
 2.02520580e-06  3.11222436e-04 
 2.02662084e-06 -3.31597136e-05 
 2.02846167e-06  2.97262857e-04 
 2.03013732e-06 -4.25073779e-05 
 2.03291411e-06  2.90532102e-04 
 2.03631011e-06 -5.08048592e-05 
 2.04310211e-06  2.78809107e-04 
 2.05439555e-06 -6.68161374e-05 
 2.06578136e-06  3.09768419e-04 
 2.07635254e-06 -2.28344126e-05 
 2.08153537e-06  2.53171370e-04 
 2.08655996e-06 -3.76461445e-05 
 2.09164415e-06  2.56449581e-04 
 2.09961531e-06 -4.16880494e-05 
 2.10719408e-06  2.58204572e-04 
 2.11961463e-06 -4.73346128e-05 
 2.13534842e-06  2.57609484e-04 
 2.15906836e-06 -5.09308379e-05 
 2.19311355e-06  2.56141891e-04 
 2.24546146e-06 -5.48780627e-05 
 2.25010000e-06  2.55772114e-04 
 2.25011000e-06 -3.77159841e-03 
 2.25013000e-06 -4.12499195e-03 
 2.25017000e-06 -3.14559856e-03 
 2.25020000e-06 -3.50841692e-03 
 2.25020076e-06 -3.14204373e-04 
 2.25020229e-06  7.76521292e-04 
 2.25020534e-06  1.25824017e-04 
 2.25021145e-06  5.98869393e-04 
 2.25022366e-06  2.49159349e-04 
 2.25024808e-06  6.19541498e-04 
 2.25029693e-06  2.83849446e-04 
 2.25039463e-06  5.90297364e-04 
 2.25059002e-06  2.63879694e-04 
 2.25093627e-06  6.37747991e-04 
 2.25136045e-06  2.97501551e-04 
 2.25188066e-06  5.62189432e-04 
 2.25248792e-06  1.86169963e-04 
 2.25325470e-06  3.19797920e-04 
 2.25413302e-06 -2.00354450e-06 
 2.25532171e-06  3.03997356e-04 
 2.25622370e-06 -2.39947232e-05 
 2.25717794e-06  2.65699589e-04 
 2.25825129e-06 -3.79012483e-05 
 2.25981422e-06  2.56048945e-04 
 2.26126775e-06 -5.21864093e-05 
 2.26377665e-06  2.49606960e-04 
 2.26676819e-06 -5.34236732e-05 
 2.27228811e-06  2.48669188e-04 
 2.28332796e-06 -5.50493286e-05 
 2.30266137e-06  2.45484895e-04 
 2.34132820e-06 -6.06979912e-05 
 2.40509555e-06  2.37778863e-04 
 2.47273327e-06 -6.66175465e-05 
 2.50000000e-06  2.35523820e-04 
 2.50001000e-06  3.92264571e-03 
 2.50003000e-06  3.66925830e-03 
 2.50007000e-06  4.22811282e-03 
 2.50010000e-06  5.27217025e-03 
 2.50010416e-06  1.19372386e-03 
 2.50011249e-06  6.70775278e-04 
 2.50012914e-06  9.89822994e-04 
 2.50016245e-06  5.62108361e-04 
 2.50022905e-06  8.55950449e-04 
 2.50036227e-06  4.21657962e-04 
 2.50053071e-06  7.15933485e-04 
 2.50086758e-06  3.41377442e-04 
 2.50144429e-06  6.95618529e-04 
 2.50221335e-06  1.76509097e-04 
 2.50288566e-06  4.39632977e-04 
 2.50356008e-06  3.97740998e-05 
 2.50426745e-06  3.16491866e-04 
 2.50524335e-06 -4.69671020e-05 
 2.50619905e-06  2.72873473e-04 
 2.50716708e-06 -6.39212910e-05 
 2.50861679e-06  2.76928229e-04 
 2.50999512e-06 -5.53363940e-05 
 2.51128630e-06  2.78181592e-04 
 2.51266935e-06 -5.85065715e-05 
 2.51418916e-06  2.62360678e-04 
 2.51585941e-06 -8.31597515e-05 
 2.51743419e-06  2.52481069e-04 
 2.51961916e-06 -8.30550622e-05 
 2.52190802e-06  2.51309244e-04 
 2.52607365e-06 -8.28489219e-05 
 2.53233947e-06  2.51016601e-04 
 2.54328602e-06 -8.28936694e-05 
 2.56378468e-06  2.50764389e-04 
 2.59958015e-06 -8.31180775e-05 
 2.66810323e-06  2.50492286e-04 
 2.75010000e-06 -8.32820187e-05 
 2.75011000e-06 -3.78103423e-03 
 2.75013000e-06 -4.11562687e-03 
 2.75017000e-06 -3.15844882e-03 
 2.75020000e-06 -3.50211723e-03 
 2.75020075e-06 -3.34716142e-04 
 2.75020224e-06  7.63465705e-04 
 2.75020522e-06  1.22351931e-04 
 2.75021118e-06  5.81906060e-04 
 2.75022311e-06  2.44134459e-04 
 2.75024697e-06  6.01729215e-04 
 2.75029469e-06  2.77869730e-04 
 2.75039012e-06  5.70158603e-04 
 2.75058099e-06  2.53362041e-04 
 2.75091918e-06  6.13020054e-04 
 2.75134491e-06  2.89930904e-04 
 2.75186845e-06  5.40912179e-04 
 2.75247839e-06  1.80083596e-04 
 2.75323424e-06  3.00487442e-04 
 2.75410848e-06 -1.28498528e-05 
 2.75528933e-06  2.81810794e-04 
 2.75619011e-06 -2.71833494e-05 
 2.75714056e-06  2.46730961e-04 
 2.75817868e-06 -4.70765611e-05 
 2.75930200e-06  2.37932823e-04 
 2.76052089e-06 -5.87547711e-05 
 2.76295869e-06  2.28425864e-04 
 2.76558269e-06 -6.10519834e-05 
 2.77020631e-06  2.28386802e-04 
 2.77854820e-06 -6.10273160e-05 
 2.79523200e-06  2.28284367e-04 
 2.82859959e-06 -6.10528944e-05 
 2.89336737e-06  2.28226035e-04 
 3.00000000e-06 -6.10783339e-05 
 3.00001000e-06  3.90778737e-03 
 3.00003000e-06  3.67490801e-03 
 3.00007000e-06  4.21816252e-03 
 3.00010000e-06  5.27784313e-03 
 3.00010418e-06  1.19190282e-03 
 3.00011255e-06  6.68858859e-04 
 3.00012927e-06  9.88048210e-04 
 3.00016273e-06  5.60590914e-04 
 3.00022964e-06  8.54622809e-04 
 3.00036346e-06  4.20207279e-04 
 3.00053229e-06  7.15087078e-04 
 3.00086996e-06  3.40660113e-04 
 3.00144934e-06  6.94740620e-04 
 3.00221321e-06  1.75269113e-04 
 3.00288070e-06  4.40162071e-04 
 3.00355657e-06  4.01174992e-05 
 3.00426450e-06  3.18581973e-04 
 3.00524728e-06 -5.09331282e-05 
 3.00603035e-06  2.76243294e-04 
 3.00685462e-06 -5.97790797e-05 
 3.00784712e-06  2.82093765e-04 
 3.00892611e-06 -5.56100782e-05 
 3.01001160e-06  2.70285797e-04 
 3.01102091e-06 -7.12109696e-05 
 3.01245931e-06  2.59610093e-04 
 3.01411115e-06 -6.66390566e-05 
 3.01671188e-06  2.79869209e-04 
 3.01867771e-06 -5.32916731e-05 
 3.02078482e-06  3.24177725e-04 
 3.02227320e-06 -9.24671226e-06 
 3.02361561e-06  3.17971432e-04 
 3.02498112e-06 -2.25427924e-05 
 3.02650742e-06  2.98698152e-04 
 3.02826055e-06 -3.93824071e-05 
 3.03003193e-06  2.86983780e-04 
 3.03275334e-06 -4.71265962e-05 
 3.03666328e-06  2.77482852e-04 
 3.04349221e-06 -5.69797851e-05 
 3.05649373e-06  2.67810653e-04 
 3.07051106e-06 -6.21588081e-05 
 3.09451666e-06  2.66340567e-04 
 3.12699791e-06 -6.60983362e-05 
 3.16323417e-06  2.57728222e-04 
 3.23570669e-06 -7.86590197e-05 
 3.25010000e-06  2.50983510e-04 
 3.25011000e-06 -3.77429925e-03 
 3.25013000e-06 -4.12837491e-03 
 3.25017000e-06 -3.14951274e-03 
 3.25020000e-06 -3.50878115e-03 
 3.25020076e-06 -3.18288507e-04 
 3.25020229e-06  7.69644602e-04 
 3.25020534e-06  1.19755503e-04 
 3.25021145e-06  5.92087470e-04 
 3.25022366e-06  2.42417648e-04 
 3.25024809e-06  6.11623373e-04 
 3.25029694e-06  2.75036026e-04 
 3.25039465e-06  5.79240038e-04 
 3.25059006e-06  2.51568768e-04 
 3.25093564e-06  6.24387747e-04 
 3.25135996e-06  2.84632764e-04 
 3.25187997e-06  5.48951378e-04 
 3.25248705e-06  1.73497798e-04 
 3.25325367e-06  3.06529395e-04 
 3.25413164e-06 -1.50886609e-05 
 3.25532573e-06  2.90799345e-04 
 3.25623161e-06 -3.68104997e-05 
 3.25718863e-06  2.52844511e-04 
 3.25826900e-06 -5.04436556e-05 
 3.25982718e-06  2.43221337e-04 
 3.26129268e-06 -6.44959538e-05 
 3.26379089e-06  2.37166574e-04 
 3.26681125e-06 -6.52753947e-05 
 3.27235925e-06  2.36914061e-04 
 3.28345524e-06 -6.54716817e-05 
 3.30275261e-06  2.36521889e-04 
 3.34134734e-06 -6.58767800e-05 
 3.41331020e-06  2.36096055e-04 
 3.50000000e-06 -6.61209620e-05 
 3.50001000e-06  3.90872191e-03 
 3.50003000e-06  3.67633011e-03 
 3.50007000e-06  4.22080448e-03 
 3.50010000e-06  5.27926873e-03 
 3.50010418e-06  1.19378106e-03 
 3.50011254e-06  6.70586520e-04 
 3.50012926e-06  9.89771424e-04 
 3.50016271e-06  5.62141061e-04 
 3.50022960e-06  8.56193071e-04 
 3.50036338e-06  4.21647217e-04 
 3.50053222e-06  7.16396619e-04 
 3.50086990e-06  3.41888770e-04 
 3.50144921e-06  6.96158136e-04 
 3.50221363e-06  1.76906608e-04 
 3.50288256e-06  4.40927447e-04 
 3.50355546e-06  4.01632172e-05 
 3.50426149e-06  3.17004106e-04 
 3.50524382e-06 -4.81796872e-05 
 3.50619501e-06  2.73026350e-04 
 3.50716979e-06 -6.32449687e-05 
 3.50861496e-06  2.77997240e-04 
 3.50999605e-06 -5.38142511e-05 
 3.51127976e-06  2.80752297e-04 
 3.51264582e-06 -5.86331263e-05 
 3.51417457e-06  2.60112627e-04 
 3.51583309e-06 -8.23480205e-05 
 3.51764895e-06  2.53369273e-04 
 3.51966474e-06 -8.26111035e-05 
 3.52358989e-06  2.52649013e-04 
 3.52961751e-06 -8.25330045e-05 
 3.54167275e-06  2.52513035e-04 
 3.56453061e-06 -8.25391847e-05 
 3.60546659e-06  2.52439790e-04 
 3.68680688e-06 -8.25692520e-05 
 3.75010000e-06  2.52404230e-04 
 3.75011000e-06 -3.76989320e-03 
 3.75013000e-06 -4.12288624e-03 
 3.75017000e-06 -3.14652012e-03 
 3.75020000e-06 -3.50580694e-03 
 3.75020076e-06 -3.17952899e-04 
 3.75020229e-06  7.67766062e-04 
 3.75020534e-06  1.18748878e-04 
 3.75021145e-06  5.90635394e-04 
 3.75022367e-06  2.40968732e-04 
 3.75024810e-06  6.09743239e-04 
 3.75029697e-06  2.72954881e-04 
 3.75039470e-06  5.76811024e-04 
 3.75059017e-06  2.49149327e-04 
 3.75093625e-06  6.22283625e-04 
 3.75136045e-06  2.83108044e-04 
 3.75188017e-06  5.47942403e-04 
 3.75248722e-06  1.72413242e-04 
 3.75325420e-06  3.05458415e-04 
 3.75413071e-06 -1.75391957e-05 
 3.75530877e-06  2.89107974e-04 
 3.75622672e-06 -3.30353816e-05 
 3.75719124e-06  2.53999298e-04 
 3.75821917e-06 -5.21237842e-05 
 3.75933010e-06  2.45507747e-04 
 3.76055582e-06 -6.38996937e-05 
 3.76299294e-06  2.36182375e-04 
 3.76565937e-06 -6.61275970e-05 
 3.77031350e-06  2.36143468e-04 
 3.77878743e-06 -6.61036398e-05 
 3.79573528e-06  2.36046035e-04 
 3.82933030e-06 -6.61247355e-05 
 3.89440529e-06  2.35994017e-04 
 4.00000000e-06 -6.61454786e-05 
 4.00001000e-06  3.90688664e-03 
 4.00003000e-06  3.67334081e-03 
 4.00007000e-06  4.22079774e-03 
 4.00010000e-06  5.27700668e-03 
 4.00010418e-06  1.19286605e-03 
 4.00011254e-06  6.69971460e-04 
 4.00012926e-06  9.89029183e-04 
 4.00016271e-06  5.61940611e-04 
 4.00022960e-06  8.55855913e-04 
 4.00036337e-06  4.21754628e-04 
 4.00053217e-06  7.16310015e-04 
 4.00086975e-06  3.42177912e-04 
 4.00144902e-06  6.95982440e-04 
 4.00221353e-06  1.76713017e-04 
 4.00288108e-06  4.41238322e-04 
 4.00355733e-06  4.17164238e-05 
 4.00426550e-06  3.20252570e-04 
 4.00524808e-06 -4.77853002e-05 
 4.00603032e-06  2.78565164e-04 
 4.00685423e-06 -5.78649840e-05 
 4.00784654e-06  2.84257952e-04 
 4.00892539e-06 -5.42728859e-05 
 4.00992861e-06  2.71788203e-04 
 4.01097701e-06 -7.11274541e-05 
 4.01233364e-06  2.59987001e-04 
 4.01406040e-06 -6.50367573e-05 
 4.01669487e-06  2.80985159e-04 
 4.01868296e-06 -4.84482777e-05 
 4.02081255e-06  3.23663972e-04 
 4.02231047e-06 -1.61476050e-05 
 4.02380550e-06  3.07899944e-04 
 4.02519217e-06 -3.50340183e-05 
 4.02677687e-06  2.85101364e-04 
 4.02841849e-06 -5.15647812e-05 
 4.03060714e-06  2.74285977e-04 
 4.03286127e-06 -5.83603191e-05 
 4.03729452e-06  2.67299179e-04 
 4.04380233e-06 -6.34664526e-05 
 4.05505343e-06  2.65356042e-04 
 4.07149309e-06 -6.55419193e-05 
 4.09002717e-06  2.54364986e-04 
 4.10694625e-06 -8.37653872e-05 
 4.12484098e-06  2.58596601e-04 
 4.13710728e-06 -9.38097303e-05 
 4.14840644e-06  2.62620215e-04 
 4.16246354e-06 -8.82720489e-05 
 4.17681131e-06  2.64056472e-04 
 4.20107625e-06 -6.52998584e-05 
 4.22481375e-06  2.50531475e-04 
 4.24136537e-06 -7.86782591e-05 
 4.25010000e-06  2.49289775e-04 
 4.25011000e-06 -3.77606785e-03 
 4.25013000e-06 -4.12987854e-03 
 4.25017000e-06 -3.15005139e-03 
 4.25020000e-06 -3.50616411e-03 
 4.25020076e-06 -3.17919008e-04 
 4.25020229e-06  7.68434236e-04 
 4.25020534e-06  1.19290007e-04 
 4.25021145e-06  5.91308764e-04 
 4.25022366e-06  2.41889502e-04 
 4.25024809e-06  6.10929636e-04 
 4.25029694e-06  2.74598665e-04 
 4.25039464e-06  5.79002830e-04 
 4.25059004e-06  2.51594724e-04 
 4.25093392e-06  6.24061114e-04 
 4.25135910e-06  2.84508618e-04 
 4.25187939e-06  5.48494392e-04 
 4.25248633e-06  1.73155994e-04 
 4.25325261e-06  3.06130673e-04 
 4.25413009e-06 -1.53892419e-05 
 4.25532206e-06  2.90102959e-04 
 4.25622772e-06 -3.73418567e-05 
 4.25718441e-06  2.52371735e-04 
 4.25825823e-06 -5.08609642e-05 
 4.25984683e-06  2.42729655e-04 
 4.26129840e-06 -6.48129630e-05 
 4.26385996e-06  2.36648867e-04 
 4.26683264e-06 -6.55660520e-05 
 4.27237485e-06  2.36501443e-04 
 4.28345927e-06 -6.55937719e-05 
 4.30260114e-06  2.36367633e-04 
 4.34088489e-06 -6.56608781e-05 
 4.41367123e-06  2.36290219e-04 
 4.50000000e-06 -6.56810771e-05 
 4.50001000e-06  3.90746113e-03 
 4.50003000e-06  3.67453500e-03 
 4.50007000e-06  4.22196749e-03 
 4.50010000e-06  5.27755916e-03 
 4.50010418e-06  1.19346312e-03 
 4.50011254e-06  6.71083208e-04 
 4.50012926e-06  9.89244313e-04 
 4.50016270e-06  5.62496913e-04 
 4.50022958e-06  8.55649940e-04 
 4.50036333e-06  4.22077414e-04 
 4.50053181e-06  7.15894035e-04 
 4.50086876e-06  3.42382127e-04 
 4.50144678e-06  6.95781846e-04 
 4.50221244e-06  1.77915210e-04 
 4.50288148e-06  4.40706608e-04 
 4.50355449e-06  4.08419655e-05 
 4.50426064e-06  3.16632085e-04 
 4.50524236e-06 -4.71958881e-05 
 4.50619363e-06  2.72965197e-04 
 4.50716336e-06 -6.20406431e-05 
 4.50861012e-06  2.78354059e-04 
 4.50999136e-06 -5.21628178e-05 
 4.51123597e-06  2.78758121e-04 
 4.51251052e-06 -5.68879388e-05 
 4.51379522e-06  2.59931668e-04 
 4.51531510e-06 -8.00908106e-05 
 4.51695465e-06  2.52491449e-04 
 4.51868543e-06 -8.10204926e-05 
 4.52214700e-06  2.51843218e-04 
 4.52907014e-06 -8.10240967e-05 
 4.54074728e-06  2.51742492e-04 
 4.56410156e-06 -8.10381070e-05 
 4.60788339e-06  2.51684448e-04 
 4.68968395e-06 -8.10626857e-05 
 4.75010000e-06  2.51658916e-04 
 4.75011000e-06 -3.77038136e-03 
 4.75013000e-06 -4.12303817e-03 
 4.75017000e-06 -3.14529022e-03 
 4.75020000e-06 -3.50240301e-03 
 4.75020076e-06 -3.15928184e-04 
 4.75020229e-06  7.68747176e-04 
 4.75020534e-06  1.20070581e-04 
 4.75021145e-06  5.91689110e-04 
 4.75022367e-06  2.42112070e-04 
 4.75024810e-06  6.10513009e-04 
 4.75029696e-06  2.73604906e-04 
 4.75039469e-06  5.77519158e-04 
 4.75059015e-06  2.50030427e-04 
 4.75093426e-06  6.22846706e-04 
 4.75135957e-06  2.83898429e-04 
 4.75187974e-06  5.48195543e-04 
 4.75248666e-06  1.72775886e-04 
 4.75325333e-06  3.05947263e-04 
 4.75412938e-06 -1.70705078e-05 
 4.75530555e-06  2.89672089e-04 
 4.75622496e-06 -3.25451513e-05 
 4.75719034e-06  2.54319942e-04 
 4.75821565e-06 -5.16439928e-05 
 4.75932581e-06  2.45985460e-04 
 4.76055483e-06 -6.34129741e-05 
 4.76299247e-06  2.36500731e-04 
 4.76565873e-06 -6.56852665e-05 
 4.77031234e-06  2.36462200e-04 
 4.77879135e-06 -6.56604682e-05 
 4.79574936e-06  2.36364411e-04 
 4.82918284e-06 -6.56807223e-05 
 4.89464850e-06  2.36312872e-04 
 5.00000000e-06 -6.57009173e-05 
 5.00001000e-06  3.90594018e-03 
 5.00003000e-06  3.67220389e-03 
 5.00007000e-06  4.22215992e-03 
 5.00010000e-06  5.27661127e-03 
 5.00010418e-06  1.19363513e-03 
 5.00011254e-06  6.70415908e-04 
 5.00012927e-06  9.89578388e-04 
 5.00016272e-06  5.62467571e-04 
 5.00022962e-06  8.56373872e-04 
 5.00036341e-06  4.21999036e-04 
 5.00053183e-06  7.16559060e-04 
 5.00086866e-06  3.42244573e-04 
 5.00144682e-06  6.96258181e-04 
 5.00221232e-06  1.77265259e-04 
 5.00287989e-06  4.41428355e-04 
 5.00356041e-06  4.13241435e-05 
 5.00427245e-06  3.20039343e-04 
 5.00525453e-06 -4.75872413e-05 
 5.00603391e-06  2.79228499e-04 
 5.00685718e-06 -5.63907475e-05 
 5.00785046e-06  2.85448155e-04 
 5.00873200e-06 -5.40617224e-05 
 5.00969966e-06  2.72630544e-04 
 5.01067264e-06 -7.02712290e-05 
 5.01191152e-06  2.59464530e-04 
 5.01362852e-06 -6.76374108e-05 
 5.01583245e-06  2.79109399e-04 
 5.01809864e-06 -5.40521506e-05 
 5.02038667e-06  3.17941729e-04 
 5.02205997e-06 -2.42315773e-05 
 5.02362189e-06  2.97340517e-04 
 5.02523793e-06 -4.51243401e-05 
 5.02694227e-06  2.75470117e-04 
 5.02899152e-06 -6.25164637e-05 
 5.03086988e-06  2.66692947e-04 
 5.03367563e-06 -6.43078829e-05 
 5.03794961e-06  2.65068711e-04 
 5.04405932e-06 -6.72852356e-05 
 5.05334794e-06  2.49925037e-04 
 5.06190653e-06 -8.40075717e-05 
 5.06981891e-06  2.72521052e-04 
 5.07579094e-06 -1.08007557e-04 
 5.08158652e-06  2.59043388e-04 
 5.08795281e-06 -1.09116657e-04 
 5.09464964e-06  2.47057417e-04 
 5.10122045e-06 -1.09135366e-04 
 5.10892240e-06  2.44356895e-04 
 5.11747614e-06 -1.07641388e-04 
 5.13078199e-06  2.42692065e-04 
 5.14661104e-06 -1.06872056e-04 
 5.16929155e-06  2.41777678e-04 
 5.20009032e-06 -1.06512470e-04 
 5.24556938e-06  2.41295229e-04 
 5.25010000e-06 -1.05094743e-04 
 5.25011000e-06 -3.81147814e-03 
 5.25013000e-06 -4.14631159e-03 
 5.25017000e-06 -3.18353998e-03 
 5.25020000e-06 -3.51872024e-03 
 5.25020075e-06 -3.54017368e-04 
 5.25020224e-06  7.41697810e-04 
 5.25020522e-06  1.01247294e-04 
 5.25021119e-06  5.61043422e-04 
 5.25022312e-06  2.24486855e-04 
 5.25024698e-06  5.83382989e-04 
 5.25029471e-06  2.61461990e-04 
 5.25039018e-06  5.54753356e-04 
 5.25058110e-06  2.38408292e-04 
 5.25091955e-06  5.97798546e-04 
 5.25134535e-06  2.74177462e-04 
 5.25187195e-06  5.24161874e-04 
 5.25247967e-06  1.63393068e-04 
 5.25323921e-06  2.82599251e-04 
 5.25411427e-06 -3.20400874e-05 
 5.25523363e-06  2.59052394e-04 
 5.25616620e-06 -5.37523989e-05 
 5.25712869e-06  2.26772708e-04 
 5.25820706e-06 -6.24573079e-05 
 5.25977421e-06  2.18656396e-04 
 5.26134085e-06 -7.65314169e-05 
 5.26379313e-06  2.12278918e-04 
 5.26681301e-06 -7.70993476e-05 
 5.27215706e-06  2.12108604e-04 
 5.28284515e-06 -7.70811090e-05 
 5.30167500e-06  2.11998389e-04 
 5.33894707e-06 -7.71261138e-05 
 5.40979827e-06  2.11920850e-04 
 5.50000000e-06 -7.71648938e-05 
 5.50001000e-06  3.88952972e-03 
 5.50003000e-06  3.65666295e-03 
 5.50007000e-06  4.20714144e-03 
 5.50010000e-06  5.26123250e-03 
 5.50010418e-06  1.17736894e-03 
 5.50011255e-06  6.54435445e-04 
 5.50012928e-06  9.72298786e-04 
 5.50016273e-06  5.44187901e-04 
 5.50022965e-06  8.37296334e-04 
 5.50036348e-06  4.03580003e-04 
 5.50053236e-06  6.98496567e-04 
 5.50087012e-06  3.24317432e-04 
 5.50144954e-06  6.78545107e-04 
 5.50221440e-06  1.61004122e-04 
 5.50283334e-06  4.23692540e-04 
 5.50356795e-06  1.13081202e-05 
 5.50423190e-06  2.96886407e-04 
 5.50524181e-06 -6.47502741e-05 
 5.50625094e-06  2.54896071e-04 
 5.50721017e-06 -8.13838890e-05 
 5.50858008e-06  2.63464023e-04 
 5.51001638e-06 -6.74927957e-05 
 5.51127126e-06  2.61312497e-04 
 5.51259029e-06 -7.60145813e-05 
 5.51381537e-06  2.42290095e-04 
 5.51526967e-06 -9.86180177e-05 
 5.51674742e-06  2.35462181e-04 
 5.51841978e-06 -9.99258645e-05 
 5.52176450e-06  2.34857855e-04 
 5.52845394e-06 -9.99435957e-05 
 5.54059285e-06  2.34773018e-04 
 5.56487068e-06 -9.99562291e-05 
 5.61217620e-06  2.34722057e-04 
 5.70678724e-06 -9.99800849e-05 
 5.75010000e-06  2.34698683e-04 
 5.75011000e-06 -3.78833998e-03 
 5.75013000e-06 -4.14157492e-03 
 5.75017000e-06 -3.16493618e-03 
 5.75020000e-06 -3.52099370e-03 
 5.75020076e-06 -3.35358415e-04 
 5.75020229e-06  7.48583796e-04 
 5.75020534e-06  1.00106477e-04 
 5.75021145e-06  5.72127638e-04 
 5.75022367e-06  2.23083558e-04 
 5.75024810e-06  5.92482784e-04 
 5.75029696e-06  2.56575627e-04 
 5.75039469e-06  5.60138612e-04 
 5.75059015e-06  2.31882400e-04 
 5.75093611e-06  6.04488751e-04 
 5.75136089e-06  2.65483319e-04 
 5.75188049e-06  5.30263395e-04 
 5.75248746e-06  1.54841109e-04 
 5.75325501e-06  2.87765188e-04 
 5.75413222e-06 -3.45280080e-05 
 5.75530927e-06  2.72877540e-04 
 5.75623037e-06 -4.34236655e-05 
 5.75719715e-06  2.46631294e-04 
 5.75822557e-06 -5.57117055e-05 
 5.75933558e-06  2.38462824e-04 
 5.76056148e-06 -7.46031830e-05 
 5.76184215e-06  2.26704466e-04 
 5.76324019e-06 -8.05573482e-05 
 5.76536215e-06  2.18445427e-04 
 5.76768794e-06 -8.33651581e-05 
 5.77129001e-06  2.18252455e-04 
 5.77697953e-06 -8.33353269e-05 
 5.78835858e-06  2.18177726e-04 
 5.81111667e-06 -8.33477024e-05 
 5.85615787e-06  2.18124385e-04 
 5.94624025e-06 -8.33747578e-05 
 6.00000000e-06  2.18100114e-04 
 6.00001000e-06  3.89981901e-03 
 6.00003000e-06  3.64429348e-03 
 6.00007000e-06  4.21666292e-03 
 6.00010000e-06  5.25053715e-03 
 6.00010416e-06  1.17668392e-03 
 6.00011249e-06  6.54437727e-04 
 6.00012914e-06  9.71787520e-04 
 6.00016245e-06  5.44237900e-04 
 6.00022905e-06  8.36930200e-04 
 6.00036227e-06  4.04339542e-04 
 6.00053064e-06  6.98614995e-04 
 6.00086738e-06  3.25123303e-04 
 6.00144424e-06  6.78515109e-04 
 6.00221472e-06  1.59582024e-04 
 6.00288267e-06  4.22434424e-04 
 6.00356104e-06  2.31391792e-05 
 6.00427021e-06  3.02318639e-04 
 6.00513870e-06 -6.16449955e-05 
 6.00589795e-06  2.69738680e-04 
 6.00672668e-06 -6.16088775e-05 
 6.00781061e-06  2.76033085e-04 
 6.00879012e-06 -6.87475053e-05 
 6.00969608e-06  2.59647196e-04 
 6.01078830e-06 -8.08250101e-05 
 6.01199546e-06  2.54183857e-04 
 6.01389345e-06 -7.46544948e-05 
 6.01524783e-06  2.59240187e-04 
 6.01672871e-06 -6.33546006e-05 
 6.01812237e-06  2.60082544e-04 
 6.01974083e-06 -4.47884897e-05 
 6.02117111e-06  3.01069914e-04 
 6.02235711e-06 -3.59200944e-05 
 6.02361090e-06  2.77755106e-04 
 6.02488349e-06 -5.55331558e-05 
 6.02619669e-06  2.62578461e-04 
 6.02795242e-06 -7.20767207e-05 
 6.02958844e-06  2.51769208e-04 
 6.03229498e-06 -7.28251956e-05 
 6.03491414e-06  2.57653505e-04 
 6.04015246e-06 -5.73092910e-05 
 6.04614207e-06  2.55320725e-04 
 6.05216204e-06 -7.75497519e-05 
 6.05853581e-06  2.43954582e-04 
 6.06574714e-06 -8.13746030e-05 
 6.07445253e-06  2.42688559e-04 
 6.08771613e-06 -8.45499189e-05 
 6.10977791e-06  2.34014523e-04 
 6.13210599e-06 -9.31968481e-05 
 6.15789977e-06  2.30090403e-04 
 6.20147707e-06 -9.46961960e-05 
 6.25010000e-06  2.29572975e-04 
 6.25011000e-06 -3.79380105e-03 
 6.25013000e-06 -4.14837464e-03 
 6.25017000e-06 -3.16890530e-03 
 6.25020000e-06 -3.52334054e-03 
 6.25020076e-06 -3.36710649e-04 
 6.25020229e-06  7.48713991e-04 
 6.25020534e-06  9.99717575e-05 
 6.25021145e-06  5.71951007e-04 
 6.25022366e-06  2.23296395e-04 
 6.25024808e-06  5.92758374e-04 
 6.25029692e-06  2.57431409e-04 
 6.25039461e-06  5.61148190e-04 
 6.25058997e-06  2.33323138e-04 
 6.25093704e-06  6.05567635e-04 
 6.25136145e-06  2.65903456e-04 
 6.25188114e-06  5.29725366e-04 
 6.25248797e-06  1.54051937e-04 
 6.25325621e-06  2.86048486e-04 
 6.25413474e-06 -3.71066823e-05 
 6.25529125e-06  2.66474596e-04 
 6.25619180e-06 -5.87443854e-05 
 6.25714384e-06  2.32944580e-04 
 6.25819926e-06 -6.83857248e-05 
 6.25977956e-06  2.24777707e-04 
 6.26123952e-06 -8.24282073e-05 
 6.26375345e-06  2.18354064e-04 
 6.26669377e-06 -8.32424414e-05 
 6.27211986e-06  2.18201421e-04 
 6.28297203e-06 -8.32522734e-05 
 6.30170431e-06  2.18086660e-04 
 6.33916885e-06 -8.33029127e-05 
 6.41275011e-06  2.18011636e-04 
 6.50000000e-06 -8.33366406e-05 
 6.50001000e-06  3.88897912e-03 
 6.50003000e-06  3.65637578e-03 
 6.50007000e-06  4.20734889e-03 
 6.50010000e-06  5.26101811e-03 
 6.50010418e-06  1.17721028e-03 
 6.50011254e-06  6.54428300e-04 
 6.50012927e-06  9.72204752e-04 
 6.50016271e-06  5.44217109e-04 
 6.50022960e-06  8.37202128e-04 
 6.50036339e-06  4.03596365e-04 
 6.50053224e-06  6.98362134e-04 
 6.50086995e-06  3.24276293e-04 
 6.50144894e-06  6.78861936e-04 
 6.50221342e-06  1.61859728e-04 
 6.50283675e-06  4.23174755e-04 
 6.50350066e-06  1.85584593e-05 
 6.50418993e-06  2.97198641e-04 
 6.50514788e-06 -6.44536027e-05 
 6.50611096e-06  2.54838162e-04 
 6.50704633e-06 -8.18071484e-05 
 6.50852661e-06  2.61032489e-04 
 6.50988913e-06 -6.77758104e-05 
 6.51125807e-06  2.62702762e-04 
 6.51280939e-06 -7.75518181e-05 
 6.51420088e-06  2.39454374e-04 
 6.51571255e-06 -9.86233428e-05 
 6.51722975e-06  2.34970854e-04 
 6.51900829e-06 -9.96634254e-05 
 6.52256536e-06  2.34517329e-04 
 6.52843491e-06 -9.96628984e-05 
 6.54017401e-06  2.34425303e-04 
 6.56232407e-06 -9.96751159e-05 
 6.60339631e-06  2.34371545e-04 
 6.68554080e-06 -9.96975718e-05 
 6.75010000e-06  2.34347373e-04 
 6.75011000e-06 -3.78783627e-03 
 6.75013000e-06 -4.14134182e-03 
 6.75017000e-06 -3.16517031e-03 
 6.75020000e-06 -3.52037676e-03 
 6.75020076e-06 -3.35455422e-04 
 6.75020229e-06  7.48204172e-04 
 6.75020534e-06  9.99755384e-05 
 6.75021145e-06  5.71782463e-04 
 6.75022367e-06  2.22942796e-04 
 6.75024810e-06  5.92189793e-04 
 6.75029696e-06  2.56479013e-04 
 6.75039469e-06  5.59903027e-04 
 6.75059015e-06  2.31825827e-04 
 6.75093612e-06  6.04342191e-04 
 6.75136105e-06  2.65480672e-04 
 6.75188080e-06  5.30082997e-04 
 6.75248761e-06  1.54848252e-04 
 6.75325558e-06  2.87572350e-04 
 6.75413256e-06 -3.44358138e-05 
 6.75531030e-06  2.72823252e-04 
 6.75623287e-06 -4.34881407e-05 
 6.75720081e-06  2.46391676e-04 
 6.75822736e-06 -5.56135797e-05 
 6.75934247e-06  2.38175256e-04 
 6.76058182e-06 -7.45779104e-05 
 6.76186080e-06  2.26484103e-04 
 6.76326220e-06 -8.05234429e-05 
 6.76539368e-06  2.18257566e-04 
 6.76771081e-06 -8.32535780e-05 
 6.77136094e-06  2.18068748e-04 
 6.77710946e-06 -8.32242761e-05 
 6.78860649e-06  2.17994153e-04 
 6.81160057e-06 -8.32365995e-05 
 6.85658755e-06  2.17941386e-04 
 6.94656152e-06 -8.32630128e-05 
 7.00000000e-06  2.17917442e-04 
 7.00001000e-06  3.89943970e-03 
 7.00003000e-06  3.64389586e-03 
 7.00007000e-06  4.21688824e-03 
 7.00010000e-06  5.25020496e-03 
 7.00010416e-06  1.17653235e-03 
 7.00011249e-06  6.54385087e-04 
 7.00012914e-06  9.71715252e-04 
 7.00016245e-06  5.44216318e-04 
 7.00022906e-06  8.36873572e-04 
 7.00036229e-06  4.04284188e-04 
 7.00053067e-06  6.98519287e-04 
 7.00086745e-06  3.25071064e-04 
 7.00144402e-06  6.78461127e-04 
 7.00221361e-06  1.59802535e-04 
 7.00288082e-06  4.22448704e-04 
 7.00355852e-06  2.36957146e-05 
 7.00426713e-06  3.03004139e-04 
 7.00513482e-06 -6.04399540e-05 
 7.00589540e-06  2.70803867e-04 
 7.00672481e-06 -6.20566964e-05 
 7.00780414e-06  2.75932005e-04 
 7.00878495e-06 -6.75129138e-05 
 7.00974228e-06  2.59191018e-04 
 7.01079100e-06 -8.28387806e-05 
 7.01204234e-06  2.51554239e-04 
 7.01384958e-06 -7.26159524e-05 
 7.01516148e-06  2.57115342e-04 
 7.01663762e-06 -6.34928427e-05 
 7.01808404e-06  2.58519344e-04 
 7.01974674e-06 -5.21078852e-05 
 7.02133505e-06  2.98945015e-04 
 7.02245959e-06 -3.30533206e-05 
 7.02360440e-06  2.88271743e-04 
 7.02487054e-06 -3.02335398e-05 
 7.02614928e-06  2.97296752e-04 
 7.02765112e-06 -3.53164956e-05 
 7.02908848e-06  2.86030648e-04 
 7.03118301e-06 -4.72901438e-05 
 7.03346878e-06  2.70383358e-04 
 7.03793762e-06 -6.89552985e-05 
 7.04274946e-06  2.54108063e-04 
 7.04819291e-06 -7.14750826e-05 
 7.05473146e-06  2.61012000e-04 
 7.05938144e-06 -7.55246869e-05 
 7.06497071e-06  2.52580935e-04 
 7.07148703e-06 -7.58942168e-05 
 7.07858981e-06  2.51952119e-04 
 7.09279538e-06 -7.61927938e-05 
 7.10876197e-06  2.48730993e-04 
 7.12563729e-06 -7.78526529e-05 
 7.14715728e-06  2.48621906e-04 
 7.16940383e-06 -7.79513854e-05 
 7.21389694e-06  2.48612815e-04 
 7.25010000e-06 -7.79510019e-05 
 7.25011000e-06 -3.78517311e-03 
 7.25013000e-06 -4.12059399e-03 
 7.25017000e-06 -3.15830668e-03 
 7.25020000e-06 -3.49257389e-03 
 7.25020075e-06 -3.29293047e-04 
 7.25020224e-06  7.65182104e-04 
 7.25020522e-06  1.25338103e-04 
 7.25021119e-06  5.84516710e-04 
 7.25022312e-06  2.47079760e-04 
 7.25024699e-06  6.04445557e-04 
 7.25029473e-06  2.80745773e-04 
 7.25039021e-06  5.72958780e-04 
 7.25058117e-06  2.56567526e-04 
 7.25092348e-06  6.16626418e-04 
 7.25134800e-06  2.92080376e-04 
 7.25187255e-06  5.42518080e-04 
 7.25248073e-06  1.80923938e-04 
 7.25324094e-06  3.01770426e-04 
 7.25411646e-06 -9.10629065e-06 
 7.25529546e-06  2.84085920e-04 
 7.25620521e-06 -3.11030480e-05 
 7.25716351e-06  2.46060893e-04 
 7.25823202e-06 -4.45371132e-05 
 7.25979862e-06  2.36535696e-04 
 7.26126443e-06 -5.86093135e-05 
 7.26377049e-06  2.30332876e-04 
 7.26674901e-06 -5.93299551e-05 
 7.27222517e-06  2.30191600e-04 
 7.28317748e-06 -5.93200673e-05 
 7.30214016e-06  2.30097645e-04 
 7.34006551e-06 -5.93403343e-05 
 7.41172856e-06  2.30053763e-04 
 7.50000000e-06 -5.93520286e-05 
 7.50001000e-06  3.90674582e-03 
 7.50003000e-06  3.67368278e-03 
 7.50007000e-06  4.22389610e-03 
 7.50010000e-06  5.27770681e-03 
 7.50010418e-06  1.19418666e-03 
 7.50011254e-06  6.71119595e-04 
 7.50012927e-06  9.89670201e-04 
 7.50016272e-06  5.62683897e-04 
 7.50022963e-06  8.56125959e-04 
 7.50036344e-06  4.21850959e-04 
 7.50053226e-06  7.16250788e-04 
 7.50086990e-06  3.42216629e-04 
 7.50149674e-06  6.92840416e-04 
 7.50217971e-06  1.84359531e-04 
 7.50280350e-06  4.48567059e-04 
 7.50344825e-06  5.00609884e-05 
 7.50413293e-06  3.25568510e-04 
 7.50511661e-06 -4.64948615e-05 
 7.50600518e-06  2.77908766e-04 
 7.50700648e-06 -6.52578755e-05 
 7.50826070e-06  2.77614463e-04 
 7.50972685e-06 -5.53096123e-05 
 7.51114433e-06  2.82558180e-04 
 7.51283261e-06 -6.05420534e-05 
 7.51438116e-06  2.60105661e-04 
 7.51606761e-06 -8.25408749e-05 
 7.51780200e-06  2.54436342e-04 
 7.51969581e-06 -8.30634653e-05 
 7.52348343e-06  2.53897646e-04 
 7.52972244e-06 -8.30035357e-05 
 7.54039981e-06  2.53785143e-04 
 7.56132953e-06 -8.29956214e-05 
 7.59972016e-06  2.53727192e-04 
 7.67124089e-06 -8.30117452e-05 
 7.75010000e-06  2.53700831e-04 
 7.75011000e-06 -3.76950813e-03 
 7.75013000e-06 -4.12290520e-03 
 7.75017000e-06 -3.14470775e-03 
 7.75020000e-06 -3.49960347e-03 
 7.75020076e-06 -3.15503868e-04 
 7.75020229e-06  7.68208855e-04 
 7.75020534e-06  1.20387207e-04 
 7.75021144e-06  5.91391959e-04 
 7.75022365e-06  2.42258736e-04 
 7.75024806e-06  6.10148948e-04 
 7.75029689e-06  2.73655381e-04 
 7.75039454e-06  5.76782675e-04 
 7.75058984e-06  2.49865843e-04 
 7.75094017e-06  6.23095170e-04 
 7.75136349e-06  2.83763406e-04 
 7.75188344e-06  5.48327183e-04 
 7.75248979e-06  1.72335785e-04 
 7.75326027e-06  3.05339343e-04 
 7.75413871e-06 -1.68357695e-05 
 7.75530792e-06  2.89214295e-04 
 7.75626193e-06 -3.42748438e-05 
 7.75724887e-06  2.53784401e-04 
 7.75826842e-06 -5.17345291e-05 
 7.75940034e-06  2.45290359e-04 
 7.76064855e-06 -6.37190894e-05 
 7.76304752e-06  2.36620549e-04 
 7.76585251e-06 -6.56675854e-05 
 7.77063026e-06  2.36534926e-04 
 7.77977086e-06 -6.56468505e-05 
 7.79800301e-06  2.36440108e-04 
 7.83136006e-06 -6.56668292e-05 
 7.89801309e-06  2.36390489e-04 
 8.00000000e-06 -6.56859750e-05 
 8.00001000e-06  3.90582864e-03 
 8.00003000e-06  3.67232137e-03 
 8.00007000e-06  4.22348009e-03 
 8.00010000e-06  5.27663092e-03 
 8.00010418e-06  1.19352518e-03 
 8.00011254e-06  6.70285735e-04 
 8.00012926e-06  9.89399657e-04 
 8.00016270e-06  5.62284395e-04 
 8.00022959e-06  8.56202196e-04 
 8.00036336e-06  4.21745449e-04 
 8.00053210e-06  7.16555890e-04 
 8.00086959e-06  3.42167790e-04 
 8.00149608e-06  6.92960813e-04 
 8.00217940e-06  1.83877534e-04 
 8.00280191e-06  4.49089317e-04 
 8.00345056e-06  4.99206337e-05 
 8.00413752e-06  3.27189748e-04 
 8.00499183e-06 -4.60211770e-05 
 8.00587949e-06  2.81285993e-04 
 8.00668613e-06 -5.75363743e-05 
 8.00773367e-06  2.87275557e-04 
 8.00870685e-06 -5.41491698e-05 
 8.00974152e-06  2.74586934e-04 
 8.01072371e-06 -6.98624724e-05 
 8.01204326e-06  2.61162055e-04 
 8.01371200e-06 -7.58603097e-05 
 8.01601668e-06  2.63138447e-04 
 8.01871638e-06 -7.78365553e-05 
 8.02108661e-06  2.53875295e-04 
 8.02353345e-06 -8.17648087e-05 
 8.02726290e-06  2.53509026e-04 
 8.03093839e-06 -8.26732947e-05 
 8.03735215e-06  2.53566140e-04 
 8.04600197e-06 -8.28083579e-05 
 8.05944741e-06  2.53595739e-04 
 8.08153947e-06 -8.28556837e-05 
 8.11898438e-06  2.53587151e-04 
 8.18100981e-06 -8.28829361e-05 
 8.25010000e-06  2.53578062e-04 
 8.25011000e-06 -3.77455854e-03 
 8.25013000e-06 -4.12200353e-03 
 8.25017000e-06 -3.13961106e-03 
 8.25020000e-06 -3.50248819e-03 
 8.25020076e-06 -3.20064519e-04 
 8.25020229e-06  7.59590440e-04 
 8.25020534e-06  1.10812802e-04 
 8.25021144e-06  5.84795857e-04 
 8.25022364e-06  2.36527394e-04 
 8.25024805e-06  6.07436256e-04 
 8.25029686e-06  2.70994772e-04 
 8.25039448e-06  5.75618009e-04 
 8.25058973e-06  2.47887961e-04 
 8.25098022e-06  6.23407130e-04 
 8.25138905e-06  2.72312332e-04 
 8.25189476e-06  5.39511605e-04 
 8.25250477e-06  1.56933909e-04 
 8.25329671e-06  2.87254408e-04 
 8.25418089e-06 -3.78988386e-05 
 8.25525773e-06  2.66989633e-04 
 8.25644838e-06 -5.22434183e-05 
 8.25783952e-06  2.53725424e-04 
 8.25941604e-06 -5.89587004e-05 
 8.26126251e-06  2.38660110e-04 
 8.26400580e-06 -6.71679442e-05 
 8.26675170e-06  2.38047513e-04 
 8.27191436e-06 -6.71242959e-05 
 8.28223968e-06  2.37970392e-04 
 8.29904341e-06 -6.71553882e-05 
 8.33252811e-06  2.37917625e-04 
 8.39234980e-06 -6.71870186e-05 
 8.50000000e-06  2.37888265e-04 
