 0.00000000e+00  2.83456785e-05 
 1.00000000e-12  8.08054314e-03 
 2.00000000e-12  8.99860787e-03 
 4.00000000e-12  9.39072777e-03 
 8.00000000e-12  8.99124865e-03 
 1.60000000e-11  9.02516560e-03 
 3.20000000e-11  8.83551500e-03 
 6.40000000e-11  1.02902948e-02 
 1.00000000e-10  1.27929490e-02 
 1.00577986e-10  5.17899531e-03 
 1.01733957e-10  2.62157458e-03 
 1.04045900e-10  2.99841529e-03 
 1.08669787e-10  2.63681542e-03 
 1.17917559e-10  2.95273656e-03 
 1.36413103e-10  2.44382022e-03 
 1.73404193e-10  2.53851312e-03 
 2.31921424e-10  1.91455321e-03 
 3.15591159e-10  1.99837529e-03 
 4.57733877e-10  1.43620375e-03 
 7.42019314e-10  1.55876921e-03 
 1.17203013e-09  8.97364810e-04 
 1.65098670e-09  1.10497146e-03 
 2.27541759e-09  7.08237679e-04 
 3.02124989e-09  1.07456007e-03 
 3.73223078e-09  6.66287332e-04 
 4.62308055e-09  9.98761233e-04 
 5.35185173e-09  5.34746702e-04 
 6.12181437e-09  9.01697495e-04 
 6.97877004e-09  4.28931114e-04 
 7.77846105e-09  6.82761117e-04 
 8.62150145e-09  1.91624224e-04 
 9.52332453e-09  5.00575959e-04 
 1.06411291e-08  7.34737557e-05 
 1.18245855e-08  3.62231656e-04 
 1.31131086e-08 -9.47604087e-05 
 1.43407769e-08  2.84106484e-04 
 1.57895005e-08 -9.60099940e-05 
 1.71736668e-08  3.05188049e-04 
 1.90760473e-08 -3.63502436e-05 
 2.04889148e-08  3.10373055e-04 
 2.18404777e-08 -8.72182763e-05 
 2.32521045e-08  2.96028917e-04 
 2.50152340e-08 -9.13714504e-05 
 2.68911626e-08  2.88754056e-04 
 2.94636673e-08 -9.40976261e-05 
 3.23505980e-08  2.86401925e-04 
 3.67697809e-08 -9.64437812e-05 
 4.10597143e-08  2.77124525e-04 
 4.57242222e-08 -7.81193237e-05 
 4.99396157e-08  4.30585050e-04 
 5.31093302e-08 -1.15723097e-04 
 5.57351301e-08  3.24175930e-04 
 5.73229449e-08 -1.15342610e-04 
 5.89522547e-08  3.14029101e-04 
 6.08436208e-08 -1.05568453e-04 
 6.26267839e-08  3.20853315e-04 
 6.49734618e-08 -1.00712928e-04 
 6.76480967e-08  3.16732676e-04 
 7.10831606e-08 -9.91325912e-05 
 7.54793874e-08  3.15518814e-04 
 8.11703573e-08 -9.85912048e-05 
 8.89195444e-08  3.14475288e-04 
 9.93528468e-08 -9.86372366e-05 
 1.13796462e-07  3.13499416e-04 
 1.36080861e-07 -9.90256106e-05 
 1.74663350e-07  3.12619382e-04 
 2.27674317e-07 -1.00106245e-04 
 2.50100000e-07  3.11217285e-04 
 2.50110000e-07 -9.38024779e-03 
 2.50130000e-07 -1.00973239e-02 
 2.50170000e-07 -8.35691539e-03 
 2.50200000e-07 -8.57295131e-03 
 2.50200515e-07 -1.25744566e-03 
 2.50201544e-07  9.65280159e-04 
 2.50203603e-07  2.44191269e-04 
 2.50207721e-07  6.01401833e-04 
 2.50215957e-07  2.88496391e-04 
 2.50232429e-07  6.43366216e-04 
 2.50265372e-07  3.40246323e-04 
 2.50331260e-07  5.91072276e-04 
 2.50412983e-07  2.88593813e-04 
 2.50576429e-07  5.47396891e-04 
 2.50755882e-07  2.82688126e-04 
 2.51098986e-07  6.34215033e-04 
 2.51496771e-07  3.60609537e-04 
 2.52186227e-07  5.69635053e-04 
 2.52821005e-07  9.91824774e-05 
 2.53569110e-07  3.13592483e-04 
 2.54551391e-07  3.57777018e-05 
 2.55541499e-07  3.16663029e-04 
 2.56565869e-07  1.41131858e-05 
 2.57735757e-07  2.92695008e-04 
 2.58847914e-07 -1.21642350e-05 
 2.60116646e-07  2.53808491e-04 
 2.61380437e-07 -3.12265227e-05 
 2.63091844e-07  2.45312837e-04 
 2.65814962e-07 -3.43274849e-05 
 2.69940328e-07  2.44555970e-04 
 2.77655906e-07 -3.48214461e-05 
 2.90033466e-07  2.43700145e-04 
 3.11979155e-07 -3.62610983e-05 
 3.50461361e-07  2.40800443e-04 
 4.16241764e-07 -4.19945397e-05 
 5.00000000e-07  2.32580037e-04 
 5.00010000e-07  4.23911266e-03 
 5.00030000e-07  4.10719939e-03 
 5.00070000e-07  4.86408240e-03 
 5.00100000e-07  5.75123448e-03 
 5.00100517e-07  2.44664364e-03 
 5.00101550e-07  1.04892383e-03 
 5.00103617e-07  1.15158160e-03 
 5.00107751e-07  1.00611117e-03 
 5.00116019e-07  1.11122244e-03 
 5.00132554e-07  9.13887723e-04 
 5.00165625e-07  9.55902543e-04 
 5.00231767e-07  7.46211767e-04 
 5.00364052e-07  7.65724140e-04 
 5.00562082e-07  5.88379598e-04 
 5.00958144e-07  6.77237013e-04 
 5.01467638e-07  4.62465449e-04 
 5.02004374e-07  3.69654934e-04 
 5.02765154e-07  1.76632174e-04 
 5.03570847e-07  2.53440318e-04 
 5.04319068e-07  9.94049272e-05 
 5.05131493e-07  1.98835702e-04 
 5.06129991e-07  7.06090364e-05 
 5.07180877e-07  1.77588820e-04 
 5.08420048e-07  5.95880222e-05 
 5.09732950e-07  1.72072254e-04 
 5.11726878e-07  6.75477113e-05 
 5.13532672e-07  1.67108188e-04 
 5.15578768e-07  5.64008071e-05 
 5.17538174e-07  1.66814806e-04 
 5.19737121e-07  6.85010722e-05 
 5.24135016e-07  1.84890992e-04 
 5.27150876e-07  5.76252002e-05 
 5.30655897e-07  1.64462957e-04 
 5.34487445e-07  3.47992388e-05 
 5.38546670e-07  1.39766104e-04 
 5.44806795e-07  2.81394464e-05 
 5.50740245e-07  1.63753820e-04 
 5.56407030e-07  1.48952396e-05 
 5.61661247e-07  1.45042836e-04 
 5.66956810e-07  1.75110391e-05 
 5.73042867e-07  1.37694236e-04 
 5.81718798e-07  1.06918628e-05 
 5.89284764e-07  1.32410556e-04 
 5.95882630e-07  1.18148971e-05 
 6.03037647e-07  1.30588734e-04 
 6.15189907e-07  1.20380526e-05 
 6.35696169e-07  1.29141783e-04 
 6.68334716e-07  1.08504644e-05 
 7.25926166e-07  1.26983810e-04 
 7.50100000e-07  9.48313534e-06 
 7.50110000e-07 -4.18330021e-03 
 7.50130000e-07 -4.57197502e-03 
 7.50170000e-07 -3.75605005e-03 
 7.50200000e-07 -3.82196469e-03 
 7.50200522e-07 -6.29038890e-04 
 7.50201566e-07  5.30731021e-04 
 7.50203653e-07  1.58311087e-04 
 7.50207829e-07  3.29552998e-04 
 7.50216179e-07  2.00924578e-04 
 7.50232880e-07  3.65032005e-04 
 7.50266283e-07  2.67930552e-04 
 7.50333088e-07  3.96782047e-04 
 7.50466697e-07  2.83508913e-04 
 7.50644204e-07  4.15351350e-04 
 7.50914157e-07  3.63669350e-04 
 7.51454063e-07  5.21486686e-04 
 7.52099979e-07  3.58199105e-04 
 7.52801097e-07  2.63479514e-04 
 7.53530266e-07  8.48282537e-05 
 7.54427731e-07  1.75765616e-04 
 7.55525600e-07  6.89326349e-05 
 7.56676565e-07  1.54144805e-04 
 7.57716424e-07  6.52721272e-05 
 7.58821283e-07  1.48140994e-04 
 7.59815375e-07  4.41177892e-05 
 7.60867878e-07  1.31213041e-04 
 7.62106421e-07  2.65590612e-05 
 7.63406797e-07  1.22707502e-04 
 7.64975600e-07  2.41623563e-05 
 7.66917047e-07  1.15935126e-04 
 7.69546432e-07  2.00529804e-05 
 7.72658706e-07  1.15461921e-04 
 7.77565815e-07  1.98959222e-05 
 7.87380032e-07  1.15225159e-04 
 8.04659487e-07  1.95425187e-05 
 8.36620890e-07  1.14716676e-04 
 8.96617045e-07  1.87960853e-05 
 1.00000000e-06  1.13821607e-04 
 1.00001000e-06  4.20428459e-03 
 1.00003000e-06  4.07047253e-03 
 1.00007000e-06  4.83587035e-03 
 1.00010000e-06  5.71866132e-03 
 1.00010052e-06  2.41658772e-03 
 1.00010155e-06  1.02129716e-03 
 1.00010362e-06  1.12442917e-03 
 1.00010775e-06  9.76879258e-04 
 1.00011602e-06  1.08259872e-03 
 1.00013256e-06  8.84371503e-04 
 1.00016564e-06  9.28001270e-04 
 1.00023179e-06  7.17628799e-04 
 1.00036410e-06  7.39044035e-04 
 1.00056235e-06  5.61344007e-04 
 1.00095886e-06  6.51167779e-04 
 1.00146871e-06  4.35808585e-04 
 1.00200572e-06  3.42315943e-04 
 1.00275814e-06  1.51616175e-04 
 1.00346221e-06  2.34727393e-04 
 1.00419574e-06  7.58174930e-05 
 1.00499336e-06  1.72395819e-04 
 1.00587496e-06  5.14180744e-05 
 1.00691279e-06  1.61405547e-04 
 1.00767940e-06  5.61698402e-05 
 1.00854804e-06  1.47214718e-04 
 1.00938775e-06  2.52489959e-05 
 1.01025781e-06  1.29166134e-04 
 1.01143635e-06  1.86383204e-05 
 1.01268965e-06  1.26054997e-04 
 1.01519626e-06  2.45378184e-05 
 1.01754994e-06  1.31894084e-04 
 1.01941524e-06  2.48036952e-05 
 1.02148748e-06  1.42257333e-04 
 1.02430342e-06  3.77544381e-05 
 1.02655825e-06  1.56343138e-04 
 1.02858603e-06  9.25616385e-05 
 1.03009366e-06  2.10843854e-04 
 1.03149153e-06  9.18362366e-05 
 1.03302620e-06  1.99593230e-04 
 1.03459335e-06  8.16488609e-05 
 1.03634960e-06  1.90724455e-04 
 1.03913536e-06  7.67050245e-05 
 1.04203050e-06  1.85533679e-04 
 1.04782078e-06  6.95569909e-05 
 1.05648760e-06  1.74884038e-04 
 1.06577570e-06  5.84344201e-05 
 1.07770953e-06  1.64347424e-04 
 1.10157719e-06  4.48968195e-05 
 1.12339793e-06  2.16814013e-04 
 1.13921900e-06  1.46444746e-05 
 1.15396600e-06  2.07578925e-04 
 1.16869113e-06  1.71956011e-05 
 1.18797328e-06  2.01584420e-04 
 1.20614410e-06  1.82389639e-05 
 1.23326213e-06  1.97839311e-04 
 1.25010000e-06  1.93841279e-05 
 1.25011000e-06 -4.17323419e-03 
 1.25013000e-06 -4.55936713e-03 
 1.25017000e-06 -3.72991372e-03 
 1.25020000e-06 -3.78624933e-03 
 1.25020052e-06 -5.97256236e-04 
 1.25020157e-06  5.59498238e-04 
 1.25020365e-06  1.88390640e-04 
 1.25020783e-06  3.59708139e-04 
 1.25021618e-06  2.32274708e-04 
 1.25023288e-06  3.97326351e-04 
 1.25026628e-06  3.02026672e-04 
 1.25033309e-06  4.33108787e-04 
 1.25046669e-06  3.23051343e-04 
 1.25064421e-06  4.56115752e-04 
 1.25091419e-06  4.05506568e-04 
 1.25145415e-06  5.61080751e-04 
 1.25209994e-06  3.97131329e-04 
 1.25287830e-06  2.83912543e-04 
 1.25358176e-06  1.24711596e-04 
 1.25454840e-06  2.17375642e-04 
 1.25561189e-06  1.08001174e-04 
 1.25654873e-06  1.95705452e-04 
 1.25764887e-06  7.99819918e-05 
 1.25878263e-06  1.67963808e-04 
 1.25995131e-06  6.63912447e-05 
 1.26148300e-06  1.56659120e-04 
 1.26403300e-06  5.98744808e-05 
 1.26748531e-06  1.55414547e-04 
 1.27281090e-06  5.96552485e-05 
 1.28346209e-06  1.55069053e-04 
 1.29981128e-06  5.90783903e-05 
 1.33250966e-06  1.54022468e-04 
 1.39790644e-06  5.64552735e-05 
 1.50000000e-06  1.46261050e-04 
 1.50001000e-06  4.23509361e-03 
 1.50003000e-06  4.09890260e-03 
 1.50007000e-06  4.87224093e-03 
 1.50010000e-06  5.74834762e-03 
 1.50010052e-06  2.44753448e-03 
 1.50010155e-06  1.05172119e-03 
 1.50010362e-06  1.15646391e-03 
 1.50010775e-06  1.00805868e-03 
 1.50011602e-06  1.11462424e-03 
 1.50013256e-06  9.15967091e-04 
 1.50016564e-06  9.60201896e-04 
 1.50023179e-06  7.49520796e-04 
 1.50036410e-06  7.71149425e-04 
 1.50056009e-06  5.92853019e-04 
 1.50095207e-06  6.83329655e-04 
 1.50145953e-06  4.72033193e-04 
 1.50199516e-06  3.78129689e-04 
 1.50274735e-06  1.87463396e-04 
 1.50344241e-06  2.80255979e-04 
 1.50416958e-06  1.16034094e-04 
 1.50500908e-06  2.04868692e-04 
 1.50592527e-06  7.23962034e-05 
 1.50688869e-06  1.83707210e-04 
 1.50788965e-06  6.43401758e-05 
 1.50944567e-06  1.82966287e-04 
 1.51098457e-06  7.64418924e-05 
 1.51306966e-06  1.83187071e-04 
 1.51464766e-06  5.95032383e-05 
 1.51636855e-06  1.65524358e-04 
 1.51844330e-06  4.12563744e-05 
 1.52065816e-06  1.54384329e-04 
 1.52443932e-06  3.93975756e-05 
 1.52947039e-06  1.53167463e-04 
 1.53780336e-06  3.85822127e-05 
 1.55137295e-06  1.51410638e-04 
 1.57448929e-06  3.59693077e-05 
 1.62059310e-06  1.46823948e-04 
 1.70000616e-06  2.94086797e-05 
 1.75010000e-06  1.41649442e-04 
 1.75011000e-06 -4.15930578e-03 
 1.75013000e-06 -4.55344498e-03 
 1.75017000e-06 -3.72437023e-03 
 1.75020000e-06 -3.78685440e-03 
 1.75020052e-06 -6.00658309e-04 
 1.75020157e-06  5.52986290e-04 
 1.75020365e-06  1.81689872e-04 
 1.75020783e-06  3.52528311e-04 
 1.75021617e-06  2.23664405e-04 
 1.75023287e-06  3.86818507e-04 
 1.75026625e-06  2.88550139e-04 
 1.75033303e-06  4.15937674e-04 
 1.75046657e-06  3.01581754e-04 
 1.75064399e-06  4.32729392e-04 
 1.75091357e-06  3.81299175e-04 
 1.75145272e-06  5.38148159e-04 
 1.75209847e-06  3.74515458e-04 
 1.75287622e-06  2.61024386e-04 
 1.75357978e-06  1.01294635e-04 
 1.75454032e-06  1.93140344e-04 
 1.75560776e-06  8.36143271e-05 
 1.75653142e-06  1.72795036e-04 
 1.75762071e-06  6.21843689e-05 
 1.75852013e-06  1.46740792e-04 
 1.75950881e-06  4.56562988e-05 
 1.76068371e-06  1.35439717e-04 
 1.76201336e-06  3.77250589e-05 
 1.76467265e-06  1.32175803e-04 
 1.76854394e-06  3.67614274e-05 
 1.77528541e-06  1.31953934e-04 
 1.78845550e-06  3.63100820e-05 
 1.81013927e-06  1.31308916e-04 
 1.85350680e-06  3.53327528e-05 
 1.94024185e-06  1.29960757e-04 
 2.00000000e-06  3.42995806e-05 
 2.00001000e-06  4.21320056e-03 
 2.00003000e-06  4.07779155e-03 
 2.00007000e-06  4.85365570e-03 
 2.00010000e-06  5.72863311e-03 
 2.00010052e-06  2.42927319e-03 
 2.00010155e-06  1.03623610e-03 
 2.00010362e-06  1.14014905e-03 
 2.00010775e-06  9.90846232e-04 
 2.00011602e-06  1.09777823e-03 
 2.00013256e-06  8.98908208e-04 
 2.00016564e-06  9.43935849e-04 
 2.00023180e-06  7.32976399e-04 
 2.00036412e-06  7.55069680e-04 
 2.00056026e-06  5.76498295e-04 
 2.00095254e-06  6.67549394e-04 
 2.00146027e-06  4.55630022e-04 
 2.00199602e-06  3.62196989e-04 
 2.00274826e-06  1.71020625e-04 
 2.00344826e-06  2.61798605e-04 
 2.00417935e-06  9.69708878e-05 
 2.00497662e-06  1.86847353e-04 
 2.00585849e-06  5.39549580e-05 
 2.00661460e-06  1.73419376e-04 
 2.00745906e-06  5.29508008e-05 
 2.00819116e-06  1.58902845e-04 
 2.00903883e-06  3.92832264e-05 
 2.01012228e-06  1.45758252e-04 
 2.01126425e-06  2.85120326e-05 
 2.01327691e-06  1.42317602e-04 
 2.01572001e-06  3.18636203e-05 
 2.01879184e-06  1.59853991e-04 
 2.02225122e-06  6.00952490e-05 
 2.02507254e-06  2.01861183e-04 
 2.02734570e-06  1.02255927e-04 
 2.02948153e-06  1.98267646e-04 
 2.03160727e-06  8.07970441e-05 
 2.03377856e-06  1.81912927e-04 
 2.03630802e-06  6.87080943e-05 
 2.03954139e-06  1.74236187e-04 
 2.04493114e-06  5.84575547e-05 
 2.05212675e-06  1.64027718e-04 
 2.06462357e-06  4.83794856e-05 
 2.08340870e-06  1.56355901e-04 
 2.11309841e-06  4.46349418e-05 
 2.16179956e-06  1.52844155e-04 
 2.24144204e-06  3.28999277e-05 
 2.25010000e-06  1.44499062e-04 
 2.25011000e-06 -4.16072679e-03 
 2.25013000e-06 -4.55868318e-03 
 2.25017000e-06 -3.73131016e-03 
 2.25020000e-06 -3.79240418e-03 
 2.25020052e-06 -6.07161674e-04 
 2.25020157e-06  5.46184832e-04 
 2.25020365e-06  1.75273827e-04 
 2.25020783e-06  3.46133863e-04 
 2.25021617e-06  2.17997317e-04 
 2.25023287e-06  3.81989949e-04 
 2.25026625e-06  2.85301244e-04 
 2.25033303e-06  4.14314392e-04 
 2.25046658e-06  3.02068803e-04 
 2.25064404e-06  4.34489590e-04 
 2.25091373e-06  3.84598981e-04 
 2.25145312e-06  5.40846036e-04 
 2.25209875e-06  3.75590485e-04 
 2.25287543e-06  2.62228266e-04 
 2.25357924e-06  1.06212319e-04 
 2.25454395e-06  1.96817869e-04 
 2.25560827e-06  8.80675930e-05 
 2.25659423e-06  1.54814385e-04 
 2.25770760e-06  5.42026177e-05 
 2.25879462e-06  1.46878652e-04 
 2.26040795e-06  4.43905273e-05 
 2.26247215e-06  1.34512402e-04 
 2.26505640e-06  4.05892586e-05 
 2.26893614e-06  1.33930938e-04 
 2.27570776e-06  3.99822056e-05 
 2.28668737e-06  1.32980243e-04 
 2.30517634e-06  3.86585747e-05 
 2.34215429e-06  1.31083591e-04 
 2.41502839e-06  3.63844709e-05 
 2.50000000e-06  1.29437982e-04 
 2.50001000e-06  4.21561560e-03 
 2.50003000e-06  4.07869972e-03 
 2.50007000e-06  4.86414773e-03 
 2.50010000e-06  5.73476491e-03 
 2.50010052e-06  2.43716884e-03 
 2.50010155e-06  1.04360129e-03 
 2.50010362e-06  1.14810694e-03 
 2.50010775e-06  1.00023976e-03 
 2.50011602e-06  1.10545684e-03 
 2.50013256e-06  9.07475637e-04 
 2.50016564e-06  9.51205329e-04 
 2.50023179e-06  7.40891577e-04 
 2.50036410e-06  7.60527792e-04 
 2.50054754e-06  5.83652064e-04 
 2.50091441e-06  6.69975391e-04 
 2.50140819e-06  4.78860919e-04 
 2.50193692e-06  3.82155900e-04 
 2.50268566e-06  1.80942024e-04 
 2.50337906e-06  2.74715834e-04 
 2.50408751e-06  1.04254662e-04 
 2.50487300e-06  1.81177227e-04 
 2.50574773e-06  5.66598453e-05 
 2.50669720e-06  1.63392191e-04 
 2.50792183e-06  5.04140965e-05 
 2.50945191e-06  1.69230650e-04 
 2.51166388e-06  6.06127120e-05 
 2.51317726e-06  1.61612783e-04 
 2.51482746e-06  3.51409355e-05 
 2.51648951e-06  1.40226742e-04 
 2.51879005e-06  2.71124549e-05 
 2.52130655e-06  1.38051077e-04 
 2.52555044e-06  2.70911787e-05 
 2.53159110e-06  1.38043649e-04 
 2.54131612e-06  2.71101243e-05 
 2.56034310e-06  1.38008214e-04 
 2.59015208e-06  2.70527046e-05 
 2.64532804e-06  1.37912860e-04 
 2.73989102e-06  2.69482417e-05 
 2.75010000e-06  1.37856035e-04 
 2.75011000e-06 -4.16237866e-03 
 2.75013000e-06 -4.55727803e-03 
 2.75017000e-06 -3.73109501e-03 
 2.75020000e-06 -3.79077871e-03 
 2.75020052e-06 -6.08163485e-04 
 2.75020157e-06  5.42255444e-04 
 2.75020365e-06  1.71268230e-04 
 2.75020783e-06  3.42158881e-04 
 2.75021617e-06  2.13595526e-04 
 2.75023287e-06  3.77141379e-04 
 2.75026626e-06  2.79613443e-04 
 2.75033304e-06  4.07929714e-04 
 2.75046659e-06  2.94865661e-04 
 2.75064399e-06  4.27074095e-04 
 2.75091353e-06  3.77228136e-04 
 2.75145262e-06  5.34747894e-04 
 2.75209838e-06  3.69942023e-04 
 2.75287465e-06  2.56476357e-04 
 2.75357848e-06  1.00050387e-04 
 2.75454651e-06  1.89295840e-04 
 2.75549276e-06  8.50156286e-05 
 2.75652109e-06  1.55670376e-04 
 2.75754080e-06  4.95721729e-05 
 2.75847047e-06  1.42408529e-04 
 2.75954103e-06  4.35233392e-05 
 2.76076637e-06  1.31703369e-04 
 2.76321704e-06  3.56412381e-05 
 2.76637436e-06  1.29130321e-04 
 2.77091883e-06  3.57219337e-05 
 2.77913120e-06  1.29111966e-04 
 2.79351940e-06  3.57292457e-05 
 2.81741992e-06  1.29120936e-04 
 2.86522097e-06  3.57185644e-05 
 2.96082307e-06  1.29086234e-04 
 3.00000000e-06  3.56890414e-05 
 3.00001000e-06  4.21159905e-03 
 3.00003000e-06  4.07565292e-03 
 3.00007000e-06  4.86091078e-03 
 3.00010000e-06  5.73229161e-03 
 3.00010052e-06  2.43512905e-03 
 3.00010155e-06  1.04325062e-03 
 3.00010362e-06  1.14816003e-03 
 3.00010775e-06  9.98731502e-04 
 3.00011602e-06  1.10476052e-03 
 3.00013256e-06  9.06109718e-04 
 3.00016564e-06  9.51029130e-04 
 3.00023180e-06  7.40017208e-04 
 3.00036412e-06  7.60478739e-04 
 3.00054770e-06  5.82990081e-04 
 3.00091485e-06  6.70321205e-04 
 3.00140881e-06  4.78205805e-04 
 3.00193763e-06  3.82215510e-04 
 3.00268636e-06  1.80555424e-04 
 3.00337805e-06  2.73539301e-04 
 3.00409253e-06  1.03440785e-04 
 3.00486660e-06  1.77094834e-04 
 3.00574114e-06  5.57202005e-05 
 3.00666287e-06  1.68781522e-04 
 3.00762648e-06  5.43250821e-05 
 3.00843389e-06  1.58463141e-04 
 3.00934726e-06  4.49058914e-05 
 3.01050226e-06  1.46056735e-04 
 3.01172714e-06  3.15306677e-05 
 3.01404135e-06  1.47092739e-04 
 3.01620537e-06  4.92040465e-05 
 3.01901648e-06  1.72110256e-04 
 3.02131004e-06  6.56881953e-05 
 3.02337775e-06  2.08229813e-04 
 3.02482521e-06  9.92108327e-05 
 3.02637341e-06  1.92591426e-04 
 3.02795632e-06  7.81628179e-05 
 3.02957463e-06  1.73515126e-04 
 3.03140735e-06  6.26663016e-05 
 3.03429649e-06  1.62473628e-04 
 3.03727689e-06  5.30108850e-05 
 3.04323770e-06  1.53226999e-04 
 3.05176205e-06  4.51163657e-05 
 3.06589969e-06  1.49704120e-04 
 3.08566970e-06  4.29440129e-05 
 3.10968139e-06  1.44259213e-04 
 3.12713981e-06  2.43389574e-05 
 3.14493556e-06  1.43456791e-04 
 3.15788882e-06  7.59978768e-06 
 3.16969611e-06  1.32582677e-04 
 3.18071417e-06  6.69510650e-06 
 3.19093605e-06  1.41352948e-04 
 3.19939163e-06  2.46092742e-05 
 3.20899766e-06  1.53125675e-04 
 3.22635926e-06  5.66846952e-05 
 3.23789442e-06  1.30937796e-04 
 3.24782267e-06  3.57886779e-05 
 3.25010000e-06  1.32090055e-04 
 3.25011000e-06 -4.17113889e-03 
 3.25013000e-06 -4.56911402e-03 
 3.25017000e-06 -3.73976093e-03 
 3.25020000e-06 -3.79634177e-03 
 3.25020052e-06 -6.13267291e-04 
 3.25020157e-06  5.38065213e-04 
 3.25020365e-06  1.67425044e-04 
 3.25020783e-06  3.38310636e-04 
 3.25021617e-06  2.10344270e-04 
 3.25023287e-06  3.74563651e-04 
 3.25026626e-06  2.78278318e-04 
 3.25033304e-06  4.07905495e-04 
 3.25046660e-06  2.96397172e-04 
 3.25064411e-06  4.29153686e-04 
 3.25091398e-06  3.79906369e-04 
 3.25145373e-06  5.34621026e-04 
 3.25209936e-06  3.67259568e-04 
 3.25287463e-06  2.54031259e-04 
 3.25357875e-06  9.76390655e-05 
 3.25454645e-06  1.90820759e-04 
 3.25561003e-06  8.45278313e-05 
 3.25649719e-06  1.56708885e-04 
 3.25746380e-06  4.90547011e-05 
 3.25844814e-06  1.44643768e-04 
 3.25979956e-06  4.21051286e-05 
 3.26121566e-06  1.31871143e-04 
 3.26385750e-06  3.57934292e-05 
 3.26711536e-06  1.30148940e-04 
 3.27228580e-06  3.59139119e-05 
 3.28262668e-06  1.30009987e-04 
 3.29855713e-06  3.57888508e-05 
 3.33012216e-06  1.30039687e-04 
 3.37760710e-06  3.58201203e-05 
 3.42856719e-06  1.29778480e-04 
 3.49890698e-06  3.56901305e-05 
 3.50000000e-06  1.29644100e-04 
 3.50001000e-06  4.21473495e-03 
 3.50003000e-06  4.07713177e-03 
 3.50007000e-06  4.86761209e-03 
 3.50010000e-06  5.73444733e-03 
 3.50010052e-06  2.43856709e-03 
 3.50010155e-06  1.04607103e-03 
 3.50010362e-06  1.14973647e-03 
 3.50010775e-06  1.00316312e-03 
 3.50011602e-06  1.10617041e-03 
 3.50013256e-06  9.09797540e-04 
 3.50016564e-06  9.51317630e-04 
 3.50023179e-06  7.42283645e-04 
 3.50036410e-06  7.59787581e-04 
 3.50054720e-06  5.84386905e-04 
 3.50091339e-06  6.69735734e-04 
 3.50140991e-06  4.83672410e-04 
 3.50193890e-06  3.86201438e-04 
 3.50268954e-06  1.84738591e-04 
 3.50337383e-06  2.75129994e-04 
 3.50409397e-06  1.04330509e-04 
 3.50490187e-06  1.79254992e-04 
 3.50579405e-06  5.56081679e-05 
 3.50678577e-06  1.61959670e-04 
 3.50791334e-06  5.15728567e-05 
 3.50963860e-06  1.68215490e-04 
 3.51111090e-06  5.34147563e-05 
 3.51276951e-06  1.59451222e-04 
 3.51448447e-06  3.62060153e-05 
 3.51628654e-06  1.37098306e-04 
 3.51807011e-06  2.98173103e-05 
 3.52062784e-06  1.36749824e-04 
 3.52348977e-06  2.88683209e-05 
 3.52844447e-06  1.36757202e-04 
 3.53595116e-06  2.87276726e-05 
 3.54860672e-06  1.36750881e-04 
 3.57126428e-06  2.86587237e-05 
 3.60989520e-06  1.36713010e-04 
 3.68037222e-06  2.86122195e-05 
 3.75010000e-06  1.36688213e-04 
 3.75011000e-06 -4.16083642e-03 
 3.75013000e-06 -4.55740317e-03 
 3.75017000e-06 -3.73196902e-03 
 3.75020000e-06 -3.78911490e-03 
 3.75020052e-06 -6.07686948e-04 
 3.75020157e-06  5.42334117e-04 
 3.75020365e-06  1.71758648e-04 
 3.75020783e-06  3.42183159e-04 
 3.75021617e-06  2.13680811e-04 
 3.75023287e-06  3.76910665e-04 
 3.75026625e-06  2.79513657e-04 
 3.75033303e-06  4.07418241e-04 
 3.75046657e-06  2.94593757e-04 
 3.75064396e-06  4.26870945e-04 
 3.75091359e-06  3.78075075e-04 
 3.75145285e-06  5.34119490e-04 
 3.75210496e-06  3.65820787e-04 
 3.75287636e-06  2.52046447e-04 
 3.75358346e-06  9.49431456e-05 
 3.75454473e-06  1.87428945e-04 
 3.75560662e-06  8.17569492e-05 
 3.75651397e-06  1.59378331e-04 
 3.75749115e-06  4.96002709e-05 
 3.75842554e-06  1.43175461e-04 
 3.75944025e-06  4.34488969e-05 
 3.76062107e-06  1.32645178e-04 
 3.76298270e-06  3.53079733e-05 
 3.76610174e-06  1.29772480e-04 
 3.77060431e-06  3.54670553e-05 
 3.77849256e-06  1.29808610e-04 
 3.79426906e-06  3.55410156e-05 
 3.82429529e-06  1.29837391e-04 
 3.88434775e-06  3.55192210e-05 
 4.00000000e-06  1.29790393e-04 
 4.00001000e-06  4.21410516e-03 
 4.00003000e-06  4.07415898e-03 
 4.00007000e-06  4.86625443e-03 
 4.00010000e-06  5.73000893e-03 
 4.00010052e-06  2.43307029e-03 
 4.00010155e-06  1.03998271e-03 
 4.00010362e-06  1.14645520e-03 
 4.00010775e-06  9.98152132e-04 
 4.00011602e-06  1.10540877e-03 
 4.00013256e-06  9.06015128e-04 
 4.00016564e-06  9.50876464e-04 
 4.00023179e-06  7.39383345e-04 
 4.00036410e-06  7.60075143e-04 
 4.00054733e-06  5.81980490e-04 
 4.00091380e-06  6.70387257e-04 
 4.00141080e-06  4.79272020e-04 
 4.00193985e-06  3.86080970e-04 
 4.00268912e-06  1.84749791e-04 
 4.00337298e-06  2.80205454e-04 
 4.00409141e-06  1.07606444e-04 
 4.00487635e-06  1.82418565e-04 
 4.00574911e-06  5.45748848e-05 
 4.00657424e-06  1.69278495e-04 
 4.00742891e-06  5.44370997e-05 
 4.00839800e-06  1.66550803e-04 
 4.00934576e-06  4.69981261e-05 
 4.01035414e-06  1.55124567e-04 
 4.01180035e-06  3.15556839e-05 
 4.01328716e-06  1.43548251e-04 
 4.01575675e-06  3.94230877e-05 
 4.01844778e-06  1.66880487e-04 
 4.02086278e-06  5.71922823e-05 
 4.02344713e-06  1.95714229e-04 
 4.02536404e-06  9.34974206e-05 
 4.02719248e-06  1.89122037e-04 
 4.02882493e-06  6.48479803e-05 
 4.03058818e-06  1.65347550e-04 
 4.03264114e-06  4.84613874e-05 
 4.03525123e-06  1.55502558e-04 
 4.03836232e-06  4.25320016e-05 
 4.04336435e-06  1.51241788e-04 
 4.04941423e-06  3.20825256e-05 
 4.05534821e-06  1.40229359e-04 
 4.05979464e-06  2.79585091e-05 
 4.06562104e-06  1.47057291e-04 
 4.07052609e-06  4.61274114e-05 
 4.07430041e-06  1.17780563e-04 
 4.07849560e-06  3.34454464e-05 
 4.08364669e-06  1.19879139e-04 
 4.08898842e-06  2.43975819e-05 
 4.09713593e-06  1.13053454e-04 
 4.10392267e-06  1.92453777e-05 
 4.11163986e-06  1.14835704e-04 
 4.12076887e-06  1.76930872e-05 
 4.13598234e-06  1.15515472e-04 
 4.15739922e-06  1.70534769e-05 
 4.18982809e-06  1.15510358e-04 
 4.24150245e-06  1.64328996e-05 
 4.25010000e-06  1.15725215e-04 
 4.25011000e-06 -4.18921922e-03 
 4.25013000e-06 -4.58556179e-03 
 4.25017000e-06 -3.75267315e-03 
 4.25020000e-06 -3.81455949e-03 
 4.25020052e-06 -6.33950880e-04 
 4.25020156e-06  5.15336981e-04 
 4.25020365e-06  1.44553001e-04 
 4.25020782e-06  3.14975142e-04 
 4.25021616e-06  1.86527339e-04 
 4.25023285e-06  3.50699546e-04 
 4.25026622e-06  2.55805433e-04 
 4.25033295e-06  3.89018067e-04 
 4.25041609e-06  2.79450537e-04 
 4.25058236e-06  4.06309775e-04 
 4.25076969e-06  3.16960674e-04 
 4.25108598e-06  5.12585758e-04 
 4.25171856e-06  3.82630318e-04 
 4.25234040e-06  4.06397541e-04 
 4.25303858e-06  9.67984511e-05 
 4.25377631e-06  1.87611242e-04 
 4.25472251e-06  5.79462705e-05 
 4.25550696e-06  1.73882054e-04 
 4.25640774e-06  2.04553662e-05 
 4.25729609e-06  1.41782687e-04 
 4.25824071e-06  1.49634206e-05 
 4.25980106e-06  1.37480016e-04 
 4.26134690e-06  2.24713341e-06 
 4.26397471e-06  1.30686828e-04 
 4.26726594e-06  8.63335869e-07 
 4.27241807e-06  1.30850008e-04 
 4.28272235e-06  8.55264888e-07 
 4.30333091e-06  1.30836057e-04 
 4.34454801e-06  7.39134966e-07 
 4.42698223e-06  1.30681834e-04 
 4.50000000e-06  6.29794973e-07 
 4.50001000e-06  4.18948843e-03 
 4.50003000e-06  4.05493000e-03 
 4.50007000e-06  4.85013805e-03 
 4.50010000e-06  5.72137353e-03 
 4.50010052e-06  2.42618239e-03 
 4.50010155e-06  1.03671346e-03 
 4.50010362e-06  1.14266706e-03 
 4.50010775e-06  9.94514530e-04 
 4.50011602e-06  1.10186906e-03 
 4.50013256e-06  9.00732197e-04 
 4.50016564e-06  9.42187377e-04 
 4.50023180e-06  7.28412400e-04 
 4.50036412e-06  7.46823760e-04 
 4.50062105e-06  5.49875160e-04 
 4.50109138e-06  6.46081115e-04 
 4.50174233e-06  3.28742232e-04 
 4.50246458e-06  2.68439720e-04 
 4.50308448e-06  1.66798664e-04 
 4.50385407e-06  2.01918471e-04 
 4.50481099e-06  5.72854886e-05 
 4.50576297e-06  1.45110100e-04 
 4.50670285e-06  3.94434498e-05 
 4.50792800e-06  1.40620932e-04 
 4.50933950e-06  5.05690129e-05 
 4.51104283e-06  1.48001031e-04 
 4.51237673e-06  3.99968502e-05 
 4.51382199e-06  1.23232092e-04 
 4.51525444e-06  1.80537457e-05 
 4.51695847e-06  1.15900934e-04 
 4.51875639e-06  1.58811655e-05 
 4.52204217e-06  1.15474907e-04 
 4.52681698e-06  1.59180868e-05 
 4.53571799e-06  1.15430716e-04 
 4.55253380e-06  1.59331383e-05 
 4.58207030e-06  1.15383118e-04 
 4.64114330e-06  1.59056304e-05 
 4.75010000e-06  1.15346417e-04 
 4.75011000e-06 -4.18074193e-03 
 4.75013000e-06 -4.57531536e-03 
 4.75017000e-06 -3.74479516e-03 
 4.75020000e-06 -3.80783225e-03 
 4.75020052e-06 -6.28843740e-04 
 4.75020156e-06  5.18452626e-04 
 4.75020365e-06  1.47747187e-04 
 4.75020782e-06  3.18291982e-04 
 4.75021617e-06  1.89384956e-04 
 4.75023286e-06  3.53164703e-04 
 4.75026624e-06  2.57252312e-04 
 4.75033300e-06  3.89411599e-04 
 4.75041521e-06  2.78769568e-04 
 4.75057963e-06  4.04823707e-04 
 4.75076672e-06  3.14707535e-04 
 4.75108044e-06  5.10835362e-04 
 4.75170788e-06  3.83152223e-04 
 4.75233265e-06  4.09076938e-04 
 4.75303034e-06  9.72210420e-05 
 4.75376588e-06  1.89168968e-04 
 4.75470835e-06  6.16677934e-05 
 4.75553622e-06  1.80892793e-04 
 4.75647147e-06  3.75867858e-05 
 4.75728852e-06  1.57744739e-04 
 4.75818315e-06  3.02184632e-05 
 4.75920522e-06  1.50692352e-04 
 4.76034095e-06  9.97900142e-06 
 4.76176104e-06  1.38901486e-04 
 4.76323339e-06  3.96782710e-06 
 4.76561117e-06  1.31099172e-04 
 4.76812556e-06  1.44325294e-07 
 4.77189613e-06  1.31141880e-04 
 4.77707842e-06  1.23331493e-07 
 4.78744300e-06  1.31218599e-04 
 4.80817217e-06  1.39768828e-07 
 4.84963051e-06  1.31198119e-04 
 4.93254718e-06  8.88198331e-08 
 5.00000000e-06  1.31165524e-04 
 5.00001000e-06  4.19011025e-03 
 5.00003000e-06  4.04826423e-03 
 5.00007000e-06  4.85256309e-03 
 5.00010000e-06  5.71625645e-03 
 5.00010052e-06  2.42415060e-03 
 5.00010155e-06  1.03684726e-03 
 5.00010362e-06  1.14214420e-03 
 5.00010775e-06  9.94307108e-04 
 5.00011602e-06  1.10139684e-03 
 5.00013256e-06  9.00715678e-04 
 5.00016564e-06  9.41517873e-04 
 5.00023179e-06  7.28418075e-04 
 5.00036409e-06  7.46367464e-04 
 5.00062039e-06  5.50561837e-04 
 5.00109030e-06  6.46159324e-04 
 5.00174079e-06  3.29446354e-04 
 5.00246315e-06  2.67060860e-04 
 5.00308815e-06  1.71273505e-04 
 5.00385535e-06  2.12232669e-04 
 5.00471472e-06  6.50489680e-05 
 5.00560201e-06  1.48193864e-04 
 5.00636960e-06  6.46141965e-05 
 5.00717810e-06  1.61299105e-04 
 5.00788896e-06  4.34536496e-05 
 5.00869407e-06  1.37236656e-04 
 5.00966036e-06  3.03513226e-05 
 5.01075299e-06  1.22777627e-04 
 5.01293823e-06  2.59899920e-05 
 5.01510707e-06  1.32312699e-04 
 5.01737250e-06  3.45668652e-05 
 5.01946129e-06  1.46778163e-04 
 5.02158950e-06  5.29948155e-05 
 5.02391910e-06  1.54619912e-04 
 5.02612131e-06  8.98910573e-05 
 5.02780878e-06  1.86446611e-04 
 5.02940299e-06  6.86898999e-05 
 5.03093163e-06  1.60445465e-04 
 5.03254018e-06  5.13897349e-05 
 5.03436233e-06  1.52597919e-04 
 5.03711783e-06  6.96254652e-05 
 5.04001457e-06  1.85491042e-04 
 5.04379529e-06  8.44255163e-05 
 5.04854113e-06  2.01406862e-04 
 5.05289811e-06  7.26054375e-05 
 5.05661587e-06  1.32826621e-04 
 5.06016573e-06  5.03054884e-05 
 5.06381239e-06  1.31572679e-04 
 5.06790848e-06  4.21571718e-05 
 5.07408540e-06  1.29236175e-04 
 5.08212934e-06  3.81302001e-05 
 5.09556612e-06  1.27971528e-04 
 5.11584054e-06  3.69993974e-05 
 5.15353505e-06  1.28072004e-04 
 5.19699713e-06  3.67773025e-05 
 5.25010000e-06  1.24650631e-04 
 5.25011000e-06 -4.16982683e-03 
 5.25013000e-06 -4.56574853e-03 
 5.25017000e-06 -3.73443520e-03 
 5.25020000e-06 -3.79547037e-03 
 5.25020052e-06 -6.16798957e-04 
 5.25020157e-06  5.30177221e-04 
 5.25020365e-06  1.59882262e-04 
 5.25020783e-06  3.30508895e-04 
 5.25021617e-06  2.01071772e-04 
 5.25023287e-06  3.64513131e-04 
 5.25026626e-06  2.68073954e-04 
 5.25033305e-06  3.99970801e-04 
 5.25041594e-06  2.89431930e-04 
 5.25058172e-06  4.16338668e-04 
 5.25076448e-06  3.26164130e-04 
 5.25108286e-06  5.22950548e-04 
 5.25171963e-06  3.93863119e-04 
 5.25234365e-06  4.19091687e-04 
 5.25304776e-06  1.07791909e-04 
 5.25378511e-06  1.99192160e-04 
 5.25473146e-06  7.38163704e-05 
 5.25576326e-06  1.84399526e-04 
 5.25651136e-06  4.41089214e-05 
 5.25739345e-06  1.54862209e-04 
 5.25836059e-06  2.68861760e-05 
 5.25948818e-06  1.51069384e-04 
 5.26068824e-06  1.70532535e-05 
 5.26308838e-06  1.46034677e-04 
 5.26619469e-06  2.20079431e-05 
 5.27069043e-06  1.64475365e-04 
 5.27462183e-06  9.87447964e-06 
 5.27896793e-06  1.45253148e-04 
 5.28355414e-06  1.20696271e-05 
 5.28866471e-06  1.44908053e-04 
 5.29888585e-06  1.25468049e-05 
 5.31294006e-06  1.44130224e-04 
 5.33883732e-06  4.90701963e-06 
 5.36456804e-06  1.32773738e-04 
 5.38505808e-06  1.50019030e-07 
 5.41110660e-06  1.31773824e-04 
 5.45717862e-06 -2.57017370e-07 
 5.50000000e-06  1.31580142e-04 
 5.50001000e-06  4.19132952e-03 
 5.50003000e-06  4.04890569e-03 
 5.50007000e-06  4.85396107e-03 
 5.50010000e-06  5.71586980e-03 
 5.50010052e-06  2.42338697e-03 
 5.50010155e-06  1.03518351e-03 
 5.50010362e-06  1.14050538e-03 
 5.50010775e-06  9.93293209e-04 
 5.50011602e-06  1.10023234e-03 
 5.50013256e-06  8.99721536e-04 
 5.50016564e-06  9.41179353e-04 
 5.50023179e-06  7.28227348e-04 
 5.50036409e-06  7.46661681e-04 
 5.50062122e-06  5.50226902e-04 
 5.50109171e-06  6.45768655e-04 
 5.50174276e-06  3.26695595e-04 
 5.50246374e-06  2.64653385e-04 
 5.50308242e-06  1.62178871e-04 
 5.50385206e-06  2.04303609e-04 
 5.50480706e-06  5.98352742e-05 
 5.50576093e-06  1.49189475e-04 
 5.50669820e-06  4.05511150e-05 
 5.50777378e-06  1.40443133e-04 
 5.50920853e-06  4.32087072e-05 
 5.51076986e-06  1.56427245e-04 
 5.51230379e-06  4.29093385e-05 
 5.51365093e-06  1.34277895e-04 
 5.51516370e-06  2.36366808e-05 
 5.51685517e-06  1.17853759e-04 
 5.51860401e-06  1.51292624e-05 
 5.52210169e-06  1.16375223e-04 
 5.52700276e-06  1.48004105e-05 
 5.53674747e-06  1.16506005e-04 
 5.55410160e-06  1.47634362e-05 
 5.58537693e-06  1.16485934e-04 
 5.64601169e-06  1.47225706e-05 
 5.75010000e-06  1.16469137e-04 
 5.75011000e-06 -4.18026303e-03 
 5.75013000e-06 -4.57533472e-03 
 5.75017000e-06 -3.74455232e-03 
 5.75020000e-06 -3.80520737e-03 
 5.75020052e-06 -6.27529666e-04 
 5.75020157e-06  5.18460611e-04 
 5.75020365e-06  1.47871663e-04 
 5.75020783e-06  3.18522200e-04 
 5.75021617e-06  1.89593668e-04 
 5.75023287e-06  3.53679010e-04 
 5.75026626e-06  2.57726941e-04 
 5.75033305e-06  3.89746172e-04 
 5.75041493e-06  2.78766776e-04 
 5.75057870e-06  4.04653077e-04 
 5.75076549e-06  3.14314067e-04 
 5.75107830e-06  5.10432244e-04 
 5.75170391e-06  3.84137663e-04 
 5.75232967e-06  4.12002390e-04 
 5.75302708e-06  9.94582900e-05 
 5.75376161e-06  1.87822490e-04 
 5.75470260e-06  6.34991792e-05 
 5.75572916e-06  1.77472649e-04 
 5.75648469e-06  4.35763998e-05 
 5.75736442e-06  1.62331345e-04 
 5.75836111e-06  2.91517844e-05 
 5.75928389e-06  1.55361044e-04 
 5.76039984e-06  1.07364658e-05 
 5.76161969e-06  1.38663477e-04 
 5.76311173e-06  6.38534898e-06 
 5.76466496e-06  1.32861581e-04 
 5.76685686e-06  4.98497511e-07 
 5.76933350e-06  1.30876439e-04 
 5.77352668e-06  4.73074061e-07 
 5.78113309e-06  1.30788346e-04 
 5.79276065e-06  4.94292681e-07 
 5.81419539e-06  1.30759903e-04 
 5.84948267e-06  4.79790370e-07 
 5.91041008e-06  1.30732255e-04 
 6.00000000e-06  4.65749490e-07 
 6.00001000e-06  4.18555353e-03 
 6.00003000e-06  4.04987072e-03 
 6.00007000e-06  4.84922938e-03 
 6.00010000e-06  5.71698095e-03 
 6.00010052e-06  2.42342853e-03 
 6.00010155e-06  1.03508971e-03 
 6.00010362e-06  1.14066842e-03 
 6.00010775e-06  9.92673614e-04 
 6.00011602e-06  1.10006476e-03 
 6.00013256e-06  8.99388894e-04 
 6.00016564e-06  9.40678688e-04 
 6.00023180e-06  7.27796955e-04 
 6.00036412e-06  7.46279789e-04 
 6.00062049e-06  5.50502718e-04 
 6.00109043e-06  6.46066851e-04 
 6.00174099e-06  3.27412163e-04 
 6.00246266e-06  2.64001870e-04 
 6.00308748e-06  1.61768062e-04 
 6.00385442e-06  2.10772142e-04 
 6.00481566e-06  6.52918139e-05 
 6.00571378e-06  1.49182220e-04 
 6.00665581e-06  6.19812874e-05 
 6.00761466e-06  1.59895195e-04 
 6.00854948e-06  3.44150413e-05 
 6.00956503e-06  1.32747108e-04 
 6.01079789e-06  2.09508335e-05 
 6.01200883e-06  1.24708793e-04 
 6.01443073e-06  2.62373249e-05 
 6.01700225e-06  1.33716358e-04 
 6.01890549e-06  3.15572641e-05 
 6.02104335e-06  1.49800140e-04 
 6.02327844e-06  5.19258980e-05 
 6.02589221e-06  2.17774916e-04 
 6.02796145e-06  1.44761831e-04 
 6.02948145e-06  2.41428781e-04 
 6.03111895e-06  1.46430933e-04 
 6.03272891e-06  2.61442920e-04 
 6.03388394e-06  4.94226387e-05 
 6.03522174e-06  1.73739372e-04 
 6.03661690e-06  4.94336290e-05 
 6.03832895e-06  1.59720321e-04 
 6.04096456e-06  4.06328824e-05 
 6.04446903e-06  1.43649616e-04 
 6.05028454e-06  2.93700294e-05 
 6.05825911e-06  1.36913849e-04 
 6.06804467e-06  2.85098153e-05 
 6.08436636e-06  1.36462984e-04 
 6.11700973e-06  2.86237448e-05 
 6.17143519e-06  1.36532166e-04 
 6.23744732e-06  2.87806371e-05 
 6.25010000e-06  1.36431294e-04 
 6.25011000e-06 -4.16005580e-03 
 6.25013000e-06 -4.55528510e-03 
 6.25017000e-06 -3.71961751e-03 
 6.25020000e-06 -3.77604123e-03 
 6.25020052e-06 -5.99343341e-04 
 6.25020156e-06  5.46023423e-04 
 6.25020365e-06  1.76079215e-04 
 6.25020782e-06  3.46727289e-04 
 6.25021617e-06  2.17324079e-04 
 6.25023285e-06  3.80460586e-04 
 6.25026623e-06  2.84477651e-04 
 6.25033298e-06  4.12522248e-04 
 6.25041469e-06  3.00790680e-04 
 6.25057812e-06  4.24058129e-04 
 6.25076013e-06  3.32736639e-04 
 6.25105836e-06  5.24855731e-04 
 6.25165482e-06  4.05108737e-04 
 6.25228669e-06  4.41226139e-04 
 6.25298622e-06  1.24265695e-04 
 6.25370982e-06  2.05447797e-04 
 6.25463642e-06  8.02213823e-05 
 6.25565425e-06  1.94095296e-04 
 6.25691743e-06  5.91454577e-05 
 6.25794289e-06  1.71419372e-04 
 6.25903098e-06  3.05953293e-05 
 6.26019492e-06  1.52930817e-04 
 6.26201824e-06  1.92217339e-05 
 6.26374196e-06  1.46635494e-04 
 6.26718942e-06  1.89321656e-05 
 6.27210472e-06  1.46404527e-04 
 6.28060996e-06  1.90350993e-05 
 6.29670303e-06  1.46373661e-04 
 6.32381509e-06  1.90689767e-05 
 6.37803920e-06  1.46346177e-04 
 6.48648743e-06  1.90468666e-05 
 6.50000000e-06  1.46312108e-04 
 6.50001000e-06  4.20538841e-03 
 6.50003000e-06  4.06138152e-03 
 6.50007000e-06  4.86539462e-03 
 6.50010000e-06  5.72404167e-03 
 6.50010052e-06  2.43268518e-03 
 6.50010155e-06  1.04541566e-03 
 6.50010362e-06  1.15016654e-03 
 6.50010775e-06  1.00278297e-03 
 6.50011602e-06  1.10956917e-03 
 6.50013256e-06  9.08911708e-04 
 6.50016564e-06  9.51032366e-04 
 6.50023179e-06  7.38146630e-04 
 6.50036410e-06  7.57941905e-04 
 6.50062092e-06  5.63109030e-04 
 6.50109197e-06  6.62596388e-04 
 6.50174245e-06  3.42575715e-04 
 6.50245859e-06  2.80274395e-04 
 6.50307863e-06  1.72908004e-04 
 6.50384605e-06  2.26679326e-04 
 6.50479801e-06  8.40195169e-05 
 6.50575672e-06  1.75169562e-04 
 6.50668832e-06  6.01883383e-05 
 6.50771498e-06  1.62535615e-04 
 6.50880099e-06  5.37318990e-05 
 6.51046636e-06  1.72346652e-04 
 6.51219933e-06  6.29201416e-05 
 6.51353219e-06  1.56728702e-04 
 6.51508932e-06  4.41907554e-05 
 6.51666146e-06  1.40761616e-04 
 6.51841726e-06  3.00133514e-05 
 6.52192884e-06  1.36109598e-04 
 6.52606546e-06  2.89929667e-05 
 6.53433871e-06  1.36360048e-04 
 6.55088520e-06  2.90143842e-05 
 6.58397817e-06  1.36392909e-04 
 6.65016413e-06  2.89993002e-05 
 6.75010000e-06  1.36374910e-04 
 6.75011000e-06 -4.16174036e-03 
 6.75013000e-06 -4.55452898e-03 
 6.75017000e-06 -3.71743400e-03 
 6.75020000e-06 -3.77329585e-03 
 6.75020052e-06 -5.97181967e-04 
 6.75020157e-06  5.47102348e-04 
 6.75020365e-06  1.76603177e-04 
 6.75020783e-06  3.47208744e-04 
 6.75021617e-06  2.17797663e-04 
 6.75023287e-06  3.81360999e-04 
 6.75026626e-06  2.85097349e-04 
 6.75033304e-06  4.12963850e-04 
 6.75041416e-06  3.00928996e-04 
 6.75057640e-06  4.23915634e-04 
 6.75079596e-06  3.40176903e-04 
 6.75107466e-06  5.26346037e-04 
 6.75163207e-06  4.08292071e-04 
 6.75225154e-06  4.48912259e-04 
 6.75292309e-06  1.36786801e-04 
 6.75364477e-06  2.04069025e-04 
 6.75456731e-06  8.14482654e-05 
 6.75557618e-06  1.92512032e-04 
 6.75680652e-06  6.07949698e-05 
 6.75777539e-06  1.76980697e-04 
 6.75881717e-06  3.52758256e-05 
 6.75984612e-06  1.52548354e-04 
 6.76091997e-06  2.41363494e-05 
 6.76214667e-06  1.45141059e-04 
 6.76460008e-06  2.12122777e-05 
 6.76909873e-06  1.44177339e-04 
 6.77587136e-06  2.12786027e-05 
 6.78941662e-06  1.44154094e-04 
 6.81650715e-06  2.13056586e-05 
 6.87068819e-06  1.44129593e-04 
 6.97905029e-06  2.12701876e-05 
 7.00000000e-06  1.44101260e-04 
 7.00001000e-06  4.20330322e-03 
 7.00003000e-06  4.05914571e-03 
 7.00007000e-06  4.86355863e-03 
 7.00010000e-06  5.72225495e-03 
 7.00010052e-06  2.43185931e-03 
 7.00010155e-06  1.04577789e-03 
 7.00010362e-06  1.15031954e-03 
 7.00010775e-06  1.00248324e-03 
 7.00011602e-06  1.10954704e-03 
 7.00013256e-06  9.09099346e-04 
 7.00016564e-06  9.50774797e-04 
 7.00023179e-06  7.38236920e-04 
 7.00036410e-06  7.57632376e-04 
 7.00062010e-06  5.63552883e-04 
 7.00109040e-06  6.62731828e-04 
 7.00174039e-06  3.43929669e-04 
 7.00245771e-06  2.80404806e-04 
 7.00308397e-06  1.71295167e-04 
 7.00384888e-06  2.23445941e-04 
 7.00480707e-06  8.00075862e-05 
 7.00570922e-06  1.76366141e-04 
 7.00664618e-06  6.64728662e-05 
 7.00742455e-06  1.70044382e-04 
 7.00830894e-06  4.61416018e-05 
 7.00919827e-06  1.47764939e-04 
 7.01039354e-06  3.36251620e-05 
 7.01180614e-06  1.39297458e-04 
 7.01452520e-06  3.26077197e-05 
 7.01733296e-06  1.43660081e-04 
 7.02076437e-06  5.09121012e-05 
 7.02368089e-06  1.57562159e-04 
 7.02673281e-06  8.44174972e-05 
 7.02897121e-06  1.68131301e-04 
 7.03106587e-06  5.79184964e-05 
 7.03303997e-06  1.51261134e-04 
 7.03511501e-06  3.37996294e-05 
 7.03755447e-06  1.34580367e-04 
 7.04083466e-06  2.88651237e-05 
 7.04520917e-06  1.33831905e-04 
 7.05217397e-06  2.97342285e-05 
 7.06352096e-06  1.34800433e-04 
 7.07977404e-06  3.03870638e-05 
 7.10740484e-06  1.35145615e-04 
 7.14557927e-06  3.04269574e-05 
 7.20351824e-06  1.35082476e-04 
 7.25010000e-06  3.03701860e-05 
 7.25011000e-06 -4.16515037e-03 
 7.25013000e-06 -4.55626922e-03 
 7.25017000e-06 -3.72686721e-03 
 7.25020000e-06 -3.77837529e-03 
 7.25020052e-06 -6.03273810e-04 
 7.25020157e-06  5.40732566e-04 
 7.25020365e-06  1.71058242e-04 
 7.25020783e-06  3.41409152e-04 
 7.25021617e-06  2.12500820e-04 
 7.25023287e-06  3.76535055e-04 
 7.25026626e-06  2.81692267e-04 
 7.25033303e-06  4.08431312e-04 
 7.25041770e-06  2.98017050e-04 
 7.25058703e-06  4.21495477e-04 
 7.25076786e-06  3.33191417e-04 
 7.25106974e-06  5.24606653e-04 
 7.25167351e-06  4.04047751e-04 
 7.25229424e-06  4.37346124e-04 
 7.25299292e-06  1.23010653e-04 
 7.25371616e-06  2.03886625e-04 
 7.25464584e-06  8.17187575e-05 
 7.25566342e-06  1.92190791e-04 
 7.25660787e-06  6.10767318e-05 
 7.25783071e-06  1.64642249e-04 
 7.25893951e-06  3.27762811e-05 
 7.26014996e-06  1.50985843e-04 
 7.26189964e-06  2.08754035e-05 
 7.26418107e-06  1.45239271e-04 
 7.26812766e-06  2.02886419e-05 
 7.27391725e-06  1.45197242e-04 
 7.28549644e-06  2.03298569e-05 
 7.30655005e-06  1.45196744e-04 
 7.34865726e-06  2.03217785e-05 
 7.43287169e-06  1.45145684e-04 
 7.50000000e-06  2.02882312e-05 
 7.50001000e-06  4.20311330e-03 
 7.50003000e-06  4.06652594e-03 
 7.50007000e-06  4.86539828e-03 
 7.50010000e-06  5.73069532e-03 
 7.50010052e-06  2.43702679e-03 
 7.50010155e-06  1.04823667e-03 
 7.50010362e-06  1.15356354e-03 
 7.50010775e-06  1.00568146e-03 
 7.50011603e-06  1.11271144e-03 
 7.50013257e-06  9.11772123e-04 
 7.50016565e-06  9.53894748e-04 
 7.50023183e-06  7.40618472e-04 
 7.50036417e-06  7.60070364e-04 
 7.50062056e-06  5.64709848e-04 
 7.50109192e-06  6.63915130e-04 
 7.50171198e-06  3.55146962e-04 
 7.50244722e-06  2.80234053e-04 
 7.50307908e-06  1.75384649e-04 
 7.50384500e-06  2.30463255e-04 
 7.50478763e-06  8.48829453e-05 
 7.50575600e-06  1.70663252e-04 
 7.50667805e-06  5.94301759e-05 
 7.50785258e-06  1.60591050e-04 
 7.50905771e-06  5.50760917e-05 
 7.51091294e-06  1.73933724e-04 
 7.51292424e-06  5.47693289e-05 
 7.51463545e-06  1.50667362e-04 
 7.51643990e-06  3.51186423e-05 
 7.51876947e-06  1.35596345e-04 
 7.52116759e-06  2.97058150e-05 
 7.52527133e-06  1.35665838e-04 
 7.53091732e-06  2.96246199e-05 
 7.54030755e-06  1.35778578e-04 
 7.55645127e-06  2.96127024e-05 
 7.58222491e-06  1.35809255e-04 
 7.63020663e-06  2.95999668e-05 
 7.71664111e-06  1.35809404e-04 
 7.75010000e-06  2.95909962e-05 
 7.75011000e-06 -4.16552710e-03 
 7.75013000e-06 -4.55353360e-03 
 7.75017000e-06 -3.72290181e-03 
 7.75020000e-06 -3.77462776e-03 
 7.75020052e-06 -6.00334277e-04 
 7.75020156e-06  5.42751935e-04 
 7.75020365e-06  1.72661109e-04 
 7.75020782e-06  3.42909340e-04 
 7.75021617e-06  2.13936922e-04 
 7.75023286e-06  3.78308228e-04 
 7.75026624e-06  2.83030917e-04 
 7.75033299e-06  4.09231479e-04 
 7.75041718e-06  2.98133261e-04 
 7.75058555e-06  4.20716377e-04 
 7.75081572e-06  3.44111586e-04 
 7.75109352e-06  5.25787149e-04 
 7.75164914e-06  4.06905925e-04 
 7.75225985e-06  4.44607075e-04 
 7.75292081e-06  1.37920040e-04 
 7.75364606e-06  2.02383087e-04 
 7.75457264e-06  8.35319604e-05 
 7.75557926e-06  1.90139324e-04 
 7.75656383e-06  6.32386261e-05 
 7.75762075e-06  1.70463423e-04 
 7.75856945e-06  3.76776110e-05 
 7.75956080e-06  1.51793584e-04 
 7.76063307e-06  2.64624540e-05 
 7.76187515e-06  1.43574648e-04 
 7.76435932e-06  2.29092853e-05 
 7.76851476e-06  1.42506286e-04 
 7.77494136e-06  2.29875277e-05 
 7.78779456e-06  1.42492859e-04 
 7.81350098e-06  2.30178209e-05 
 7.86491380e-06  1.42470991e-04 
 7.96773944e-06  2.29774349e-05 
 8.00000000e-06  1.42442377e-04 
 8.00001000e-06  4.20310636e-03 
 8.00003000e-06  4.05963660e-03 
 8.00007000e-06  4.86483921e-03 
 8.00010000e-06  5.72431837e-03 
 8.00010052e-06  2.43533601e-03 
 8.00010155e-06  1.04965629e-03 
 8.00010362e-06  1.15231144e-03 
 8.00010775e-06  1.00477208e-03 
 8.00011602e-06  1.11008150e-03 
 8.00013256e-06  9.11832050e-04 
 8.00016564e-06  9.52374023e-04 
 8.00023179e-06  7.41386882e-04 
 8.00036409e-06  7.59609077e-04 
 8.00062002e-06  5.67064518e-04 
 8.00109198e-06  6.65227254e-04 
 8.00171107e-06  3.59629009e-04 
 8.00244721e-06  2.80174096e-04 
 8.00308471e-06  1.74541118e-04 
 8.00385166e-06  2.25358637e-04 
 8.00481542e-06  8.22347533e-05 
 8.00575241e-06  1.70398730e-04 
 8.00670245e-06  6.92011393e-05 
 8.00756694e-06  1.66284943e-04 
 8.00850926e-06  4.43390236e-05 
 8.00954529e-06  1.46769741e-04 
 8.01070310e-06  3.81773398e-05 
 8.01243509e-06  1.47313304e-04 
 8.01396021e-06  3.14266391e-05 
 8.01557359e-06  1.36265849e-04 
 8.01723184e-06  3.08453599e-05 
 8.01904343e-06  1.35114303e-04 
 8.02266662e-06  3.07233071e-05 
 8.02810285e-06  1.34855948e-04 
 8.03695451e-06  3.07090542e-05 
 8.05465782e-06  1.34757805e-04 
 8.09006445e-06  3.06745823e-05 
 8.16087771e-06  1.34734515e-04 
 8.25010000e-06  3.06763964e-05 
 8.25011000e-06 -4.16645502e-03 
 8.25013000e-06 -4.55371364e-03 
 8.25017000e-06 -3.73048390e-03 
 8.25020000e-06 -3.78513306e-03 
 8.25020052e-06 -6.11071716e-04 
 8.25020157e-06  5.28941264e-04 
 8.25020365e-06  1.56264140e-04 
 8.25020783e-06  3.30422200e-04 
 8.25021618e-06  2.02005408e-04 
 8.25023289e-06  3.67580677e-04 
 8.25026629e-06  2.70088686e-04 
 8.25033311e-06  3.98680504e-04 
 8.25046674e-06  2.84953046e-04 
 8.25064428e-06  4.18749392e-04 
 8.25085357e-06  3.47515963e-04 
 8.25127217e-06  5.30069449e-04 
 8.25192978e-06  3.65355765e-04 
 8.25260841e-06  3.20164649e-04 
 8.25330743e-06  7.96124618e-05 
 8.25422350e-06  1.76622893e-04 
 8.25544682e-06  4.93327109e-05 
 8.25660421e-06  1.50417677e-04 
 8.25788773e-06  4.02614532e-05 
 8.25952668e-06  1.47095410e-04 
 8.26158391e-06  2.64678268e-05 
 8.26424441e-06  1.39433361e-04 
 8.26765025e-06  2.58499055e-05 
 8.27257952e-06  1.39596070e-04 
 8.28243806e-06  2.58484159e-05 
 8.29640477e-06  1.39663834e-04 
 8.32433821e-06  2.58386971e-05 
 8.38020507e-06  1.39645439e-04 
 8.48671425e-06  2.57932685e-05 
 8.50000000e-06  1.39638904e-04 
