 1.00000000e-12  1.78200000e+00  5.64005986e-01 
 1.02800000e-12  1.78149600e+00  5.59780333e-01 
 1.08400000e-12  1.78048800e+00  5.56078067e-01 
 1.19600000e-12  1.77847200e+00  5.59129349e-01 
 1.42000000e-12  1.77444000e+00  5.65305392e-01 
 1.70284197e-12  1.76934884e+00  5.70950287e-01 
 2.26852590e-12  1.75916653e+00  5.77501687e-01 
 3.15287033e-12  1.74324833e+00  5.80813574e-01 
 4.40250597e-12  1.72075489e+00  5.81618267e-01 
 6.31064249e-12  1.68640844e+00  5.81429579e-01 
 9.42253846e-12  1.63039431e+00  5.81208963e-01 
 1.35706928e-11  1.55572753e+00  5.80783964e-01 
 1.99042872e-11  1.44172283e+00  5.80319543e-01 
 3.25714760e-11  1.21371343e+00  5.79323570e-01 
 5.79058535e-11  7.57694637e-01  5.78086824e-01 
 1.00000000e-10  0.00000000e+00  5.77828205e-01 
 1.05066876e-10  0.00000000e+00  5.78315633e-01 
 1.15200627e-10  0.00000000e+00  5.79207150e-01 
 1.35468129e-10  0.00000000e+00  5.80957843e-01 
 1.76003133e-10  0.00000000e+00  5.84446848e-01 
 2.57073141e-10  0.00000000e+00  5.91637415e-01 
 4.19213157e-10  0.00000000e+00  6.03162441e-01 
 6.79712808e-10  0.00000000e+00  6.16257348e-01 
 9.71772560e-10  0.00000000e+00  6.27688782e-01 
 1.39844591e-09  0.00000000e+00  6.40622735e-01 
 1.91571519e-09  0.00000000e+00  6.39457969e-01 
 2.48455631e-09  0.00000000e+00  6.21458155e-01 
 3.27744784e-09  0.00000000e+00  5.78929693e-01 
 4.17649118e-09  0.00000000e+00  5.26259142e-01 
 5.15051136e-09  0.00000000e+00  4.74976711e-01 
 6.20680818e-09  0.00000000e+00  4.14938633e-01 
 6.88903383e-09  0.00000000e+00  3.78769300e-01 
 7.60610427e-09  0.00000000e+00  3.41150268e-01 
 8.29216730e-09  0.00000000e+00  3.07624519e-01 
 9.05542531e-09  0.00000000e+00  2.73096638e-01 
 1.02598255e-08  0.00000000e+00  2.26836038e-01 
 1.14574700e-08  0.00000000e+00  1.89340981e-01 
 1.24250541e-08  0.00000000e+00  1.62412192e-01 
 1.33857459e-08  0.00000000e+00  1.37597437e-01 
 1.42168427e-08  0.00000000e+00  1.18254438e-01 
 1.51043790e-08  0.00000000e+00  1.00666501e-01 
 1.67627446e-08  0.00000000e+00  7.38810832e-02 
 1.88190167e-08  0.00000000e+00  5.00261261e-02 
 2.26270541e-08  0.00000000e+00  2.34877871e-02 
 2.62603607e-08  0.00000000e+00  1.13787304e-02 
 2.96827224e-08  0.00000000e+00  5.71144885e-03 
 3.39610634e-08  0.00000000e+00  2.37835450e-03 
 3.80817256e-08  0.00000000e+00  1.02665529e-03 
 4.50207733e-08  0.00000000e+00  2.09167894e-04 
 5.22908127e-08  0.00000000e+00  4.46259450e-05 
 6.45289623e-08  0.00000000e+00  4.65716707e-06 
 8.49704503e-08  0.00000000e+00  5.62490196e-06 
 1.14484413e-07  0.00000000e+00  1.47349739e-06 
 1.64575016e-07  0.00000000e+00  1.11508630e-06 
 2.46544053e-07  0.00000000e+00 -1.03924726e-06 
 2.50100000e-07  0.00000000e+00  1.60024358e-06 
 2.50110000e-07  1.80000000e-01  1.41325740e-03 
 2.50130000e-07  5.40000000e-01  4.56613191e-03 
 2.50170000e-07  1.26000000e+00  9.34022684e-03 
 2.50200000e-07  1.80000000e+00  1.05093749e-02 
 2.50207645e-07  1.80000000e+00  9.53815608e-03 
 2.50222935e-07  1.80000000e+00  7.37381477e-03 
 2.50253514e-07  1.80000000e+00  3.59309357e-03 
 2.50314673e-07  1.80000000e+00 -1.75772537e-04 
 2.50407317e-07  1.80000000e+00 -1.79481314e-03 
 2.50568776e-07  1.80000000e+00 -2.24415166e-03 
 2.50730671e-07  1.80000000e+00 -1.47475646e-03 
 2.51035134e-07  1.80000000e+00  1.19866985e-03 
 2.51400363e-07  1.80000000e+00  3.83642236e-03 
 2.51910916e-07  1.80000000e+00  2.01400466e-03 
 2.52373480e-07  1.80000000e+00  1.05300418e-03 
 2.53039259e-07  1.80000000e+00  4.00662541e-04 
 2.53667157e-07  1.80000000e+00  4.74383779e-06 
 2.54221287e-07  1.80000000e+00  7.38931565e-04 
 2.54809717e-07  1.80000000e+00  9.39870726e-04 
 2.55421487e-07  1.80000000e+00  6.50057961e-04 
 2.56165086e-07  1.80000000e+00  8.01826078e-04 
 2.56994445e-07  1.80000000e+00  8.26578635e-04 
 2.58433640e-07  1.80000000e+00  7.02426715e-04 
 2.59853000e-07  1.80000000e+00  6.33273755e-04 
 2.62621400e-07  1.80000000e+00  3.40650174e-04 
 2.65874617e-07  1.80000000e+00  2.66895955e-04 
 2.72381051e-07  1.80000000e+00  5.20541345e-05 
 2.84610520e-07  1.80000000e+00  6.34211268e-05 
 3.04313867e-07  1.80000000e+00 -2.50018241e-05 
 3.43720561e-07  1.80000000e+00  4.12615074e-05 
 3.95611310e-07  1.80000000e+00 -3.81327449e-05 
 4.38122765e-07  1.80000000e+00 -1.61761095e-03 
 4.68618366e-07  1.80000000e+00 -5.84253884e-04 
 4.83601226e-07  1.80000000e+00  1.64424233e-04 
 4.93799484e-07  1.80000000e+00 -4.12843835e-05 
 5.00000000e-07  1.80000000e+00  6.17759545e-05 
 5.00010000e-07  1.62000000e+00 -7.85141198e-04 
 5.00030000e-07  1.26000000e+00 -2.29563691e-03 
 5.00070000e-07  5.40000000e-01 -4.30893048e-03 
 5.00100000e-07  0.00000000e+00 -5.24663531e-03 
 5.00108000e-07  0.00000000e+00 -4.80045974e-03 
 5.00124000e-07  0.00000000e+00 -3.87976880e-03 
 5.00156000e-07  0.00000000e+00 -2.54258866e-03 
 5.00220000e-07  0.00000000e+00 -1.12279436e-03 
 5.00345014e-07  0.00000000e+00 -4.10268396e-05 
 5.00518115e-07  0.00000000e+00  3.49190296e-04 
 5.00864214e-07  0.00000000e+00  1.11009186e-03 
 5.01309577e-07  0.00000000e+00 -4.02601757e-03 
 5.01729758e-07  0.00000000e+00 -1.63923569e-02 
 5.02196081e-07  0.00000000e+00 -6.86199476e-03 
 5.02642891e-07  0.00000000e+00  3.97650580e-02 
 5.03189565e-07  0.00000000e+00  1.14847249e-01 
 5.03770355e-07  0.00000000e+00  1.98856591e-01 
 5.04399690e-07  0.00000000e+00  2.89851549e-01 
 5.05267771e-07  0.00000000e+00  4.10044004e-01 
 5.06068127e-07  0.00000000e+00  5.14746761e-01 
 5.07270845e-07  0.00000000e+00  6.64938738e-01 
 5.08701279e-07  0.00000000e+00  8.36977904e-01 
 5.09851515e-07  0.00000000e+00  9.49741608e-01 
 5.11095312e-07  0.00000000e+00  1.05765813e+00 
 5.12527294e-07  0.00000000e+00  1.17983245e+00 
 5.14129736e-07  0.00000000e+00  1.34718206e+00 
 5.15586212e-07  0.00000000e+00  1.53213836e+00 
 5.17506276e-07  0.00000000e+00  1.69575548e+00 
 5.19581917e-07  0.00000000e+00  1.76902262e+00 
 5.23041262e-07  0.00000000e+00  1.79860155e+00 
 5.28802544e-07  0.00000000e+00  1.80075225e+00 
 5.37140687e-07  0.00000000e+00  1.79960210e+00 
 5.53816972e-07  0.00000000e+00  1.80043986e+00 
 5.87169542e-07  0.00000000e+00  1.79962045e+00 
 6.53874682e-07  0.00000000e+00  1.80039318e+00 
 7.50100000e-07  9.52912066e-13  1.79962152e+00 
 7.50110000e-07  1.80000000e-01  1.80037746e+00 
 7.50130000e-07  5.40000000e-01  1.80209311e+00 
 7.50170000e-07  1.26000000e+00  1.80570731e+00 
 7.50200000e-07  1.80000000e+00  1.80801640e+00 
 7.50208000e-07  1.80000000e+00  1.80771248e+00 
 7.50224000e-07  1.80000000e+00  1.80708672e+00 
 7.50256000e-07  1.80000000e+00  1.80613037e+00 
 7.50320000e-07  1.80000000e+00  1.80495873e+00 
 7.50448000e-07  1.80000000e+00  1.80363803e+00 
 7.50697938e-07  1.80000000e+00  1.80227748e+00 
 7.51019835e-07  1.80000000e+00  1.80393624e+00 
 7.51566743e-07  1.80000000e+00  1.80752156e+00 
 7.52059735e-07  1.80000000e+00  1.80468633e+00 
 7.52583762e-07  1.80000000e+00  1.80253815e+00 
 7.53358546e-07  1.80000000e+00  1.80105270e+00 
 7.53867063e-07  1.80000000e+00  1.80058396e+00 
 7.54448587e-07  1.80000000e+00  1.80089883e+00 
 7.55024662e-07  1.80000000e+00  1.79822607e+00 
 7.55630196e-07  1.80000000e+00  1.79866789e+00 
 7.56458232e-07  1.80000000e+00  1.79926183e+00 
 7.57326152e-07  1.80000000e+00  1.79884329e+00 
 7.58289871e-07  1.80000000e+00  1.79799619e+00 
 7.59233963e-07  1.80000000e+00  1.79736389e+00 
 7.60591692e-07  1.80000000e+00  1.79763237e+00 
 7.62116685e-07  1.80000000e+00  1.79838979e+00 
 7.64893937e-07  1.80000000e+00  1.79931316e+00 
 7.68653761e-07  1.80000000e+00  1.79975529e+00 
 7.76173410e-07  1.80000000e+00  1.80003622e+00 
 7.91212708e-07  1.80000000e+00  1.79997977e+00 
 8.21291303e-07  1.80000000e+00  1.80003293e+00 
 8.81448493e-07  1.80000000e+00  1.79997826e+00 
 1.00000000e-06  1.80000000e+00  1.80003043e+00 
 1.00001000e-06  1.62000000e+00  1.79878947e+00 
 1.00003000e-06  1.26000000e+00  1.79653045e+00 
 1.00007000e-06  5.40000000e-01  1.79319969e+00 
 1.00010000e-06  0.00000000e+00  1.79162123e+00 
 1.00010800e-06  0.00000000e+00  1.79223200e+00 
 1.00012400e-06  0.00000000e+00  1.79342652e+00 
 1.00015600e-06  0.00000000e+00  1.79519373e+00 
 1.00022000e-06  0.00000000e+00  1.79748134e+00 
 1.00034494e-06  0.00000000e+00  1.79996629e+00 
 1.00051800e-06  0.00000000e+00  1.80142686e+00 
 1.00086411e-06  0.00000000e+00  1.80230891e+00 
 1.00131052e-06  0.00000000e+00  1.80085218e+00 
 1.00181855e-06  0.00000000e+00  1.79851506e+00 
 1.00230231e-06  0.00000000e+00  1.79847142e+00 
 1.00277815e-06  0.00000000e+00  1.79978084e+00 
 1.00333720e-06  0.00000000e+00  1.80099692e+00 
 1.00392589e-06  0.00000000e+00  1.79989317e+00 
 1.00456282e-06  0.00000000e+00  1.79141391e+00 
 1.00518969e-06  0.00000000e+00  1.78992267e+00 
 1.00576247e-06  0.00000000e+00  1.78598641e+00 
 1.00641577e-06  0.00000000e+00  1.78511752e+00 
 1.00727097e-06  0.00000000e+00  1.78953656e+00 
 1.00819091e-06  0.00000000e+00  1.79292020e+00 
 1.00935482e-06  0.00000000e+00  1.79546761e+00 
 1.01042502e-06  0.00000000e+00  1.79728952e+00 
 1.01148903e-06  0.00000000e+00  1.79869254e+00 
 1.01263193e-06  0.00000000e+00  1.79956390e+00 
 1.01351465e-06  0.00000000e+00  1.79928337e+00 
 1.01437690e-06  0.00000000e+00  1.79870352e+00 
 1.01535310e-06  0.00000000e+00  1.79908274e+00 
 1.01636404e-06  0.00000000e+00  1.79927062e+00 
 1.01735742e-06  0.00000000e+00  1.79777424e+00 
 1.01854441e-06  0.00000000e+00  1.79774144e+00 
 1.01978116e-06  0.00000000e+00  1.79867760e+00 
 1.02163068e-06  0.00000000e+00  1.79956966e+00 
 1.02375896e-06  0.00000000e+00  1.79980631e+00 
 1.02801552e-06  0.00000000e+00  1.79999219e+00 
 1.03629615e-06  0.00000000e+00  1.79993517e+00 
 1.05014973e-06  0.00000000e+00  1.80000085e+00 
 1.06811755e-06  0.00000000e+00  1.79995286e+00 
 1.08522576e-06  0.00000000e+00  1.80000934e+00 
 1.10023562e-06  0.00000000e+00  1.80014773e+00 
 1.11032526e-06  0.00000000e+00  1.79949801e+00 
 1.12047465e-06  0.00000000e+00  1.80055397e+00 
 1.13071346e-06  0.00000000e+00  1.79942549e+00 
 1.13978896e-06  0.00000000e+00  1.80050431e+00 
 1.14906567e-06  0.00000000e+00  1.79953355e+00 
 1.16193304e-06  0.00000000e+00  1.80040115e+00 
 1.17642558e-06  0.00000000e+00  1.79962071e+00 
 1.19738528e-06  0.00000000e+00  1.80033715e+00 
 1.22716205e-06  0.00000000e+00  1.79966740e+00 
 1.25010000e-06  0.00000000e+00  1.80029793e+00 
 1.25011000e-06  1.80000000e-01  1.80101590e+00 
 1.25013000e-06  5.40000000e-01  1.80272335e+00 
 1.25017000e-06  1.26000000e+00  1.80644770e+00 
 1.25020000e-06  1.80000000e+00  1.80886559e+00 
 1.25020800e-06  1.80000000e+00  1.80857721e+00 
 1.25022400e-06  1.80000000e+00  1.80796642e+00 
 1.25025600e-06  1.80000000e+00  1.80697212e+00 
 1.25032000e-06  1.80000000e+00  1.80561393e+00 
 1.25044800e-06  1.80000000e+00  1.80398648e+00 
 1.25069825e-06  1.80000000e+00  1.80246490e+00 
 1.25101698e-06  1.80000000e+00  1.80376078e+00 
 1.25150910e-06  1.80000000e+00  1.80730115e+00 
 1.25202921e-06  1.80000000e+00  1.80421454e+00 
 1.25252124e-06  1.80000000e+00  1.80205848e+00 
 1.25326769e-06  1.80000000e+00  1.80048041e+00 
 1.25379540e-06  1.80000000e+00  1.79959444e+00 
 1.25439536e-06  1.80000000e+00  1.79864911e+00 
 1.25498417e-06  1.80000000e+00  1.79804830e+00 
 1.25561333e-06  1.80000000e+00  1.79814391e+00 
 1.25647281e-06  1.80000000e+00  1.79839166e+00 
 1.25773996e-06  1.80000000e+00  1.79886904e+00 
 1.25931492e-06  1.80000000e+00  1.79924566e+00 
 1.26195025e-06  1.80000000e+00  1.79965895e+00 
 1.26545940e-06  1.80000000e+00  1.79986359e+00 
 1.27247769e-06  1.80000000e+00  1.80000696e+00 
 1.28651428e-06  1.80000000e+00  1.79999067e+00 
 1.31458745e-06  1.80000000e+00  1.80000953e+00 
 1.37073381e-06  1.80000000e+00  1.79999029e+00 
 1.48302651e-06  1.80000000e+00  1.80000968e+00 
 1.50000000e-06  1.80000000e+00  1.79999016e+00 
 1.50001000e-06  1.62000000e+00  1.79876674e+00 
 1.50003000e-06  1.26000000e+00  1.79651179e+00 
 1.50007000e-06  5.40000000e-01  1.79309379e+00 
 1.50010000e-06  0.00000000e+00  1.79136050e+00 
 1.50010800e-06  0.00000000e+00  1.79192410e+00 
 1.50012400e-06  0.00000000e+00  1.79306122e+00 
 1.50015600e-06  0.00000000e+00  1.79485638e+00 
 1.50022000e-06  0.00000000e+00  1.79730443e+00 
 1.50034492e-06  0.00000000e+00  1.79991330e+00 
 1.50051788e-06  0.00000000e+00  1.80139768e+00 
 1.50086378e-06  0.00000000e+00  1.80227025e+00 
 1.50131056e-06  0.00000000e+00  1.80090915e+00 
 1.50181699e-06  0.00000000e+00  1.79860607e+00 
 1.50231457e-06  0.00000000e+00  1.79837373e+00 
 1.50278187e-06  0.00000000e+00  1.79941999e+00 
 1.50333222e-06  0.00000000e+00  1.79963706e+00 
 1.50391444e-06  0.00000000e+00  1.79969634e+00 
 1.50455068e-06  0.00000000e+00  1.79980523e+00 
 1.50549514e-06  0.00000000e+00  1.79980048e+00 
 1.50638163e-06  0.00000000e+00  1.79985986e+00 
 1.50718244e-06  0.00000000e+00  1.79994793e+00 
 1.50804972e-06  0.00000000e+00  1.79990079e+00 
 1.50888466e-06  0.00000000e+00  1.79994727e+00 
 1.50981721e-06  0.00000000e+00  1.79990819e+00 
 1.51086749e-06  0.00000000e+00  1.79994805e+00 
 1.51199549e-06  0.00000000e+00  1.79991374e+00 
 1.51425148e-06  0.00000000e+00  1.79995353e+00 
 1.51876347e-06  0.00000000e+00  1.79992819e+00 
 1.52770985e-06  0.00000000e+00  1.79997492e+00 
 1.54560261e-06  0.00000000e+00  1.79995462e+00 
 1.58138814e-06  0.00000000e+00  1.80000012e+00 
 1.65295920e-06  0.00000000e+00  1.79997424e+00 
 1.75010000e-06  0.00000000e+00  1.80001161e+00 
 1.75011000e-06  1.80000000e-01  1.80058630e+00 
 1.75013000e-06  5.40000000e-01  1.80206632e+00 
 1.75017000e-06  1.26000000e+00  1.80563527e+00 
 1.75020000e-06  1.80000000e+00  1.80809027e+00 
 1.75020800e-06  1.80000000e+00  1.80783471e+00 
 1.75022400e-06  1.80000000e+00  1.80728737e+00 
 1.75025600e-06  1.80000000e+00  1.80639708e+00 
 1.75032000e-06  1.80000000e+00  1.80520261e+00 
 1.75044800e-06  1.80000000e+00  1.80379067e+00 
 1.75069675e-06  1.80000000e+00  1.80244711e+00 
 1.75101480e-06  1.80000000e+00  1.80378059e+00 
 1.75156153e-06  1.80000000e+00  1.80716608e+00 
 1.75205419e-06  1.80000000e+00  1.80415855e+00 
 1.75257692e-06  1.80000000e+00  1.80199406e+00 
 1.75334688e-06  1.80000000e+00  1.80062553e+00 
 1.75385723e-06  1.80000000e+00  1.79986534e+00 
 1.75444266e-06  1.80000000e+00  1.79890047e+00 
 1.75500305e-06  1.80000000e+00  1.79811560e+00 
 1.75560061e-06  1.80000000e+00  1.79808056e+00 
 1.75645507e-06  1.80000000e+00  1.79829938e+00 
 1.75736282e-06  1.80000000e+00  1.79866190e+00 
 1.75917833e-06  1.80000000e+00  1.79917325e+00 
 1.76144332e-06  1.80000000e+00  1.79957211e+00 
 1.76516235e-06  1.80000000e+00  1.79985013e+00 
 1.77235724e-06  1.80000000e+00  1.80000357e+00 
 1.78674701e-06  1.80000000e+00  1.79999495e+00 
 1.81552657e-06  1.80000000e+00  1.80000504e+00 
 1.87308569e-06  1.80000000e+00  1.79999481e+00 
 1.98820392e-06  1.80000000e+00  1.80000513e+00 
 2.00000000e-06  1.80000000e+00  1.79999480e+00 
 2.00001000e-06  1.62000000e+00  1.79877435e+00 
 2.00003000e-06  1.26000000e+00  1.79653274e+00 
 2.00007000e-06  5.40000000e-01  1.79312115e+00 
 2.00010000e-06  3.67639252e-12  1.79137962e+00 
 2.00010800e-06  0.00000000e+00  1.79194108e+00 
 2.00012400e-06  0.00000000e+00  1.79307435e+00 
 2.00015600e-06  0.00000000e+00  1.79486468e+00 
 2.00022000e-06  0.00000000e+00  1.79731136e+00 
 2.00034490e-06  0.00000000e+00  1.79991867e+00 
 2.00051776e-06  0.00000000e+00  1.80140072e+00 
 2.00086347e-06  0.00000000e+00  1.80226305e+00 
 2.00131028e-06  0.00000000e+00  1.80089283e+00 
 2.00181638e-06  0.00000000e+00  1.79861092e+00 
 2.00231215e-06  0.00000000e+00  1.79837111e+00 
 2.00278300e-06  0.00000000e+00  1.79928028e+00 
 2.00332232e-06  0.00000000e+00  1.79957865e+00 
 2.00389924e-06  0.00000000e+00  1.79971681e+00 
 2.00448707e-06  0.00000000e+00  1.79979706e+00 
 2.00520746e-06  0.00000000e+00  1.79991587e+00 
 2.00583552e-06  0.00000000e+00  1.79987675e+00 
 2.00649981e-06  0.00000000e+00  1.79992410e+00 
 2.00747135e-06  0.00000000e+00  1.79988742e+00 
 2.00836240e-06  0.00000000e+00  1.79994881e+00 
 2.00975429e-06  0.00000000e+00  1.79998780e+00 
 2.01132216e-06  0.00000000e+00  1.80032008e+00 
 2.01278184e-06  0.00000000e+00  1.80035752e+00 
 2.01389307e-06  0.00000000e+00  1.79964683e+00 
 2.01496096e-06  0.00000000e+00  1.79874083e+00 
 2.01611116e-06  0.00000000e+00  1.79981140e+00 
 2.01715723e-06  0.00000000e+00  1.79805605e+00 
 2.01824786e-06  0.00000000e+00  1.79765315e+00 
 2.01945553e-06  0.00000000e+00  1.79842655e+00 
 2.02137570e-06  0.00000000e+00  1.79953864e+00 
 2.02311764e-06  0.00000000e+00  1.79972621e+00 
 2.02660153e-06  0.00000000e+00  1.80000094e+00 
 2.03192686e-06  0.00000000e+00  1.79991318e+00 
 2.04010601e-06  0.00000000e+00  1.80001613e+00 
 2.05510780e-06  0.00000000e+00  1.79992775e+00 
 2.07980305e-06  0.00000000e+00  1.80003006e+00 
 2.11337884e-06  0.00000000e+00  1.79994027e+00 
 2.18053040e-06  0.00000000e+00  1.80003958e+00 
 2.25010000e-06  0.00000000e+00  1.79994745e+00 
 2.25011000e-06  1.80000000e-01  1.80053237e+00 
 2.25013000e-06  5.40000000e-01  1.80203191e+00 
 2.25017000e-06  1.26000000e+00  1.80560875e+00 
 2.25020000e-06  1.80000000e+00  1.80805013e+00 
 2.25020800e-06  1.80000000e+00  1.80779729e+00 
 2.25022400e-06  1.80000000e+00  1.80725626e+00 
 2.25025600e-06  1.80000000e+00  1.80637833e+00 
 2.25032000e-06  1.80000000e+00  1.80519862e+00 
 2.25044800e-06  1.80000000e+00  1.80379425e+00 
 2.25069883e-06  1.80000000e+00  1.80244859e+00 
 2.25101438e-06  1.80000000e+00  1.80378295e+00 
 2.25150482e-06  1.80000000e+00  1.80736819e+00 
 2.25202543e-06  1.80000000e+00  1.80429628e+00 
 2.25251637e-06  1.80000000e+00  1.80211961e+00 
 2.25326018e-06  1.80000000e+00  1.80052042e+00 
 2.25378858e-06  1.80000000e+00  1.79962301e+00 
 2.25439141e-06  1.80000000e+00  1.79867574e+00 
 2.25497655e-06  1.80000000e+00  1.79807016e+00 
 2.25560265e-06  1.80000000e+00  1.79816594e+00 
 2.25647143e-06  1.80000000e+00  1.79841093e+00 
 2.25769958e-06  1.80000000e+00  1.79887331e+00 
 2.25928525e-06  1.80000000e+00  1.79924966e+00 
 2.26187303e-06  1.80000000e+00  1.79965624e+00 
 2.26538610e-06  1.80000000e+00  1.79986260e+00 
 2.27241225e-06  1.80000000e+00  1.80000724e+00 
 2.28646453e-06  1.80000000e+00  1.79999051e+00 
 2.31456909e-06  1.80000000e+00  1.80000969e+00 
 2.37077822e-06  1.80000000e+00  1.79999013e+00 
 2.48319648e-06  1.80000000e+00  1.80000983e+00 
 2.50000000e-06  1.80000000e+00  1.79999001e+00 
 2.50001000e-06  1.62000000e+00  1.79877626e+00 
 2.50003000e-06  1.26000000e+00  1.79654979e+00 
 2.50007000e-06  5.40000000e-01  1.79314629e+00 
 2.50010000e-06  3.67639252e-12  1.79140093e+00 
 2.50010800e-06  0.00000000e+00  1.79195927e+00 
 2.50012400e-06  0.00000000e+00  1.79308601e+00 
 2.50015600e-06  0.00000000e+00  1.79486713e+00 
 2.50022000e-06  0.00000000e+00  1.79730458e+00 
 2.50034492e-06  0.00000000e+00  1.79991198e+00 
 2.50051788e-06  0.00000000e+00  1.80139968e+00 
 2.50086379e-06  0.00000000e+00  1.80226807e+00 
 2.50131055e-06  0.00000000e+00  1.80090121e+00 
 2.50181704e-06  0.00000000e+00  1.79860042e+00 
 2.50231382e-06  0.00000000e+00  1.79838448e+00 
 2.50278139e-06  0.00000000e+00  1.79941966e+00 
 2.50333326e-06  0.00000000e+00  1.79963545e+00 
 2.50391477e-06  0.00000000e+00  1.79969525e+00 
 2.50455267e-06  0.00000000e+00  1.79980620e+00 
 2.50549820e-06  0.00000000e+00  1.79979604e+00 
 2.50638599e-06  0.00000000e+00  1.79985896e+00 
 2.50718798e-06  0.00000000e+00  1.79995025e+00 
 2.50805631e-06  0.00000000e+00  1.79990213e+00 
 2.50889175e-06  0.00000000e+00  1.79994809e+00 
 2.50982437e-06  0.00000000e+00  1.79990821e+00 
 2.51087256e-06  0.00000000e+00  1.79994807e+00 
 2.51199969e-06  0.00000000e+00  1.79991318e+00 
 2.51425394e-06  0.00000000e+00  1.79995327e+00 
 2.51876244e-06  0.00000000e+00  1.79992756e+00 
 2.52770027e-06  0.00000000e+00  1.79997489e+00 
 2.54557593e-06  0.00000000e+00  1.79995427e+00 
 2.58132726e-06  0.00000000e+00  1.80000028e+00 
 2.65282991e-06  0.00000000e+00  1.79997400e+00 
 2.75010000e-06  0.00000000e+00  1.80001183e+00 
 2.75011000e-06  1.80000000e-01  1.80058435e+00 
 2.75013000e-06  5.40000000e-01  1.80205913e+00 
 2.75017000e-06  1.26000000e+00  1.80560173e+00 
 2.75020000e-06  1.80000000e+00  1.80802863e+00 
 2.75020800e-06  1.80000000e+00  1.80777899e+00 
 2.75022400e-06  1.80000000e+00  1.80724387e+00 
 2.75025600e-06  1.80000000e+00  1.80637155e+00 
 2.75032000e-06  1.80000000e+00  1.80519511e+00 
 2.75044800e-06  1.80000000e+00  1.80379226e+00 
 2.75069675e-06  1.80000000e+00  1.80244970e+00 
 2.75101267e-06  1.80000000e+00  1.80377146e+00 
 2.75150440e-06  1.80000000e+00  1.80737857e+00 
 2.75202439e-06  1.80000000e+00  1.80431427e+00 
 2.75251588e-06  1.80000000e+00  1.80214418e+00 
 2.75325851e-06  1.80000000e+00  1.80076882e+00 
 2.75377634e-06  1.80000000e+00  1.79997289e+00 
 2.75436862e-06  1.80000000e+00  1.79905019e+00 
 2.75490131e-06  1.80000000e+00  1.79820887e+00 
 2.75548757e-06  1.80000000e+00  1.79806002e+00 
 2.75626994e-06  1.80000000e+00  1.79824125e+00 
 2.75711757e-06  1.80000000e+00  1.79856722e+00 
 2.75879162e-06  1.80000000e+00  1.79908494e+00 
 2.76089926e-06  1.80000000e+00  1.79949518e+00 
 2.76415113e-06  1.80000000e+00  1.79980100e+00 
 2.76996734e-06  1.80000000e+00  1.79997773e+00 
 2.78159976e-06  1.80000000e+00  1.80000376e+00 
 2.80486460e-06  1.80000000e+00  1.79999850e+00 
 2.85139428e-06  1.80000000e+00  1.80000065e+00 
 2.94445363e-06  1.80000000e+00  1.79999954e+00 
 3.00000000e-06  1.80000000e+00  1.80000001e+00 
 3.00001000e-06  1.62000000e+00  1.79878731e+00 
 3.00003000e-06  1.26000000e+00  1.79656612e+00 
 3.00007000e-06  5.40000000e-01  1.79315995e+00 
 3.00010000e-06  3.67639252e-12  1.79140952e+00 
 3.00010800e-06  0.00000000e+00  1.79196664e+00 
 3.00012400e-06  0.00000000e+00  1.79309081e+00 
 3.00015600e-06  0.00000000e+00  1.79486883e+00 
 3.00022000e-06  0.00000000e+00  1.79730773e+00 
 3.00034489e-06  0.00000000e+00  1.79991692e+00 
 3.00051780e-06  0.00000000e+00  1.80140313e+00 
 3.00086362e-06  0.00000000e+00  1.80226307e+00 
 3.00131041e-06  0.00000000e+00  1.80088973e+00 
 3.00181672e-06  0.00000000e+00  1.79860697e+00 
 3.00231211e-06  0.00000000e+00  1.79837269e+00 
 3.00278318e-06  0.00000000e+00  1.79928230e+00 
 3.00332266e-06  0.00000000e+00  1.79958182e+00 
 3.00389955e-06  0.00000000e+00  1.79971859e+00 
 3.00448697e-06  0.00000000e+00  1.79979835e+00 
 3.00520846e-06  0.00000000e+00  1.79991625e+00 
 3.00583674e-06  0.00000000e+00  1.79987691e+00 
 3.00650185e-06  0.00000000e+00  1.79992388e+00 
 3.00747350e-06  0.00000000e+00  1.79988709e+00 
 3.00836524e-06  0.00000000e+00  1.79994842e+00 
 3.00975883e-06  0.00000000e+00  1.79998762e+00 
 3.01132470e-06  0.00000000e+00  1.80032050e+00 
 3.01278454e-06  0.00000000e+00  1.80035688e+00 
 3.01389445e-06  0.00000000e+00  1.79964670e+00 
 3.01496149e-06  0.00000000e+00  1.79874126e+00 
 3.01611135e-06  0.00000000e+00  1.79980871e+00 
 3.01715749e-06  0.00000000e+00  1.79805513e+00 
 3.01824786e-06  0.00000000e+00  1.79765003e+00 
 3.01945566e-06  0.00000000e+00  1.79842683e+00 
 3.02137514e-06  0.00000000e+00  1.79953815e+00 
 3.02311720e-06  0.00000000e+00  1.79972589e+00 
 3.02660131e-06  0.00000000e+00  1.80000051e+00 
 3.03192615e-06  0.00000000e+00  1.79991298e+00 
 3.04010922e-06  0.00000000e+00  1.80001565e+00 
 3.05205457e-06  0.00000000e+00  1.79992179e+00 
 3.06666436e-06  0.00000000e+00  1.79996531e+00 
 3.08021402e-06  0.00000000e+00  1.80005310e+00 
 3.09015744e-06  0.00000000e+00  1.79993468e+00 
 3.09942735e-06  0.00000000e+00  1.80003878e+00 
 3.10969887e-06  0.00000000e+00  1.79994426e+00 
 3.11773108e-06  0.00000000e+00  1.80002114e+00 
 3.12620978e-06  0.00000000e+00  1.79996216e+00 
 3.13798138e-06  0.00000000e+00  1.80001138e+00 
 3.15569486e-06  0.00000000e+00  1.79997216e+00 
 3.18071740e-06  0.00000000e+00  1.80000882e+00 
 3.21878556e-06  0.00000000e+00  1.79997858e+00 
 3.25010000e-06  0.00000000e+00  1.80001340e+00 
 3.25011000e-06  1.80000000e-01  1.80061530e+00 
 3.25013000e-06  5.40000000e-01  1.80214346e+00 
 3.25017000e-06  1.26000000e+00  1.80574804e+00 
 3.25020000e-06  1.80000000e+00  1.80818694e+00 
 3.25020800e-06  1.80000000e+00  1.80793494e+00 
 3.25022400e-06  1.80000000e+00  1.80739329e+00 
 3.25025600e-06  1.80000000e+00  1.80650730e+00 
 3.25032000e-06  1.80000000e+00  1.80532186e+00 
 3.25044800e-06  1.80000000e+00  1.80391478e+00 
 3.25069869e-06  1.80000000e+00  1.80254045e+00 
 3.25101282e-06  1.80000000e+00  1.80382702e+00 
 3.25150268e-06  1.80000000e+00  1.80734647e+00 
 3.25202317e-06  1.80000000e+00  1.80408914e+00 
 3.25251379e-06  1.80000000e+00  1.80160217e+00 
 3.25325565e-06  1.80000000e+00  1.80025545e+00 
 3.25375149e-06  1.80000000e+00  1.80006915e+00 
 3.25431989e-06  1.80000000e+00  1.80004946e+00 
 3.25494458e-06  1.80000000e+00  1.79995252e+00 
 3.25558801e-06  1.80000000e+00  1.80009484e+00 
 3.25640119e-06  1.80000000e+00  1.80018003e+00 
 3.25790341e-06  1.80000000e+00  1.80005565e+00 
 3.25932616e-06  1.80000000e+00  1.79957819e+00 
 3.26217165e-06  1.80000000e+00  1.79924289e+00 
 3.26435264e-06  1.80000000e+00  1.79928081e+00 
 3.26672238e-06  1.80000000e+00  1.79896576e+00 
 3.27030574e-06  1.80000000e+00  1.79972343e+00 
 3.27393757e-06  1.80000000e+00  1.79973129e+00 
 3.27974752e-06  1.80000000e+00  1.79994043e+00 
 3.28515911e-06  1.80000000e+00  1.79997535e+00 
 3.29138777e-06  1.80000000e+00  1.80001284e+00 
 3.30384509e-06  1.80000000e+00  1.79998181e+00 
 3.32561123e-06  1.80000000e+00  1.80001838e+00 
 3.36135165e-06  1.80000000e+00  1.79998102e+00 
 3.43283250e-06  1.80000000e+00  1.80001905e+00 
 3.50000000e-06  1.80000000e+00  1.79998071e+00 
 3.50001000e-06  1.62000000e+00  1.79877079e+00 
 3.50003000e-06  1.26000000e+00  1.79655717e+00 
 3.50007000e-06  5.40000000e-01  1.79316208e+00 
 3.50010000e-06  3.67639252e-12  1.79141442e+00 
 3.50010800e-06  0.00000000e+00  1.79197086e+00 
 3.50012400e-06  0.00000000e+00  1.79309285e+00 
 3.50015600e-06  0.00000000e+00  1.79486812e+00 
 3.50022000e-06  0.00000000e+00  1.79730211e+00 
 3.50034493e-06  0.00000000e+00  1.79991042e+00 
 3.50051788e-06  0.00000000e+00  1.80139815e+00 
 3.50086378e-06  0.00000000e+00  1.80226158e+00 
 3.50131032e-06  0.00000000e+00  1.80089274e+00 
 3.50181705e-06  0.00000000e+00  1.79859421e+00 
 3.50231306e-06  0.00000000e+00  1.79838172e+00 
 3.50278099e-06  0.00000000e+00  1.79941606e+00 
 3.50333316e-06  0.00000000e+00  1.79963500e+00 
 3.50391479e-06  0.00000000e+00  1.79969422e+00 
 3.50455272e-06  0.00000000e+00  1.79980550e+00 
 3.50549820e-06  0.00000000e+00  1.79979568e+00 
 3.50638598e-06  0.00000000e+00  1.79985829e+00 
 3.50718506e-06  0.00000000e+00  1.79994924e+00 
 3.50805317e-06  0.00000000e+00  1.79990169e+00 
 3.50888745e-06  0.00000000e+00  1.79994745e+00 
 3.50982123e-06  0.00000000e+00  1.79990773e+00 
 3.51087108e-06  0.00000000e+00  1.79994763e+00 
 3.51199697e-06  0.00000000e+00  1.79991273e+00 
 3.51424876e-06  0.00000000e+00  1.79995295e+00 
 3.51875233e-06  0.00000000e+00  1.79992725e+00 
 3.52771073e-06  0.00000000e+00  1.79997479e+00 
 3.54562752e-06  0.00000000e+00  1.79995419e+00 
 3.58146110e-06  0.00000000e+00  1.80000033e+00 
 3.65312825e-06  0.00000000e+00  1.79997397e+00 
 3.75010000e-06  0.00000000e+00  1.80001187e+00 
 3.75011000e-06  1.80000000e-01  1.80058365e+00 
 3.75013000e-06  5.40000000e-01  1.80205540e+00 
 3.75017000e-06  1.26000000e+00  1.80558463e+00 
 3.75020000e-06  1.80000000e+00  1.80799356e+00 
 3.75020800e-06  1.80000000e+00  1.80774713e+00 
 3.75022400e-06  1.80000000e+00  1.80721916e+00 
 3.75025600e-06  1.80000000e+00  1.80635845e+00 
 3.75032000e-06  1.80000000e+00  1.80519398e+00 
 3.75044800e-06  1.80000000e+00  1.80379597e+00 
 3.75069675e-06  1.80000000e+00  1.80245170e+00 
 3.75101148e-06  1.80000000e+00  1.80376565e+00 
 3.75150262e-06  1.80000000e+00  1.80738635e+00 
 3.75202264e-06  1.80000000e+00  1.80432801e+00 
 3.75251378e-06  1.80000000e+00  1.80214993e+00 
 3.75325483e-06  1.80000000e+00  1.80077522e+00 
 3.75377253e-06  1.80000000e+00  1.79997409e+00 
 3.75436434e-06  1.80000000e+00  1.79905577e+00 
 3.75489658e-06  1.80000000e+00  1.79821241e+00 
 3.75548239e-06  1.80000000e+00  1.79806088e+00 
 3.75626337e-06  1.80000000e+00  1.79823959e+00 
 3.75710982e-06  1.80000000e+00  1.79856507e+00 
 3.75877804e-06  1.80000000e+00  1.79908194e+00 
 3.76088024e-06  1.80000000e+00  1.79949274e+00 
 3.76411757e-06  1.80000000e+00  1.79979909e+00 
 3.76989468e-06  1.80000000e+00  1.79997684e+00 
 3.78144889e-06  1.80000000e+00  1.80000388e+00 
 3.80455732e-06  1.80000000e+00  1.79999845e+00 
 3.85077417e-06  1.80000000e+00  1.80000069e+00 
 3.94320789e-06  1.80000000e+00  1.79999951e+00 
 4.00000000e-06  1.80000000e+00  1.80000004e+00 
 4.00001000e-06  1.62000000e+00  1.79879322e+00 
 4.00003000e-06  1.26000000e+00  1.79658637e+00 
 4.00007000e-06  5.40000000e-01  1.79318333e+00 
 4.00010000e-06  0.00000000e+00  1.79142760e+00 
 4.00010800e-06  0.00000000e+00  1.79198200e+00 
 4.00012400e-06  0.00000000e+00  1.79310009e+00 
 4.00015600e-06  0.00000000e+00  1.79486995e+00 
 4.00022000e-06  0.00000000e+00  1.79730270e+00 
 4.00034489e-06  0.00000000e+00  1.79991299e+00 
 4.00051780e-06  0.00000000e+00  1.80140335e+00 
 4.00086362e-06  0.00000000e+00  1.80226325e+00 
 4.00131040e-06  0.00000000e+00  1.80088748e+00 
 4.00181677e-06  0.00000000e+00  1.79860639e+00 
 4.00231137e-06  0.00000000e+00  1.79837422e+00 
 4.00278273e-06  0.00000000e+00  1.79928120e+00 
 4.00332243e-06  0.00000000e+00  1.79958369e+00 
 4.00389931e-06  0.00000000e+00  1.79971931e+00 
 4.00448672e-06  0.00000000e+00  1.79979899e+00 
 4.00520875e-06  0.00000000e+00  1.79991637e+00 
 4.00583728e-06  0.00000000e+00  1.79987688e+00 
 4.00650258e-06  0.00000000e+00  1.79992365e+00 
 4.00747465e-06  0.00000000e+00  1.79988679e+00 
 4.00836648e-06  0.00000000e+00  1.79994809e+00 
 4.00976085e-06  0.00000000e+00  1.79998752e+00 
 4.01132492e-06  0.00000000e+00  1.80032059e+00 
 4.01278447e-06  0.00000000e+00  1.80035801e+00 
 4.01389335e-06  0.00000000e+00  1.79964989e+00 
 4.01495973e-06  0.00000000e+00  1.79874303e+00 
 4.01610933e-06  0.00000000e+00  1.79980322e+00 
 4.01715538e-06  0.00000000e+00  1.79805348e+00 
 4.01824536e-06  0.00000000e+00  1.79764203e+00 
 4.01945337e-06  0.00000000e+00  1.79842013e+00 
 4.02136969e-06  0.00000000e+00  1.79951068e+00 
 4.02311215e-06  0.00000000e+00  1.79962848e+00 
 4.02659707e-06  0.00000000e+00  1.79993255e+00 
 4.03019907e-06  0.00000000e+00  1.79992673e+00 
 4.03363829e-06  0.00000000e+00  1.79995774e+00 
 4.03815126e-06  0.00000000e+00  1.79998397e+00 
 4.04116293e-06  0.00000000e+00  1.80022227e+00 
 4.04437638e-06  0.00000000e+00  1.79989574e+00 
 4.04788549e-06  0.00000000e+00  1.79992593e+00 
 4.05119396e-06  0.00000000e+00  1.80000744e+00 
 4.05495071e-06  0.00000000e+00  1.79997160e+00 
 4.06171021e-06  0.00000000e+00  1.79998973e+00 
 4.06838624e-06  0.00000000e+00  1.79998042e+00 
 4.07503628e-06  0.00000000e+00  1.79997612e+00 
 4.08201391e-06  0.00000000e+00  1.79999043e+00 
 4.09283452e-06  0.00000000e+00  1.79997538e+00 
 4.10895814e-06  0.00000000e+00  1.79999724e+00 
 4.13762096e-06  0.00000000e+00  1.79997880e+00 
 4.19494661e-06  0.00000000e+00  1.80000399e+00 
 4.25010000e-06  6.67038446e-12  1.79998308e+00 
 4.25011000e-06  1.80000000e-01  1.80056837e+00 
 4.25013000e-06  5.40000000e-01  1.80206821e+00 
 4.25017000e-06  1.26000000e+00  1.80561921e+00 
 4.25020000e-06  1.80000000e+00  1.80801621e+00 
 4.25020800e-06  1.80000000e+00  1.80775343e+00 
 4.25022400e-06  1.80000000e+00  1.80719773e+00 
 4.25025600e-06  1.80000000e+00  1.80631692e+00 
 4.25032000e-06  1.80000000e+00  1.80517506e+00 
 4.25044800e-06  1.80000000e+00  1.80381604e+00 
 4.25069851e-06  1.80000000e+00  1.80246545e+00 
 4.25101184e-06  1.80000000e+00  1.80377529e+00 
 4.25150140e-06  1.80000000e+00  1.80732006e+00 
 4.25202182e-06  1.80000000e+00  1.80403685e+00 
 4.25251225e-06  1.80000000e+00  1.80151376e+00 
 4.25325298e-06  1.80000000e+00  1.80017680e+00 
 4.25375569e-06  1.80000000e+00  1.80001438e+00 
 4.25432719e-06  1.80000000e+00  1.79997886e+00 
 4.25493518e-06  1.80000000e+00  1.79984481e+00 
 4.25556873e-06  1.80000000e+00  1.79990670e+00 
 4.25638576e-06  1.80000000e+00  1.79989257e+00 
 4.25780273e-06  1.80000000e+00  1.79995107e+00 
 4.25924317e-06  1.80000000e+00  1.79994606e+00 
 4.26200343e-06  1.80000000e+00  1.79999204e+00 
 4.26525627e-06  1.80000000e+00  1.79998177e+00 
 4.27176194e-06  1.80000000e+00  1.80000986e+00 
 4.28477329e-06  1.80000000e+00  1.79998976e+00 
 4.31079598e-06  1.80000000e+00  1.80001011e+00 
 4.36284137e-06  1.80000000e+00  1.79998982e+00 
 4.46693214e-06  1.80000000e+00  1.80001010e+00 
 4.50000000e-06  1.80000000e+00  1.79998987e+00 
 4.50001000e-06  1.62000000e+00  1.79876887e+00 
 4.50003000e-06  1.26000000e+00  1.79654873e+00 
 4.50007000e-06  5.40000000e-01  1.79317291e+00 
 4.50010000e-06  0.00000000e+00  1.79145937e+00 
 4.50010800e-06  0.00000000e+00  1.79203941e+00 
 4.50012400e-06  0.00000000e+00  1.79319523e+00 
 4.50015600e-06  0.00000000e+00  1.79496988e+00 
 4.50022000e-06  0.00000000e+00  1.79734032e+00 
 4.50034494e-06  0.00000000e+00  1.79985020e+00 
 4.50051797e-06  0.00000000e+00  1.80128119e+00 
 4.50086403e-06  0.00000000e+00  1.80230704e+00 
 4.50130999e-06  0.00000000e+00  1.80160010e+00 
 4.50174943e-06  0.00000000e+00  1.79950742e+00 
 4.50222681e-06  0.00000000e+00  1.79739285e+00 
 4.50267856e-06  0.00000000e+00  1.79735529e+00 
 4.50321705e-06  0.00000000e+00  1.79788377e+00 
 4.50378702e-06  0.00000000e+00  1.79844287e+00 
 4.50441676e-06  0.00000000e+00  1.79895317e+00 
 4.50521300e-06  0.00000000e+00  1.79926566e+00 
 4.50603964e-06  0.00000000e+00  1.79950806e+00 
 4.50673458e-06  0.00000000e+00  1.79966627e+00 
 4.50746177e-06  0.00000000e+00  1.79975797e+00 
 4.50839525e-06  0.00000000e+00  1.79983461e+00 
 4.50937268e-06  0.00000000e+00  1.79987587e+00 
 4.51031802e-06  0.00000000e+00  1.79990602e+00 
 4.51145522e-06  0.00000000e+00  1.79991970e+00 
 4.51271626e-06  0.00000000e+00  1.79993586e+00 
 4.51514155e-06  0.00000000e+00  1.79994250e+00 
 4.51860097e-06  0.00000000e+00  1.79995431e+00 
 4.52489437e-06  0.00000000e+00  1.79995717e+00 
 4.53587271e-06  0.00000000e+00  1.79997065e+00 
 4.55457650e-06  0.00000000e+00  1.79997473e+00 
 4.59198409e-06  0.00000000e+00  1.79998796e+00 
 4.66679927e-06  0.00000000e+00  1.79998968e+00 
 4.75010000e-06  6.67038446e-12  1.79999712e+00 
 4.75011000e-06  1.80000000e-01  1.80058290e+00 
 4.75013000e-06  5.40000000e-01  1.80207601e+00 
 4.75017000e-06  1.26000000e+00  1.80561109e+00 
 4.75020000e-06  1.80000000e+00  1.80800205e+00 
 4.75020800e-06  1.80000000e+00  1.80774109e+00 
 4.75022400e-06  1.80000000e+00  1.80718887e+00 
 4.75025600e-06  1.80000000e+00  1.80630988e+00 
 4.75032000e-06  1.80000000e+00  1.80516914e+00 
 4.75044800e-06  1.80000000e+00  1.80381278e+00 
 4.75069681e-06  1.80000000e+00  1.80246843e+00 
 4.75101077e-06  1.80000000e+00  1.80377519e+00 
 4.75150152e-06  1.80000000e+00  1.80734606e+00 
 4.75202154e-06  1.80000000e+00  1.80411201e+00 
 4.75251246e-06  1.80000000e+00  1.80146962e+00 
 4.75325464e-06  1.80000000e+00  1.79965376e+00 
 4.75377291e-06  1.80000000e+00  1.79967762e+00 
 4.75436499e-06  1.80000000e+00  1.80018668e+00 
 4.75489775e-06  1.80000000e+00  1.80048056e+00 
 4.75548399e-06  1.80000000e+00  1.80114375e+00 
 4.75626811e-06  1.80000000e+00  1.80158733e+00 
 4.75711767e-06  1.80000000e+00  1.80154584e+00 
 4.75793050e-06  1.80000000e+00  1.80116668e+00 
 4.75893453e-06  1.80000000e+00  1.80093227e+00 
 4.76017903e-06  1.80000000e+00  1.80067166e+00 
 4.76165738e-06  1.80000000e+00  1.80046721e+00 
 4.76407474e-06  1.80000000e+00  1.80022251e+00 
 4.76707971e-06  1.80000000e+00  1.80010597e+00 
 4.77308964e-06  1.80000000e+00  1.80000138e+00 
 4.78152019e-06  1.80000000e+00  1.80000750e+00 
 4.79587001e-06  1.80000000e+00  1.79999198e+00 
 4.81988044e-06  1.80000000e+00  1.80000795e+00 
 4.86790128e-06  1.80000000e+00  1.79999196e+00 
 4.96138237e-06  1.80000000e+00  1.80000796e+00 
 5.00000000e-06  1.80000000e+00  1.79999199e+00 
 5.00001000e-06  1.62000000e+00  1.79877030e+00 
 5.00003000e-06  1.26000000e+00  1.79655128e+00 
 5.00007000e-06  5.40000000e-01  1.79317515e+00 
 5.00010000e-06  0.00000000e+00  1.79146148e+00 
 5.00010800e-06  0.00000000e+00  1.79204227e+00 
 5.00012400e-06  0.00000000e+00  1.79319951e+00 
 5.00015600e-06  0.00000000e+00  1.79497373e+00 
 5.00022000e-06  0.00000000e+00  1.79734243e+00 
 5.00034489e-06  0.00000000e+00  1.79984896e+00 
 5.00051780e-06  0.00000000e+00  1.80127803e+00 
 5.00086361e-06  0.00000000e+00  1.80231436e+00 
 5.00131033e-06  0.00000000e+00  1.80161416e+00 
 5.00181672e-06  0.00000000e+00  1.79917667e+00 
 5.00231036e-06  0.00000000e+00  1.79768006e+00 
 5.00278204e-06  0.00000000e+00  1.79887420e+00 
 5.00333701e-06  0.00000000e+00  1.79715286e+00 
 5.00392577e-06  0.00000000e+00  1.79815101e+00 
 5.00456756e-06  0.00000000e+00  1.79998509e+00 
 5.00518308e-06  0.00000000e+00  1.80058361e+00 
 5.00575279e-06  0.00000000e+00  1.80098710e+00 
 5.00641137e-06  0.00000000e+00  1.80036514e+00 
 5.00725404e-06  0.00000000e+00  1.80040429e+00 
 5.00817440e-06  0.00000000e+00  1.80005030e+00 
 5.00934515e-06  0.00000000e+00  1.80019525e+00 
 5.01042679e-06  0.00000000e+00  1.80005232e+00 
 5.01146118e-06  0.00000000e+00  1.80047336e+00 
 5.01262616e-06  0.00000000e+00  1.80041433e+00 
 5.01350171e-06  0.00000000e+00  1.79994432e+00 
 5.01435318e-06  0.00000000e+00  1.79902690e+00 
 5.01545368e-06  0.00000000e+00  1.79943591e+00 
 5.01644810e-06  0.00000000e+00  1.79905348e+00 
 5.01752365e-06  0.00000000e+00  1.79773287e+00 
 5.01875740e-06  0.00000000e+00  1.79791427e+00 
 5.02005169e-06  0.00000000e+00  1.79895789e+00 
 5.02198287e-06  0.00000000e+00  1.79961391e+00 
 5.02453148e-06  0.00000000e+00  1.79990880e+00 
 5.02962870e-06  0.00000000e+00  1.79995195e+00 
 5.03511962e-06  0.00000000e+00  1.79999064e+00 
 5.04078088e-06  0.00000000e+00  1.79996316e+00 
 5.04691769e-06  0.00000000e+00  1.79999321e+00 
 5.05230429e-06  0.00000000e+00  1.79994872e+00 
 5.05786009e-06  0.00000000e+00  1.79996825e+00 
 5.06575050e-06  0.00000000e+00  1.79995515e+00 
 5.07612414e-06  0.00000000e+00  1.80000494e+00 
 5.08910663e-06  0.00000000e+00  1.79996780e+00 
 5.09898036e-06  0.00000000e+00  1.80000695e+00 
 5.10810716e-06  0.00000000e+00  1.79996869e+00 
 5.11646333e-06  0.00000000e+00  1.80000411e+00 
 5.12575329e-06  0.00000000e+00  1.79997303e+00 
 5.14433321e-06  0.00000000e+00  1.80000554e+00 
 5.17569691e-06  0.00000000e+00  1.79997666e+00 
 5.19373096e-06  0.00000000e+00  1.80000792e+00 
 5.21433029e-06  0.00000000e+00  1.79997837e+00 
 5.23971022e-06  0.00000000e+00  1.80000929e+00 
 5.25010000e-06  6.67038446e-12  1.79997941e+00 
 5.25011000e-06  1.80000000e-01  1.80057731e+00 
 5.25013000e-06  5.40000000e-01  1.80208581e+00 
 5.25017000e-06  1.26000000e+00  1.80561933e+00 
 5.25020000e-06  1.80000000e+00  1.80799757e+00 
 5.25020800e-06  1.80000000e+00  1.80773439e+00 
 5.25022400e-06  1.80000000e+00  1.80717844e+00 
 5.25025600e-06  1.80000000e+00  1.80629833e+00 
 5.25032000e-06  1.80000000e+00  1.80516291e+00 
 5.25044800e-06  1.80000000e+00  1.80381451e+00 
 5.25069738e-06  1.80000000e+00  1.80247093e+00 
 5.25101070e-06  1.80000000e+00  1.80377177e+00 
 5.25150110e-06  1.80000000e+00  1.80732772e+00 
 5.25202106e-06  1.80000000e+00  1.80405435e+00 
 5.25251185e-06  1.80000000e+00  1.80147428e+00 
 5.25325130e-06  1.80000000e+00  1.80013296e+00 
 5.25377330e-06  1.80000000e+00  1.80005588e+00 
 5.25435955e-06  1.80000000e+00  1.80001756e+00 
 5.25494392e-06  1.80000000e+00  1.79986648e+00 
 5.25556470e-06  1.80000000e+00  1.79991457e+00 
 5.25640758e-06  1.80000000e+00  1.79989696e+00 
 5.25767716e-06  1.80000000e+00  1.79994559e+00 
 5.25918994e-06  1.80000000e+00  1.79994561e+00 
 5.26179346e-06  1.80000000e+00  1.79998800e+00 
 5.26513228e-06  1.80000000e+00  1.79998284e+00 
 5.27180994e-06  1.80000000e+00  1.80000818e+00 
 5.28516526e-06  1.80000000e+00  1.79999146e+00 
 5.31187589e-06  1.80000000e+00  1.80000841e+00 
 5.36529716e-06  1.80000000e+00  1.79999152e+00 
 5.47213969e-06  1.80000000e+00  1.80000840e+00 
 5.50000000e-06  1.80000000e+00  1.79999158e+00 
 5.50001000e-06  1.62000000e+00  1.79877272e+00 
 5.50003000e-06  1.26000000e+00  1.79655792e+00 
 5.50007000e-06  5.40000000e-01  1.79318075e+00 
 5.50010000e-06  0.00000000e+00  1.79146479e+00 
 5.50010800e-06  0.00000000e+00  1.79204408e+00 
 5.50012400e-06  0.00000000e+00  1.79319914e+00 
 5.50015600e-06  0.00000000e+00  1.79497273e+00 
 5.50022000e-06  0.00000000e+00  1.79734151e+00 
 5.50034493e-06  0.00000000e+00  1.79985030e+00 
 5.50051796e-06  0.00000000e+00  1.80128121e+00 
 5.50086404e-06  0.00000000e+00  1.80230677e+00 
 5.50131002e-06  0.00000000e+00  1.80159856e+00 
 5.50174952e-06  0.00000000e+00  1.79950545e+00 
 5.50222692e-06  0.00000000e+00  1.79739254e+00 
 5.50267867e-06  0.00000000e+00  1.79735664e+00 
 5.50321758e-06  0.00000000e+00  1.79788496e+00 
 5.50378783e-06  0.00000000e+00  1.79844548e+00 
 5.50441768e-06  0.00000000e+00  1.79895499e+00 
 5.50521458e-06  0.00000000e+00  1.79926656e+00 
 5.50604149e-06  0.00000000e+00  1.79951182e+00 
 5.50673231e-06  0.00000000e+00  1.79966558e+00 
 5.50746153e-06  0.00000000e+00  1.79975593e+00 
 5.50839579e-06  0.00000000e+00  1.79983385e+00 
 5.50937264e-06  0.00000000e+00  1.79987462e+00 
 5.51031884e-06  0.00000000e+00  1.79990583e+00 
 5.51145617e-06  0.00000000e+00  1.79991908e+00 
 5.51271555e-06  0.00000000e+00  1.79993592e+00 
 5.51513811e-06  0.00000000e+00  1.79994215e+00 
 5.51858591e-06  0.00000000e+00  1.79995448e+00 
 5.52485399e-06  0.00000000e+00  1.79995686e+00 
 5.53577264e-06  0.00000000e+00  1.79997080e+00 
 5.55434984e-06  0.00000000e+00  1.79997441e+00 
 5.59150423e-06  0.00000000e+00  1.79998811e+00 
 5.66581300e-06  0.00000000e+00  1.79998940e+00 
 5.75010000e-06  6.67038446e-12  1.79999734e+00 
 5.75011000e-06  1.80000000e-01  1.80058299e+00 
 5.75013000e-06  5.40000000e-01  1.80207584e+00 
 5.75017000e-06  1.26000000e+00  1.80560872e+00 
 5.75020000e-06  1.80000000e+00  1.80799147e+00 
 5.75020800e-06  1.80000000e+00  1.80773121e+00 
 5.75022400e-06  1.80000000e+00  1.80718061e+00 
 5.75025600e-06  1.80000000e+00  1.80630420e+00 
 5.75032000e-06  1.80000000e+00  1.80516669e+00 
 5.75044800e-06  1.80000000e+00  1.80381265e+00 
 5.75069681e-06  1.80000000e+00  1.80246891e+00 
 5.75101029e-06  1.80000000e+00  1.80377390e+00 
 5.75150076e-06  1.80000000e+00  1.80734921e+00 
 5.75202075e-06  1.80000000e+00  1.80411715e+00 
 5.75251153e-06  1.80000000e+00  1.80147373e+00 
 5.75325301e-06  1.80000000e+00  1.79965631e+00 
 5.75377164e-06  1.80000000e+00  1.79967534e+00 
 5.75436420e-06  1.80000000e+00  1.80018367e+00 
 5.75489643e-06  1.80000000e+00  1.80047913e+00 
 5.75548242e-06  1.80000000e+00  1.80114231e+00 
 5.75626490e-06  1.80000000e+00  1.80158737e+00 
 5.75711217e-06  1.80000000e+00  1.80154816e+00 
 5.75792486e-06  1.80000000e+00  1.80116910e+00 
 5.75892872e-06  1.80000000e+00  1.80093376e+00 
 5.76016965e-06  1.80000000e+00  1.80067357e+00 
 5.76165029e-06  1.80000000e+00  1.80046822e+00 
 5.76405765e-06  1.80000000e+00  1.80022375e+00 
 5.76705843e-06  1.80000000e+00  1.80010661e+00 
 5.77306000e-06  1.80000000e+00  1.80000152e+00 
 5.78146817e-06  1.80000000e+00  1.80000750e+00 
 5.79580105e-06  1.80000000e+00  1.79999198e+00 
 5.81953319e-06  1.80000000e+00  1.80000794e+00 
 5.86699749e-06  1.80000000e+00  1.79999197e+00 
 5.95987833e-06  1.80000000e+00  1.80000796e+00 
 6.00000000e-06  1.80000000e+00  1.79999199e+00 
 6.00001000e-06  1.62000000e+00  1.79877284e+00 
 6.00003000e-06  1.26000000e+00  1.79655919e+00 
 6.00007000e-06  5.40000000e-01  1.79318187e+00 
 6.00010000e-06  0.00000000e+00  1.79146604e+00 
 6.00010800e-06  0.00000000e+00  1.79204614e+00 
 6.00012400e-06  0.00000000e+00  1.79320270e+00 
 6.00015600e-06  0.00000000e+00  1.79497629e+00 
 6.00022000e-06  0.00000000e+00  1.79734382e+00 
 6.00034489e-06  0.00000000e+00  1.79984928e+00 
 6.00051780e-06  0.00000000e+00  1.80127805e+00 
 6.00086361e-06  0.00000000e+00  1.80231404e+00 
 6.00131033e-06  0.00000000e+00  1.80161282e+00 
 6.00181672e-06  0.00000000e+00  1.79917548e+00 
 6.00231035e-06  0.00000000e+00  1.79768020e+00 
 6.00278203e-06  0.00000000e+00  1.79887449e+00 
 6.00333701e-06  0.00000000e+00  1.79715329e+00 
 6.00392576e-06  0.00000000e+00  1.79815142e+00 
 6.00456755e-06  0.00000000e+00  1.79998521e+00 
 6.00518306e-06  0.00000000e+00  1.80058377e+00 
 6.00575277e-06  0.00000000e+00  1.80098706e+00 
 6.00641135e-06  0.00000000e+00  1.80036518e+00 
 6.00725401e-06  0.00000000e+00  1.80040414e+00 
 6.00817437e-06  0.00000000e+00  1.80005017e+00 
 6.00934456e-06  0.00000000e+00  1.80019475e+00 
 6.01042503e-06  0.00000000e+00  1.80005329e+00 
 6.01146096e-06  0.00000000e+00  1.80047335e+00 
 6.01262527e-06  0.00000000e+00  1.80041460e+00 
 6.01349563e-06  0.00000000e+00  1.79994758e+00 
 6.01433919e-06  0.00000000e+00  1.79903588e+00 
 6.01543266e-06  0.00000000e+00  1.79940918e+00 
 6.01643686e-06  0.00000000e+00  1.79911560e+00 
 6.01749976e-06  0.00000000e+00  1.79775704e+00 
 6.01872458e-06  0.00000000e+00  1.79788169e+00 
 6.02001311e-06  0.00000000e+00  1.79892317e+00 
 6.02192436e-06  0.00000000e+00  1.79961019e+00 
 6.02438866e-06  0.00000000e+00  1.79990743e+00 
 6.02824393e-06  0.00000000e+00  1.79995700e+00 
 6.03260403e-06  0.00000000e+00  1.79997080e+00 
 6.03813364e-06  0.00000000e+00  1.79995277e+00 
 6.04450219e-06  0.00000000e+00  1.79998261e+00 
 6.05276014e-06  0.00000000e+00  1.79995192e+00 
 6.06121622e-06  0.00000000e+00  1.79999343e+00 
 6.07434048e-06  0.00000000e+00  1.79996128e+00 
 6.09058432e-06  0.00000000e+00  1.80000333e+00 
 6.11536430e-06  0.00000000e+00  1.79996955e+00 
 6.15385684e-06  0.00000000e+00  1.80000912e+00 
 6.18828109e-06  0.00000000e+00  1.79997456e+00 
 6.22267359e-06  0.00000000e+00  1.80001226e+00 
 6.25010000e-06  6.67038446e-12  1.79997564e+00 
 6.25011000e-06  1.80000000e-01  1.80057601e+00 
 6.25013000e-06  5.40000000e-01  1.80208702e+00 
 6.25017000e-06  1.26000000e+00  1.80561835e+00 
 6.25020000e-06  1.80000000e+00  1.80798872e+00 
 6.25020800e-06  1.80000000e+00  1.80772600e+00 
 6.25022400e-06  1.80000000e+00  1.80717121e+00 
 6.25025600e-06  1.80000000e+00  1.80629310e+00 
 6.25032000e-06  1.80000000e+00  1.80516050e+00 
 6.25044800e-06  1.80000000e+00  1.80381388e+00 
 6.25069733e-06  1.80000000e+00  1.80247106e+00 
 6.25101030e-06  1.80000000e+00  1.80377073e+00 
 6.25150048e-06  1.80000000e+00  1.80733084e+00 
 6.25202039e-06  1.80000000e+00  1.80405951e+00 
 6.25251109e-06  1.80000000e+00  1.80147824e+00 
 6.25324998e-06  1.80000000e+00  1.80013567e+00 
 6.25377208e-06  1.80000000e+00  1.80005666e+00 
 6.25435868e-06  1.80000000e+00  1.80001823e+00 
 6.25494281e-06  1.80000000e+00  1.79986701e+00 
 6.25556327e-06  1.80000000e+00  1.79991489e+00 
 6.25640771e-06  1.80000000e+00  1.79989742e+00 
 6.25767223e-06  1.80000000e+00  1.79994572e+00 
 6.25918624e-06  1.80000000e+00  1.79994583e+00 
 6.26178366e-06  1.80000000e+00  1.79998796e+00 
 6.26512325e-06  1.80000000e+00  1.79998292e+00 
 6.27180242e-06  1.80000000e+00  1.80000812e+00 
 6.28516076e-06  1.80000000e+00  1.79999152e+00 
 6.31187745e-06  1.80000000e+00  1.80000834e+00 
 6.36531081e-06  1.80000000e+00  1.79999159e+00 
 6.47217755e-06  1.80000000e+00  1.80000833e+00 
 6.50000000e-06  1.80000000e+00  1.79999164e+00 
 6.50001000e-06  1.62000000e+00  1.79877511e+00 
 6.50003000e-06  1.26000000e+00  1.79656495e+00 
 6.50007000e-06  5.40000000e-01  1.79318665e+00 
 6.50010000e-06  0.00000000e+00  1.79146880e+00 
 6.50010800e-06  0.00000000e+00  1.79204744e+00 
 6.50012400e-06  0.00000000e+00  1.79320180e+00 
 6.50015600e-06  0.00000000e+00  1.79497496e+00 
 6.50022000e-06  0.00000000e+00  1.79734273e+00 
 6.50034493e-06  0.00000000e+00  1.79985055e+00 
 6.50051796e-06  0.00000000e+00  1.80128121e+00 
 6.50086404e-06  0.00000000e+00  1.80230649e+00 
 6.50131002e-06  0.00000000e+00  1.80159737e+00 
 6.50174952e-06  0.00000000e+00  1.79950422e+00 
 6.50222693e-06  0.00000000e+00  1.79739239e+00 
 6.50267868e-06  0.00000000e+00  1.79735699e+00 
 6.50321755e-06  0.00000000e+00  1.79788528e+00 
 6.50378777e-06  0.00000000e+00  1.79844576e+00 
 6.50441761e-06  0.00000000e+00  1.79895516e+00 
 6.50521450e-06  0.00000000e+00  1.79926658e+00 
 6.50604139e-06  0.00000000e+00  1.79951179e+00 
 6.50673189e-06  0.00000000e+00  1.79966549e+00 
 6.50746124e-06  0.00000000e+00  1.79975586e+00 
 6.50839549e-06  0.00000000e+00  1.79983379e+00 
 6.50937222e-06  0.00000000e+00  1.79987455e+00 
 6.51031787e-06  0.00000000e+00  1.79990577e+00 
 6.51145440e-06  0.00000000e+00  1.79991901e+00 
 6.51271179e-06  0.00000000e+00  1.79993586e+00 
 6.51512995e-06  0.00000000e+00  1.79994208e+00 
 6.51856815e-06  0.00000000e+00  1.79995443e+00 
 6.52481409e-06  0.00000000e+00  1.79995679e+00 
 6.53568525e-06  0.00000000e+00  1.79997074e+00 
 6.55416524e-06  0.00000000e+00  1.79997434e+00 
 6.59112522e-06  0.00000000e+00  1.79998805e+00 
 6.66504518e-06  0.00000000e+00  1.79998936e+00 
 6.75010000e-06  6.67038446e-12  1.79999735e+00 
 6.75011000e-06  1.80000000e-01  1.80058295e+00 
 6.75013000e-06  5.40000000e-01  1.80207568e+00 
 6.75017000e-06  1.26000000e+00  1.80560710e+00 
 6.75020000e-06  1.80000000e+00  1.80798345e+00 
 6.75020800e-06  1.80000000e+00  1.80772368e+00 
 6.75022400e-06  1.80000000e+00  1.80717427e+00 
 6.75025600e-06  1.80000000e+00  1.80629981e+00 
 6.75032000e-06  1.80000000e+00  1.80516497e+00 
 6.75044800e-06  1.80000000e+00  1.80381250e+00 
 6.75069681e-06  1.80000000e+00  1.80246932e+00 
 6.75100997e-06  1.80000000e+00  1.80377334e+00 
 6.75150020e-06  1.80000000e+00  1.80735151e+00 
 6.75202016e-06  1.80000000e+00  1.80412093e+00 
 6.75251084e-06  1.80000000e+00  1.80147668e+00 
 6.75325182e-06  1.80000000e+00  1.79965791e+00 
 6.75377064e-06  1.80000000e+00  1.79967459e+00 
 6.75436338e-06  1.80000000e+00  1.80018306e+00 
 6.75489559e-06  1.80000000e+00  1.80047852e+00 
 6.75548157e-06  1.80000000e+00  1.80114137e+00 
 6.75626341e-06  1.80000000e+00  1.80158720e+00 
 6.75711019e-06  1.80000000e+00  1.80154892e+00 
 6.75792229e-06  1.80000000e+00  1.80117015e+00 
 6.75892654e-06  1.80000000e+00  1.80093421e+00 
 6.76016498e-06  1.80000000e+00  1.80067449e+00 
 6.76164712e-06  1.80000000e+00  1.80046860e+00 
 6.76404919e-06  1.80000000e+00  1.80022438e+00 
 6.76704843e-06  1.80000000e+00  1.80010686e+00 
 6.77304691e-06  1.80000000e+00  1.80000162e+00 
 6.78143111e-06  1.80000000e+00  1.80000746e+00 
 6.79573923e-06  1.80000000e+00  1.79999202e+00 
 6.81930720e-06  1.80000000e+00  1.80000790e+00 
 6.86643327e-06  1.80000000e+00  1.79999201e+00 
 6.95875847e-06  1.80000000e+00  1.80000791e+00 
 7.00000000e-06  1.80000000e+00  1.79999203e+00 
 7.00001000e-06  1.62000000e+00  1.79877508e+00 
 7.00003000e-06  1.26000000e+00  1.79656559e+00 
 7.00007000e-06  5.40000000e-01  1.79318711e+00 
 7.00010000e-06  0.00000000e+00  1.79146957e+00 
 7.00010800e-06  0.00000000e+00  1.79204905e+00 
 7.00012400e-06  0.00000000e+00  1.79320494e+00 
 7.00015600e-06  0.00000000e+00  1.79497823e+00 
 7.00022000e-06  0.00000000e+00  1.79734488e+00 
 7.00034489e-06  0.00000000e+00  1.79984949e+00 
 7.00051780e-06  0.00000000e+00  1.80127805e+00 
 7.00086361e-06  0.00000000e+00  1.80231379e+00 
 7.00131033e-06  0.00000000e+00  1.80161176e+00 
 7.00181672e-06  0.00000000e+00  1.79917457e+00 
 7.00231035e-06  0.00000000e+00  1.79768030e+00 
 7.00278204e-06  0.00000000e+00  1.79887485e+00 
 7.00333700e-06  0.00000000e+00  1.79715364e+00 
 7.00392575e-06  0.00000000e+00  1.79815169e+00 
 7.00456755e-06  0.00000000e+00  1.79998530e+00 
 7.00518305e-06  0.00000000e+00  1.80058385e+00 
 7.00575276e-06  0.00000000e+00  1.80098703e+00 
 7.00641134e-06  0.00000000e+00  1.80036519e+00 
 7.00725399e-06  0.00000000e+00  1.80040407e+00 
 7.00817435e-06  0.00000000e+00  1.80005009e+00 
 7.00934347e-06  0.00000000e+00  1.80019476e+00 
 7.01042235e-06  0.00000000e+00  1.80005472e+00 
 7.01146121e-06  0.00000000e+00  1.80048030e+00 
 7.01262429e-06  0.00000000e+00  1.80044378e+00 
 7.01349273e-06  0.00000000e+00  1.79999604e+00 
 7.01433326e-06  0.00000000e+00  1.79909090e+00 
 7.01542321e-06  0.00000000e+00  1.79943483e+00 
 7.01643524e-06  0.00000000e+00  1.79915701e+00 
 7.01749174e-06  0.00000000e+00  1.79777363e+00 
 7.01871650e-06  0.00000000e+00  1.79789310e+00 
 7.02000321e-06  0.00000000e+00  1.79890793e+00 
 7.02190636e-06  0.00000000e+00  1.79961168e+00 
 7.02433532e-06  0.00000000e+00  1.79989577e+00 
 7.02863061e-06  0.00000000e+00  1.80018514e+00 
 7.03417676e-06  0.00000000e+00  1.79961200e+00 
 7.03778092e-06  0.00000000e+00  1.80028455e+00 
 7.04157747e-06  0.00000000e+00  1.79970704e+00 
 7.04677465e-06  0.00000000e+00  1.80015237e+00 
 7.05218104e-06  0.00000000e+00  1.79978243e+00 
 7.06259196e-06  0.00000000e+00  1.80011963e+00 
 7.07168741e-06  0.00000000e+00  1.79986087e+00 
 7.08221765e-06  0.00000000e+00  1.80008907e+00 
 7.10327813e-06  0.00000000e+00  1.79988447e+00 
 7.13451724e-06  0.00000000e+00  1.80008815e+00 
 7.18441077e-06  0.00000000e+00  1.79989542e+00 
 7.25010000e-06  6.67038446e-12  1.80009020e+00 
 7.25011000e-06  1.80000000e-01  1.80069324e+00 
 7.25013000e-06  5.40000000e-01  1.80219703e+00 
 7.25017000e-06  1.26000000e+00  1.80569177e+00 
 7.25020000e-06  1.80000000e+00  1.80803782e+00 
 7.25020800e-06  1.80000000e+00  1.80778577e+00 
 7.25022400e-06  1.80000000e+00  1.80724924e+00 
 7.25025600e-06  1.80000000e+00  1.80638013e+00 
 7.25032000e-06  1.80000000e+00  1.80520630e+00 
 7.25044800e-06  1.80000000e+00  1.80379517e+00 
 7.25069740e-06  1.80000000e+00  1.80244581e+00 
 7.25101008e-06  1.80000000e+00  1.80375617e+00 
 7.25149997e-06  1.80000000e+00  1.80738709e+00 
 7.25201988e-06  1.80000000e+00  1.80432687e+00 
 7.25251045e-06  1.80000000e+00  1.80213144e+00 
 7.25324890e-06  1.80000000e+00  1.80055386e+00 
 7.25377917e-06  1.80000000e+00  1.79964662e+00 
 7.25438384e-06  1.80000000e+00  1.79870178e+00 
 7.25496784e-06  1.80000000e+00  1.79808440e+00 
 7.25559190e-06  1.80000000e+00  1.79816290e+00 
 7.25647209e-06  1.80000000e+00  1.79840574e+00 
 7.25767472e-06  1.80000000e+00  1.79886048e+00 
 7.25926338e-06  1.80000000e+00  1.79924243e+00 
 7.26181867e-06  1.80000000e+00  1.79964861e+00 
 7.26533202e-06  1.80000000e+00  1.79986048e+00 
 7.27235872e-06  1.80000000e+00  1.80000674e+00 
 7.28641212e-06  1.80000000e+00  1.79999097e+00 
 7.31451892e-06  1.80000000e+00  1.80000923e+00 
 7.37073252e-06  1.80000000e+00  1.79999059e+00 
 7.48315973e-06  1.80000000e+00  1.80000937e+00 
 7.50000000e-06  1.80000000e+00  1.79999047e+00 
 7.50001000e-06  1.62000000e+00  1.79879540e+00 
 7.50003000e-06  1.26000000e+00  1.79661187e+00 
 7.50007000e-06  5.40000000e-01  1.79321175e+00 
 7.50010000e-06  0.00000000e+00  1.79144973e+00 
 7.50010800e-06  0.00000000e+00  1.79200044e+00 
 7.50012400e-06  0.00000000e+00  1.79311241e+00 
 7.50015600e-06  0.00000000e+00  1.79487562e+00 
 7.50022000e-06  0.00000000e+00  1.79729886e+00 
 7.50034492e-06  0.00000000e+00  1.79990674e+00 
 7.50051788e-06  0.00000000e+00  1.80140021e+00 
 7.50086378e-06  0.00000000e+00  1.80226655e+00 
 7.50131056e-06  0.00000000e+00  1.80089520e+00 
 7.50181699e-06  0.00000000e+00  1.79859691e+00 
 7.50231450e-06  0.00000000e+00  1.79837840e+00 
 7.50278183e-06  0.00000000e+00  1.79941954e+00 
 7.50333236e-06  0.00000000e+00  1.79964186e+00 
 7.50391461e-06  0.00000000e+00  1.79970095e+00 
 7.50455071e-06  0.00000000e+00  1.79980777e+00 
 7.50549452e-06  0.00000000e+00  1.79980078e+00 
 7.50638118e-06  0.00000000e+00  1.79985927e+00 
 7.50718144e-06  0.00000000e+00  1.79994741e+00 
 7.50804848e-06  0.00000000e+00  1.79989970e+00 
 7.50888536e-06  0.00000000e+00  1.79994650e+00 
 7.50982057e-06  0.00000000e+00  1.79990687e+00 
 7.51087332e-06  0.00000000e+00  1.79994716e+00 
 7.51199789e-06  0.00000000e+00  1.79991253e+00 
 7.51424703e-06  0.00000000e+00  1.79995272e+00 
 7.51874531e-06  0.00000000e+00  1.79992734e+00 
 7.52765296e-06  0.00000000e+00  1.79997455e+00 
 7.54546828e-06  0.00000000e+00  1.79995424e+00 
 7.58109890e-06  0.00000000e+00  1.80000010e+00 
 7.65236015e-06  0.00000000e+00  1.79997407e+00 
 7.75010000e-06  0.00000000e+00  1.80001172e+00 
 7.75011000e-06  1.80000000e-01  1.80058232e+00 
 7.75013000e-06  5.40000000e-01  1.80205051e+00 
 7.75017000e-06  1.26000000e+00  1.80556651e+00 
 7.75020000e-06  1.80000000e+00  1.80794454e+00 
 7.75020800e-06  1.80000000e+00  1.80770265e+00 
 7.75022400e-06  1.80000000e+00  1.80718448e+00 
 7.75025600e-06  1.80000000e+00  1.80633861e+00 
 7.75032000e-06  1.80000000e+00  1.80518972e+00 
 7.75044800e-06  1.80000000e+00  1.80379786e+00 
 7.75069675e-06  1.80000000e+00  1.80245420e+00 
 7.75100903e-06  1.80000000e+00  1.80375467e+00 
 7.75149920e-06  1.80000000e+00  1.80740040e+00 
 7.75201938e-06  1.80000000e+00  1.80435094e+00 
 7.75250985e-06  1.80000000e+00  1.80215913e+00 
 7.75324832e-06  1.80000000e+00  1.80078364e+00 
 7.75376840e-06  1.80000000e+00  1.79997917e+00 
 7.75436310e-06  1.80000000e+00  1.79906566e+00 
 7.75489577e-06  1.80000000e+00  1.79822418e+00 
 7.75548215e-06  1.80000000e+00  1.79806394e+00 
 7.75625841e-06  1.80000000e+00  1.79823933e+00 
 7.75710089e-06  1.80000000e+00  1.79855925e+00 
 7.75876628e-06  1.80000000e+00  1.79907890e+00 
 7.76086275e-06  1.80000000e+00  1.79948869e+00 
 7.76409115e-06  1.80000000e+00  1.79979818e+00 
 7.76981736e-06  1.80000000e+00  1.79997489e+00 
 7.78126978e-06  1.80000000e+00  1.80000487e+00 
 7.80417462e-06  1.80000000e+00  1.79999756e+00 
 7.84998430e-06  1.80000000e+00  1.80000156e+00 
 7.94160367e-06  1.80000000e+00  1.79999865e+00 
 8.00000000e-06  1.80000000e+00  1.80000090e+00 
 8.00001000e-06  1.62000000e+00  1.79880562e+00 
 8.00003000e-06  1.26000000e+00  1.79662220e+00 
 8.00007000e-06  5.40000000e-01  1.79321781e+00 
 8.00010000e-06  0.00000000e+00  1.79145256e+00 
 8.00010800e-06  0.00000000e+00  1.79200229e+00 
 8.00012400e-06  0.00000000e+00  1.79311228e+00 
 8.00015600e-06  0.00000000e+00  1.79487394e+00 
 8.00022000e-06  0.00000000e+00  1.79730012e+00 
 8.00034490e-06  0.00000000e+00  1.79991162e+00 
 8.00051775e-06  0.00000000e+00  1.80140379e+00 
 8.00086346e-06  0.00000000e+00  1.80226173e+00 
 8.00131027e-06  0.00000000e+00  1.80088333e+00 
 8.00181637e-06  0.00000000e+00  1.79860631e+00 
 8.00231211e-06  0.00000000e+00  1.79837387e+00 
 8.00278296e-06  0.00000000e+00  1.79927728e+00 
 8.00332230e-06  0.00000000e+00  1.79958550e+00 
 8.00389924e-06  0.00000000e+00  1.79972587e+00 
 8.00448714e-06  0.00000000e+00  1.79979926e+00 
 8.00520744e-06  0.00000000e+00  1.79991756e+00 
 8.00583543e-06  0.00000000e+00  1.79987751e+00 
 8.00649972e-06  0.00000000e+00  1.79992554e+00 
 8.00747112e-06  0.00000000e+00  1.79988864e+00 
 8.00836220e-06  0.00000000e+00  1.79993282e+00 
 8.00924978e-06  0.00000000e+00  1.79990033e+00 
 8.01026182e-06  0.00000000e+00  1.79993850e+00 
 8.01140510e-06  0.00000000e+00  1.79991043e+00 
 8.01369167e-06  0.00000000e+00  1.79994844e+00 
 8.01780779e-06  0.00000000e+00  1.79992752e+00 
 8.02553898e-06  0.00000000e+00  1.79996985e+00 
 8.04100134e-06  0.00000000e+00  1.79995368e+00 
 8.07140327e-06  0.00000000e+00  1.79999578e+00 
 8.13220713e-06  0.00000000e+00  1.79997472e+00 
 8.25010000e-06  0.00000000e+00  1.80000971e+00 
 8.25011000e-06  1.80000000e-01  1.80058138e+00 
 8.25013000e-06  5.40000000e-01  1.80205007e+00 
 8.25017000e-06  1.26000000e+00  1.80556140e+00 
 8.25020000e-06  1.80000000e+00  1.80793735e+00 
 8.25020800e-06  1.80000000e+00  1.80769806e+00 
 8.25022400e-06  1.80000000e+00  1.80718533e+00 
 8.25025600e-06  1.80000000e+00  1.80634712e+00 
 8.25032000e-06  1.80000000e+00  1.80520201e+00 
 8.25044800e-06  1.80000000e+00  1.80380077e+00 
 8.25070400e-06  1.80000000e+00  1.80245529e+00 
 8.25101425e-06  1.80000000e+00  1.80381782e+00 
 8.25149709e-06  1.80000000e+00  1.80731987e+00 
 8.25201907e-06  1.80000000e+00  1.80405174e+00 
 8.25250679e-06  1.80000000e+00  1.80158519e+00 
 8.25324492e-06  1.80000000e+00  1.80026669e+00 
 8.25400123e-06  1.80000000e+00  1.79985966e+00 
 8.25501406e-06  1.80000000e+00  1.79989259e+00 
 8.25602352e-06  1.80000000e+00  1.79989225e+00 
 8.25696634e-06  1.80000000e+00  1.79994798e+00 
 8.25853632e-06  1.80000000e+00  1.79994659e+00 
 8.26020928e-06  1.80000000e+00  1.79998320e+00 
 8.26317932e-06  1.80000000e+00  1.79997998e+00 
 8.26795031e-06  1.80000000e+00  1.80000545e+00 
 8.27749228e-06  1.80000000e+00  1.79999242e+00 
 8.29657624e-06  1.80000000e+00  1.80000744e+00 
 8.33474415e-06  1.80000000e+00  1.79999247e+00 
 8.41107997e-06  1.80000000e+00  1.80000744e+00 
 8.50000000e-06  1.80000000e+00  1.79999251e+00 
 8.50001000e-06  1.62000000e+00  1.79879871e+00 
 8.50003000e-06  1.26000000e+00  1.79662011e+00 
 8.50007000e-06  5.40000000e-01  1.79322579e+00 
 8.50010000e-06  0.00000000e+00  1.79146147e+00 
 8.50010800e-06  0.00000000e+00  1.79201196e+00 
 8.50012400e-06  0.00000000e+00  1.79312041e+00 
 8.50015600e-06  0.00000000e+00  1.79487161e+00 
 8.50022000e-06  0.00000000e+00  1.79728541e+00 
 8.50034800e-06  0.00000000e+00  1.79994154e+00 
 8.50060400e-06  0.00000000e+00  1.80193966e+00 
 8.50093958e-06  0.00000000e+00  1.80244817e+00 
 8.50143089e-06  0.00000000e+00  1.79994078e+00 
 8.50195051e-06  0.00000000e+00  1.79863337e+00 
 8.50244461e-06  0.00000000e+00  1.80963116e+00 
 8.50296551e-06  0.00000000e+00  1.83097164e+00 
 8.50357241e-06  0.00000000e+00  1.82253666e+00 
 8.50424018e-06  0.00000000e+00  1.77907735e+00 
 8.50489381e-06  0.00000000e+00  1.73608366e+00 
 8.50562585e-06  0.00000000e+00  1.68854904e+00 
 8.50630843e-06  0.00000000e+00  1.64351056e+00 
 8.50714033e-06  0.00000000e+00  1.58867397e+00 
 8.50849059e-06  0.00000000e+00  1.49907029e+00 
 8.51027287e-06  0.00000000e+00  1.38038545e+00 
 8.51378003e-06  0.00000000e+00  1.14727035e+00 
 8.51987043e-06  0.00000000e+00  7.68952560e-01 
 8.52614950e-06  0.00000000e+00  4.17757132e-01 
 8.53050795e-06  0.00000000e+00  2.43857910e-01 
 8.53373392e-06  0.00000000e+00  1.36157835e-01 
 8.53628292e-06  0.00000000e+00  8.85983154e-02 
 8.53802200e-06  0.00000000e+00  7.23836030e-02 
 8.53952750e-06  0.00000000e+00  6.02693935e-02 
 8.54100727e-06  0.00000000e+00  4.44262125e-02 
 8.54222327e-06  0.00000000e+00  3.72307401e-02 
 8.54362762e-06  0.00000000e+00  2.78913149e-02 
 8.54573589e-06  0.00000000e+00  1.98278780e-02 
 8.54829537e-06  0.00000000e+00  1.17300889e-02 
 8.55151290e-06  0.00000000e+00  7.04249226e-03 
 8.55492741e-06  0.00000000e+00  3.20485701e-03 
 8.55995487e-06  0.00000000e+00  1.67160944e-03 
 8.56448869e-06  0.00000000e+00  3.24164850e-04 
 8.57355634e-06  0.00000000e+00  4.20589359e-04 
 8.58383500e-06  0.00000000e+00 -1.88656804e-04 
 8.60135218e-06  0.00000000e+00  3.53081931e-04 
 8.61748311e-06  0.00000000e+00 -1.92709175e-04 
 8.64094482e-06  0.00000000e+00  3.36299901e-04 
 8.66911038e-06  0.00000000e+00 -1.99892993e-04 
 8.71544016e-06  0.00000000e+00  3.19213988e-04 
 8.75010000e-06  0.00000000e+00 -2.10223455e-04 
 8.75011000e-06  1.80000000e-01  7.71978471e-04 
 8.75013000e-06  5.40000000e-01  2.69318003e-03 
 8.75017000e-06  1.26000000e+00  5.60735203e-03 
 8.75020000e-06  1.80000000e+00  7.00865895e-03 
 8.75020800e-06  1.80000000e+00  6.62876559e-03 
 8.75022400e-06  1.80000000e+00  5.85952718e-03 
 8.75025600e-06  1.80000000e+00  4.63866381e-03 
 8.75032000e-06  1.80000000e+00  3.12252490e-03 
 8.75044800e-06  1.80000000e+00  1.80768317e-03 
 8.75069958e-06  1.80000000e+00  1.34068985e-03 
 8.75101114e-06  1.80000000e+00  2.49201235e-03 
 8.75149946e-06  1.80000000e+00  4.28722356e-03 
 8.75202040e-06  1.80000000e+00  2.51760266e-03 
 8.75251020e-06  1.80000000e+00  1.82208844e-03 
 8.75323287e-06  1.80000000e+00 -1.25778734e-03 
 8.75375498e-06  1.80000000e+00 -1.91891738e-03 
 8.75435264e-06  1.80000000e+00 -1.57800735e-04 
 8.75493498e-06  1.80000000e+00  4.35650863e-04 
 8.75555310e-06  1.80000000e+00  7.43427445e-04 
 8.75641301e-06  1.80000000e+00  1.04133694e-03 
 8.75760740e-06  1.80000000e+00  1.27048607e-03 
 8.75914739e-06  1.80000000e+00  1.29530778e-03 
 8.76166784e-06  1.80000000e+00  1.08196423e-03 
 8.76502795e-06  1.80000000e+00  8.22449416e-04 
 8.77174816e-06  1.80000000e+00  4.38103272e-04 
 8.78518857e-06  1.80000000e+00  1.92520928e-04 
 8.81206941e-06  1.80000000e+00  9.71243442e-05 
 8.86583107e-06  1.80000000e+00  7.27955477e-05 
 8.97335440e-06  1.80000000e+00  3.42685810e-05 
 9.00000000e-06  1.80000000e+00  4.69615124e-05 
