 1.00000000e-12  1.78200000e+00  5.60001704e-01 
 1.02800000e-12  1.78149600e+00  5.55734823e-01 
 1.08400000e-12  1.78048800e+00  5.51969563e-01 
 1.19600000e-12  1.77847200e+00  5.54933450e-01 
 1.42000000e-12  1.77444000e+00  5.61020570e-01 
 1.71362006e-12  1.76915484e+00  5.66816028e-01 
 2.30086019e-12  1.75858452e+00  5.73422758e-01 
 3.17889509e-12  1.74277989e+00  5.76542533e-01 
 4.41994051e-12  1.72044107e+00  5.77328303e-01 
 6.31326537e-12  1.68636122e+00  5.77154773e-01 
 9.49517498e-12  1.62908685e+00  5.76942741e-01 
 1.35444474e-11  1.55619995e+00  5.76546577e-01 
 1.99054335e-11  1.44170220e+00  5.76105938e-01 
 3.26274057e-11  1.21270670e+00  5.75154714e-01 
 5.80713502e-11  7.54715696e-01  5.73984190e-01 
 1.00000000e-10  0.00000000e+00  5.73771986e-01 
 1.05088789e-10  0.00000000e+00  5.74244189e-01 
 1.15266367e-10  0.00000000e+00  5.75108100e-01 
 1.35621522e-10  0.00000000e+00  5.76801450e-01 
 1.76331833e-10  0.00000000e+00  5.80204199e-01 
 2.57752456e-10  0.00000000e+00  5.87231770e-01 
 4.20593701e-10  0.00000000e+00  5.98657005e-01 
 6.81400700e-10  0.00000000e+00  6.12886825e-01 
 9.74441167e-10  0.00000000e+00  6.26624271e-01 
 1.40234422e-09  0.00000000e+00  6.40296113e-01 
 1.91949782e-09  0.00000000e+00  6.38673116e-01 
 2.49334395e-09  0.00000000e+00  6.20308137e-01 
 3.25910462e-09  0.00000000e+00  5.78745684e-01 
 4.17092876e-09  0.00000000e+00  5.25091318e-01 
 5.19341316e-09  0.00000000e+00  4.70988205e-01 
 6.28707734e-09  0.00000000e+00  4.08924354e-01 
 7.06768892e-09  0.00000000e+00  3.67973085e-01 
 7.81829349e-09  0.00000000e+00  3.29146573e-01 
 8.57991209e-09  0.00000000e+00  2.92870950e-01 
 9.40838344e-09  0.00000000e+00  2.56609420e-01 
 1.06927630e-08  0.00000000e+00  2.09596082e-01 
 1.20423694e-08  0.00000000e+00  1.70544879e-01 
 1.30829302e-08  0.00000000e+00  1.44497923e-01 
 1.41198249e-08  0.00000000e+00  1.20518992e-01 
 1.49615217e-08  0.00000000e+00  1.03168521e-01 
 1.59030291e-08  0.00000000e+00  8.68419507e-02 
 1.76460685e-08  0.00000000e+00  6.25380230e-02 
 2.00001704e-08  0.00000000e+00  3.98796506e-02 
 2.33227270e-08  0.00000000e+00  2.07131525e-02 
 2.68734766e-08  0.00000000e+00  1.02291526e-02 
 3.00950274e-08  0.00000000e+00  5.35591173e-03 
 3.44197365e-08  0.00000000e+00  2.23114669e-03 
 3.88429479e-08  0.00000000e+00  8.95964516e-04 
 4.53175753e-08  0.00000000e+00  2.33609161e-04 
 5.63741781e-08  0.00000000e+00  6.25722835e-06 
 7.11808459e-08  0.00000000e+00  2.32624045e-05 
 1.00362096e-07  0.00000000e+00  7.24608770e-07 
 1.49510240e-07  0.00000000e+00  1.12876968e-05 
 1.93436656e-07  0.00000000e+00 -2.50675523e-05 
 2.24193240e-07  0.00000000e+00 -2.41628550e-03 
 2.37345643e-07  0.00000000e+00 -1.80735706e-03 
 2.50100000e-07  0.00000000e+00 -2.68266409e-04 
 2.50110000e-07  1.80000000e-01  1.11168294e-03 
 2.50130000e-07  5.40000000e-01  4.19902268e-03 
 2.50170000e-07  1.26000000e+00  8.87885319e-03 
 2.50200000e-07  1.80000000e+00  1.00301733e-02 
 2.50207499e-07  1.80000000e+00  9.11406094e-03 
 2.50222497e-07  1.80000000e+00  7.05421914e-03 
 2.50252494e-07  1.80000000e+00  3.37039236e-03 
 2.50312487e-07  1.80000000e+00 -4.52328234e-04 
 2.50404551e-07  1.80000000e+00 -2.16441752e-03 
 2.50562054e-07  1.80000000e+00 -2.57388266e-03 
 2.50725642e-07  1.80000000e+00 -1.78067369e-03 
 2.51014170e-07  1.80000000e+00  8.44520245e-04 
 2.51383883e-07  1.80000000e+00  3.79509247e-03 
 2.51830045e-07  1.80000000e+00  2.12926796e-03 
 2.52290672e-07  1.80000000e+00  9.68348295e-04 
 2.52916027e-07  1.80000000e+00  7.41405549e-04 
 2.53626847e-07  1.80000000e+00  1.14019207e-03 
 2.54209262e-07  1.80000000e+00  2.01967802e-03 
 2.54818130e-07  1.80000000e+00  1.93634361e-03 
 2.55459185e-07  1.80000000e+00  1.56526010e-03 
 2.56191193e-07  1.80000000e+00  1.61163199e-03 
 2.57114945e-07  1.80000000e+00  1.47620410e-03 
 2.58619983e-07  1.80000000e+00  1.17658081e-03 
 2.60059553e-07  1.80000000e+00  9.77516756e-04 
 2.62938487e-07  1.80000000e+00  5.37103415e-04 
 2.66431374e-07  1.80000000e+00  3.65139522e-04 
 2.73417146e-07  1.80000000e+00  8.29506192e-05 
 2.85251747e-07  1.80000000e+00  8.10323227e-05 
 3.04818860e-07  1.80000000e+00 -1.31843479e-05 
 3.43464338e-07  1.80000000e+00  4.82819672e-05 
 4.20755294e-07  1.80000000e+00 -3.05555384e-05 
 5.00000000e-07  1.80000000e+00  4.19906000e-05 
 5.00010000e-07  1.62000000e+00 -7.56867592e-04 
 5.00030000e-07  1.26000000e+00 -2.19699761e-03 
 5.00070000e-07  5.40000000e-01 -4.17091568e-03 
 5.00100000e-07  0.00000000e+00 -5.13686208e-03 
 5.00108000e-07  0.00000000e+00 -4.73915028e-03 
 5.00124000e-07  0.00000000e+00 -3.90011759e-03 
 5.00156000e-07  0.00000000e+00 -2.63285888e-03 
 5.00220000e-07  0.00000000e+00 -1.21689469e-03 
 5.00344930e-07  0.00000000e+00 -8.00046641e-05 
 5.00517688e-07  0.00000000e+00  3.39611151e-04 
 5.00863206e-07  0.00000000e+00  1.10431199e-03 
 5.01309230e-07  0.00000000e+00 -3.98394494e-03 
 5.01746110e-07  0.00000000e+00 -1.66197782e-02 
 5.02221475e-07  0.00000000e+00 -5.28374168e-03 
 5.02669526e-07  0.00000000e+00  4.29974264e-02 
 5.03217310e-07  0.00000000e+00  1.18602431e-01 
 5.03798841e-07  0.00000000e+00  2.02597453e-01 
 5.04431083e-07  0.00000000e+00  2.93610763e-01 
 5.05317331e-07  0.00000000e+00  4.15981502e-01 
 5.06132082e-07  0.00000000e+00  5.22965076e-01 
 5.07326033e-07  0.00000000e+00  6.72655470e-01 
 5.08535921e-07  0.00000000e+00  8.18295817e-01 
 5.09741660e-07  0.00000000e+00  9.38333448e-01 
 5.10967431e-07  0.00000000e+00  1.03877816e+00 
 5.12697025e-07  0.00000000e+00  1.18464550e+00 
 5.14173316e-07  0.00000000e+00  1.33669349e+00 
 5.15781668e-07  0.00000000e+00  1.53598037e+00 
 5.17763292e-07  0.00000000e+00  1.69965929e+00 
 5.19862110e-07  0.00000000e+00  1.76945335e+00 
 5.23485610e-07  0.00000000e+00  1.79902489e+00 
 5.29535606e-07  0.00000000e+00  1.80036099e+00 
 5.38335944e-07  0.00000000e+00  1.79975535e+00 
 5.55936620e-07  0.00000000e+00  1.80021402e+00 
 5.91137971e-07  0.00000000e+00  1.79979649e+00 
 6.60685634e-07  0.00000000e+00  1.80019813e+00 
 7.50100000e-07  9.52912066e-13  1.79980487e+00 
 7.50110000e-07  1.80000000e-01  1.80048664e+00 
 7.50130000e-07  5.40000000e-01  1.80206901e+00 
 7.50170000e-07  1.26000000e+00  1.80549196e+00 
 7.50200000e-07  1.80000000e+00  1.80770371e+00 
 7.50208000e-07  1.80000000e+00  1.80742335e+00 
 7.50224000e-07  1.80000000e+00  1.80684452e+00 
 7.50256000e-07  1.80000000e+00  1.80595710e+00 
 7.50320000e-07  1.80000000e+00  1.80486417e+00 
 7.50448000e-07  1.80000000e+00  1.80360901e+00 
 7.50600927e-07  1.80000000e+00  1.80256088e+00 
 7.50837623e-07  1.80000000e+00  1.80243546e+00 
 7.51268715e-07  1.80000000e+00  1.80707592e+00 
 7.51714360e-07  1.80000000e+00  1.80665735e+00 
 7.52153325e-07  1.80000000e+00  1.80407017e+00 
 7.52727331e-07  1.80000000e+00  1.80220606e+00 
 7.53503988e-07  1.80000000e+00  1.80087929e+00 
 7.54015812e-07  1.80000000e+00  1.80077186e+00 
 7.54602136e-07  1.80000000e+00  1.80031911e+00 
 7.55259426e-07  1.80000000e+00  1.79804736e+00 
 7.55920008e-07  1.80000000e+00  1.79904690e+00 
 7.56704379e-07  1.80000000e+00  1.79921125e+00 
 7.57566992e-07  1.80000000e+00  1.79858141e+00 
 7.58672079e-07  1.80000000e+00  1.79769177e+00 
 7.59717420e-07  1.80000000e+00  1.79733762e+00 
 7.61405402e-07  1.80000000e+00  1.79810010e+00 
 7.63162245e-07  1.80000000e+00  1.79877232e+00 
 7.66282388e-07  1.80000000e+00  1.79956685e+00 
 7.71795389e-07  1.80000000e+00  1.79988023e+00 
 7.79894245e-07  1.80000000e+00  1.80005393e+00 
 7.94907822e-07  1.80000000e+00  1.79994760e+00 
 8.18629604e-07  1.80000000e+00  1.80005211e+00 
 8.59146767e-07  1.80000000e+00  1.79994783e+00 
 9.27801603e-07  1.80000000e+00  1.80005213e+00 
 1.00000000e-06  1.80000000e+00  1.79994777e+00 
 1.00001000e-06  1.62000000e+00  1.79882749e+00 
 1.00003000e-06  1.26000000e+00  1.79672966e+00 
 1.00007000e-06  5.40000000e-01  1.79350421e+00 
 1.00010000e-06  0.00000000e+00  1.79193856e+00 
 1.00010800e-06  0.00000000e+00  1.79249911e+00 
 1.00012400e-06  0.00000000e+00  1.79360372e+00 
 1.00015600e-06  0.00000000e+00  1.79526486e+00 
 1.00022000e-06  0.00000000e+00  1.79746670e+00 
 1.00034485e-06  0.00000000e+00  1.79990717e+00 
 1.00051800e-06  0.00000000e+00  1.80136288e+00 
 1.00086430e-06  0.00000000e+00  1.80223834e+00 
 1.00131098e-06  0.00000000e+00  1.80086635e+00 
 1.00181825e-06  0.00000000e+00  1.79863336e+00 
 1.00231128e-06  0.00000000e+00  1.79843770e+00 
 1.00278354e-06  0.00000000e+00  1.79929045e+00 
 1.00333955e-06  0.00000000e+00  1.79975012e+00 
 1.00392854e-06  0.00000000e+00  1.80023325e+00 
 1.00456695e-06  0.00000000e+00  1.80088949e+00 
 1.00518784e-06  0.00000000e+00  1.80107358e+00 
 1.00582487e-06  0.00000000e+00  1.79952536e+00 
 1.00648743e-06  0.00000000e+00  1.79795827e+00 
 1.00733522e-06  0.00000000e+00  1.79800785e+00 
 1.00835350e-06  0.00000000e+00  1.79795395e+00 
 1.00943869e-06  0.00000000e+00  1.79821821e+00 
 1.01046581e-06  0.00000000e+00  1.79879574e+00 
 1.01152492e-06  0.00000000e+00  1.79957941e+00 
 1.01263893e-06  0.00000000e+00  1.79997926e+00 
 1.01349135e-06  0.00000000e+00  1.79953122e+00 
 1.01431865e-06  0.00000000e+00  1.79887570e+00 
 1.01527204e-06  0.00000000e+00  1.79911514e+00 
 1.01626054e-06  0.00000000e+00  1.79947758e+00 
 1.01722821e-06  0.00000000e+00  1.79787580e+00 
 1.01833141e-06  0.00000000e+00  1.79768788e+00 
 1.01948105e-06  0.00000000e+00  1.79849267e+00 
 1.02134800e-06  0.00000000e+00  1.79952137e+00 
 1.02326663e-06  0.00000000e+00  1.79976284e+00 
 1.02710389e-06  0.00000000e+00  1.79999224e+00 
 1.03407730e-06  0.00000000e+00  1.79993069e+00 
 1.04481182e-06  0.00000000e+00  1.80000223e+00 
 1.06628085e-06  0.00000000e+00  1.79994837e+00 
 1.10921891e-06  0.00000000e+00  1.80001789e+00 
 1.17571775e-06  0.00000000e+00  1.79996172e+00 
 1.22825170e-06  0.00000000e+00  1.80002679e+00 
 1.25010000e-06  0.00000000e+00  1.80003852e+00 
 1.25011000e-06  1.80000000e-01  1.80054269e+00 
 1.25013000e-06  5.40000000e-01  1.80190955e+00 
 1.25017000e-06  1.26000000e+00  1.80537067e+00 
 1.25020000e-06  1.80000000e+00  1.80770786e+00 
 1.25020800e-06  1.80000000e+00  1.80747949e+00 
 1.25022400e-06  1.80000000e+00  1.80698203e+00 
 1.25025600e-06  1.80000000e+00  1.80613510e+00 
 1.25032000e-06  1.80000000e+00  1.80494489e+00 
 1.25044800e-06  1.80000000e+00  1.80349886e+00 
 1.25060111e-06  1.80000000e+00  1.80240941e+00 
 1.25083779e-06  1.80000000e+00  1.80225481e+00 
 1.25126822e-06  1.80000000e+00  1.80635213e+00 
 1.25171393e-06  1.80000000e+00  1.80596928e+00 
 1.25215509e-06  1.80000000e+00  1.80326531e+00 
 1.25272973e-06  1.80000000e+00  1.80142455e+00 
 1.25351624e-06  1.80000000e+00  1.79989228e+00 
 1.25403183e-06  1.80000000e+00  1.79909389e+00 
 1.25462211e-06  1.80000000e+00  1.79820229e+00 
 1.25525055e-06  1.80000000e+00  1.79795421e+00 
 1.25598226e-06  1.80000000e+00  1.79818487e+00 
 1.25676001e-06  1.80000000e+00  1.79844970e+00 
 1.25831551e-06  1.80000000e+00  1.79900551e+00 
 1.26015713e-06  1.80000000e+00  1.79937828e+00 
 1.26313264e-06  1.80000000e+00  1.79975591e+00 
 1.26756784e-06  1.80000000e+00  1.79991947e+00 
 1.27366658e-06  1.80000000e+00  1.80000909e+00 
 1.28124493e-06  1.80000000e+00  1.79998512e+00 
 1.29640164e-06  1.80000000e+00  1.80001476e+00 
 1.32671506e-06  1.80000000e+00  1.79998524e+00 
 1.38734189e-06  1.80000000e+00  1.80001467e+00 
 1.50000000e-06  1.80000000e+00  1.79998528e+00 
 1.50001000e-06  1.62000000e+00  1.79884994e+00 
 1.50003000e-06  1.26000000e+00  1.79673720e+00 
 1.50007000e-06  5.40000000e-01  1.79346389e+00 
 1.50010000e-06  0.00000000e+00  1.79180608e+00 
 1.50010800e-06  0.00000000e+00  1.79232490e+00 
 1.50012400e-06  0.00000000e+00  1.79337204e+00 
 1.50015600e-06  0.00000000e+00  1.79504030e+00 
 1.50022000e-06  0.00000000e+00  1.79736464e+00 
 1.50034487e-06  0.00000000e+00  1.79990375e+00 
 1.50051753e-06  0.00000000e+00  1.80137856e+00 
 1.50086285e-06  0.00000000e+00  1.80225094e+00 
 1.50130983e-06  0.00000000e+00  1.80090692e+00 
 1.50181486e-06  0.00000000e+00  1.79861078e+00 
 1.50231414e-06  0.00000000e+00  1.79835824e+00 
 1.50278024e-06  0.00000000e+00  1.79940331e+00 
 1.50332884e-06  0.00000000e+00  1.79962963e+00 
 1.50391081e-06  0.00000000e+00  1.79968897e+00 
 1.50454863e-06  0.00000000e+00  1.79980127e+00 
 1.50549094e-06  0.00000000e+00  1.79980120e+00 
 1.50637684e-06  0.00000000e+00  1.79985827e+00 
 1.50714851e-06  0.00000000e+00  1.79994587e+00 
 1.50800582e-06  0.00000000e+00  1.79990289e+00 
 1.50887406e-06  0.00000000e+00  1.79994693e+00 
 1.50982045e-06  0.00000000e+00  1.79990994e+00 
 1.51094520e-06  0.00000000e+00  1.79994858e+00 
 1.51217574e-06  0.00000000e+00  1.79991563e+00 
 1.51463680e-06  0.00000000e+00  1.79995477e+00 
 1.51811968e-06  0.00000000e+00  1.79992823e+00 
 1.52441369e-06  0.00000000e+00  1.79997084e+00 
 1.53537512e-06  0.00000000e+00  1.79994884e+00 
 1.55378784e-06  0.00000000e+00  1.79999166e+00 
 1.59061327e-06  0.00000000e+00  1.79996852e+00 
 1.66426412e-06  0.00000000e+00  1.80000802e+00 
 1.75010000e-06  0.00000000e+00  1.79997838e+00 
 1.75011000e-06  1.80000000e-01  1.80049151e+00 
 1.75013000e-06  5.40000000e-01  1.80185473e+00 
 1.75017000e-06  1.26000000e+00  1.80528045e+00 
 1.75020000e-06  1.80000000e+00  1.80763883e+00 
 1.75020800e-06  1.80000000e+00  1.80743012e+00 
 1.75022400e-06  1.80000000e+00  1.80697069e+00 
 1.75025600e-06  1.80000000e+00  1.80619239e+00 
 1.75032000e-06  1.80000000e+00  1.80511339e+00 
 1.75044800e-06  1.80000000e+00  1.80379558e+00 
 1.75060108e-06  1.80000000e+00  1.80276497e+00 
 1.75083762e-06  1.80000000e+00  1.80261620e+00 
 1.75126873e-06  1.80000000e+00  1.80668001e+00 
 1.75171447e-06  1.80000000e+00  1.80626913e+00 
 1.75215491e-06  1.80000000e+00  1.80353234e+00 
 1.75272928e-06  1.80000000e+00  1.80168154e+00 
 1.75350853e-06  1.80000000e+00  1.80038100e+00 
 1.75402169e-06  1.80000000e+00  1.79965085e+00 
 1.75460914e-06  1.80000000e+00  1.79861270e+00 
 1.75526960e-06  1.80000000e+00  1.79799356e+00 
 1.75597773e-06  1.80000000e+00  1.79817902e+00 
 1.75689520e-06  1.80000000e+00  1.79845050e+00 
 1.75801345e-06  1.80000000e+00  1.79888865e+00 
 1.76020850e-06  1.80000000e+00  1.79936680e+00 
 1.76274309e-06  1.80000000e+00  1.79971663e+00 
 1.76781225e-06  1.80000000e+00  1.79992746e+00 
 1.77711232e-06  1.80000000e+00  1.80002218e+00 
 1.79250967e-06  1.80000000e+00  1.79998198e+00 
 1.82330438e-06  1.80000000e+00  1.80001686e+00 
 1.88489379e-06  1.80000000e+00  1.79998340e+00 
 2.00000000e-06  1.80000000e+00  1.80001636e+00 
 2.00001000e-06  1.62000000e+00  1.79887788e+00 
 2.00003000e-06  1.26000000e+00  1.79676114e+00 
 2.00007000e-06  5.40000000e-01  1.79348376e+00 
 2.00010000e-06  3.67639252e-12  1.79182001e+00 
 2.00010800e-06  0.00000000e+00  1.79233718e+00 
 2.00012400e-06  0.00000000e+00  1.79338132e+00 
 2.00015600e-06  0.00000000e+00  1.79504516e+00 
 2.00022000e-06  0.00000000e+00  1.79736839e+00 
 2.00034484e-06  0.00000000e+00  1.79990810e+00 
 2.00051794e-06  0.00000000e+00  1.80138566e+00 
 2.00086413e-06  0.00000000e+00  1.80224327e+00 
 2.00131087e-06  0.00000000e+00  1.80088477e+00 
 2.00181783e-06  0.00000000e+00  1.79860394e+00 
 2.00231301e-06  0.00000000e+00  1.79836847e+00 
 2.00278444e-06  0.00000000e+00  1.79927469e+00 
 2.00332439e-06  0.00000000e+00  1.79957659e+00 
 2.00390141e-06  0.00000000e+00  1.79971479e+00 
 2.00448789e-06  0.00000000e+00  1.79979701e+00 
 2.00521217e-06  0.00000000e+00  1.79991211e+00 
 2.00585591e-06  0.00000000e+00  1.79987784e+00 
 2.00653078e-06  0.00000000e+00  1.79992105e+00 
 2.00747989e-06  0.00000000e+00  1.79988844e+00 
 2.00852803e-06  0.00000000e+00  1.79995312e+00 
 2.01006502e-06  0.00000000e+00  1.80001551e+00 
 2.01150192e-06  0.00000000e+00  1.80039462e+00 
 2.01276121e-06  0.00000000e+00  1.80032514e+00 
 2.01375791e-06  0.00000000e+00  1.79965435e+00 
 2.01469844e-06  0.00000000e+00  1.79880498e+00 
 2.01583875e-06  0.00000000e+00  1.79975467e+00 
 2.01684956e-06  0.00000000e+00  1.79821742e+00 
 2.01788978e-06  0.00000000e+00  1.79758654e+00 
 2.01908053e-06  0.00000000e+00  1.79827942e+00 
 2.02066760e-06  0.00000000e+00  1.79933946e+00 
 2.02242092e-06  0.00000000e+00  1.79966662e+00 
 2.02534212e-06  0.00000000e+00  1.79996358e+00 
 2.02992795e-06  0.00000000e+00  1.79983273e+00 
 2.03458695e-06  0.00000000e+00  1.79996894e+00 
 2.03824544e-06  0.00000000e+00  1.79991215e+00 
 2.04195504e-06  0.00000000e+00  1.80000423e+00 
 2.04467306e-06  0.00000000e+00  1.80004243e+00 
 2.04823184e-06  0.00000000e+00  1.80025421e+00 
 2.05068163e-06  0.00000000e+00  1.79964578e+00 
 2.05344692e-06  0.00000000e+00  1.80014524e+00 
 2.05635272e-06  0.00000000e+00  1.79985208e+00 
 2.05955853e-06  0.00000000e+00  1.80008415e+00 
 2.06463853e-06  0.00000000e+00  1.79989875e+00 
 2.07031338e-06  0.00000000e+00  1.80006230e+00 
 2.07622675e-06  0.00000000e+00  1.79991246e+00 
 2.08333263e-06  0.00000000e+00  1.80004363e+00 
 2.08994023e-06  0.00000000e+00  1.79993111e+00 
 2.10315543e-06  0.00000000e+00  1.80003611e+00 
 2.12425767e-06  0.00000000e+00  1.79994058e+00 
 2.15865752e-06  0.00000000e+00  1.80003789e+00 
 2.22745722e-06  0.00000000e+00  1.79994769e+00 
 2.25010000e-06  0.00000000e+00  1.80003910e+00 
 2.25011000e-06  1.80000000e-01  1.80056705e+00 
 2.25013000e-06  5.40000000e-01  1.80194666e+00 
 2.25017000e-06  1.26000000e+00  1.80535584e+00 
 2.25020000e-06  1.80000000e+00  1.80768494e+00 
 2.25020789e-06  1.80000000e+00  1.80746117e+00 
 2.25022366e-06  1.80000000e+00  1.80697562e+00 
 2.25025521e-06  1.80000000e+00  1.80617618e+00 
 2.25031830e-06  1.80000000e+00  1.80511580e+00 
 2.25044448e-06  1.80000000e+00  1.80383998e+00 
 2.25059757e-06  1.80000000e+00  1.80279910e+00 
 2.25083099e-06  1.80000000e+00  1.80261080e+00 
 2.25125632e-06  1.80000000e+00  1.80653535e+00 
 2.25169976e-06  1.80000000e+00  1.80622235e+00 
 2.25214110e-06  1.80000000e+00  1.80322587e+00 
 2.25270577e-06  1.80000000e+00  1.80097846e+00 
 2.25345611e-06  1.80000000e+00  1.80005418e+00 
 2.25395398e-06  1.80000000e+00  1.80001222e+00 
 2.25452748e-06  1.80000000e+00  1.79991439e+00 
 2.25514222e-06  1.80000000e+00  1.79985056e+00 
 2.25585663e-06  1.80000000e+00  1.79991606e+00 
 2.25662270e-06  1.80000000e+00  1.79989406e+00 
 2.25815484e-06  1.80000000e+00  1.79996061e+00 
 2.25984913e-06  1.80000000e+00  1.79994801e+00 
 2.26276184e-06  1.80000000e+00  1.80000017e+00 
 2.26672775e-06  1.80000000e+00  1.79998004e+00 
 2.27465958e-06  1.80000000e+00  1.80001509e+00 
 2.29052323e-06  1.80000000e+00  1.79998498e+00 
 2.32225054e-06  1.80000000e+00  1.80001483e+00 
 2.38570515e-06  1.80000000e+00  1.79998512e+00 
 2.50000000e-06  1.80000000e+00  1.80001479e+00 
 2.50001000e-06  1.62000000e+00  1.79885606e+00 
 2.50003000e-06  1.26000000e+00  1.79672064e+00 
 2.50007000e-06  5.40000000e-01  1.79346673e+00 
 2.50010000e-06  3.67639252e-12  1.79184202e+00 
 2.50010800e-06  0.00000000e+00  1.79238417e+00 
 2.50012400e-06  0.00000000e+00  1.79346599e+00 
 2.50015600e-06  0.00000000e+00  1.79514019e+00 
 2.50022000e-06  0.00000000e+00  1.79741114e+00 
 2.50034487e-06  0.00000000e+00  1.79985256e+00 
 2.50051762e-06  0.00000000e+00  1.80126273e+00 
 2.50086312e-06  0.00000000e+00  1.80228519e+00 
 2.50130928e-06  0.00000000e+00  1.80159758e+00 
 2.50174969e-06  0.00000000e+00  1.79951024e+00 
 2.50222695e-06  0.00000000e+00  1.79739436e+00 
 2.50267905e-06  0.00000000e+00  1.79734965e+00 
 2.50321810e-06  0.00000000e+00  1.79787589e+00 
 2.50378852e-06  0.00000000e+00  1.79843631e+00 
 2.50442092e-06  0.00000000e+00  1.79894987e+00 
 2.50522166e-06  0.00000000e+00  1.79926742e+00 
 2.50605254e-06  0.00000000e+00  1.79951364e+00 
 2.50671226e-06  0.00000000e+00  1.79966074e+00 
 2.50747867e-06  0.00000000e+00  1.79975865e+00 
 2.50831977e-06  0.00000000e+00  1.79982875e+00 
 2.50924572e-06  0.00000000e+00  1.79987030e+00 
 2.51030156e-06  0.00000000e+00  1.79990541e+00 
 2.51149040e-06  0.00000000e+00  1.79992029e+00 
 2.51386809e-06  0.00000000e+00  1.79994299e+00 
 2.51795959e-06  0.00000000e+00  1.79994923e+00 
 2.52614258e-06  0.00000000e+00  1.79996300e+00 
 2.54250855e-06  0.00000000e+00  1.79997002e+00 
 2.57524051e-06  0.00000000e+00  1.79998496e+00 
 2.64070441e-06  0.00000000e+00  1.79998841e+00 
 2.75010000e-06  0.00000000e+00  1.79999702e+00 
 2.75011000e-06  1.80000000e-01  1.80051091e+00 
 2.75013000e-06  5.40000000e-01  1.80187959e+00 
 2.75017000e-06  1.26000000e+00  1.80530454e+00 
 2.75020000e-06  1.80000000e+00  1.80764419e+00 
 2.75020789e-06  1.80000000e+00  1.80742512e+00 
 2.75022366e-06  1.80000000e+00  1.80694764e+00 
 2.75025520e-06  1.80000000e+00  1.80615770e+00 
 2.75031829e-06  1.80000000e+00  1.80510504e+00 
 2.75044447e-06  1.80000000e+00  1.80383462e+00 
 2.75059748e-06  1.80000000e+00  1.80279675e+00 
 2.75083045e-06  1.80000000e+00  1.80261122e+00 
 2.75125651e-06  1.80000000e+00  1.80655874e+00 
 2.75169956e-06  1.80000000e+00  1.80625900e+00 
 2.75214031e-06  1.80000000e+00  1.80332323e+00 
 2.75270396e-06  1.80000000e+00  1.80080217e+00 
 2.75349833e-06  1.80000000e+00  1.79947009e+00 
 2.75401438e-06  1.80000000e+00  1.79988043e+00 
 2.75460241e-06  1.80000000e+00  1.80033178e+00 
 2.75526857e-06  1.80000000e+00  1.80081857e+00 
 2.75598238e-06  1.80000000e+00  1.80155787e+00 
 2.75679822e-06  1.80000000e+00  1.80158938e+00 
 2.75765235e-06  1.80000000e+00  1.80131827e+00 
 2.75871405e-06  1.80000000e+00  1.80093414e+00 
 2.75978590e-06  1.80000000e+00  1.80078007e+00 
 2.76166728e-06  1.80000000e+00  1.80042905e+00 
 2.76345212e-06  1.80000000e+00  1.80029940e+00 
 2.76679396e-06  1.80000000e+00  1.80008174e+00 
 2.77226680e-06  1.80000000e+00  1.80003673e+00 
 2.78024012e-06  1.80000000e+00  1.79997821e+00 
 2.79468502e-06  1.80000000e+00  1.80002099e+00 
 2.81666319e-06  1.80000000e+00  1.79997913e+00 
 2.85368942e-06  1.80000000e+00  1.80002066e+00 
 2.91435111e-06  1.80000000e+00  1.79997932e+00 
 3.00000000e-06  1.80000000e+00  1.80002056e+00 
 3.00001000e-06  1.62000000e+00  1.79886147e+00 
 3.00003000e-06  1.26000000e+00  1.79672813e+00 
 3.00007000e-06  5.40000000e-01  1.79347193e+00 
 3.00010000e-06  3.67639252e-12  1.79184539e+00 
 3.00010800e-06  0.00000000e+00  1.79238797e+00 
 3.00012400e-06  0.00000000e+00  1.79347075e+00 
 3.00015600e-06  0.00000000e+00  1.79514421e+00 
 3.00022000e-06  0.00000000e+00  1.79741267e+00 
 3.00034484e-06  0.00000000e+00  1.79985111e+00 
 3.00051795e-06  0.00000000e+00  1.80126247e+00 
 3.00086417e-06  0.00000000e+00  1.80229157e+00 
 3.00131083e-06  0.00000000e+00  1.80160689e+00 
 3.00181795e-06  0.00000000e+00  1.79917143e+00 
 3.00231101e-06  0.00000000e+00  1.79768095e+00 
 3.00278319e-06  0.00000000e+00  1.79882287e+00 
 3.00333874e-06  0.00000000e+00  1.79714403e+00 
 3.00392759e-06  0.00000000e+00  1.79817038e+00 
 3.00456727e-06  0.00000000e+00  1.79997458e+00 
 3.00518590e-06  0.00000000e+00  1.80059408e+00 
 3.00582075e-06  0.00000000e+00  1.80096784e+00 
 3.00648185e-06  0.00000000e+00  1.80034352e+00 
 3.00732839e-06  0.00000000e+00  1.80039011e+00 
 3.00834341e-06  0.00000000e+00  1.80003992e+00 
 3.00943159e-06  0.00000000e+00  1.80019549e+00 
 3.01047347e-06  0.00000000e+00  1.80006491e+00 
 3.01154734e-06  0.00000000e+00  1.80051403e+00 
 3.01266529e-06  0.00000000e+00  1.80036614e+00 
 3.01351260e-06  0.00000000e+00  1.79986890e+00 
 3.01433007e-06  0.00000000e+00  1.79899826e+00 
 3.01529002e-06  0.00000000e+00  1.79933821e+00 
 3.01628392e-06  0.00000000e+00  1.79941376e+00 
 3.01725292e-06  0.00000000e+00  1.79792263e+00 
 3.01839739e-06  0.00000000e+00  1.79770494e+00 
 3.01958681e-06  0.00000000e+00  1.79862681e+00 
 3.02142654e-06  0.00000000e+00  1.79951750e+00 
 3.02344816e-06  0.00000000e+00  1.79981018e+00 
 3.02749139e-06  0.00000000e+00  1.79996824e+00 
 3.03512578e-06  0.00000000e+00  1.79995689e+00 
 3.04726241e-06  0.00000000e+00  1.79997766e+00 
 3.06296672e-06  0.00000000e+00  1.79997308e+00 
 3.09127902e-06  0.00000000e+00  1.79998923e+00 
 3.12903052e-06  0.00000000e+00  1.79998466e+00 
 3.16937737e-06  0.00000000e+00  1.79999588e+00 
 3.21287344e-06  0.00000000e+00  1.79998952e+00 
 3.25010000e-06  0.00000000e+00  1.79999826e+00 
 3.25011000e-06  1.80000000e-01  1.80053011e+00 
 3.25013000e-06  5.40000000e-01  1.80191635e+00 
 3.25017000e-06  1.26000000e+00  1.80532367e+00 
 3.25020000e-06  1.80000000e+00  1.80764294e+00 
 3.25020789e-06  1.80000000e+00  1.80742083e+00 
 3.25022366e-06  1.80000000e+00  1.80693843e+00 
 3.25025521e-06  1.80000000e+00  1.80614610e+00 
 3.25031830e-06  1.80000000e+00  1.80509807e+00 
 3.25044449e-06  1.80000000e+00  1.80383647e+00 
 3.25059757e-06  1.80000000e+00  1.80279900e+00 
 3.25083097e-06  1.80000000e+00  1.80261424e+00 
 3.25125632e-06  1.80000000e+00  1.80654480e+00 
 3.25169974e-06  1.80000000e+00  1.80622775e+00 
 3.25214108e-06  1.80000000e+00  1.80323054e+00 
 3.25270587e-06  1.80000000e+00  1.80091311e+00 
 3.25349784e-06  1.80000000e+00  1.80002262e+00 
 3.25400863e-06  1.80000000e+00  1.80005807e+00 
 3.25459374e-06  1.80000000e+00  1.79992942e+00 
 3.25522588e-06  1.80000000e+00  1.79986692e+00 
 3.25595622e-06  1.80000000e+00  1.79992183e+00 
 3.25672878e-06  1.80000000e+00  1.79989742e+00 
 3.25827390e-06  1.80000000e+00  1.79995959e+00 
 3.26008622e-06  1.80000000e+00  1.79994892e+00 
 3.26304108e-06  1.80000000e+00  1.80000018e+00 
 3.26737309e-06  1.80000000e+00  1.79998089e+00 
 3.27603710e-06  1.80000000e+00  1.80001506e+00 
 3.29336513e-06  1.80000000e+00  1.79998506e+00 
 3.32651204e-06  1.80000000e+00  1.80001474e+00 
 3.39280584e-06  1.80000000e+00  1.79998522e+00 
 3.50000000e-06  1.80000000e+00  1.80001469e+00 
 3.50001000e-06  1.62000000e+00  1.79885842e+00 
 3.50003000e-06  1.26000000e+00  1.79673027e+00 
 3.50007000e-06  5.40000000e-01  1.79347696e+00 
 3.50010000e-06  3.67639252e-12  1.79184923e+00 
 3.50010800e-06  0.00000000e+00  1.79239031e+00 
 3.50012400e-06  0.00000000e+00  1.79347110e+00 
 3.50015600e-06  0.00000000e+00  1.79514379e+00 
 3.50022000e-06  0.00000000e+00  1.79741291e+00 
 3.50034487e-06  0.00000000e+00  1.79985293e+00 
 3.50051762e-06  0.00000000e+00  1.80126267e+00 
 3.50086312e-06  0.00000000e+00  1.80228442e+00 
 3.50130927e-06  0.00000000e+00  1.80159469e+00 
 3.50174977e-06  0.00000000e+00  1.79950658e+00 
 3.50222708e-06  0.00000000e+00  1.79739380e+00 
 3.50267917e-06  0.00000000e+00  1.79735075e+00 
 3.50321812e-06  0.00000000e+00  1.79787704e+00 
 3.50378837e-06  0.00000000e+00  1.79843814e+00 
 3.50441922e-06  0.00000000e+00  1.79895054e+00 
 3.50521920e-06  0.00000000e+00  1.79926684e+00 
 3.50604926e-06  0.00000000e+00  1.79951347e+00 
 3.50670910e-06  0.00000000e+00  1.79965990e+00 
 3.50747568e-06  0.00000000e+00  1.79975761e+00 
 3.50832151e-06  0.00000000e+00  1.79982843e+00 
 3.50925040e-06  0.00000000e+00  1.79986998e+00 
 3.51029923e-06  0.00000000e+00  1.79990515e+00 
 3.51149885e-06  0.00000000e+00  1.79992010e+00 
 3.51383647e-06  0.00000000e+00  1.79994276e+00 
 3.51785706e-06  0.00000000e+00  1.79994888e+00 
 3.52589826e-06  0.00000000e+00  1.79996279e+00 
 3.54198064e-06  0.00000000e+00  1.79996964e+00 
 3.57414541e-06  0.00000000e+00  1.79998480e+00 
 3.63847496e-06  0.00000000e+00  1.79998817e+00 
 3.75010000e-06  0.00000000e+00  1.79999711e+00 
 3.75011000e-06  1.80000000e-01  1.80051078e+00 
 3.75013000e-06  5.40000000e-01  1.80187906e+00 
 3.75017000e-06  1.26000000e+00  1.80530048e+00 
 3.75020000e-06  1.80000000e+00  1.80763127e+00 
 3.75020789e-06  1.80000000e+00  1.80741278e+00 
 3.75022366e-06  1.80000000e+00  1.80693686e+00 
 3.75025520e-06  1.80000000e+00  1.80615012e+00 
 3.75031829e-06  1.80000000e+00  1.80510192e+00 
 3.75044447e-06  1.80000000e+00  1.80383525e+00 
 3.75059748e-06  1.80000000e+00  1.80279656e+00 
 3.75083045e-06  1.80000000e+00  1.80261332e+00 
 3.75125651e-06  1.80000000e+00  1.80656539e+00 
 3.75169955e-06  1.80000000e+00  1.80625947e+00 
 3.75214031e-06  1.80000000e+00  1.80332364e+00 
 3.75270395e-06  1.80000000e+00  1.80080300e+00 
 3.75349832e-06  1.80000000e+00  1.79947039e+00 
 3.75401433e-06  1.80000000e+00  1.79987912e+00 
 3.75460234e-06  1.80000000e+00  1.80033032e+00 
 3.75526834e-06  1.80000000e+00  1.80081856e+00 
 3.75597634e-06  1.80000000e+00  1.80155565e+00 
 3.75678803e-06  1.80000000e+00  1.80159205e+00 
 3.75764154e-06  1.80000000e+00  1.80132285e+00 
 3.75870605e-06  1.80000000e+00  1.80093602e+00 
 3.75977361e-06  1.80000000e+00  1.80078246e+00 
 3.76165287e-06  1.80000000e+00  1.80043103e+00 
 3.76342447e-06  1.80000000e+00  1.80030156e+00 
 3.76675839e-06  1.80000000e+00  1.80008291e+00 
 3.77221008e-06  1.80000000e+00  1.80003704e+00 
 3.78016048e-06  1.80000000e+00  1.79997827e+00 
 3.79458477e-06  1.80000000e+00  1.80002094e+00 
 3.81652830e-06  1.80000000e+00  1.79997917e+00 
 3.85354949e-06  1.80000000e+00  1.80002062e+00 
 3.91422871e-06  1.80000000e+00  1.79997937e+00 
 4.00000000e-06  1.80000000e+00  1.80002052e+00 
 4.00001000e-06  1.62000000e+00  1.79886350e+00 
 4.00003000e-06  1.26000000e+00  1.79673625e+00 
 4.00007000e-06  5.40000000e-01  1.79348006e+00 
 4.00010000e-06  0.00000000e+00  1.79185091e+00 
 4.00010800e-06  0.00000000e+00  1.79239256e+00 
 4.00012400e-06  0.00000000e+00  1.79347450e+00 
 4.00015600e-06  0.00000000e+00  1.79514682e+00 
 4.00022000e-06  0.00000000e+00  1.79741385e+00 
 4.00034484e-06  0.00000000e+00  1.79985127e+00 
 4.00051795e-06  0.00000000e+00  1.80126237e+00 
 4.00086417e-06  0.00000000e+00  1.80229104e+00 
 4.00131083e-06  0.00000000e+00  1.80160453e+00 
 4.00181795e-06  0.00000000e+00  1.79916926e+00 
 4.00231102e-06  0.00000000e+00  1.79768135e+00 
 4.00278320e-06  0.00000000e+00  1.79882354e+00 
 4.00333878e-06  0.00000000e+00  1.79714497e+00 
 4.00392765e-06  0.00000000e+00  1.79817141e+00 
 4.00456728e-06  0.00000000e+00  1.79997491e+00 
 4.00518604e-06  0.00000000e+00  1.80059449e+00 
 4.00582103e-06  0.00000000e+00  1.80096770e+00 
 4.00648223e-06  0.00000000e+00  1.80034346e+00 
 4.00732883e-06  0.00000000e+00  1.80038980e+00 
 4.00834403e-06  0.00000000e+00  1.80003978e+00 
 4.00943180e-06  0.00000000e+00  1.80019390e+00 
 4.01047340e-06  0.00000000e+00  1.80005891e+00 
 4.01155217e-06  0.00000000e+00  1.80049814e+00 
 4.01267445e-06  0.00000000e+00  1.80038198e+00 
 4.01353272e-06  0.00000000e+00  1.79989285e+00 
 4.01436047e-06  0.00000000e+00  1.79900873e+00 
 4.01533341e-06  0.00000000e+00  1.79933284e+00 
 4.01633661e-06  0.00000000e+00  1.79939954e+00 
 4.01731473e-06  0.00000000e+00  1.79790982e+00 
 4.01847657e-06  0.00000000e+00  1.79771817e+00 
 4.01968110e-06  0.00000000e+00  1.79866229e+00 
 4.02152726e-06  0.00000000e+00  1.79953028e+00 
 4.02358233e-06  0.00000000e+00  1.79981875e+00 
 4.02769247e-06  0.00000000e+00  1.79996826e+00 
 4.03548441e-06  0.00000000e+00  1.79995777e+00 
 4.04465390e-06  0.00000000e+00  1.79997511e+00 
 4.05480045e-06  0.00000000e+00  1.79999037e+00 
 4.06317847e-06  0.00000000e+00  1.80025679e+00 
 4.06891200e-06  0.00000000e+00  1.79953870e+00 
 4.07451929e-06  0.00000000e+00  1.80006593e+00 
 4.07825019e-06  0.00000000e+00  1.79998761e+00 
 4.08250095e-06  0.00000000e+00  1.79996801e+00 
 4.09100247e-06  0.00000000e+00  1.79999997e+00 
 4.10089610e-06  0.00000000e+00  1.79996879e+00 
 4.11789864e-06  0.00000000e+00  1.80000535e+00 
 4.14424298e-06  0.00000000e+00  1.79997232e+00 
 4.17971358e-06  0.00000000e+00  1.80001001e+00 
 4.22434426e-06  0.00000000e+00  1.79997273e+00 
 4.25010000e-06  6.67038446e-12  1.79999259e+00 
 4.25011000e-06  1.80000000e-01  1.80049646e+00 
 4.25013000e-06  5.40000000e-01  1.80185026e+00 
 4.25017000e-06  1.26000000e+00  1.80526268e+00 
 4.25020000e-06  1.80000000e+00  1.80760199e+00 
 4.25020794e-06  1.80000000e+00  1.80739969e+00 
 4.25022381e-06  1.80000000e+00  1.80695324e+00 
 4.25025555e-06  1.80000000e+00  1.80619730e+00 
 4.25031903e-06  1.80000000e+00  1.80515035e+00 
 4.25039431e-06  1.80000000e+00  1.80432635e+00 
 4.25054487e-06  1.80000000e+00  1.80313090e+00 
 4.25073844e-06  1.80000000e+00  1.80246359e+00 
 4.25098976e-06  1.80000000e+00  1.80370550e+00 
 4.25147390e-06  1.80000000e+00  1.80745015e+00 
 4.25194452e-06  1.80000000e+00  1.80465280e+00 
 4.25244835e-06  1.80000000e+00  1.80194106e+00 
 4.25312228e-06  1.80000000e+00  1.80048693e+00 
 4.25380873e-06  1.80000000e+00  1.80000860e+00 
 4.25440225e-06  1.80000000e+00  1.80003569e+00 
 4.25503495e-06  1.80000000e+00  1.79988277e+00 
 4.25565252e-06  1.80000000e+00  1.79994983e+00 
 4.25656679e-06  1.80000000e+00  1.80000717e+00 
 4.25752348e-06  1.80000000e+00  1.80015125e+00 
 4.25928948e-06  1.80000000e+00  1.80013562e+00 
 4.26161159e-06  1.80000000e+00  1.79979250e+00 
 4.26372725e-06  1.80000000e+00  1.79999190e+00 
 4.26684487e-06  1.80000000e+00  1.79996654e+00 
 4.27011204e-06  1.80000000e+00  1.80000721e+00 
 4.27664637e-06  1.80000000e+00  1.79999825e+00 
 4.28741322e-06  1.80000000e+00  1.80000610e+00 
 4.30392837e-06  1.80000000e+00  1.80000007e+00 
 4.32042109e-06  1.80000000e+00  1.80000217e+00 
 4.33633664e-06  1.80000000e+00  1.79999843e+00 
 4.35187950e-06  1.80000000e+00  1.80000048e+00 
 4.37848784e-06  1.80000000e+00  1.80000010e+00 
 4.41327946e-06  1.80000000e+00  1.79999936e+00 
 4.46515216e-06  1.80000000e+00  1.80000087e+00 
 4.50000000e-06  1.80000000e+00  1.79999863e+00 
 4.50001000e-06  1.62000000e+00  1.79885311e+00 
 4.50003000e-06  1.26000000e+00  1.79674074e+00 
 4.50007000e-06  5.40000000e-01  1.79349243e+00 
 4.50010000e-06  0.00000000e+00  1.79186096e+00 
 4.50010800e-06  0.00000000e+00  1.79240041e+00 
 4.50012400e-06  0.00000000e+00  1.79347919e+00 
 4.50015600e-06  0.00000000e+00  1.79515106e+00 
 4.50022000e-06  0.00000000e+00  1.79741942e+00 
 4.50034800e-06  0.00000000e+00  1.79989734e+00 
 4.50058873e-06  0.00000000e+00  1.80166198e+00 
 4.50092979e-06  0.00000000e+00  1.80228053e+00 
 4.50145289e-06  0.00000000e+00  1.80115376e+00 
 4.50196108e-06  0.00000000e+00  1.79828453e+00 
 4.50243008e-06  0.00000000e+00  1.79737711e+00 
 4.50293065e-06  0.00000000e+00  1.79780042e+00 
 4.50346877e-06  0.00000000e+00  1.79825232e+00 
 4.50405129e-06  0.00000000e+00  1.79870156e+00 
 4.50470849e-06  0.00000000e+00  1.79910967e+00 
 4.50560302e-06  0.00000000e+00  1.79937154e+00 
 4.50647696e-06  0.00000000e+00  1.79958310e+00 
 4.50743067e-06  0.00000000e+00  1.79971403e+00 
 4.50835874e-06  0.00000000e+00  1.79977808e+00 
 4.50928060e-06  0.00000000e+00  1.79982751e+00 
 4.51025438e-06  0.00000000e+00  1.79985059e+00 
 4.51137048e-06  0.00000000e+00  1.79987915e+00 
 4.51260735e-06  0.00000000e+00  1.79988754e+00 
 4.51508110e-06  0.00000000e+00  1.79991384e+00 
 4.51875851e-06  0.00000000e+00  1.79992224e+00 
 4.52557789e-06  0.00000000e+00  1.79994682e+00 
 4.53796774e-06  0.00000000e+00  1.79995671e+00 
 4.55959924e-06  0.00000000e+00  1.79997815e+00 
 4.60286225e-06  0.00000000e+00  1.79998191e+00 
 4.68938827e-06  0.00000000e+00  1.79999630e+00 
 4.75010000e-06  6.67038446e-12  1.79999082e+00 
 4.75011000e-06  1.80000000e-01  1.80050894e+00 
 4.75013000e-06  5.40000000e-01  1.80187657e+00 
 4.75017000e-06  1.26000000e+00  1.80528946e+00 
 4.75020000e-06  1.80000000e+00  1.80761662e+00 
 4.75020789e-06  1.80000000e+00  1.80740108e+00 
 4.75022367e-06  1.80000000e+00  1.80693200e+00 
 4.75025524e-06  1.80000000e+00  1.80615805e+00 
 4.75031837e-06  1.80000000e+00  1.80511434e+00 
 4.75039358e-06  1.80000000e+00  1.80429728e+00 
 4.75054402e-06  1.80000000e+00  1.80310922e+00 
 4.75073668e-06  1.80000000e+00  1.80244384e+00 
 4.75098706e-06  1.80000000e+00  1.80366520e+00 
 4.75147018e-06  1.80000000e+00  1.80743216e+00 
 4.75194383e-06  1.80000000e+00  1.80462233e+00 
 4.75244591e-06  1.80000000e+00  1.80190879e+00 
 4.75311055e-06  1.80000000e+00  1.80001399e+00 
 4.75382224e-06  1.80000000e+00  1.79946267e+00 
 4.75440180e-06  1.80000000e+00  1.80004373e+00 
 4.75503476e-06  1.80000000e+00  1.80047015e+00 
 4.75566510e-06  1.80000000e+00  1.80108604e+00 
 4.75643457e-06  1.80000000e+00  1.80162916e+00 
 4.75725790e-06  1.80000000e+00  1.80154844e+00 
 4.75808045e-06  1.80000000e+00  1.80121977e+00 
 4.75903718e-06  1.80000000e+00  1.80094199e+00 
 4.76025058e-06  1.80000000e+00  1.80071771e+00 
 4.76191177e-06  1.80000000e+00  1.80044853e+00 
 4.76404992e-06  1.80000000e+00  1.80025479e+00 
 4.76720437e-06  1.80000000e+00  1.80009513e+00 
 4.77285562e-06  1.80000000e+00  1.80001770e+00 
 4.78087761e-06  1.80000000e+00  1.79999483e+00 
 4.79467431e-06  1.80000000e+00  1.80000454e+00 
 4.81630972e-06  1.80000000e+00  1.79999546e+00 
 4.85101628e-06  1.80000000e+00  1.80000439e+00 
 4.92042940e-06  1.80000000e+00  1.79999556e+00 
 5.00000000e-06  1.80000000e+00  1.80000436e+00 
 5.00001000e-06  1.62000000e+00  1.79885535e+00 
 5.00003000e-06  1.26000000e+00  1.79673889e+00 
 5.00007000e-06  5.40000000e-01  1.79348550e+00 
 5.00010000e-06  0.00000000e+00  1.79185383e+00 
 5.00010800e-06  0.00000000e+00  1.79239468e+00 
 5.00012400e-06  0.00000000e+00  1.79347637e+00 
 5.00015600e-06  0.00000000e+00  1.79514930e+00 
 5.00022000e-06  0.00000000e+00  1.79741577e+00 
 5.00034800e-06  0.00000000e+00  1.79989427e+00 
 5.00058805e-06  0.00000000e+00  1.80165722e+00 
 5.00092907e-06  0.00000000e+00  1.80228235e+00 
 5.00145155e-06  0.00000000e+00  1.80117620e+00 
 5.00195949e-06  0.00000000e+00  1.79828856e+00 
 5.00244842e-06  0.00000000e+00  1.79752077e+00 
 5.00296976e-06  0.00000000e+00  1.79923364e+00 
 5.00349826e-06  0.00000000e+00  1.79779835e+00 
 5.00409519e-06  0.00000000e+00  1.79797161e+00 
 5.00458986e-06  0.00000000e+00  1.79957638e+00 
 5.00514846e-06  0.00000000e+00  1.80027743e+00 
 5.00583226e-06  0.00000000e+00  1.80107728e+00 
 5.00645668e-06  0.00000000e+00  1.80054437e+00 
 5.00730819e-06  0.00000000e+00  1.80042509e+00 
 5.00815615e-06  0.00000000e+00  1.80010952e+00 
 5.00969803e-06  0.00000000e+00  1.80014908e+00 
 5.01065526e-06  0.00000000e+00  1.80008763e+00 
 5.01174580e-06  0.00000000e+00  1.80048994e+00 
 5.01292945e-06  0.00000000e+00  1.80025505e+00 
 5.01376951e-06  0.00000000e+00  1.79965308e+00 
 5.01455375e-06  0.00000000e+00  1.79888061e+00 
 5.01552015e-06  0.00000000e+00  1.79967721e+00 
 5.01652776e-06  0.00000000e+00  1.79868882e+00 
 5.01744582e-06  0.00000000e+00  1.79768703e+00 
 5.01870317e-06  0.00000000e+00  1.79795419e+00 
 5.01993408e-06  0.00000000e+00  1.79897223e+00 
 5.02184191e-06  0.00000000e+00  1.79964320e+00 
 5.02434307e-06  0.00000000e+00  1.79999813e+00 
 5.02683779e-06  0.00000000e+00  1.80092121e+00 
 5.03006556e-06  0.00000000e+00  1.79908327e+00 
 5.03249800e-06  0.00000000e+00  1.79977905e+00 
 5.03488529e-06  0.00000000e+00  1.79969585e+00 
 5.03728110e-06  0.00000000e+00  1.80015843e+00 
 5.04036155e-06  0.00000000e+00  1.79975384e+00 
 5.04491111e-06  0.00000000e+00  1.80015912e+00 
 5.05141702e-06  0.00000000e+00  1.79978540e+00 
 5.06299800e-06  0.00000000e+00  1.80015402e+00 
 5.07447594e-06  0.00000000e+00  1.79980647e+00 
 5.08613489e-06  0.00000000e+00  1.80014903e+00 
 5.10027579e-06  0.00000000e+00  1.79982269e+00 
 5.12855759e-06  0.00000000e+00  1.80014784e+00 
 5.17333172e-06  0.00000000e+00  1.79983344e+00 
 5.25010000e-06  6.67038446e-12  1.80015155e+00 
 5.25011000e-06  1.80000000e-01  1.80065772e+00 
 5.25013000e-06  5.40000000e-01  1.80200141e+00 
 5.25017000e-06  1.26000000e+00  1.80535517e+00 
 5.25020000e-06  1.80000000e+00  1.80764566e+00 
 5.25020780e-06  1.80000000e+00  1.80744004e+00 
 5.25022340e-06  1.80000000e+00  1.80698910e+00 
 5.25025461e-06  1.80000000e+00  1.80623236e+00 
 5.25031702e-06  1.80000000e+00  1.80517527e+00 
 5.25039215e-06  1.80000000e+00  1.80431873e+00 
 5.25054242e-06  1.80000000e+00  1.80310135e+00 
 5.25070553e-06  1.80000000e+00  1.80241676e+00 
 5.25096839e-06  1.80000000e+00  1.80343796e+00 
 5.25142058e-06  1.80000000e+00  1.80751178e+00 
 5.25192491e-06  1.80000000e+00  1.80486433e+00 
 5.25239473e-06  1.80000000e+00  1.80244300e+00 
 5.25307629e-06  1.80000000e+00  1.80106523e+00 
 5.25379972e-06  1.80000000e+00  1.79988533e+00 
 5.25433770e-06  1.80000000e+00  1.79909812e+00 
 5.25496091e-06  1.80000000e+00  1.79820432e+00 
 5.25554886e-06  1.80000000e+00  1.79811645e+00 
 5.25632241e-06  1.80000000e+00  1.79831552e+00 
 5.25715321e-06  1.80000000e+00  1.79861809e+00 
 5.25880583e-06  1.80000000e+00  1.79911923e+00 
 5.26094149e-06  1.80000000e+00  1.79951162e+00 
 5.26422582e-06  1.80000000e+00  1.79981516e+00 
 5.26988785e-06  1.80000000e+00  1.79997270e+00 
 5.28121190e-06  1.80000000e+00  1.80000758e+00 
 5.30120366e-06  1.80000000e+00  1.79999504e+00 
 5.34118720e-06  1.80000000e+00  1.80000412e+00 
 5.42115426e-06  1.80000000e+00  1.79999607e+00 
 5.50000000e-06  1.80000000e+00  1.80000363e+00 
 5.50001000e-06  1.62000000e+00  1.79887677e+00 
 5.50003000e-06  1.26000000e+00  1.79679268e+00 
 5.50007000e-06  5.40000000e-01  1.79353859e+00 
 5.50010000e-06  0.00000000e+00  1.79187179e+00 
 5.50010800e-06  0.00000000e+00  1.79238436e+00 
 5.50012400e-06  0.00000000e+00  1.79341968e+00 
 5.50015600e-06  0.00000000e+00  1.79506676e+00 
 5.50022000e-06  0.00000000e+00  1.79736603e+00 
 5.50034800e-06  0.00000000e+00  1.79992289e+00 
 5.50058871e-06  0.00000000e+00  1.80173659e+00 
 5.50092968e-06  0.00000000e+00  1.80232950e+00 
 5.50145317e-06  0.00000000e+00  1.80067149e+00 
 5.50196111e-06  0.00000000e+00  1.79757479e+00 
 5.50244858e-06  0.00000000e+00  1.79794333e+00 
 5.50296816e-06  0.00000000e+00  1.79971931e+00 
 5.50350170e-06  0.00000000e+00  1.80001463e+00 
 5.50409732e-06  0.00000000e+00  1.79990908e+00 
 5.50489734e-06  0.00000000e+00  1.79991645e+00 
 5.50569512e-06  0.00000000e+00  1.79988292e+00 
 5.50641057e-06  0.00000000e+00  1.79988753e+00 
 5.50730485e-06  0.00000000e+00  1.79994332e+00 
 5.50827723e-06  0.00000000e+00  1.79988343e+00 
 5.50925122e-06  0.00000000e+00  1.79991838e+00 
 5.51019520e-06  0.00000000e+00  1.79988214e+00 
 5.51125547e-06  0.00000000e+00  1.79991513e+00 
 5.51245825e-06  0.00000000e+00  1.79988932e+00 
 5.51486380e-06  0.00000000e+00  1.79992634e+00 
 5.51903313e-06  0.00000000e+00  1.79991389e+00 
 5.52700735e-06  0.00000000e+00  1.79995964e+00 
 5.54295579e-06  0.00000000e+00  1.79995172e+00 
 5.57365570e-06  0.00000000e+00  1.79999293e+00 
 5.63505553e-06  0.00000000e+00  1.79997607e+00 
 5.75010000e-06  6.67038446e-12  1.80000791e+00 
 5.75011000e-06  1.80000000e-01  1.80050716e+00 
 5.75013000e-06  5.40000000e-01  1.80185080e+00 
 5.75017000e-06  1.26000000e+00  1.80524168e+00 
 5.75020000e-06  1.80000000e+00  1.80756410e+00 
 5.75020785e-06  1.80000000e+00  1.80736645e+00 
 5.75022355e-06  1.80000000e+00  1.80693054e+00 
 5.75025495e-06  1.80000000e+00  1.80619392e+00 
 5.75031774e-06  1.80000000e+00  1.80515711e+00 
 5.75039296e-06  1.80000000e+00  1.80431404e+00 
 5.75054339e-06  1.80000000e+00  1.80310234e+00 
 5.75073533e-06  1.80000000e+00  1.80242805e+00 
 5.75098515e-06  1.80000000e+00  1.80363150e+00 
 5.75146680e-06  1.80000000e+00  1.80746201e+00 
 5.75194282e-06  1.80000000e+00  1.80474966e+00 
 5.75244341e-06  1.80000000e+00  1.80228975e+00 
 5.75310814e-06  1.80000000e+00  1.80112316e+00 
 5.75382231e-06  1.80000000e+00  1.80016005e+00 
 5.75439827e-06  1.80000000e+00  1.79935672e+00 
 5.75503074e-06  1.80000000e+00  1.79831187e+00 
 5.75566184e-06  1.80000000e+00  1.79803332e+00 
 5.75643063e-06  1.80000000e+00  1.79825281e+00 
 5.75725062e-06  1.80000000e+00  1.79853440e+00 
 5.75889060e-06  1.80000000e+00  1.79907277e+00 
 5.76115765e-06  1.80000000e+00  1.79949800e+00 
 5.76454628e-06  1.80000000e+00  1.79982218e+00 
 5.77068372e-06  1.80000000e+00  1.79997688e+00 
 5.78295860e-06  1.80000000e+00  1.80000988e+00 
 5.80585027e-06  1.80000000e+00  1.79999205e+00 
 5.85163361e-06  1.80000000e+00  1.80000719e+00 
 5.94320030e-06  1.80000000e+00  1.79999298e+00 
 6.00000000e-06  1.80000000e+00  1.80000661e+00 
 6.00001000e-06  1.62000000e+00  1.79888270e+00 
 6.00003000e-06  1.26000000e+00  1.79680360e+00 
 6.00007000e-06  5.40000000e-01  1.79354635e+00 
 6.00010000e-06  0.00000000e+00  1.79187605e+00 
 6.00010800e-06  0.00000000e+00  1.79238755e+00 
 6.00012400e-06  0.00000000e+00  1.79342077e+00 
 6.00015600e-06  0.00000000e+00  1.79506531e+00 
 6.00022000e-06  0.00000000e+00  1.79736460e+00 
 6.00034800e-06  0.00000000e+00  1.79992471e+00 
 6.00058801e-06  0.00000000e+00  1.80173404e+00 
 6.00092903e-06  0.00000000e+00  1.80232913e+00 
 6.00145156e-06  0.00000000e+00  1.80066876e+00 
 6.00195940e-06  0.00000000e+00  1.79757710e+00 
 6.00244830e-06  0.00000000e+00  1.79794969e+00 
 6.00296959e-06  0.00000000e+00  1.79958973e+00 
 6.00349133e-06  0.00000000e+00  1.79992539e+00 
 6.00409694e-06  0.00000000e+00  1.79993628e+00 
 6.00465659e-06  0.00000000e+00  1.79994225e+00 
 6.00525867e-06  0.00000000e+00  1.79999945e+00 
 6.00588206e-06  0.00000000e+00  1.79993710e+00 
 6.00659097e-06  0.00000000e+00  1.79994113e+00 
 6.00738686e-06  0.00000000e+00  1.79989104e+00 
 6.00871655e-06  0.00000000e+00  1.79993492e+00 
 6.01045651e-06  0.00000000e+00  1.80002378e+00 
 6.01186251e-06  0.00000000e+00  1.80040985e+00 
 6.01335674e-06  0.00000000e+00  1.79991505e+00 
 6.01440826e-06  0.00000000e+00  1.79912132e+00 
 6.01540802e-06  0.00000000e+00  1.79945560e+00 
 6.01651123e-06  0.00000000e+00  1.79878564e+00 
 6.01752965e-06  0.00000000e+00  1.79762556e+00 
 6.01890599e-06  0.00000000e+00  1.79811640e+00 
 6.02020675e-06  0.00000000e+00  1.79907511e+00 
 6.02225013e-06  0.00000000e+00  1.79968703e+00 
 6.02490210e-06  0.00000000e+00  1.79989692e+00 
 6.03008174e-06  0.00000000e+00  1.79995932e+00 
 6.03856789e-06  0.00000000e+00  1.79995740e+00 
 6.04711430e-06  0.00000000e+00  1.79996954e+00 
 6.06005371e-06  0.00000000e+00  1.79997303e+00 
 6.08138950e-06  0.00000000e+00  1.79998246e+00 
 6.12102529e-06  0.00000000e+00  1.79998644e+00 
 6.17075575e-06  0.00000000e+00  1.79999258e+00 
 6.25010000e-06  6.67038446e-12  1.79999330e+00 
 6.25011000e-06  1.80000000e-01  1.80050500e+00 
 6.25013000e-06  5.40000000e-01  1.80185690e+00 
 6.25017000e-06  1.26000000e+00  1.80523867e+00 
 6.25020000e-06  1.80000000e+00  1.80755296e+00 
 6.25020793e-06  1.80000000e+00  1.80735304e+00 
 6.25022380e-06  1.80000000e+00  1.80691420e+00 
 6.25025554e-06  1.80000000e+00  1.80617549e+00 
 6.25031902e-06  1.80000000e+00  1.80513938e+00 
 6.25039433e-06  1.80000000e+00  1.80430481e+00 
 6.25054495e-06  1.80000000e+00  1.80309660e+00 
 6.25070917e-06  1.80000000e+00  1.80242314e+00 
 6.25097434e-06  1.80000000e+00  1.80349971e+00 
 6.25142870e-06  1.80000000e+00  1.80751516e+00 
 6.25193068e-06  1.80000000e+00  1.80483308e+00 
 6.25240745e-06  1.80000000e+00  1.80240988e+00 
 6.25308566e-06  1.80000000e+00  1.80105573e+00 
 6.25381024e-06  1.80000000e+00  1.79986743e+00 
 6.25435197e-06  1.80000000e+00  1.79908287e+00 
 6.25497888e-06  1.80000000e+00  1.79820634e+00 
 6.25557959e-06  1.80000000e+00  1.79812151e+00 
 6.25638195e-06  1.80000000e+00  1.79833049e+00 
 6.25723731e-06  1.80000000e+00  1.79864369e+00 
 6.25891584e-06  1.80000000e+00  1.79914282e+00 
 6.26110106e-06  1.80000000e+00  1.79953186e+00 
 6.26449179e-06  1.80000000e+00  1.79982897e+00 
 6.27051082e-06  1.80000000e+00  1.79998003e+00 
 6.28254889e-06  1.80000000e+00  1.80000634e+00 
 6.30358785e-06  1.80000000e+00  1.79999566e+00 
 6.34566578e-06  1.80000000e+00  1.80000363e+00 
 6.42982163e-06  1.80000000e+00  1.79999651e+00 
 6.50000000e-06  1.80000000e+00  1.80000320e+00 
 6.50001000e-06  1.62000000e+00  1.79888014e+00 
 6.50003000e-06  1.26000000e+00  1.79680346e+00 
 6.50007000e-06  5.40000000e-01  1.79355152e+00 
 6.50010000e-06  0.00000000e+00  1.79188186e+00 
 6.50010800e-06  0.00000000e+00  1.79239169e+00 
 6.50012400e-06  0.00000000e+00  1.79342116e+00 
 6.50015600e-06  0.00000000e+00  1.79506218e+00 
 6.50022000e-06  0.00000000e+00  1.79735863e+00 
 6.50034800e-06  0.00000000e+00  1.79991955e+00 
 6.50058868e-06  0.00000000e+00  1.80173677e+00 
 6.50092973e-06  0.00000000e+00  1.80232972e+00 
 6.50145315e-06  0.00000000e+00  1.80067080e+00 
 6.50196109e-06  0.00000000e+00  1.79757525e+00 
 6.50244863e-06  0.00000000e+00  1.79794456e+00 
 6.50296822e-06  0.00000000e+00  1.79971736e+00 
 6.50350284e-06  0.00000000e+00  1.80001468e+00 
 6.50409735e-06  0.00000000e+00  1.79991368e+00 
 6.50488457e-06  0.00000000e+00  1.79992090e+00 
 6.50568087e-06  0.00000000e+00  1.79988200e+00 
 6.50640699e-06  0.00000000e+00  1.79988586e+00 
 6.50730851e-06  0.00000000e+00  1.79994180e+00 
 6.50826178e-06  0.00000000e+00  1.79988252e+00 
 6.50925268e-06  0.00000000e+00  1.79991790e+00 
 6.51018328e-06  0.00000000e+00  1.79988169e+00 
 6.51123782e-06  0.00000000e+00  1.79991497e+00 
 6.51243482e-06  0.00000000e+00  1.79988907e+00 
 6.51482882e-06  0.00000000e+00  1.79992623e+00 
 6.51895108e-06  0.00000000e+00  1.79991359e+00 
 6.52685284e-06  0.00000000e+00  1.79995940e+00 
 6.54265635e-06  0.00000000e+00  1.79995144e+00 
 6.57288600e-06  0.00000000e+00  1.79999274e+00 
 6.63334530e-06  0.00000000e+00  1.79997588e+00 
 6.75010000e-06  6.67038446e-12  1.80000796e+00 
 6.75011000e-06  1.80000000e-01  1.80050584e+00 
 6.75013000e-06  5.40000000e-01  1.80184599e+00 
 6.75017000e-06  1.26000000e+00  1.80523079e+00 
 6.75020000e-06  1.80000000e+00  1.80754898e+00 
 6.75020785e-06  1.80000000e+00  1.80735363e+00 
 6.75022355e-06  1.80000000e+00  1.80692259e+00 
 6.75025495e-06  1.80000000e+00  1.80619280e+00 
 6.75031774e-06  1.80000000e+00  1.80516134e+00 
 6.75039296e-06  1.80000000e+00  1.80431786e+00 
 6.75054340e-06  1.80000000e+00  1.80310403e+00 
 6.75073533e-06  1.80000000e+00  1.80242901e+00 
 6.75098515e-06  1.80000000e+00  1.80363282e+00 
 6.75146679e-06  1.80000000e+00  1.80746305e+00 
 6.75194281e-06  1.80000000e+00  1.80475267e+00 
 6.75244341e-06  1.80000000e+00  1.80228895e+00 
 6.75310802e-06  1.80000000e+00  1.80112477e+00 
 6.75382164e-06  1.80000000e+00  1.80015424e+00 
 6.75439776e-06  1.80000000e+00  1.79934615e+00 
 6.75502994e-06  1.80000000e+00  1.79831039e+00 
 6.75566177e-06  1.80000000e+00  1.79803611e+00 
 6.75643396e-06  1.80000000e+00  1.79825532e+00 
 6.75725050e-06  1.80000000e+00  1.79853626e+00 
 6.75888358e-06  1.80000000e+00  1.79907185e+00 
 6.76115217e-06  1.80000000e+00  1.79949799e+00 
 6.76453933e-06  1.80000000e+00  1.79982190e+00 
 6.77066895e-06  1.80000000e+00  1.79997689e+00 
 6.78292818e-06  1.80000000e+00  1.80000977e+00 
 6.80551668e-06  1.80000000e+00  1.79999220e+00 
 6.85069368e-06  1.80000000e+00  1.80000704e+00 
 6.94104767e-06  1.80000000e+00  1.79999313e+00 
 7.00000000e-06  1.80000000e+00  1.80000647e+00 
 7.00001000e-06  1.62000000e+00  1.79888635e+00 
 7.00003000e-06  1.26000000e+00  1.79681423e+00 
 7.00007000e-06  5.40000000e-01  1.79355912e+00 
 7.00010000e-06  0.00000000e+00  1.79188628e+00 
 7.00010800e-06  0.00000000e+00  1.79239508e+00 
 7.00012400e-06  0.00000000e+00  1.79342227e+00 
 7.00015600e-06  0.00000000e+00  1.79506064e+00 
 7.00022000e-06  0.00000000e+00  1.79735754e+00 
 7.00034800e-06  0.00000000e+00  1.79992137e+00 
 7.00058796e-06  0.00000000e+00  1.80173433e+00 
 7.00092893e-06  0.00000000e+00  1.80232977e+00 
 7.00145144e-06  0.00000000e+00  1.80066885e+00 
 7.00195918e-06  0.00000000e+00  1.79757809e+00 
 7.00244796e-06  0.00000000e+00  1.79794951e+00 
 7.00296917e-06  0.00000000e+00  1.79958768e+00 
 7.00349091e-06  0.00000000e+00  1.79992532e+00 
 7.00409645e-06  0.00000000e+00  1.79993681e+00 
 7.00465593e-06  0.00000000e+00  1.79994218e+00 
 7.00525780e-06  0.00000000e+00  1.79999967e+00 
 7.00588188e-06  0.00000000e+00  1.79993707e+00 
 7.00659013e-06  0.00000000e+00  1.79994119e+00 
 7.00738653e-06  0.00000000e+00  1.79989100e+00 
 7.00871562e-06  0.00000000e+00  1.79993488e+00 
 7.01045571e-06  0.00000000e+00  1.80002365e+00 
 7.01186220e-06  0.00000000e+00  1.80040962e+00 
 7.01335660e-06  0.00000000e+00  1.79991551e+00 
 7.01440576e-06  0.00000000e+00  1.79912286e+00 
 7.01540805e-06  0.00000000e+00  1.79945109e+00 
 7.01650424e-06  0.00000000e+00  1.79879466e+00 
 7.01752703e-06  0.00000000e+00  1.79762337e+00 
 7.01890350e-06  0.00000000e+00  1.79811337e+00 
 7.02020348e-06  0.00000000e+00  1.79907281e+00 
 7.02224862e-06  0.00000000e+00  1.79968882e+00 
 7.02491216e-06  0.00000000e+00  1.79989800e+00 
 7.03013906e-06  0.00000000e+00  1.79996031e+00 
 7.03638201e-06  0.00000000e+00  1.79995467e+00 
 7.04886791e-06  0.00000000e+00  1.79997176e+00 
 7.07233469e-06  0.00000000e+00  1.79997614e+00 
 7.10857789e-06  0.00000000e+00  1.79998875e+00 
 7.15195581e-06  0.00000000e+00  1.79998787e+00 
 7.21636375e-06  0.00000000e+00  1.79999584e+00 
 7.25010000e-06  6.67038446e-12  1.79999208e+00 
 7.25011000e-06  1.80000000e-01  1.80050252e+00 
 7.25013000e-06  5.40000000e-01  1.80185184e+00 
 7.25017000e-06  1.26000000e+00  1.80523079e+00 
 7.25020000e-06  1.80000000e+00  1.80754252e+00 
 7.25020793e-06  1.80000000e+00  1.80734457e+00 
 7.25022380e-06  1.80000000e+00  1.80690956e+00 
 7.25025554e-06  1.80000000e+00  1.80617544e+00 
 7.25031902e-06  1.80000000e+00  1.80514285e+00 
 7.25039433e-06  1.80000000e+00  1.80430733e+00 
 7.25054495e-06  1.80000000e+00  1.80309739e+00 
 7.25070916e-06  1.80000000e+00  1.80242427e+00 
 7.25097434e-06  1.80000000e+00  1.80350149e+00 
 7.25142867e-06  1.80000000e+00  1.80751599e+00 
 7.25193069e-06  1.80000000e+00  1.80483628e+00 
 7.25240742e-06  1.80000000e+00  1.80241000e+00 
 7.25308564e-06  1.80000000e+00  1.80104144e+00 
 7.25380927e-06  1.80000000e+00  1.79984074e+00 
 7.25435140e-06  1.80000000e+00  1.79911337e+00 
 7.25497840e-06  1.80000000e+00  1.79826466e+00 
 7.25557895e-06  1.80000000e+00  1.79814274e+00 
 7.25638238e-06  1.80000000e+00  1.79833743e+00 
 7.25723886e-06  1.80000000e+00  1.79863513e+00 
 7.25891647e-06  1.80000000e+00  1.79913735e+00 
 7.26110270e-06  1.80000000e+00  1.79952454e+00 
 7.26449363e-06  1.80000000e+00  1.79982905e+00 
 7.27051865e-06  1.80000000e+00  1.79997786e+00 
 7.28256870e-06  1.80000000e+00  1.80000841e+00 
 7.30352005e-06  1.80000000e+00  1.79999365e+00 
 7.34542277e-06  1.80000000e+00  1.80000564e+00 
 7.42922819e-06  1.80000000e+00  1.79999452e+00 
 7.50000000e-06  1.80000000e+00  1.80000520e+00 
 7.50001000e-06  1.62000000e+00  1.79888469e+00 
 7.50003000e-06  1.26000000e+00  1.79681207e+00 
 7.50007000e-06  5.40000000e-01  1.79355992e+00 
 7.50010000e-06  0.00000000e+00  1.79188838e+00 
 7.50010800e-06  0.00000000e+00  1.79239636e+00 
 7.50012400e-06  0.00000000e+00  1.79342154e+00 
 7.50015600e-06  0.00000000e+00  1.79505838e+00 
 7.50022000e-06  0.00000000e+00  1.79735317e+00 
 7.50034800e-06  0.00000000e+00  1.79991792e+00 
 7.50058868e-06  0.00000000e+00  1.80173669e+00 
 7.50092973e-06  0.00000000e+00  1.80232944e+00 
 7.50145315e-06  0.00000000e+00  1.80067112e+00 
 7.50196105e-06  0.00000000e+00  1.79757120e+00 
 7.50244862e-06  0.00000000e+00  1.79795314e+00 
 7.50296818e-06  0.00000000e+00  1.79973370e+00 
 7.50350300e-06  0.00000000e+00  1.80000677e+00 
 7.50409672e-06  0.00000000e+00  1.79990802e+00 
 7.50488400e-06  0.00000000e+00  1.79991737e+00 
 7.50567985e-06  0.00000000e+00  1.79988073e+00 
 7.50640664e-06  0.00000000e+00  1.79988550e+00 
 7.50730887e-06  0.00000000e+00  1.79994154e+00 
 7.50826082e-06  0.00000000e+00  1.79988274e+00 
 7.50925290e-06  0.00000000e+00  1.79991791e+00 
 7.51018277e-06  0.00000000e+00  1.79988231e+00 
 7.51123700e-06  0.00000000e+00  1.79991469e+00 
 7.51243322e-06  0.00000000e+00  1.79988982e+00 
 7.51482567e-06  0.00000000e+00  1.79992570e+00 
 7.51893250e-06  0.00000000e+00  1.79991418e+00 
 7.52680125e-06  0.00000000e+00  1.79995867e+00 
 7.54253874e-06  0.00000000e+00  1.79995199e+00 
 7.57251726e-06  0.00000000e+00  1.79999199e+00 
 7.63247430e-06  0.00000000e+00  1.79997645e+00 
 7.75010000e-06  0.00000000e+00  1.80000732e+00 
 7.75011000e-06  1.80000000e-01  1.80050468e+00 
 7.75013000e-06  5.40000000e-01  1.80184293e+00 
 7.75017000e-06  1.26000000e+00  1.80522501e+00 
 7.75020000e-06  1.80000000e+00  1.80754097e+00 
 7.75020785e-06  1.80000000e+00  1.80734715e+00 
 7.75022355e-06  1.80000000e+00  1.80691896e+00 
 7.75025495e-06  1.80000000e+00  1.80619204e+00 
 7.75031775e-06  1.80000000e+00  1.80516342e+00 
 7.75039296e-06  1.80000000e+00  1.80431953e+00 
 7.75054340e-06  1.80000000e+00  1.80310438e+00 
 7.75073533e-06  1.80000000e+00  1.80243001e+00 
 7.75098515e-06  1.80000000e+00  1.80363481e+00 
 7.75146679e-06  1.80000000e+00  1.80746407e+00 
 7.75194280e-06  1.80000000e+00  1.80475429e+00 
 7.75244343e-06  1.80000000e+00  1.80228213e+00 
 7.75310800e-06  1.80000000e+00  1.80107672e+00 
 7.75382013e-06  1.80000000e+00  1.80010509e+00 
 7.75439724e-06  1.80000000e+00  1.79941520e+00 
 7.75502915e-06  1.80000000e+00  1.79849653e+00 
 7.75566025e-06  1.80000000e+00  1.79812000e+00 
 7.75643180e-06  1.80000000e+00  1.79825924e+00 
 7.75724873e-06  1.80000000e+00  1.79851275e+00 
 7.75888260e-06  1.80000000e+00  1.79904449e+00 
 7.76115071e-06  1.80000000e+00  1.79948534e+00 
 7.76453528e-06  1.80000000e+00  1.79981396e+00 
 7.77065896e-06  1.80000000e+00  1.79997790e+00 
 7.78290630e-06  1.80000000e+00  1.80000805e+00 
 7.80528335e-06  1.80000000e+00  1.79999405e+00 
 7.85003744e-06  1.80000000e+00  1.80000515e+00 
 7.93954563e-06  1.80000000e+00  1.79999503e+00 
 8.00000000e-06  1.80000000e+00  1.80000458e+00 
 8.00001000e-06  1.62000000e+00  1.79888845e+00 
 8.00003000e-06  1.26000000e+00  1.79682217e+00 
 8.00007000e-06  5.40000000e-01  1.79356789e+00 
 8.00010000e-06  0.00000000e+00  1.79189408e+00 
 8.00010800e-06  0.00000000e+00  1.79240127e+00 
 8.00012400e-06  0.00000000e+00  1.79342452e+00 
 8.00015600e-06  0.00000000e+00  1.79505861e+00 
 8.00022000e-06  0.00000000e+00  1.79735233e+00 
 8.00034800e-06  0.00000000e+00  1.79991900e+00 
 8.00058801e-06  0.00000000e+00  1.80173393e+00 
 8.00092904e-06  0.00000000e+00  1.80233000e+00 
 8.00145156e-06  0.00000000e+00  1.80067490e+00 
 8.00195940e-06  0.00000000e+00  1.79757214e+00 
 8.00244836e-06  0.00000000e+00  1.79795053e+00 
 8.00296963e-06  0.00000000e+00  1.79960561e+00 
 8.00349156e-06  0.00000000e+00  1.79992352e+00 
 8.00409737e-06  0.00000000e+00  1.79993644e+00 
 8.00465791e-06  0.00000000e+00  1.79993839e+00 
 8.00526074e-06  0.00000000e+00  1.79999775e+00 
 8.00588305e-06  0.00000000e+00  1.79993645e+00 
 8.00659362e-06  0.00000000e+00  1.79994155e+00 
 8.00738862e-06  0.00000000e+00  1.79989346e+00 
 8.00814405e-06  0.00000000e+00  1.79991194e+00 
 8.00899385e-06  0.00000000e+00  1.79988306e+00 
 8.00995907e-06  0.00000000e+00  1.79990506e+00 
 8.01101735e-06  0.00000000e+00  1.79988657e+00 
 8.01313391e-06  0.00000000e+00  1.79991486e+00 
 8.01736702e-06  0.00000000e+00  1.79991204e+00 
 8.02573808e-06  0.00000000e+00  1.79995376e+00 
 8.04248019e-06  0.00000000e+00  1.79995510e+00 
 8.07596442e-06  0.00000000e+00  1.79999005e+00 
 8.14293287e-06  0.00000000e+00  1.79998039e+00 
 8.25010000e-06  0.00000000e+00  1.80000425e+00 
 8.25011000e-06  1.80000000e-01  1.80050249e+00 
 8.25013000e-06  5.40000000e-01  1.80184246e+00 
 8.25017000e-06  1.26000000e+00  1.80522729e+00 
 8.25020000e-06  1.80000000e+00  1.80754431e+00 
 8.25020789e-06  1.80000000e+00  1.80734992e+00 
 8.25022366e-06  1.80000000e+00  1.80692047e+00 
 8.25025520e-06  1.80000000e+00  1.80618647e+00 
 8.25031829e-06  1.80000000e+00  1.80514957e+00 
 8.25044255e-06  1.80000000e+00  1.80385546e+00 
 8.25059648e-06  1.80000000e+00  1.80279119e+00 
 8.25079100e-06  1.80000000e+00  1.80249047e+00 
 8.25118003e-06  1.80000000e+00  1.80569207e+00 
 8.25160085e-06  1.80000000e+00  1.80679372e+00 
 8.25204816e-06  1.80000000e+00  1.80376796e+00 
 8.25255880e-06  1.80000000e+00  1.80141585e+00 
 8.25328505e-06  1.80000000e+00  1.80018899e+00 
 8.25404399e-06  1.80000000e+00  1.79984529e+00 
 8.25503301e-06  1.80000000e+00  1.79986906e+00 
 8.25596392e-06  1.80000000e+00  1.79987979e+00 
 8.25693415e-06  1.80000000e+00  1.79993554e+00 
 8.25852728e-06  1.80000000e+00  1.79994014e+00 
 8.26020281e-06  1.80000000e+00  1.79997927e+00 
 8.26316136e-06  1.80000000e+00  1.79997770e+00 
 8.26795181e-06  1.80000000e+00  1.80000580e+00 
 8.27753271e-06  1.80000000e+00  1.79999173e+00 
 8.29669450e-06  1.80000000e+00  1.80000821e+00 
 8.33501809e-06  1.80000000e+00  1.79999168e+00 
 8.41166526e-06  1.80000000e+00  1.80000824e+00 
 8.50000000e-06  1.80000000e+00  1.79999170e+00 
 8.50001000e-06  1.62000000e+00  1.79887022e+00 
 8.50003000e-06  1.26000000e+00  1.79680155e+00 
 8.50007000e-06  5.40000000e-01  1.79354709e+00 
 8.50010000e-06  0.00000000e+00  1.79187251e+00 
 8.50010800e-06  0.00000000e+00  1.79238200e+00 
 8.50012400e-06  0.00000000e+00  1.79340854e+00 
 8.50015600e-06  0.00000000e+00  1.79504412e+00 
 8.50022000e-06  0.00000000e+00  1.79734142e+00 
 8.50034800e-06  0.00000000e+00  1.79993167e+00 
 8.50060400e-06  0.00000000e+00  1.80191967e+00 
 8.50093971e-06  0.00000000e+00  1.80243075e+00 
 8.50143121e-06  0.00000000e+00  1.79993945e+00 
 8.50195085e-06  0.00000000e+00  1.79863393e+00 
 8.50244496e-06  0.00000000e+00  1.80961128e+00 
 8.50296580e-06  0.00000000e+00  1.83091064e+00 
 8.50357243e-06  0.00000000e+00  1.82254616e+00 
 8.50424047e-06  0.00000000e+00  1.77915357e+00 
 8.50489381e-06  0.00000000e+00  1.73617467e+00 
 8.50562548e-06  0.00000000e+00  1.68866219e+00 
 8.50630833e-06  0.00000000e+00  1.64361001e+00 
 8.50713969e-06  0.00000000e+00  1.58880758e+00 
 8.50849109e-06  0.00000000e+00  1.49913127e+00 
 8.51027239e-06  0.00000000e+00  1.38050916e+00 
 8.51378125e-06  0.00000000e+00  1.14728141e+00 
 8.51987733e-06  0.00000000e+00  7.68013412e-01 
 8.52615580e-06  0.00000000e+00  4.09280598e-01 
 8.53051548e-06  0.00000000e+00  2.34633042e-01 
 8.53359791e-06  0.00000000e+00  1.35048258e-01 
 8.53606986e-06  0.00000000e+00  8.81210284e-02 
 8.53782233e-06  0.00000000e+00  6.22431101e-02 
 8.53949095e-06  0.00000000e+00  5.92196525e-02 
 8.54112231e-06  0.00000000e+00  5.69260702e-02 
 8.54219101e-06  0.00000000e+00  5.02216698e-02 
 8.54323391e-06  0.00000000e+00  4.11616669e-02 
 8.54412830e-06  0.00000000e+00  3.54170584e-02 
 8.54522225e-06  0.00000000e+00  2.88614283e-02 
 8.54712731e-06  0.00000000e+00  2.05362611e-02 
 8.54940118e-06  0.00000000e+00  1.33938715e-02 
 8.55354784e-06  0.00000000e+00  6.17095709e-03 
 8.55822018e-06  0.00000000e+00  2.43564669e-03 
 8.56329183e-06  0.00000000e+00  1.02160032e-03 
 8.56859505e-06  0.00000000e+00  3.35416972e-04 
 8.57499406e-06  0.00000000e+00  2.17689397e-04 
 8.58779206e-06  0.00000000e+00  3.12106825e-05 
 8.60355156e-06  0.00000000e+00  1.30346021e-04 
 8.63177608e-06  0.00000000e+00  2.55589217e-05 
 8.67588259e-06  0.00000000e+00  1.10917589e-04 
 8.75010000e-06  0.00000000e+00  3.81258623e-06 
 8.75011000e-06  1.80000000e-01  9.36727756e-04 
 8.75013000e-06  5.40000000e-01  2.76196416e-03 
 8.75017000e-06  1.26000000e+00  5.54265943e-03 
 8.75020000e-06  1.80000000e+00  6.88812718e-03 
 8.75020800e-06  1.80000000e+00  6.53217723e-03 
 8.75022400e-06  1.80000000e+00  5.80604351e-03 
 8.75025600e-06  1.80000000e+00  4.63952535e-03 
 8.75032000e-06  1.80000000e+00  3.15794027e-03 
 8.75044800e-06  1.80000000e+00  1.84051801e-03 
 8.75060113e-06  1.80000000e+00  1.37720635e-03 
 8.75083794e-06  1.80000000e+00  1.70236878e-03 
 8.75126836e-06  1.80000000e+00  4.38262464e-03 
 8.75171452e-06  1.80000000e+00  3.34024907e-03 
 8.75215581e-06  1.80000000e+00  2.26963743e-03 
 8.75273179e-06  1.80000000e+00  1.35655664e-03 
 8.75350299e-06  1.80000000e+00 -2.09974738e-03 
 8.75401458e-06  1.80000000e+00 -9.99308012e-04 
 8.75460002e-06  1.80000000e+00  2.01164178e-04 
 8.75522380e-06  1.80000000e+00  5.51706329e-04 
 8.75593942e-06  1.80000000e+00  8.80074069e-04 
 8.75670397e-06  1.80000000e+00  1.09467269e-03 
 8.75823306e-06  1.80000000e+00  1.29282138e-03 
 8.76003453e-06  1.80000000e+00  1.21985516e-03 
 8.76296351e-06  1.80000000e+00  9.60186825e-04 
 8.76720683e-06  1.80000000e+00  6.68162824e-04 
 8.77569346e-06  1.80000000e+00  3.15358164e-04 
 8.79266674e-06  1.80000000e+00  1.50500142e-04 
 8.82382015e-06  1.80000000e+00  8.40889337e-05 
 8.85332052e-06  1.80000000e+00 -6.28923005e-04 
 8.87872650e-06  1.80000000e+00 -5.63336528e-03 
 8.89283741e-06  1.80000000e+00 -8.98258917e-04 
 8.90283214e-06  1.80000000e+00  7.62832853e-03 
 8.91219791e-06  1.80000000e+00  1.02487505e-03 
 8.92056468e-06  1.80000000e+00  2.92891535e-04 
 8.92938434e-06  1.80000000e+00  3.06623762e-04 
 8.94161164e-06  1.80000000e+00  2.14905511e-04 
 8.95652639e-06  1.80000000e+00  2.13682662e-04 
 8.98033930e-06  1.80000000e+00  1.58154169e-04 
 9.00000000e-06  1.80000000e+00  1.51264631e-04 
