 1.00000000e-12  1.78200000e+00  5.62629775e-01 
 1.02800000e-12  1.78149600e+00  5.58327427e-01 
 1.08400000e-12  1.78048800e+00  5.54487130e-01 
 1.19600000e-12  1.77847200e+00  5.57282634e-01 
 1.42000000e-12  1.77444000e+00  5.63030935e-01 
 1.69051880e-12  1.76957066e+00  5.68050379e-01 
 2.23155638e-12  1.75983199e+00  5.74032739e-01 
 3.13277464e-12  1.74361006e+00  5.77332629e-01 
 4.28263755e-12  1.72291252e+00  5.78053315e-01 
 6.18583493e-12  1.68865497e+00  5.77910321e-01 
 9.06925991e-12  1.63675332e+00  5.77695635e-01 
 1.34750012e-11  1.55744998e+00  5.77248747e-01 
 1.92195257e-11  1.45404854e+00  5.76809259e-01 
 3.07085746e-11  1.24724566e+00  5.75845387e-01 
 5.36866724e-11  8.33639898e-01  5.74419032e-01 
 9.96428679e-11  6.42837759e-03  5.73184551e-01 
 1.00000000e-10  0.00000000e+00  5.73237342e-01 
 1.00714264e-10  0.00000000e+00  5.73248709e-01 
 1.02142793e-10  0.00000000e+00  5.73331700e-01 
 1.04999849e-10  0.00000000e+00  5.73523792e-01 
 1.10713963e-10  0.00000000e+00  5.73901691e-01 
 1.22142189e-10  0.00000000e+00  5.74629521e-01 
 1.44998643e-10  0.00000000e+00  5.75986091e-01 
 1.90711550e-10  0.00000000e+00  5.78723132e-01 
 2.82137365e-10  0.00000000e+00  5.84739071e-01 
 4.64988994e-10  0.00000000e+00  5.94855940e-01 
 7.45526060e-10  0.00000000e+00  6.05983112e-01 
 1.08662375e-09  0.00000000e+00  6.17065639e-01 
 1.53953938e-09  0.00000000e+00  6.29766823e-01 
 2.14179620e-09  0.00000000e+00  6.31683884e-01 
 2.74327589e-09  0.00000000e+00  6.15813839e-01 
 3.63260436e-09  0.00000000e+00  5.72428116e-01 
 4.64897432e-09  0.00000000e+00  5.17952053e-01 
 5.61935644e-09  0.00000000e+00  4.68685453e-01 
 6.41867504e-09  0.00000000e+00  4.30028377e-01 
 7.47980156e-09  0.00000000e+00  3.75915734e-01 
 8.18537552e-09  0.00000000e+00  3.42088129e-01 
 8.87885902e-09  0.00000000e+00  3.10289793e-01 
 9.55125766e-09  0.00000000e+00  2.81539075e-01 
 1.02912133e-08  0.00000000e+00  2.53319722e-01 
 1.14707006e-08  0.00000000e+00  2.15105177e-01 
 1.25013104e-08  0.00000000e+00  1.85044934e-01 
 1.32583742e-08  0.00000000e+00  1.64341121e-01 
 1.40108958e-08  0.00000000e+00  1.45387239e-01 
 1.49065076e-08  0.00000000e+00  1.24871718e-01 
 1.57948442e-08  0.00000000e+00  1.07649166e-01 
 1.74920093e-08  0.00000000e+00  8.00544938e-02 
 1.96681016e-08  0.00000000e+00  5.46909957e-02 
 2.34906015e-08  0.00000000e+00  2.69010174e-02 
 2.76965377e-08  0.00000000e+00  1.23522579e-02 
 3.18828615e-08  0.00000000e+00  5.44699003e-03 
 3.69701108e-08  0.00000000e+00  2.14400121e-03 
 4.21096921e-08  0.00000000e+00  6.74483209e-04 
 4.91625114e-08  0.00000000e+00  2.58070543e-04 
 5.70963003e-08  0.00000000e+00 -4.50260559e-05 
 6.86399337e-08  0.00000000e+00  8.77082944e-05 
 8.62343808e-08  0.00000000e+00 -7.60213933e-05 
 1.16977307e-07  0.00000000e+00  8.27688075e-05 
 1.77079713e-07  0.00000000e+00 -7.96263147e-05 
 2.50100000e-07  0.00000000e+00  8.10514594e-05 
 2.50110000e-07  1.80000000e-01  1.38334298e-03 
 2.50130000e-07  5.40000000e-01  4.30190573e-03 
 2.50170000e-07  1.26000000e+00  8.88213807e-03 
 2.50200000e-07  1.80000000e+00  1.02449948e-02 
 2.50207511e-07  1.80000000e+00  9.45220630e-03 
 2.50222534e-07  1.80000000e+00  7.65973040e-03 
 2.50252578e-07  1.80000000e+00  4.31387382e-03 
 2.50312668e-07  1.80000000e+00  4.88365996e-04 
 2.50405360e-07  1.80000000e+00 -1.45270059e-03 
 2.50544154e-07  1.80000000e+00 -2.11731805e-03 
 2.50748211e-07  1.80000000e+00 -1.69876708e-03 
 2.50997434e-07  1.80000000e+00  7.34974415e-05 
 2.51448141e-07  1.80000000e+00  3.39297498e-03 
 2.51969568e-07  1.80000000e+00  2.16142486e-03 
 2.52442012e-07  1.80000000e+00  1.12455224e-03 
 2.53162533e-07  1.80000000e+00  5.26040592e-04 
 2.53993954e-07  1.80000000e+00 -8.03784045e-05 
 2.54579340e-07  1.80000000e+00  1.88521821e-04 
 2.55258668e-07  1.80000000e+00  8.41285740e-04 
 2.56003610e-07  1.80000000e+00  6.31314299e-04 
 2.56929868e-07  1.80000000e+00  6.73415905e-04 
 2.57820772e-07  1.80000000e+00  7.77393110e-04 
 2.59358080e-07  1.80000000e+00  6.22383551e-04 
 2.60941386e-07  1.80000000e+00  6.02817100e-04 
 2.63935613e-07  1.80000000e+00  2.98081744e-04 
 2.67528199e-07  1.80000000e+00  2.62686022e-04 
 2.74713371e-07  1.80000000e+00  3.11965727e-05 
 2.86261443e-07  1.80000000e+00  7.76985042e-05 
 3.05401368e-07  1.80000000e+00 -3.82835123e-05 
 3.39896695e-07  1.80000000e+00  5.47833483e-05 
 3.96270602e-07  1.80000000e+00 -4.62559653e-05 
 4.95639674e-07  1.80000000e+00  5.14218358e-05 
 5.00000000e-07  1.80000000e+00 -4.65076721e-05 
 5.00010000e-07  1.62000000e+00 -8.24077240e-04 
 5.00030000e-07  1.26000000e+00 -2.23529832e-03 
 5.00070000e-07  5.40000000e-01 -4.15095121e-03 
 5.00100000e-07  0.00000000e+00 -5.11388676e-03 
 5.00108000e-07  0.00000000e+00 -4.72102350e-03 
 5.00124000e-07  0.00000000e+00 -3.88600463e-03 
 5.00156000e-07  0.00000000e+00 -2.62520367e-03 
 5.00220000e-07  0.00000000e+00 -1.22165054e-03 
 5.00348000e-07  0.00000000e+00 -9.14704336e-05 
 5.00520101e-07  0.00000000e+00  2.55918798e-04 
 5.00864303e-07  0.00000000e+00  1.24354243e-03 
 5.01298748e-07  0.00000000e+00 -7.95829156e-04 
 5.01761409e-07  0.00000000e+00 -1.10278636e-02 
 5.02237925e-07  0.00000000e+00 -1.56509176e-02 
 5.02766964e-07  0.00000000e+00  1.77375961e-02 
 5.03395677e-07  0.00000000e+00  9.10359937e-02 
 5.04002584e-07  0.00000000e+00  1.66601369e-01 
 5.04678124e-07  0.00000000e+00  2.52357830e-01 
 5.05394306e-07  0.00000000e+00  3.41467360e-01 
 5.06372156e-07  0.00000000e+00  4.57927339e-01 
 5.07576473e-07  0.00000000e+00  5.92182957e-01 
 5.09177614e-07  0.00000000e+00  7.66095250e-01 
 5.10644950e-07  0.00000000e+00  9.18286018e-01 
 5.11976499e-07  0.00000000e+00  1.02943917e+00 
 5.13348527e-07  0.00000000e+00  1.13418587e+00 
 5.14897690e-07  0.00000000e+00  1.22678612e+00 
 5.16414547e-07  0.00000000e+00  1.37208410e+00 
 5.18064748e-07  0.00000000e+00  1.55600534e+00 
 5.20576566e-07  0.00000000e+00  1.72409220e+00 
 5.23049677e-07  0.00000000e+00  1.78088532e+00 
 5.27206859e-07  0.00000000e+00  1.79977906e+00 
 5.33789411e-07  0.00000000e+00  1.80059663e+00 
 5.44969280e-07  0.00000000e+00  1.79955063e+00 
 5.66276220e-07  0.00000000e+00  1.80052219e+00 
 6.08890100e-07  0.00000000e+00  1.79951597e+00 
 6.94117859e-07  0.00000000e+00  1.80050069e+00 
 7.50100000e-07  9.52912066e-13  1.79950964e+00 
 7.50110000e-07  1.80000000e-01  1.80024801e+00 
 7.50130000e-07  5.40000000e-01  1.80188223e+00 
 7.50170000e-07  1.26000000e+00  1.80540524e+00 
 7.50200000e-07  1.80000000e+00  1.80770139e+00 
 7.50207932e-07  1.80000000e+00  1.80746146e+00 
 7.50223797e-07  1.80000000e+00  1.80695039e+00 
 7.50255526e-07  1.80000000e+00  1.80612653e+00 
 7.50318985e-07  1.80000000e+00  1.80504538e+00 
 7.50445903e-07  1.80000000e+00  1.80378102e+00 
 7.50699738e-07  1.80000000e+00  1.80222262e+00 
 7.51066149e-07  1.80000000e+00  1.80316495e+00 
 7.51530640e-07  1.80000000e+00  1.80755964e+00 
 7.52030126e-07  1.80000000e+00  1.80551719e+00 
 7.52558091e-07  1.80000000e+00  1.80273634e+00 
 7.53272967e-07  1.80000000e+00  1.80051481e+00 
 7.54048057e-07  1.80000000e+00  1.79993395e+00 
 7.54677282e-07  1.80000000e+00  1.80161378e+00 
 7.55366459e-07  1.80000000e+00  1.80061928e+00 
 7.56088873e-07  1.80000000e+00  1.79965483e+00 
 7.56988230e-07  1.80000000e+00  1.80005175e+00 
 7.57895081e-07  1.80000000e+00  1.79988496e+00 
 7.59695412e-07  1.80000000e+00  1.80002140e+00 
 7.61954219e-07  1.80000000e+00  1.79994324e+00 
 7.65495559e-07  1.80000000e+00  1.80003413e+00 
 7.71455241e-07  1.80000000e+00  1.79997492e+00 
 7.82521691e-07  1.80000000e+00  1.80003820e+00 
 8.00866268e-07  1.80000000e+00  1.79997832e+00 
 8.34395910e-07  1.80000000e+00  1.80003506e+00 
 8.92942911e-07  1.80000000e+00  1.79997728e+00 
 1.00000000e-06  1.80000000e+00  1.80003209e+00 
 1.00001000e-06  1.62000000e+00  1.79888865e+00 
 1.00003000e-06  1.26000000e+00  1.79675977e+00 
 1.00007000e-06  5.40000000e-01  1.79347784e+00 
 1.00010000e-06  0.00000000e+00  1.79185409e+00 
 1.00010800e-06  0.00000000e+00  1.79238746e+00 
 1.00012400e-06  0.00000000e+00  1.79345076e+00 
 1.00015600e-06  0.00000000e+00  1.79506745e+00 
 1.00022000e-06  0.00000000e+00  1.79718201e+00 
 1.00034800e-06  0.00000000e+00  1.79961012e+00 
 1.00052011e-06  0.00000000e+00  1.80097822e+00 
 1.00086432e-06  0.00000000e+00  1.80218225e+00 
 1.00129892e-06  0.00000000e+00  1.80193216e+00 
 1.00176155e-06  0.00000000e+00  1.80061781e+00 
 1.00223902e-06  0.00000000e+00  1.79827494e+00 
 1.00276767e-06  0.00000000e+00  1.79809373e+00 
 1.00341015e-06  0.00000000e+00  1.79914645e+00 
 1.00403782e-06  0.00000000e+00  1.79883853e+00 
 1.00458123e-06  0.00000000e+00  1.79803958e+00 
 1.00520535e-06  0.00000000e+00  1.79004311e+00 
 1.00582056e-06  0.00000000e+00  1.78883450e+00 
 1.00642379e-06  0.00000000e+00  1.78540444e+00 
 1.00709833e-06  0.00000000e+00  1.78467391e+00 
 1.00798910e-06  0.00000000e+00  1.78935182e+00 
 1.00898977e-06  0.00000000e+00  1.79354061e+00 
 1.01057389e-06  0.00000000e+00  1.79708326e+00 
 1.01255106e-06  0.00000000e+00  1.79919024e+00 
 1.01400972e-06  0.00000000e+00  1.79996692e+00 
 1.01537726e-06  0.00000000e+00  1.79952791e+00 
 1.01673163e-06  0.00000000e+00  1.79867167e+00 
 1.01799706e-06  0.00000000e+00  1.79969191e+00 
 1.01911599e-06  0.00000000e+00  1.79827572e+00 
 1.02033357e-06  0.00000000e+00  1.79768063e+00 
 1.02165058e-06  0.00000000e+00  1.79843294e+00 
 1.02351250e-06  0.00000000e+00  1.79942670e+00 
 1.02542078e-06  0.00000000e+00  1.79970990e+00 
 1.02881739e-06  0.00000000e+00  1.79996768e+00 
 1.03431516e-06  0.00000000e+00  1.79993281e+00 
 1.04297153e-06  0.00000000e+00  1.79999695e+00 
 1.05860441e-06  0.00000000e+00  1.79994552e+00 
 1.08390835e-06  0.00000000e+00  1.80001122e+00 
 1.13451622e-06  0.00000000e+00  1.79995941e+00 
 1.19208023e-06  0.00000000e+00  1.80002121e+00 
 1.25010000e-06  0.00000000e+00  1.79995930e+00 
 1.25011000e-06  1.80000000e-01  1.80058196e+00 
 1.25013000e-06  5.40000000e-01  1.80210213e+00 
 1.25017000e-06  1.26000000e+00  1.80569739e+00 
 1.25020000e-06  1.80000000e+00  1.80814366e+00 
 1.25020794e-06  1.80000000e+00  1.80791477e+00 
 1.25022381e-06  1.80000000e+00  1.80741024e+00 
 1.25025556e-06  1.80000000e+00  1.80655735e+00 
 1.25031907e-06  1.80000000e+00  1.80538681e+00 
 1.25044607e-06  1.80000000e+00  1.80398773e+00 
 1.25070007e-06  1.80000000e+00  1.80239429e+00 
 1.25106192e-06  1.80000000e+00  1.80310780e+00 
 1.25152802e-06  1.80000000e+00  1.80695115e+00 
 1.25202602e-06  1.80000000e+00  1.80488930e+00 
 1.25255272e-06  1.80000000e+00  1.80213681e+00 
 1.25327053e-06  1.80000000e+00  1.80039342e+00 
 1.25400372e-06  1.80000000e+00  1.80001720e+00 
 1.25465516e-06  1.80000000e+00  1.79998144e+00 
 1.25534192e-06  1.80000000e+00  1.79989057e+00 
 1.25601207e-06  1.80000000e+00  1.79989371e+00 
 1.25697597e-06  1.80000000e+00  1.79993853e+00 
 1.25796687e-06  1.80000000e+00  1.79993978e+00 
 1.25969494e-06  1.80000000e+00  1.79998215e+00 
 1.26200573e-06  1.80000000e+00  1.79998547e+00 
 1.26545199e-06  1.80000000e+00  1.80001504e+00 
 1.26986482e-06  1.80000000e+00  1.79999476e+00 
 1.27466417e-06  1.80000000e+00  1.80000935e+00 
 1.27901287e-06  1.80000000e+00  1.79999224e+00 
 1.28433933e-06  1.80000000e+00  1.80000793e+00 
 1.29499225e-06  1.80000000e+00  1.79999217e+00 
 1.31499410e-06  1.80000000e+00  1.80000770e+00 
 1.34752460e-06  1.80000000e+00  1.79999224e+00 
 1.41258558e-06  1.80000000e+00  1.80000766e+00 
 1.50000000e-06  1.80000000e+00  1.79999227e+00 
 1.50001000e-06  1.62000000e+00  1.79879732e+00 
 1.50003000e-06  1.26000000e+00  1.79658939e+00 
 1.50007000e-06  5.40000000e-01  1.79324341e+00 
 1.50010000e-06  0.00000000e+00  1.79154201e+00 
 1.50010800e-06  0.00000000e+00  1.79207956e+00 
 1.50012400e-06  0.00000000e+00  1.79317072e+00 
 1.50015600e-06  0.00000000e+00  1.79486348e+00 
 1.50022000e-06  0.00000000e+00  1.79709278e+00 
 1.50034800e-06  0.00000000e+00  1.79957447e+00 
 1.50052008e-06  0.00000000e+00  1.80092766e+00 
 1.50086424e-06  0.00000000e+00  1.80211459e+00 
 1.50130135e-06  0.00000000e+00  1.80191130e+00 
 1.50176513e-06  0.00000000e+00  1.80069961e+00 
 1.50220984e-06  0.00000000e+00  1.79836978e+00 
 1.50270268e-06  0.00000000e+00  1.79742528e+00 
 1.50332251e-06  0.00000000e+00  1.79780912e+00 
 1.50405354e-06  0.00000000e+00  1.79844459e+00 
 1.50485411e-06  0.00000000e+00  1.79897243e+00 
 1.50559894e-06  0.00000000e+00  1.79929110e+00 
 1.50673811e-06  0.00000000e+00  1.79950556e+00 
 1.50753312e-06  0.00000000e+00  1.79968396e+00 
 1.50842384e-06  0.00000000e+00  1.79976105e+00 
 1.50946450e-06  0.00000000e+00  1.79983520e+00 
 1.51055866e-06  0.00000000e+00  1.79986697e+00 
 1.51157090e-06  0.00000000e+00  1.79989480e+00 
 1.51276691e-06  0.00000000e+00  1.79990756e+00 
 1.51411746e-06  0.00000000e+00  1.79992145e+00 
 1.51681855e-06  0.00000000e+00  1.79993268e+00 
 1.52091006e-06  0.00000000e+00  1.79994396e+00 
 1.52874975e-06  0.00000000e+00  1.79995403e+00 
 1.54331203e-06  0.00000000e+00  1.79996764e+00 
 1.56954253e-06  0.00000000e+00  1.79997779e+00 
 1.62200352e-06  0.00000000e+00  1.79998802e+00 
 1.72692552e-06  0.00000000e+00  1.79999302e+00 
 1.75010000e-06  0.00000000e+00  1.79999457e+00 
 1.75011000e-06  1.80000000e-01  1.80053557e+00 
 1.75013000e-06  5.40000000e-01  1.80190808e+00 
 1.75017000e-06  1.26000000e+00  1.80534797e+00 
 1.75020000e-06  1.80000000e+00  1.80778029e+00 
 1.75020793e-06  1.80000000e+00  1.80755536e+00 
 1.75022379e-06  1.80000000e+00  1.80706288e+00 
 1.75025551e-06  1.80000000e+00  1.80625067e+00 
 1.75031894e-06  1.80000000e+00  1.80516940e+00 
 1.75044581e-06  1.80000000e+00  1.80389041e+00 
 1.75069955e-06  1.80000000e+00  1.80237600e+00 
 1.75105944e-06  1.80000000e+00  1.80311240e+00 
 1.75152586e-06  1.80000000e+00  1.80702694e+00 
 1.75202241e-06  1.80000000e+00  1.80501367e+00 
 1.75254814e-06  1.80000000e+00  1.80225124e+00 
 1.75325969e-06  1.80000000e+00  1.80014105e+00 
 1.75403508e-06  1.80000000e+00  1.79950469e+00 
 1.75465199e-06  1.80000000e+00  1.79996759e+00 
 1.75533419e-06  1.80000000e+00  1.80036109e+00 
 1.75604926e-06  1.80000000e+00  1.80090504e+00 
 1.75698443e-06  1.80000000e+00  1.80154894e+00 
 1.75787482e-06  1.80000000e+00  1.80149514e+00 
 1.75886595e-06  1.80000000e+00  1.80118336e+00 
 1.75996632e-06  1.80000000e+00  1.80088392e+00 
 1.76128532e-06  1.80000000e+00  1.80069496e+00 
 1.76318507e-06  1.80000000e+00  1.80041194e+00 
 1.76553611e-06  1.80000000e+00  1.80024884e+00 
 1.76910830e-06  1.80000000e+00  1.80007934e+00 
 1.77525066e-06  1.80000000e+00  1.80002527e+00 
 1.78398104e-06  1.80000000e+00  1.79998738e+00 
 1.79879048e-06  1.80000000e+00  1.80001200e+00 
 1.82162438e-06  1.80000000e+00  1.79998803e+00 
 1.85801972e-06  1.80000000e+00  1.80001179e+00 
 1.91675823e-06  1.80000000e+00  1.79998817e+00 
 2.00000000e-06  1.80000000e+00  1.80001172e+00 
 2.00001000e-06  1.62000000e+00  1.79881611e+00 
 2.00003000e-06  1.26000000e+00  1.79661393e+00 
 2.00007000e-06  5.40000000e-01  1.79326850e+00 
 2.00010000e-06  3.67639252e-12  1.79156009e+00 
 2.00010800e-06  0.00000000e+00  1.79209696e+00 
 2.00012400e-06  0.00000000e+00  1.79318741e+00 
 2.00015600e-06  0.00000000e+00  1.79487752e+00 
 2.00022000e-06  0.00000000e+00  1.79710130e+00 
 2.00034800e-06  0.00000000e+00  1.79957546e+00 
 2.00051994e-06  0.00000000e+00  1.80092527e+00 
 2.00086381e-06  0.00000000e+00  1.80211607e+00 
 2.00129827e-06  0.00000000e+00  1.80193020e+00 
 2.00176067e-06  0.00000000e+00  1.80070593e+00 
 2.00223727e-06  0.00000000e+00  1.79831408e+00 
 2.00276554e-06  0.00000000e+00  1.79798611e+00 
 2.00340630e-06  0.00000000e+00  1.79870036e+00 
 2.00403102e-06  0.00000000e+00  1.79728481e+00 
 2.00457331e-06  0.00000000e+00  1.79875100e+00 
 2.00520768e-06  0.00000000e+00  1.79984995e+00 
 2.00582913e-06  0.00000000e+00  1.80068867e+00 
 2.00644074e-06  0.00000000e+00  1.80093132e+00 
 2.00712160e-06  0.00000000e+00  1.80048902e+00 
 2.00801367e-06  0.00000000e+00  1.80039403e+00 
 2.00901179e-06  0.00000000e+00  1.80010896e+00 
 2.01046443e-06  0.00000000e+00  1.80016607e+00 
 2.01145192e-06  0.00000000e+00  1.80005038e+00 
 2.01255303e-06  0.00000000e+00  1.80030474e+00 
 2.01376935e-06  0.00000000e+00  1.80048925e+00 
 2.01508774e-06  0.00000000e+00  1.80002353e+00 
 2.01612122e-06  0.00000000e+00  1.79907984e+00 
 2.01722410e-06  0.00000000e+00  1.79914456e+00 
 2.01835039e-06  0.00000000e+00  1.79959897e+00 
 2.01952723e-06  0.00000000e+00  1.79800100e+00 
 2.02082847e-06  0.00000000e+00  1.79784590e+00 
 2.02216216e-06  0.00000000e+00  1.79875330e+00 
 2.02436016e-06  0.00000000e+00  1.79959926e+00 
 2.02658316e-06  0.00000000e+00  1.79983879e+00 
 2.03102916e-06  0.00000000e+00  1.79996453e+00 
 2.03882384e-06  0.00000000e+00  1.79996242e+00 
 2.04785170e-06  0.00000000e+00  1.79997655e+00 
 2.05622841e-06  0.00000000e+00  1.80024423e+00 
 2.06249580e-06  0.00000000e+00  1.79974357e+00 
 2.06852833e-06  0.00000000e+00  1.79972451e+00 
 2.07201534e-06  0.00000000e+00  1.80035716e+00 
 2.07565718e-06  0.00000000e+00  1.79961680e+00 
 2.08055053e-06  0.00000000e+00  1.80033230e+00 
 2.08555567e-06  0.00000000e+00  1.79964426e+00 
 2.09232715e-06  0.00000000e+00  1.80030816e+00 
 2.10046946e-06  0.00000000e+00  1.79967001e+00 
 2.11086532e-06  0.00000000e+00  1.80029153e+00 
 2.12459049e-06  0.00000000e+00  1.79968860e+00 
 2.14368128e-06  0.00000000e+00  1.80028305e+00 
 2.17296493e-06  0.00000000e+00  1.79970042e+00 
 2.22206646e-06  0.00000000e+00  1.80028176e+00 
 2.25010000e-06  0.00000000e+00  1.79970870e+00 
 2.25011000e-06  1.80000000e-01  1.80025573e+00 
 2.25013000e-06  5.40000000e-01  1.80164992e+00 
 2.25017000e-06  1.26000000e+00  1.80513397e+00 
 2.25020000e-06  1.80000000e+00  1.80758981e+00 
 2.25020794e-06  1.80000000e+00  1.80738921e+00 
 2.25022381e-06  1.80000000e+00  1.80694277e+00 
 2.25025556e-06  1.80000000e+00  1.80619103e+00 
 2.25031905e-06  1.80000000e+00  1.80514768e+00 
 2.25044603e-06  1.80000000e+00  1.80386337e+00 
 2.25070000e-06  1.80000000e+00  1.80234515e+00 
 2.25105740e-06  1.80000000e+00  1.80307161e+00 
 2.25152481e-06  1.80000000e+00  1.80703019e+00 
 2.25202091e-06  1.80000000e+00  1.80512175e+00 
 2.25254615e-06  1.80000000e+00  1.80259427e+00 
 2.25326525e-06  1.80000000e+00  1.80110125e+00 
 2.25404988e-06  1.80000000e+00  1.79992575e+00 
 2.25465181e-06  1.80000000e+00  1.79910340e+00 
 2.25532957e-06  1.80000000e+00  1.79826434e+00 
 2.25599521e-06  1.80000000e+00  1.79814461e+00 
 2.25686646e-06  1.80000000e+00  1.79836378e+00 
 2.25778013e-06  1.80000000e+00  1.79864827e+00 
 2.25950741e-06  1.80000000e+00  1.79912492e+00 
 2.26170603e-06  1.80000000e+00  1.79948512e+00 
 2.26505443e-06  1.80000000e+00  1.79979362e+00 
 2.27063185e-06  1.80000000e+00  1.79995276e+00 
 2.28147732e-06  1.80000000e+00  1.80001231e+00 
 2.29904962e-06  1.80000000e+00  1.79999113e+00 
 2.33210733e-06  1.80000000e+00  1.80000794e+00 
 2.39005212e-06  1.80000000e+00  1.79999228e+00 
 2.50000000e-06  1.80000000e+00  1.80000751e+00 
 2.50001000e-06  1.62000000e+00  1.79883549e+00 
 2.50003000e-06  1.26000000e+00  1.79667004e+00 
 2.50007000e-06  5.40000000e-01  1.79331587e+00 
 2.50010000e-06  3.67639252e-12  1.79156613e+00 
 2.50010800e-06  0.00000000e+00  1.79207425e+00 
 2.50012400e-06  0.00000000e+00  1.79311770e+00 
 2.50015600e-06  0.00000000e+00  1.79478213e+00 
 2.50022000e-06  0.00000000e+00  1.79704412e+00 
 2.50034800e-06  0.00000000e+00  1.79961213e+00 
 2.50052004e-06  0.00000000e+00  1.80102372e+00 
 2.50086413e-06  0.00000000e+00  1.80216315e+00 
 2.50129852e-06  0.00000000e+00  1.80148454e+00 
 2.50176103e-06  0.00000000e+00  1.79985025e+00 
 2.50223753e-06  0.00000000e+00  1.79815849e+00 
 2.50276859e-06  0.00000000e+00  1.79877000e+00 
 2.50340284e-06  0.00000000e+00  1.79967337e+00 
 2.50399041e-06  0.00000000e+00  1.79974646e+00 
 2.50463025e-06  0.00000000e+00  1.79980981e+00 
 2.50532452e-06  0.00000000e+00  1.79988612e+00 
 2.50628259e-06  0.00000000e+00  1.79981535e+00 
 2.50729478e-06  0.00000000e+00  1.79990710e+00 
 2.50825761e-06  0.00000000e+00  1.79993788e+00 
 2.50924631e-06  0.00000000e+00  1.79992610e+00 
 2.51018642e-06  0.00000000e+00  1.79993322e+00 
 2.51122072e-06  0.00000000e+00  1.79992736e+00 
 2.51236083e-06  0.00000000e+00  1.79993400e+00 
 2.51362571e-06  0.00000000e+00  1.79993004e+00 
 2.51615547e-06  0.00000000e+00  1.79994016e+00 
 2.52121500e-06  0.00000000e+00  1.79994351e+00 
 2.53092918e-06  0.00000000e+00  1.79996133e+00 
 2.55035754e-06  0.00000000e+00  1.79996901e+00 
 2.58921427e-06  0.00000000e+00  1.79998603e+00 
 2.66692771e-06  0.00000000e+00  1.79998832e+00 
 2.75010000e-06  0.00000000e+00  1.79999691e+00 
 2.75011000e-06  1.80000000e-01  1.80052624e+00 
 2.75013000e-06  5.40000000e-01  1.80187783e+00 
 2.75017000e-06  1.26000000e+00  1.80528235e+00 
 2.75020000e-06  1.80000000e+00  1.80768803e+00 
 2.75020800e-06  1.80000000e+00  1.80748074e+00 
 2.75022400e-06  1.80000000e+00  1.80702205e+00 
 2.75025600e-06  1.80000000e+00  1.80624767e+00 
 2.75032000e-06  1.80000000e+00  1.80517316e+00 
 2.75044800e-06  1.80000000e+00  1.80386611e+00 
 2.75070400e-06  1.80000000e+00  1.80235085e+00 
 2.75105879e-06  1.80000000e+00  1.80310561e+00 
 2.75153362e-06  1.80000000e+00  1.80707123e+00 
 2.75203616e-06  1.80000000e+00  1.80506541e+00 
 2.75256450e-06  1.80000000e+00  1.80254964e+00 
 2.75328440e-06  1.80000000e+00  1.80116405e+00 
 2.75405795e-06  1.80000000e+00  1.80018948e+00 
 2.75469628e-06  1.80000000e+00  1.79937049e+00 
 2.75538954e-06  1.80000000e+00  1.79839024e+00 
 2.75609881e-06  1.80000000e+00  1.79808261e+00 
 2.75697021e-06  1.80000000e+00  1.79832228e+00 
 2.75787612e-06  1.80000000e+00  1.79858293e+00 
 2.75965621e-06  1.80000000e+00  1.79910574e+00 
 2.76192486e-06  1.80000000e+00  1.79947538e+00 
 2.76542713e-06  1.80000000e+00  1.79980508e+00 
 2.77132319e-06  1.80000000e+00  1.79995614e+00 
 2.78203345e-06  1.80000000e+00  1.80001439e+00 
 2.79970760e-06  1.80000000e+00  1.79998839e+00 
 2.83157758e-06  1.80000000e+00  1.80001072e+00 
 2.88658511e-06  1.80000000e+00  1.79998948e+00 
 2.98277293e-06  1.80000000e+00  1.80001029e+00 
 3.00000000e-06  1.80000000e+00  1.79999017e+00 
 3.00001000e-06  1.62000000e+00  1.79882420e+00 
 3.00003000e-06  1.26000000e+00  1.79667271e+00 
 3.00007000e-06  5.40000000e-01  1.79332278e+00 
 3.00010000e-06  3.67639252e-12  1.79157072e+00 
 3.00010800e-06  0.00000000e+00  1.79207810e+00 
 3.00012400e-06  0.00000000e+00  1.79311990e+00 
 3.00015600e-06  0.00000000e+00  1.79478255e+00 
 3.00022000e-06  0.00000000e+00  1.79704474e+00 
 3.00034800e-06  0.00000000e+00  1.79961505e+00 
 3.00051987e-06  0.00000000e+00  1.80102469e+00 
 3.00086360e-06  0.00000000e+00  1.80215896e+00 
 3.00129782e-06  0.00000000e+00  1.80147245e+00 
 3.00176012e-06  0.00000000e+00  1.79984541e+00 
 3.00223653e-06  0.00000000e+00  1.79817129e+00 
 3.00276563e-06  0.00000000e+00  1.79873000e+00 
 3.00340538e-06  0.00000000e+00  1.79955960e+00 
 3.00403275e-06  0.00000000e+00  1.79973609e+00 
 3.00457733e-06  0.00000000e+00  1.79980833e+00 
 3.00520055e-06  0.00000000e+00  1.79990026e+00 
 3.00581990e-06  0.00000000e+00  1.79992087e+00 
 3.00642897e-06  0.00000000e+00  1.79992149e+00 
 3.00711080e-06  0.00000000e+00  1.79992028e+00 
 3.00800385e-06  0.00000000e+00  1.79991467e+00 
 3.00900355e-06  0.00000000e+00  1.79992302e+00 
 3.01061476e-06  0.00000000e+00  1.79997742e+00 
 3.01256245e-06  0.00000000e+00  1.80020714e+00 
 3.01401661e-06  0.00000000e+00  1.80045962e+00 
 3.01537003e-06  0.00000000e+00  1.79978347e+00 
 3.01670901e-06  0.00000000e+00  1.79880130e+00 
 3.01797399e-06  0.00000000e+00  1.79974959e+00 
 3.01908974e-06  0.00000000e+00  1.79832515e+00 
 3.02030401e-06  0.00000000e+00  1.79770416e+00 
 3.02162116e-06  0.00000000e+00  1.79842136e+00 
 3.02344468e-06  0.00000000e+00  1.79942358e+00 
 3.02535716e-06  0.00000000e+00  1.79969443e+00 
 3.02868800e-06  0.00000000e+00  1.79997656e+00 
 3.03415764e-06  0.00000000e+00  1.79992181e+00 
 3.04281725e-06  0.00000000e+00  1.80000818e+00 
 3.05844953e-06  0.00000000e+00  1.79993411e+00 
 3.08403051e-06  0.00000000e+00  1.80002265e+00 
 3.11232704e-06  0.00000000e+00  1.79994577e+00 
 3.14866797e-06  0.00000000e+00  1.80003019e+00 
 3.17952573e-06  0.00000000e+00  1.79995092e+00 
 3.21633141e-06  0.00000000e+00  1.80003335e+00 
 3.25010000e-06  0.00000000e+00  1.79995374e+00 
 3.25011000e-06  1.80000000e-01  1.80048698e+00 
 3.25013000e-06  5.40000000e-01  1.80184992e+00 
 3.25017000e-06  1.26000000e+00  1.80526519e+00 
 3.25020000e-06  1.80000000e+00  1.80766375e+00 
 3.25020794e-06  1.80000000e+00  1.80745978e+00 
 3.25022381e-06  1.80000000e+00  1.80700818e+00 
 3.25025557e-06  1.80000000e+00  1.80624608e+00 
 3.25031907e-06  1.80000000e+00  1.80518541e+00 
 3.25044609e-06  1.80000000e+00  1.80388585e+00 
 3.25070011e-06  1.80000000e+00  1.80236215e+00 
 3.25105481e-06  1.80000000e+00  1.80307663e+00 
 3.25152309e-06  1.80000000e+00  1.80704505e+00 
 3.25201826e-06  1.80000000e+00  1.80516340e+00 
 3.25254271e-06  1.80000000e+00  1.80263702e+00 
 3.25326262e-06  1.80000000e+00  1.80110309e+00 
 3.25404865e-06  1.80000000e+00  1.79990475e+00 
 3.25465944e-06  1.80000000e+00  1.79907704e+00 
 3.25534352e-06  1.80000000e+00  1.79825553e+00 
 3.25600752e-06  1.80000000e+00  1.79815356e+00 
 3.25688658e-06  1.80000000e+00  1.79838130e+00 
 3.25780700e-06  1.80000000e+00  1.79866615e+00 
 3.25953413e-06  1.80000000e+00  1.79913729e+00 
 3.26175477e-06  1.80000000e+00  1.79949472e+00 
 3.26512334e-06  1.80000000e+00  1.79979916e+00 
 3.27080138e-06  1.80000000e+00  1.79995540e+00 
 3.28154988e-06  1.80000000e+00  1.80001191e+00 
 3.29911418e-06  1.80000000e+00  1.79999117e+00 
 3.33173268e-06  1.80000000e+00  1.80000797e+00 
 3.38859120e-06  1.80000000e+00  1.79999223e+00 
 3.50000000e-06  1.80000000e+00  1.80000758e+00 
 3.50001000e-06  1.62000000e+00  1.79884245e+00 
 3.50003000e-06  1.26000000e+00  1.79669362e+00 
 3.50007000e-06  5.40000000e-01  1.79334338e+00 
 3.50010000e-06  3.67639252e-12  1.79158795e+00 
 3.50010800e-06  0.00000000e+00  1.79209299e+00 
 3.50012400e-06  0.00000000e+00  1.79312940e+00 
 3.50015600e-06  0.00000000e+00  1.79478445e+00 
 3.50022000e-06  0.00000000e+00  1.79703929e+00 
 3.50034800e-06  0.00000000e+00  1.79960847e+00 
 3.50052005e-06  0.00000000e+00  1.80102431e+00 
 3.50086414e-06  0.00000000e+00  1.80216327e+00 
 3.50129856e-06  0.00000000e+00  1.80148033e+00 
 3.50176108e-06  0.00000000e+00  1.79984630e+00 
 3.50223719e-06  0.00000000e+00  1.79816017e+00 
 3.50276780e-06  0.00000000e+00  1.79877723e+00 
 3.50340195e-06  0.00000000e+00  1.79966966e+00 
 3.50399572e-06  0.00000000e+00  1.79974294e+00 
 3.50463570e-06  0.00000000e+00  1.79980741e+00 
 3.50533022e-06  0.00000000e+00  1.79988618e+00 
 3.50629155e-06  0.00000000e+00  1.79981167e+00 
 3.50729964e-06  0.00000000e+00  1.79990659e+00 
 3.50826442e-06  0.00000000e+00  1.79994049e+00 
 3.50925400e-06  0.00000000e+00  1.79992734e+00 
 3.51019645e-06  0.00000000e+00  1.79993444e+00 
 3.51123109e-06  0.00000000e+00  1.79992792e+00 
 3.51237081e-06  0.00000000e+00  1.79993457e+00 
 3.51363678e-06  0.00000000e+00  1.79993024e+00 
 3.51616872e-06  0.00000000e+00  1.79994040e+00 
 3.52123261e-06  0.00000000e+00  1.79994351e+00 
 3.53095711e-06  0.00000000e+00  1.79996148e+00 
 3.55040611e-06  0.00000000e+00  1.79996897e+00 
 3.58930412e-06  0.00000000e+00  1.79998614e+00 
 3.66710013e-06  0.00000000e+00  1.79998825e+00 
 3.75010000e-06  0.00000000e+00  1.79999700e+00 
 3.75011000e-06  1.80000000e-01  1.80052500e+00 
 3.75013000e-06  5.40000000e-01  1.80187309e+00 
 3.75017000e-06  1.26000000e+00  1.80526578e+00 
 3.75020000e-06  1.80000000e+00  1.80765364e+00 
 3.75020800e-06  1.80000000e+00  1.80744958e+00 
 3.75022400e-06  1.80000000e+00  1.80699820e+00 
 3.75025600e-06  1.80000000e+00  1.80623496e+00 
 3.75032000e-06  1.80000000e+00  1.80517191e+00 
 3.75044800e-06  1.80000000e+00  1.80386944e+00 
 3.75070400e-06  1.80000000e+00  1.80235209e+00 
 3.75105676e-06  1.80000000e+00  1.80309602e+00 
 3.75153230e-06  1.80000000e+00  1.80707251e+00 
 3.75203411e-06  1.80000000e+00  1.80508143e+00 
 3.75256181e-06  1.80000000e+00  1.80255912e+00 
 3.75328210e-06  1.80000000e+00  1.80116768e+00 
 3.75405483e-06  1.80000000e+00  1.80019285e+00 
 3.75469050e-06  1.80000000e+00  1.79938060e+00 
 3.75538247e-06  1.80000000e+00  1.79839886e+00 
 3.75609002e-06  1.80000000e+00  1.79808235e+00 
 3.75695922e-06  1.80000000e+00  1.79831960e+00 
 3.75786501e-06  1.80000000e+00  1.79857877e+00 
 3.75963997e-06  1.80000000e+00  1.79910251e+00 
 3.76190151e-06  1.80000000e+00  1.79947194e+00 
 3.76538677e-06  1.80000000e+00  1.79980318e+00 
 3.77124290e-06  1.80000000e+00  1.79995473e+00 
 3.78189120e-06  1.80000000e+00  1.80001478e+00 
 3.79942865e-06  1.80000000e+00  1.79998805e+00 
 3.83105458e-06  1.80000000e+00  1.80001104e+00 
 3.88559922e-06  1.80000000e+00  1.79998916e+00 
 3.98090712e-06  1.80000000e+00  1.80001061e+00 
 4.00000000e-06  1.80000000e+00  1.79998981e+00 
 4.00001000e-06  1.62000000e+00  1.79883012e+00 
 4.00003000e-06  1.26000000e+00  1.79669285e+00 
 4.00007000e-06  5.40000000e-01  1.79334631e+00 
 4.00010000e-06  0.00000000e+00  1.79158971e+00 
 4.00010800e-06  0.00000000e+00  1.79209422e+00 
 4.00012400e-06  0.00000000e+00  1.79312936e+00 
 4.00015600e-06  0.00000000e+00  1.79478322e+00 
 4.00022000e-06  0.00000000e+00  1.79703889e+00 
 4.00034800e-06  0.00000000e+00  1.79961088e+00 
 4.00051987e-06  0.00000000e+00  1.80102492e+00 
 4.00086360e-06  0.00000000e+00  1.80215932e+00 
 4.00129783e-06  0.00000000e+00  1.80147088e+00 
 4.00176014e-06  0.00000000e+00  1.79984383e+00 
 4.00223620e-06  0.00000000e+00  1.79817069e+00 
 4.00276529e-06  0.00000000e+00  1.79872848e+00 
 4.00340473e-06  0.00000000e+00  1.79955912e+00 
 4.00403205e-06  0.00000000e+00  1.79973644e+00 
 4.00457662e-06  0.00000000e+00  1.79980851e+00 
 4.00519985e-06  0.00000000e+00  1.79990028e+00 
 4.00581987e-06  0.00000000e+00  1.79992105e+00 
 4.00642914e-06  0.00000000e+00  1.79992153e+00 
 4.00711142e-06  0.00000000e+00  1.79992037e+00 
 4.00800498e-06  0.00000000e+00  1.79991471e+00 
 4.00900450e-06  0.00000000e+00  1.79992312e+00 
 4.01061644e-06  0.00000000e+00  1.79997759e+00 
 4.01256314e-06  0.00000000e+00  1.80020756e+00 
 4.01401745e-06  0.00000000e+00  1.80045989e+00 
 4.01536900e-06  0.00000000e+00  1.79978581e+00 
 4.01670556e-06  0.00000000e+00  1.79880533e+00 
 4.01797093e-06  0.00000000e+00  1.79974462e+00 
 4.01908613e-06  0.00000000e+00  1.79832353e+00 
 4.02030032e-06  0.00000000e+00  1.79769686e+00 
 4.02161770e-06  0.00000000e+00  1.79841369e+00 
 4.02343712e-06  0.00000000e+00  1.79940984e+00 
 4.02535016e-06  0.00000000e+00  1.79966036e+00 
 4.02867408e-06  0.00000000e+00  1.79985830e+00 
 4.03303593e-06  0.00000000e+00  1.79989005e+00 
 4.03928844e-06  0.00000000e+00  1.80002485e+00 
 4.04594381e-06  0.00000000e+00  1.80008465e+00 
 4.05113642e-06  0.00000000e+00  1.79990426e+00 
 4.05661154e-06  0.00000000e+00  1.79998039e+00 
 4.06114186e-06  0.00000000e+00  1.80000283e+00 
 4.06683119e-06  0.00000000e+00  1.79996471e+00 
 4.07343944e-06  0.00000000e+00  1.80000364e+00 
 4.07971715e-06  0.00000000e+00  1.79995641e+00 
 4.08647715e-06  0.00000000e+00  1.80000644e+00 
 4.09790618e-06  0.00000000e+00  1.79996011e+00 
 4.11683368e-06  0.00000000e+00  1.80001097e+00 
 4.15163443e-06  0.00000000e+00  1.79996550e+00 
 4.19214639e-06  0.00000000e+00  1.80001636e+00 
 4.25010000e-06  6.67038446e-12  1.79996954e+00 
 4.25011000e-06  1.80000000e-01  1.80051486e+00 
 4.25013000e-06  5.40000000e-01  1.80189386e+00 
 4.25017000e-06  1.26000000e+00  1.80530984e+00 
 4.25020000e-06  1.80000000e+00  1.80768547e+00 
 4.25020794e-06  1.80000000e+00  1.80746622e+00 
 4.25022382e-06  1.80000000e+00  1.80698863e+00 
 4.25025557e-06  1.80000000e+00  1.80620309e+00 
 4.25031908e-06  1.80000000e+00  1.80515404e+00 
 4.25044609e-06  1.80000000e+00  1.80389326e+00 
 4.25070013e-06  1.80000000e+00  1.80237391e+00 
 4.25105330e-06  1.80000000e+00  1.80307673e+00 
 4.25152236e-06  1.80000000e+00  1.80701378e+00 
 4.25201723e-06  1.80000000e+00  1.80501579e+00 
 4.25254134e-06  1.80000000e+00  1.80219387e+00 
 4.25326186e-06  1.80000000e+00  1.80044038e+00 
 4.25400163e-06  1.80000000e+00  1.80000895e+00 
 4.25463846e-06  1.80000000e+00  1.79999511e+00 
 4.25532086e-06  1.80000000e+00  1.79988221e+00 
 4.25598409e-06  1.80000000e+00  1.79988947e+00 
 4.25692038e-06  1.80000000e+00  1.79992090e+00 
 4.25788490e-06  1.80000000e+00  1.79992765e+00 
 4.25960893e-06  1.80000000e+00  1.79996244e+00 
 4.26186420e-06  1.80000000e+00  1.79997004e+00 
 4.26525324e-06  1.80000000e+00  1.79999520e+00 
 4.27123555e-06  1.80000000e+00  1.79999309e+00 
 4.28181082e-06  1.80000000e+00  1.80000538e+00 
 4.29968042e-06  1.80000000e+00  1.79999465e+00 
 4.33199454e-06  1.80000000e+00  1.80000525e+00 
 4.38792824e-06  1.80000000e+00  1.79999486e+00 
 4.45416685e-06  1.80000000e+00  1.80000574e+00 
 4.50000000e-06  1.80000000e+00  1.79999505e+00 
 4.50001000e-06  1.62000000e+00  1.79882973e+00 
 4.50003000e-06  1.26000000e+00  1.79668509e+00 
 4.50007000e-06  5.40000000e-01  1.79334553e+00 
 4.50010000e-06  0.00000000e+00  1.79161319e+00 
 4.50010800e-06  0.00000000e+00  1.79213050e+00 
 4.50012400e-06  0.00000000e+00  1.79318628e+00 
 4.50015600e-06  0.00000000e+00  1.79485328e+00 
 4.50022000e-06  0.00000000e+00  1.79708412e+00 
 4.50034800e-06  0.00000000e+00  1.79958100e+00 
 4.50052009e-06  0.00000000e+00  1.80093659e+00 
 4.50086428e-06  0.00000000e+00  1.80211838e+00 
 4.50130186e-06  0.00000000e+00  1.80188773e+00 
 4.50176595e-06  0.00000000e+00  1.80065530e+00 
 4.50221223e-06  0.00000000e+00  1.79833649e+00 
 4.50270508e-06  0.00000000e+00  1.79743088e+00 
 4.50332710e-06  0.00000000e+00  1.79782393e+00 
 4.50406336e-06  0.00000000e+00  1.79845933e+00 
 4.50486423e-06  0.00000000e+00  1.79898837e+00 
 4.50561736e-06  0.00000000e+00  1.79928833e+00 
 4.50674988e-06  0.00000000e+00  1.79950079e+00 
 4.50754269e-06  0.00000000e+00  1.79969690e+00 
 4.50842913e-06  0.00000000e+00  1.79977333e+00 
 4.50947214e-06  0.00000000e+00  1.79983276e+00 
 4.51056659e-06  0.00000000e+00  1.79987581e+00 
 4.51158155e-06  0.00000000e+00  1.79989394e+00 
 4.51277925e-06  0.00000000e+00  1.79991397e+00 
 4.51412700e-06  0.00000000e+00  1.79992142e+00 
 4.51682252e-06  0.00000000e+00  1.79993809e+00 
 4.52080715e-06  0.00000000e+00  1.79994501e+00 
 4.52841780e-06  0.00000000e+00  1.79996858e+00 
 4.54083515e-06  0.00000000e+00  1.79996935e+00 
 4.55483093e-06  0.00000000e+00  1.79993853e+00 
 4.56347686e-06  0.00000000e+00  1.80005805e+00 
 4.57343858e-06  0.00000000e+00  1.79988328e+00 
 4.58520598e-06  0.00000000e+00  1.80007735e+00 
 4.60874079e-06  0.00000000e+00  1.79988469e+00 
 4.63504054e-06  0.00000000e+00  1.80008128e+00 
 4.65796329e-06  0.00000000e+00  1.79990274e+00 
 4.68629559e-06  0.00000000e+00  1.80007529e+00 
 4.74296020e-06  0.00000000e+00  1.79991155e+00 
 4.75010000e-06  6.67038446e-12  1.80006720e+00 
 4.75011000e-06  1.80000000e-01  1.80059645e+00 
 4.75013000e-06  5.40000000e-01  1.80194167e+00 
 4.75017000e-06  1.26000000e+00  1.80531166e+00 
 4.75020000e-06  1.80000000e+00  1.80767304e+00 
 4.75020793e-06  1.80000000e+00  1.80746934e+00 
 4.75022380e-06  1.80000000e+00  1.80701916e+00 
 4.75025553e-06  1.80000000e+00  1.80625870e+00 
 4.75031899e-06  1.80000000e+00  1.80519571e+00 
 4.75044591e-06  1.80000000e+00  1.80388651e+00 
 4.75069974e-06  1.80000000e+00  1.80235830e+00 
 4.75105265e-06  1.80000000e+00  1.80306414e+00 
 4.75152152e-06  1.80000000e+00  1.80704646e+00 
 4.75201571e-06  1.80000000e+00  1.80518235e+00 
 4.75253942e-06  1.80000000e+00  1.80263214e+00 
 4.75325340e-06  1.80000000e+00  1.80120155e+00 
 4.75402383e-06  1.80000000e+00  1.80022308e+00 
 4.75463608e-06  1.80000000e+00  1.79943871e+00 
 4.75531433e-06  1.80000000e+00  1.79846587e+00 
 4.75602947e-06  1.80000000e+00  1.79807959e+00 
 4.75695106e-06  1.80000000e+00  1.79832179e+00 
 4.75784348e-06  1.80000000e+00  1.79856781e+00 
 4.75962832e-06  1.80000000e+00  1.79910264e+00 
 4.76184430e-06  1.80000000e+00  1.79946148e+00 
 4.76532393e-06  1.80000000e+00  1.79980195e+00 
 4.77109259e-06  1.80000000e+00  1.79995042e+00 
 4.78190792e-06  1.80000000e+00  1.80001741e+00 
 4.79967710e-06  1.80000000e+00  1.79998577e+00 
 4.83218143e-06  1.80000000e+00  1.80001322e+00 
 4.88887744e-06  1.80000000e+00  1.79998703e+00 
 5.00000000e-06  1.80000000e+00  1.80001274e+00 
 5.00001000e-06  1.62000000e+00  1.79885799e+00 
 5.00003000e-06  1.26000000e+00  1.79672616e+00 
 5.00007000e-06  5.40000000e-01  1.79337361e+00 
 5.00010000e-06  0.00000000e+00  1.79160858e+00 
 5.00010800e-06  0.00000000e+00  1.79211011e+00 
 5.00012400e-06  0.00000000e+00  1.79313855e+00 
 5.00015600e-06  0.00000000e+00  1.79478420e+00 
 5.00022000e-06  0.00000000e+00  1.79703435e+00 
 5.00034800e-06  0.00000000e+00  1.79960775e+00 
 5.00051996e-06  0.00000000e+00  1.80102684e+00 
 5.00086389e-06  0.00000000e+00  1.80216250e+00 
 5.00129881e-06  0.00000000e+00  1.80146130e+00 
 5.00176156e-06  0.00000000e+00  1.79983539e+00 
 5.00223695e-06  0.00000000e+00  1.79820034e+00 
 5.00276771e-06  0.00000000e+00  1.79874206e+00 
 5.00340770e-06  0.00000000e+00  1.79955426e+00 
 5.00403787e-06  0.00000000e+00  1.79972845e+00 
 5.00457944e-06  0.00000000e+00  1.79980545e+00 
 5.00520240e-06  0.00000000e+00  1.79989821e+00 
 5.00581935e-06  0.00000000e+00  1.79991933e+00 
 5.00642802e-06  0.00000000e+00  1.79992062e+00 
 5.00710857e-06  0.00000000e+00  1.79991956e+00 
 5.00799998e-06  0.00000000e+00  1.79991472e+00 
 5.00899992e-06  0.00000000e+00  1.79992278e+00 
 5.01060827e-06  0.00000000e+00  1.79997772e+00 
 5.01255921e-06  0.00000000e+00  1.80020686e+00 
 5.01401437e-06  0.00000000e+00  1.80046090e+00 
 5.01536654e-06  0.00000000e+00  1.79978746e+00 
 5.01670340e-06  0.00000000e+00  1.79878800e+00 
 5.01796951e-06  0.00000000e+00  1.79966283e+00 
 5.01908457e-06  0.00000000e+00  1.79819178e+00 
 5.02029948e-06  0.00000000e+00  1.79758922e+00 
 5.02161725e-06  0.00000000e+00  1.79835895e+00 
 5.02343896e-06  0.00000000e+00  1.79938747e+00 
 5.02535193e-06  0.00000000e+00  1.79967932e+00 
 5.02867977e-06  0.00000000e+00  1.79996550e+00 
 5.03303900e-06  0.00000000e+00  1.79992296e+00 
 5.03758152e-06  0.00000000e+00  1.80018851e+00 
 5.04142072e-06  0.00000000e+00  1.79993688e+00 
 5.04547942e-06  0.00000000e+00  1.79989177e+00 
 5.04916510e-06  0.00000000e+00  1.80003782e+00 
 5.05360842e-06  0.00000000e+00  1.79993726e+00 
 5.05960298e-06  0.00000000e+00  1.80001522e+00 
 5.06543425e-06  0.00000000e+00  1.79995285e+00 
 5.07141360e-06  0.00000000e+00  1.79999459e+00 
 5.07810785e-06  0.00000000e+00  1.79996985e+00 
 5.09149635e-06  0.00000000e+00  1.79999148e+00 
 5.11580767e-06  0.00000000e+00  1.79997958e+00 
 5.15480809e-06  0.00000000e+00  1.79999636e+00 
 5.23280893e-06  0.00000000e+00  1.79998753e+00 
 5.25010000e-06  6.67038446e-12  1.79999842e+00 
 5.25011000e-06  1.80000000e-01  1.80053309e+00 
 5.25013000e-06  5.40000000e-01  1.80189812e+00 
 5.25017000e-06  1.26000000e+00  1.80529695e+00 
 5.25020000e-06  1.80000000e+00  1.80766044e+00 
 5.25020794e-06  1.80000000e+00  1.80744483e+00 
 5.25022382e-06  1.80000000e+00  1.80697469e+00 
 5.25025557e-06  1.80000000e+00  1.80620037e+00 
 5.25031908e-06  1.80000000e+00  1.80516348e+00 
 5.25044610e-06  1.80000000e+00  1.80390449e+00 
 5.25070015e-06  1.80000000e+00  1.80237708e+00 
 5.25105222e-06  1.80000000e+00  1.80307066e+00 
 5.25152172e-06  1.80000000e+00  1.80701469e+00 
 5.25201628e-06  1.80000000e+00  1.80502538e+00 
 5.25254011e-06  1.80000000e+00  1.80219939e+00 
 5.25326102e-06  1.80000000e+00  1.80044508e+00 
 5.25400610e-06  1.80000000e+00  1.80000035e+00 
 5.25463769e-06  1.80000000e+00  1.79999567e+00 
 5.25531984e-06  1.80000000e+00  1.79988200e+00 
 5.25598149e-06  1.80000000e+00  1.79988993e+00 
 5.25690634e-06  1.80000000e+00  1.79992149e+00 
 5.25786113e-06  1.80000000e+00  1.79992783e+00 
 5.25958470e-06  1.80000000e+00  1.79996263e+00 
 5.26182592e-06  1.80000000e+00  1.79996981e+00 
 5.26520373e-06  1.80000000e+00  1.79999518e+00 
 5.27108901e-06  1.80000000e+00  1.79999286e+00 
 5.28165244e-06  1.80000000e+00  1.80000550e+00 
 5.29934643e-06  1.80000000e+00  1.79999452e+00 
 5.33149870e-06  1.80000000e+00  1.80000532e+00 
 5.38720158e-06  1.80000000e+00  1.79999461e+00 
 5.49860735e-06  1.80000000e+00  1.80000531e+00 
 5.50000000e-06  1.80000000e+00  1.79999493e+00 
 5.50001000e-06  1.62000000e+00  1.79882486e+00 
 5.50003000e-06  1.26000000e+00  1.79668038e+00 
 5.50007000e-06  5.40000000e-01  1.79335299e+00 
 5.50010000e-06  0.00000000e+00  1.79162956e+00 
 5.50010800e-06  0.00000000e+00  1.79215653e+00 
 5.50012400e-06  0.00000000e+00  1.79322368e+00 
 5.50015600e-06  0.00000000e+00  1.79488358e+00 
 5.50022000e-06  0.00000000e+00  1.79708295e+00 
 5.50034800e-06  0.00000000e+00  1.79955970e+00 
 5.50052008e-06  0.00000000e+00  1.80092811e+00 
 5.50086425e-06  0.00000000e+00  1.80211789e+00 
 5.50130133e-06  0.00000000e+00  1.80190305e+00 
 5.50176512e-06  0.00000000e+00  1.80068996e+00 
 5.50220989e-06  0.00000000e+00  1.79835689e+00 
 5.50270268e-06  0.00000000e+00  1.79742038e+00 
 5.50332255e-06  0.00000000e+00  1.79780968e+00 
 5.50405361e-06  0.00000000e+00  1.79844623e+00 
 5.50485419e-06  0.00000000e+00  1.79897423e+00 
 5.50559953e-06  0.00000000e+00  1.79929258e+00 
 5.50673836e-06  0.00000000e+00  1.79950652e+00 
 5.50753334e-06  0.00000000e+00  1.79968471e+00 
 5.50842395e-06  0.00000000e+00  1.79976184e+00 
 5.50946472e-06  0.00000000e+00  1.79983575e+00 
 5.51055893e-06  0.00000000e+00  1.79986757e+00 
 5.51157281e-06  0.00000000e+00  1.79989529e+00 
 5.51276798e-06  0.00000000e+00  1.79990805e+00 
 5.51411248e-06  0.00000000e+00  1.79992180e+00 
 5.51680146e-06  0.00000000e+00  1.79993298e+00 
 5.52077937e-06  0.00000000e+00  1.79994395e+00 
 5.52837317e-06  0.00000000e+00  1.79995380e+00 
 5.54223243e-06  0.00000000e+00  1.79996699e+00 
 5.56689377e-06  0.00000000e+00  1.79997706e+00 
 5.61621643e-06  0.00000000e+00  1.79998736e+00 
 5.71486177e-06  0.00000000e+00  1.79999266e+00 
 5.75010000e-06  6.67038446e-12  1.79999453e+00 
 5.75011000e-06  1.80000000e-01  1.80053153e+00 
 5.75013000e-06  5.40000000e-01  1.80189237e+00 
 5.75017000e-06  1.26000000e+00  1.80528272e+00 
 5.75020000e-06  1.80000000e+00  1.80764396e+00 
 5.75020793e-06  1.80000000e+00  1.80743052e+00 
 5.75022380e-06  1.80000000e+00  1.80696438e+00 
 5.75025553e-06  1.80000000e+00  1.80619333e+00 
 5.75031899e-06  1.80000000e+00  1.80515784e+00 
 5.75044591e-06  1.80000000e+00  1.80390178e+00 
 5.75069976e-06  1.80000000e+00  1.80237991e+00 
 5.75105182e-06  1.80000000e+00  1.80307614e+00 
 5.75152120e-06  1.80000000e+00  1.80703213e+00 
 5.75201532e-06  1.80000000e+00  1.80507118e+00 
 5.75253891e-06  1.80000000e+00  1.80229281e+00 
 5.75325338e-06  1.80000000e+00  1.80015437e+00 
 5.75402845e-06  1.80000000e+00  1.79950106e+00 
 5.75463947e-06  1.80000000e+00  1.79995972e+00 
 5.75531753e-06  1.80000000e+00  1.80035385e+00 
 5.75603796e-06  1.80000000e+00  1.80089310e+00 
 5.75695116e-06  1.80000000e+00  1.80154543e+00 
 5.75785270e-06  1.80000000e+00  1.80150289e+00 
 5.75883228e-06  1.80000000e+00  1.80119525e+00 
 5.75994947e-06  1.80000000e+00  1.80088575e+00 
 5.76124334e-06  1.80000000e+00  1.80070276e+00 
 5.76316574e-06  1.80000000e+00  1.80041294e+00 
 5.76546904e-06  1.80000000e+00  1.80025383e+00 
 5.76904707e-06  1.80000000e+00  1.80007990e+00 
 5.77516588e-06  1.80000000e+00  1.80002649e+00 
 5.78386922e-06  1.80000000e+00  1.79998656e+00 
 5.79873485e-06  1.80000000e+00  1.80001282e+00 
 5.82159183e-06  1.80000000e+00  1.79998722e+00 
 5.85821079e-06  1.80000000e+00  1.80001260e+00 
 5.91735377e-06  1.80000000e+00  1.79998737e+00 
 6.00000000e-06  1.80000000e+00  1.80001253e+00 
 6.00001000e-06  1.62000000e+00  1.79883921e+00 
 6.00003000e-06  1.26000000e+00  1.79668892e+00 
 6.00007000e-06  5.40000000e-01  1.79335539e+00 
 6.00010000e-06  0.00000000e+00  1.79163062e+00 
 6.00010800e-06  0.00000000e+00  1.79215804e+00 
 6.00012400e-06  0.00000000e+00  1.79322647e+00 
 6.00015600e-06  0.00000000e+00  1.79488678e+00 
 6.00022000e-06  0.00000000e+00  1.79708478e+00 
 6.00034800e-06  0.00000000e+00  1.79955898e+00 
 6.00051994e-06  0.00000000e+00  1.80092537e+00 
 6.00086381e-06  0.00000000e+00  1.80211964e+00 
 6.00129827e-06  0.00000000e+00  1.80192459e+00 
 6.00176067e-06  0.00000000e+00  1.80069911e+00 
 6.00223603e-06  0.00000000e+00  1.79830940e+00 
 6.00276478e-06  0.00000000e+00  1.79797870e+00 
 6.00340424e-06  0.00000000e+00  1.79869901e+00 
 6.00402886e-06  0.00000000e+00  1.79728641e+00 
 6.00457162e-06  0.00000000e+00  1.79874536e+00 
 6.00520609e-06  0.00000000e+00  1.79985358e+00 
 6.00582926e-06  0.00000000e+00  1.80068982e+00 
 6.00644136e-06  0.00000000e+00  1.80093410e+00 
 6.00712328e-06  0.00000000e+00  1.80048947e+00 
 6.00801663e-06  0.00000000e+00  1.80039336e+00 
 6.00901523e-06  0.00000000e+00  1.80010927e+00 
 6.01046558e-06  0.00000000e+00  1.80016432e+00 
 6.01145873e-06  0.00000000e+00  1.80005231e+00 
 6.01256116e-06  0.00000000e+00  1.80030933e+00 
 6.01378564e-06  0.00000000e+00  1.80048822e+00 
 6.01509517e-06  0.00000000e+00  1.80002101e+00 
 6.01624059e-06  0.00000000e+00  1.79900265e+00 
 6.01741784e-06  0.00000000e+00  1.79945540e+00 
 6.01855244e-06  0.00000000e+00  1.79896000e+00 
 6.01977466e-06  0.00000000e+00  1.79780328e+00 
 6.02131748e-06  0.00000000e+00  1.79817521e+00 
 6.02276408e-06  0.00000000e+00  1.79918829e+00 
 6.02508294e-06  0.00000000e+00  1.79969048e+00 
 6.02817322e-06  0.00000000e+00  1.79996616e+00 
 6.03337885e-06  0.00000000e+00  1.79992772e+00 
 6.03904688e-06  0.00000000e+00  1.79999597e+00 
 6.04525215e-06  0.00000000e+00  1.79992815e+00 
 6.05344227e-06  0.00000000e+00  1.80000983e+00 
 6.06327243e-06  0.00000000e+00  1.79993863e+00 
 6.07454331e-06  0.00000000e+00  1.80001966e+00 
 6.08528721e-06  0.00000000e+00  1.79994396e+00 
 6.10048390e-06  0.00000000e+00  1.80002273e+00 
 6.11491673e-06  0.00000000e+00  1.79994853e+00 
 6.14378238e-06  0.00000000e+00  1.80002719e+00 
 6.20135274e-06  0.00000000e+00  1.79995443e+00 
 6.25010000e-06  6.67038446e-12  1.80003190e+00 
 6.25011000e-06  1.80000000e-01  1.80055890e+00 
 6.25013000e-06  5.40000000e-01  1.80190662e+00 
 6.25017000e-06  1.26000000e+00  1.80528654e+00 
 6.25020000e-06  1.80000000e+00  1.80763854e+00 
 6.25020794e-06  1.80000000e+00  1.80742254e+00 
 6.25022382e-06  1.80000000e+00  1.80695250e+00 
 6.25025557e-06  1.80000000e+00  1.80617897e+00 
 6.25031908e-06  1.80000000e+00  1.80514738e+00 
 6.25044611e-06  1.80000000e+00  1.80389937e+00 
 6.25070015e-06  1.80000000e+00  1.80238033e+00 
 6.25105149e-06  1.80000000e+00  1.80307221e+00 
 6.25152123e-06  1.80000000e+00  1.80701939e+00 
 6.25201556e-06  1.80000000e+00  1.80503981e+00 
 6.25253916e-06  1.80000000e+00  1.80220238e+00 
 6.25326043e-06  1.80000000e+00  1.80037714e+00 
 6.25402979e-06  1.80000000e+00  1.80001208e+00 
 6.25462427e-06  1.80000000e+00  1.80005175e+00 
 6.25529461e-06  1.80000000e+00  1.79990817e+00 
 6.25595105e-06  1.80000000e+00  1.79990163e+00 
 6.25682038e-06  1.80000000e+00  1.79992330e+00 
 6.25772783e-06  1.80000000e+00  1.79992390e+00 
 6.25945267e-06  1.80000000e+00  1.79996041e+00 
 6.26160249e-06  1.80000000e+00  1.79996596e+00 
 6.26490931e-06  1.80000000e+00  1.79999482e+00 
 6.27028921e-06  1.80000000e+00  1.79999099e+00 
 6.28099053e-06  1.80000000e+00  1.80000669e+00 
 6.29811566e-06  1.80000000e+00  1.79999340e+00 
 6.33050300e-06  1.80000000e+00  1.80000643e+00 
 6.38739026e-06  1.80000000e+00  1.79999350e+00 
 6.50000000e-06  1.80000000e+00  1.80000641e+00 
 6.50001000e-06  1.62000000e+00  1.79883560e+00 
 6.50003000e-06  1.26000000e+00  1.79668915e+00 
 6.50007000e-06  5.40000000e-01  1.79335831e+00 
 6.50010000e-06  0.00000000e+00  1.79163318e+00 
 6.50010800e-06  0.00000000e+00  1.79215957e+00 
 6.50012400e-06  0.00000000e+00  1.79322606e+00 
 6.50015600e-06  0.00000000e+00  1.79488531e+00 
 6.50022000e-06  0.00000000e+00  1.79708359e+00 
 6.50034800e-06  0.00000000e+00  1.79955966e+00 
 6.50052011e-06  0.00000000e+00  1.80092821e+00 
 6.50086434e-06  0.00000000e+00  1.80211783e+00 
 6.50130145e-06  0.00000000e+00  1.80190186e+00 
 6.50176528e-06  0.00000000e+00  1.80068827e+00 
 6.50221033e-06  0.00000000e+00  1.79835400e+00 
 6.50270306e-06  0.00000000e+00  1.79742016e+00 
 6.50332336e-06  0.00000000e+00  1.79781012e+00 
 6.50405442e-06  0.00000000e+00  1.79844792e+00 
 6.50485532e-06  0.00000000e+00  1.79897635e+00 
 6.50560719e-06  0.00000000e+00  1.79929375e+00 
 6.50674135e-06  0.00000000e+00  1.79951007e+00 
 6.50753588e-06  0.00000000e+00  1.79968508e+00 
 6.50842523e-06  0.00000000e+00  1.79976057e+00 
 6.50946779e-06  0.00000000e+00  1.79983542e+00 
 6.51056269e-06  0.00000000e+00  1.79986692e+00 
 6.51157777e-06  0.00000000e+00  1.79989535e+00 
 6.51277442e-06  0.00000000e+00  1.79990780e+00 
 6.51411986e-06  0.00000000e+00  1.79992200e+00 
 6.51681076e-06  0.00000000e+00  1.79993288e+00 
 6.52077084e-06  0.00000000e+00  1.79994414e+00 
 6.52832938e-06  0.00000000e+00  1.79995362e+00 
 6.54207540e-06  0.00000000e+00  1.79996706e+00 
 6.56648290e-06  0.00000000e+00  1.79997679e+00 
 6.61529790e-06  0.00000000e+00  1.79998741e+00 
 6.71292791e-06  0.00000000e+00  1.79999244e+00 
 6.75010000e-06  6.67038446e-12  1.79999468e+00 
 6.75011000e-06  1.80000000e-01  1.80053155e+00 
 6.75013000e-06  5.40000000e-01  1.80189219e+00 
 6.75017000e-06  1.26000000e+00  1.80528136e+00 
 6.75020000e-06  1.80000000e+00  1.80763637e+00 
 6.75020793e-06  1.80000000e+00  1.80742330e+00 
 6.75022380e-06  1.80000000e+00  1.80695817e+00 
 6.75025553e-06  1.80000000e+00  1.80618883e+00 
 6.75031900e-06  1.80000000e+00  1.80515581e+00 
 6.75044592e-06  1.80000000e+00  1.80390162e+00 
 6.75069978e-06  1.80000000e+00  1.80237999e+00 
 6.75105118e-06  1.80000000e+00  1.80307362e+00 
 6.75152083e-06  1.80000000e+00  1.80703264e+00 
 6.75201478e-06  1.80000000e+00  1.80507473e+00 
 6.75253820e-06  1.80000000e+00  1.80229616e+00 
 6.75325294e-06  1.80000000e+00  1.80015562e+00 
 6.75402799e-06  1.80000000e+00  1.79950043e+00 
 6.75463853e-06  1.80000000e+00  1.79995637e+00 
 6.75531628e-06  1.80000000e+00  1.80035145e+00 
 6.75603916e-06  1.80000000e+00  1.80089410e+00 
 6.75693804e-06  1.80000000e+00  1.80154335e+00 
 6.75784671e-06  1.80000000e+00  1.80150547e+00 
 6.75881595e-06  1.80000000e+00  1.80120003e+00 
 6.75994100e-06  1.80000000e+00  1.80088716e+00 
 6.76122253e-06  1.80000000e+00  1.80070602e+00 
 6.76315214e-06  1.80000000e+00  1.80041438e+00 
 6.76543290e-06  1.80000000e+00  1.80025605e+00 
 6.76900479e-06  1.80000000e+00  1.80008095e+00 
 6.77508483e-06  1.80000000e+00  1.80002693e+00 
 6.78373284e-06  1.80000000e+00  1.79998660e+00 
 6.79851812e-06  1.80000000e+00  1.80001280e+00 
 6.82120241e-06  1.80000000e+00  1.79998723e+00 
 6.85757816e-06  1.80000000e+00  1.80001259e+00 
 6.91626660e-06  1.80000000e+00  1.79998737e+00 
 7.00000000e-06  1.80000000e+00  1.80001252e+00 
 7.00001000e-06  1.62000000e+00  1.79884124e+00 
 7.00003000e-06  1.26000000e+00  1.79669472e+00 
 7.00007000e-06  5.40000000e-01  1.79336030e+00 
 7.00010000e-06  0.00000000e+00  1.79163424e+00 
 7.00010800e-06  0.00000000e+00  1.79216123e+00 
 7.00012400e-06  0.00000000e+00  1.79322902e+00 
 7.00015600e-06  0.00000000e+00  1.79488888e+00 
 7.00022000e-06  0.00000000e+00  1.79708585e+00 
 7.00034800e-06  0.00000000e+00  1.79955915e+00 
 7.00051994e-06  0.00000000e+00  1.80092537e+00 
 7.00086381e-06  0.00000000e+00  1.80211953e+00 
 7.00129827e-06  0.00000000e+00  1.80192381e+00 
 7.00176067e-06  0.00000000e+00  1.80069820e+00 
 7.00223590e-06  0.00000000e+00  1.79830895e+00 
 7.00276470e-06  0.00000000e+00  1.79797844e+00 
 7.00340404e-06  0.00000000e+00  1.79869646e+00 
 7.00402865e-06  0.00000000e+00  1.79728706e+00 
 7.00457146e-06  0.00000000e+00  1.79874582e+00 
 7.00520595e-06  0.00000000e+00  1.79985363e+00 
 7.00582928e-06  0.00000000e+00  1.80069055e+00 
 7.00644143e-06  0.00000000e+00  1.80093397e+00 
 7.00712345e-06  0.00000000e+00  1.80048999e+00 
 7.00801693e-06  0.00000000e+00  1.80039305e+00 
 7.00901553e-06  0.00000000e+00  1.80010964e+00 
 7.01046496e-06  0.00000000e+00  1.80016377e+00 
 7.01146189e-06  0.00000000e+00  1.80005321e+00 
 7.01256559e-06  0.00000000e+00  1.80031043e+00 
 7.01386567e-06  0.00000000e+00  1.80047631e+00 
 7.01510095e-06  0.00000000e+00  1.80001654e+00 
 7.01630580e-06  0.00000000e+00  1.79896651e+00 
 7.01756672e-06  0.00000000e+00  1.79956164e+00 
 7.01873387e-06  0.00000000e+00  1.79861431e+00 
 7.01995932e-06  0.00000000e+00  1.79772135e+00 
 7.02135656e-06  0.00000000e+00  1.79828222e+00 
 7.02294382e-06  0.00000000e+00  1.79930845e+00 
 7.02498095e-06  0.00000000e+00  1.79964760e+00 
 7.02797840e-06  0.00000000e+00  1.79997759e+00 
 7.03170196e-06  0.00000000e+00  1.79989715e+00 
 7.03704428e-06  0.00000000e+00  1.80002274e+00 
 7.04587627e-06  0.00000000e+00  1.79991060e+00 
 7.06346945e-06  0.00000000e+00  1.80003491e+00 
 7.09035019e-06  0.00000000e+00  1.79992513e+00 
 7.14411168e-06  0.00000000e+00  1.80004732e+00 
 7.22171421e-06  0.00000000e+00  1.79993537e+00 
 7.25010000e-06  6.67038446e-12  1.80005167e+00 
 7.25011000e-06  1.80000000e-01  1.80058086e+00 
 7.25013000e-06  5.40000000e-01  1.80192742e+00 
 7.25017000e-06  1.26000000e+00  1.80529451e+00 
 7.25020000e-06  1.80000000e+00  1.80763557e+00 
 7.25020794e-06  1.80000000e+00  1.80741910e+00 
 7.25022382e-06  1.80000000e+00  1.80694867e+00 
 7.25025557e-06  1.80000000e+00  1.80617538e+00 
 7.25031909e-06  1.80000000e+00  1.80514487e+00 
 7.25044611e-06  1.80000000e+00  1.80389830e+00 
 7.25070017e-06  1.80000000e+00  1.80237932e+00 
 7.25105094e-06  1.80000000e+00  1.80306947e+00 
 7.25152096e-06  1.80000000e+00  1.80702097e+00 
 7.25201518e-06  1.80000000e+00  1.80504307e+00 
 7.25253867e-06  1.80000000e+00  1.80220546e+00 
 7.25326014e-06  1.80000000e+00  1.80037961e+00 
 7.25402959e-06  1.80000000e+00  1.80001390e+00 
 7.25462448e-06  1.80000000e+00  1.80005230e+00 
 7.25529512e-06  1.80000000e+00  1.79990844e+00 
 7.25594981e-06  1.80000000e+00  1.79990161e+00 
 7.25681688e-06  1.80000000e+00  1.79992381e+00 
 7.25772240e-06  1.80000000e+00  1.79992410e+00 
 7.25944641e-06  1.80000000e+00  1.79996057e+00 
 7.26159319e-06  1.80000000e+00  1.79996591e+00 
 7.26489600e-06  1.80000000e+00  1.79999486e+00 
 7.27025624e-06  1.80000000e+00  1.79999091e+00 
 7.28093285e-06  1.80000000e+00  1.80000674e+00 
 7.29799094e-06  1.80000000e+00  1.79999335e+00 
 7.33024887e-06  1.80000000e+00  1.80000648e+00 
 7.38688588e-06  1.80000000e+00  1.79999346e+00 
 7.50000000e-06  1.80000000e+00  1.80000646e+00 
 7.50001000e-06  1.62000000e+00  1.79883753e+00 
 7.50003000e-06  1.26000000e+00  1.79669439e+00 
 7.50007000e-06  5.40000000e-01  1.79336270e+00 
 7.50010000e-06  0.00000000e+00  1.79163641e+00 
 7.50010800e-06  0.00000000e+00  1.79216242e+00 
 7.50012400e-06  0.00000000e+00  1.79322830e+00 
 7.50015600e-06  0.00000000e+00  1.79488721e+00 
 7.50022000e-06  0.00000000e+00  1.79708457e+00 
 7.50034800e-06  0.00000000e+00  1.79955980e+00 
 7.50052011e-06  0.00000000e+00  1.80092820e+00 
 7.50086434e-06  0.00000000e+00  1.80211772e+00 
 7.50130145e-06  0.00000000e+00  1.80190116e+00 
 7.50176528e-06  0.00000000e+00  1.80068744e+00 
 7.50221033e-06  0.00000000e+00  1.79835316e+00 
 7.50270306e-06  0.00000000e+00  1.79742017e+00 
 7.50332336e-06  0.00000000e+00  1.79781022e+00 
 7.50405442e-06  0.00000000e+00  1.79844766e+00 
 7.50485532e-06  0.00000000e+00  1.79897585e+00 
 7.50560463e-06  0.00000000e+00  1.79929335e+00 
 7.50674038e-06  0.00000000e+00  1.79950938e+00 
 7.50753494e-06  0.00000000e+00  1.79968512e+00 
 7.50842466e-06  0.00000000e+00  1.79976086e+00 
 7.50946656e-06  0.00000000e+00  1.79983556e+00 
 7.51056113e-06  0.00000000e+00  1.79986706e+00 
 7.51157593e-06  0.00000000e+00  1.79989540e+00 
 7.51277175e-06  0.00000000e+00  1.79990786e+00 
 7.51411585e-06  0.00000000e+00  1.79992200e+00 
 7.51680406e-06  0.00000000e+00  1.79993291e+00 
 7.52075661e-06  0.00000000e+00  1.79994411e+00 
 7.52829755e-06  0.00000000e+00  1.79995361e+00 
 7.54200042e-06  0.00000000e+00  1.79996700e+00 
 7.56631431e-06  0.00000000e+00  1.79997676e+00 
 7.61494210e-06  0.00000000e+00  1.79998735e+00 
 7.71219768e-06  0.00000000e+00  1.79999243e+00 
 7.75010000e-06  0.00000000e+00  1.79999467e+00 
 7.75011000e-06  1.80000000e-01  1.80053149e+00 
 7.75013000e-06  5.40000000e-01  1.80189206e+00 
 7.75017000e-06  1.26000000e+00  1.80528043e+00 
 7.75020000e-06  1.80000000e+00  1.80763040e+00 
 7.75020793e-06  1.80000000e+00  1.80741759e+00 
 7.75022380e-06  1.80000000e+00  1.80695321e+00 
 7.75025553e-06  1.80000000e+00  1.80618523e+00 
 7.75031900e-06  1.80000000e+00  1.80515429e+00 
 7.75044592e-06  1.80000000e+00  1.80390157e+00 
 7.75069978e-06  1.80000000e+00  1.80238007e+00 
 7.75104968e-06  1.80000000e+00  1.80306513e+00 
 7.75151986e-06  1.80000000e+00  1.80703187e+00 
 7.75201320e-06  1.80000000e+00  1.80508512e+00 
 7.75253624e-06  1.80000000e+00  1.80230543e+00 
 7.75325149e-06  1.80000000e+00  1.80015868e+00 
 7.75402655e-06  1.80000000e+00  1.79950060e+00 
 7.75463592e-06  1.80000000e+00  1.79995585e+00 
 7.75531284e-06  1.80000000e+00  1.80035074e+00 
 7.75603605e-06  1.80000000e+00  1.80089080e+00 
 7.75693564e-06  1.80000000e+00  1.80154313e+00 
 7.75784429e-06  1.80000000e+00  1.80150596e+00 
 7.75881510e-06  1.80000000e+00  1.80120084e+00 
 7.75994109e-06  1.80000000e+00  1.80088692e+00 
 7.76122213e-06  1.80000000e+00  1.80070645e+00 
 7.76315431e-06  1.80000000e+00  1.80041390e+00 
 7.76543378e-06  1.80000000e+00  1.80025626e+00 
 7.76901036e-06  1.80000000e+00  1.80008057e+00 
 7.77510212e-06  1.80000000e+00  1.80002704e+00 
 7.78376878e-06  1.80000000e+00  1.79998636e+00 
 7.79860405e-06  1.80000000e+00  1.80001303e+00 
 7.82137104e-06  1.80000000e+00  1.79998701e+00 
 7.85791000e-06  1.80000000e+00  1.80001281e+00 
 7.91689820e-06  1.80000000e+00  1.79998715e+00 
 8.00000000e-06  1.80000000e+00  1.80001274e+00 
 8.00001000e-06  1.62000000e+00  1.79884319e+00 
 8.00003000e-06  1.26000000e+00  1.79669959e+00 
 8.00007000e-06  5.40000000e-01  1.79336431e+00 
 8.00010000e-06  0.00000000e+00  1.79163718e+00 
 8.00010800e-06  0.00000000e+00  1.79216381e+00 
 8.00012400e-06  0.00000000e+00  1.79323101e+00 
 8.00015600e-06  0.00000000e+00  1.79489060e+00 
 8.00022000e-06  0.00000000e+00  1.79708670e+00 
 8.00034800e-06  0.00000000e+00  1.79955922e+00 
 8.00051994e-06  0.00000000e+00  1.80092534e+00 
 8.00086381e-06  0.00000000e+00  1.80211940e+00 
 8.00129827e-06  0.00000000e+00  1.80192335e+00 
 8.00176067e-06  0.00000000e+00  1.80069759e+00 
 8.00223597e-06  0.00000000e+00  1.79830726e+00 
 8.00276475e-06  0.00000000e+00  1.79797740e+00 
 8.00340416e-06  0.00000000e+00  1.79869527e+00 
 8.00402878e-06  0.00000000e+00  1.79729201e+00 
 8.00457156e-06  0.00000000e+00  1.79874903e+00 
 8.00520604e-06  0.00000000e+00  1.79985361e+00 
 8.00582927e-06  0.00000000e+00  1.80069094e+00 
 8.00644139e-06  0.00000000e+00  1.80093406e+00 
 8.00712335e-06  0.00000000e+00  1.80049135e+00 
 8.00801675e-06  0.00000000e+00  1.80039536e+00 
 8.00901527e-06  0.00000000e+00  1.80010769e+00 
 8.01000925e-06  0.00000000e+00  1.80015244e+00 
 8.01082215e-06  0.00000000e+00  1.79998334e+00 
 8.01171169e-06  0.00000000e+00  1.80006180e+00 
 8.01286238e-06  0.00000000e+00  1.79993069e+00 
 8.01400907e-06  0.00000000e+00  1.80002899e+00 
 8.01630246e-06  0.00000000e+00  1.79994981e+00 
 8.01833541e-06  0.00000000e+00  1.80001772e+00 
 8.02047337e-06  0.00000000e+00  1.79989657e+00 
 8.02332827e-06  0.00000000e+00  1.80005288e+00 
 8.02707988e-06  0.00000000e+00  1.79995568e+00 
 8.03083043e-06  0.00000000e+00  1.80027133e+00 
 8.03637016e-06  0.00000000e+00  1.79943020e+00 
 8.04028383e-06  0.00000000e+00  1.80050557e+00 
 8.04445024e-06  0.00000000e+00  1.79946641e+00 
 8.04970963e-06  0.00000000e+00  1.80033448e+00 
 8.05942555e-06  0.00000000e+00  1.79959323e+00 
 8.06819917e-06  0.00000000e+00  1.80033813e+00 
 8.07774143e-06  0.00000000e+00  1.79964076e+00 
 8.09682595e-06  0.00000000e+00  1.80031139e+00 
 8.12933228e-06  0.00000000e+00  1.79966717e+00 
 8.18062469e-06  0.00000000e+00  1.80030791e+00 
 8.25010000e-06  0.00000000e+00  1.79968044e+00 
 8.25011000e-06  1.80000000e-01  1.80021465e+00 
 8.25013000e-06  5.40000000e-01  1.80158280e+00 
 8.25017000e-06  1.26000000e+00  1.80500645e+00 
 8.25020000e-06  1.80000000e+00  1.80739275e+00 
 8.25020800e-06  1.80000000e+00  1.80720294e+00 
 8.25022400e-06  1.80000000e+00  1.80678195e+00 
 8.25025600e-06  1.80000000e+00  1.80607396e+00 
 8.25032000e-06  1.80000000e+00  1.80507970e+00 
 8.25044800e-06  1.80000000e+00  1.80383158e+00 
 8.25070400e-06  1.80000000e+00  1.80234205e+00 
 8.25105449e-06  1.80000000e+00  1.80308592e+00 
 8.25153018e-06  1.80000000e+00  1.80700215e+00 
 8.25203084e-06  1.80000000e+00  1.80491953e+00 
 8.25255747e-06  1.80000000e+00  1.80213052e+00 
 8.25327618e-06  1.80000000e+00  1.80052136e+00 
 8.25425006e-06  1.80000000e+00  1.79986875e+00 
 8.25517157e-06  1.80000000e+00  1.79988651e+00 
 8.25614321e-06  1.80000000e+00  1.79988313e+00 
 8.25726000e-06  1.80000000e+00  1.79993656e+00 
 8.25861270e-06  1.80000000e+00  1.79994655e+00 
 8.26032975e-06  1.80000000e+00  1.79996991e+00 
 8.26294161e-06  1.80000000e+00  1.79998243e+00 
 8.26635599e-06  1.80000000e+00  1.79999344e+00 
 8.27233805e-06  1.80000000e+00  1.79999866e+00 
 8.28078145e-06  1.80000000e+00  1.79999988e+00 
 8.29430164e-06  1.80000000e+00  1.80000006e+00 
 8.31664462e-06  1.80000000e+00  1.79999976e+00 
 8.35784153e-06  1.80000000e+00  1.80000018e+00 
 8.43679616e-06  1.80000000e+00  1.79999972e+00 
 8.50000000e-06  1.80000000e+00  1.80000023e+00 
 8.50001000e-06  1.62000000e+00  1.79885010e+00 
 8.50003000e-06  1.26000000e+00  1.79673320e+00 
 8.50007000e-06  5.40000000e-01  1.79338963e+00 
 8.50010000e-06  0.00000000e+00  1.79162495e+00 
 8.50010800e-06  0.00000000e+00  1.79212762e+00 
 8.50012400e-06  0.00000000e+00  1.79315706e+00 
 8.50015600e-06  0.00000000e+00  1.79479561e+00 
 8.50022000e-06  0.00000000e+00  1.79703080e+00 
 8.50034800e-06  0.00000000e+00  1.79959270e+00 
 8.50060400e-06  0.00000000e+00  1.80151696e+00 
 8.50097632e-06  0.00000000e+00  1.80244807e+00 
 8.50151407e-06  0.00000000e+00  1.80065087e+00 
 8.50208480e-06  0.00000000e+00  1.79725558e+00 
 8.50256473e-06  0.00000000e+00  1.80253579e+00 
 8.50312469e-06  0.00000000e+00  1.82095769e+00 
 8.50374309e-06  0.00000000e+00  1.82947167e+00 
 8.50444363e-06  0.00000000e+00  1.79857087e+00 
 8.50512846e-06  0.00000000e+00  1.75571907e+00 
 8.50569111e-06  0.00000000e+00  1.72403550e+00 
 8.50629961e-06  0.00000000e+00  1.68783725e+00 
 8.50703606e-06  0.00000000e+00  1.64452541e+00 
 8.50781484e-06  0.00000000e+00  1.59815410e+00 
 8.50937240e-06  0.00000000e+00  1.50520500e+00 
 8.51119708e-06  0.00000000e+00  1.39544703e+00 
 8.51475649e-06  0.00000000e+00  1.18104605e+00 
 8.52128656e-06  0.00000000e+00  7.96892551e-01 
 8.52725400e-06  0.00000000e+00  4.95796323e-01 
 8.53292820e-06  0.00000000e+00  2.57658942e-01 
 8.53683756e-06  0.00000000e+00  1.42187304e-01 
 8.54104434e-06  0.00000000e+00  6.96935541e-02 
 8.54409076e-06  0.00000000e+00  4.12417606e-02 
 8.54699075e-06  0.00000000e+00  2.46344337e-02 
 8.54956543e-06  0.00000000e+00  1.57364316e-02 
 8.55238195e-06  0.00000000e+00  9.40686613e-03 
 8.55589747e-06  0.00000000e+00  5.08613897e-03 
 8.55983338e-06  0.00000000e+00  2.35744920e-03 
 8.56497337e-06  0.00000000e+00  1.02484601e-03 
 8.57176965e-06  0.00000000e+00  1.60464451e-04 
 8.58066004e-06  0.00000000e+00  1.52688369e-04 
 8.59331993e-06  0.00000000e+00 -6.97581731e-05 
 8.61061489e-06  0.00000000e+00  1.26221350e-04 
 8.63657361e-06  0.00000000e+00 -7.23263698e-05 
 8.67358233e-06  0.00000000e+00  1.22984141e-04 
 8.72586966e-06  0.00000000e+00 -7.71124879e-05 
 8.75010000e-06  0.00000000e+00  1.20292311e-04 
 8.75011000e-06  1.80000000e-01  9.64613175e-04 
 8.75013000e-06  5.40000000e-01  2.66069077e-03 
 8.75017000e-06  1.26000000e+00  5.41445368e-03 
 8.75020000e-06  1.80000000e+00  6.84027857e-03 
 8.75020793e-06  1.80000000e+00  6.50807924e-03 
 8.75022380e-06  1.80000000e+00  5.82356898e-03 
 8.75025552e-06  1.80000000e+00  4.69769284e-03 
 8.75031898e-06  1.80000000e+00  3.22848313e-03 
 8.75044589e-06  1.80000000e+00  1.85004246e-03 
 8.75069970e-06  1.80000000e+00  1.15156723e-03 
 8.75105032e-06  1.80000000e+00  2.00110011e-03 
 8.75151918e-06  1.80000000e+00  4.51519028e-03 
 8.75201201e-06  1.80000000e+00  2.71831638e-03 
 8.75253486e-06  1.80000000e+00  1.77962132e-03 
 8.75325695e-06  1.80000000e+00  9.67174156e-04 
 8.75403780e-06  1.80000000e+00 -1.90727180e-03 
 8.75463769e-06  1.80000000e+00 -1.31761119e-03 
 8.75531379e-06  1.80000000e+00 -7.25755065e-04 
 8.75596130e-06  1.80000000e+00 -4.05462687e-04 
 8.75680061e-06  1.80000000e+00 -2.89391529e-05 
 8.75768724e-06  1.80000000e+00  2.60121129e-04 
 8.75939955e-06  1.80000000e+00  5.69691218e-04 
 8.76154005e-06  1.80000000e+00  6.26784550e-04 
 8.76481477e-06  1.80000000e+00  5.52430992e-04 
 8.77006297e-06  1.80000000e+00  4.05821982e-04 
 8.78055937e-06  1.80000000e+00  1.98501933e-04 
 8.79741438e-06  1.80000000e+00  1.09845308e-04 
 8.82916358e-06  1.80000000e+00  5.62954214e-05 
 8.88522769e-06  1.80000000e+00  4.37565768e-05 
 8.99735590e-06  1.80000000e+00  1.80436762e-05 
 9.00000000e-06  1.80000000e+00  3.11759874e-05 
