 0.00000000e+00  7.69292429e-05 
 1.00000000e-12  3.85555294e-03 
 2.00000000e-12  4.19954382e-03 
 4.00000000e-12  4.32308100e-03 
 8.00000000e-12  4.19340164e-03 
 1.60000000e-11  4.10763643e-03 
 3.20000000e-11  4.09205290e-03 
 6.40000000e-11  5.65762495e-03 
 1.00000000e-10  8.21684562e-03 
 1.06400000e-10  3.28390370e-03 
 1.19200000e-10  2.57508380e-03 
 1.44800000e-10  2.62018476e-03 
 1.96000000e-10  1.81563540e-03 
 2.98400000e-10  1.72698267e-03 
 4.46699616e-10  1.20727832e-03 
 7.06859699e-10  1.25398397e-03 
 1.00572587e-09  8.85942007e-04 
 1.38417378e-09  1.14901481e-03 
 1.76987610e-09  9.71115490e-04 
 2.17688872e-09  1.06552106e-03 
 2.51840435e-09  9.07302909e-04 
 2.91315744e-09  1.11173485e-03 
 3.35165492e-09  6.89550563e-04 
 3.77103451e-09  7.19491869e-04 
 4.22530848e-09  3.11987970e-04 
 4.82687602e-09  5.06013389e-04 
 5.42579391e-09  2.61966627e-04 
 6.18394526e-09  4.06330786e-04 
 7.03094817e-09  7.56015992e-05 
 7.83448510e-09  2.18640368e-04 
 8.73172106e-09  1.11287307e-04 
 9.69834953e-09  3.31168782e-04 
 1.04243993e-08  4.11105668e-05 
 1.11237997e-08  2.33218287e-04 
 1.18183653e-08  2.51467538e-05 
 1.25412263e-08  2.27027826e-04 
 1.39719871e-08  1.61653410e-05 
 1.56637398e-08  2.52490363e-04 
 1.79216286e-08  1.12693295e-04 
 2.00227951e-08  3.46823074e-04 
 2.13190050e-08 -1.54132014e-05 
 2.25051706e-08  2.70497278e-04 
 2.35812167e-08  7.90440967e-06 
 2.47278146e-08  2.46392095e-04 
 2.65364119e-08  1.28818351e-05 
 2.86625002e-08  2.35605132e-04 
 3.20711513e-08  1.26981744e-05 
 3.59675379e-08  2.43117211e-04 
 3.99508111e-08  1.53986063e-05 
 4.51818856e-08  2.34962605e-04 
 5.13042243e-08  1.36930405e-05 
 6.03005164e-08  2.29237727e-04 
 7.73506417e-08  8.13676553e-06 
 1.04168167e-07  2.22519507e-04 
 1.54342907e-07  3.84128477e-06 
 2.44195204e-07  2.16265486e-04 
 2.50100000e-07 -1.14740640e-06 
 2.50110000e-07 -4.78910988e-03 
 2.50130000e-07 -5.47401358e-03 
 2.50170000e-07 -3.85294052e-03 
 2.50200000e-07 -3.45914896e-03 
 2.50206638e-07  5.35873978e-04 
 2.50219914e-07  7.36296876e-04 
 2.50246465e-07  6.16581396e-04 
 2.50299568e-07  6.29769213e-04 
 2.50382182e-07  4.88875097e-04 
 2.50519881e-07  5.47057267e-04 
 2.50665415e-07  5.32401083e-04 
 2.50928576e-07  5.99237380e-04 
 2.51260349e-07  4.52153588e-04 
 2.51641872e-07  3.90330874e-04 
 2.52047254e-07  1.58795388e-04 
 2.52610766e-07  2.39990501e-04 
 2.53280584e-07  1.43648433e-04 
 2.53785851e-07  2.14037194e-04 
 2.54332849e-07  8.12582575e-05 
 2.54909114e-07  1.86371995e-04 
 2.55580152e-07  7.16695482e-05 
 2.56350104e-07  1.66685918e-04 
 2.57805627e-07  5.50041447e-05 
 2.59122836e-07  1.59415342e-04 
 2.61757252e-07  5.44674791e-05 
 2.64994127e-07  1.58482942e-04 
 2.71467877e-07  5.33592141e-05 
 2.84117323e-07  1.56372625e-04 
 3.04697434e-07  4.99680830e-05 
 3.45857655e-07  1.50398153e-04 
 4.27482773e-07  3.99980047e-05 
 5.00000000e-07  1.40985834e-04 
 5.00010000e-07  2.45847944e-03 
 5.00030000e-07  2.31693289e-03 
 5.00070000e-07  3.30738611e-03 
 5.00100000e-07  4.10468405e-03 
 5.00108000e-07  1.34256353e-03 
 5.00124000e-07  9.76895450e-04 
 5.00156000e-07  1.03263095e-03 
 5.00220000e-07  6.80967331e-04 
 5.00337880e-07  7.40482049e-04 
 5.00516009e-07  5.53120194e-04 
 5.00826913e-07  6.95847417e-04 
 5.01186729e-07  2.63911171e-04 
 5.01575061e-07  3.48419527e-04 
 5.02011145e-07  1.88721227e-04 
 5.02413430e-07  2.64376848e-04 
 5.02906571e-07  6.41907329e-05 
 5.03446391e-07  1.92671396e-04 
 5.04016994e-07  3.70677117e-05 
 5.04756680e-07  1.83087540e-04 
 5.05562818e-07  3.96984862e-05 
 5.06611927e-07  1.92903964e-04 
 5.07838554e-07  4.61925721e-05 
 5.09008877e-07  2.07155112e-04 
 5.10138011e-07  7.68585258e-05 
 5.11636996e-07  2.04693325e-04 
 5.13048865e-07  3.77108724e-05 
 5.14496486e-07  1.86647058e-04 
 5.16641157e-07  1.73607244e-05 
 5.18926991e-07  1.66123282e-04 
 5.22850343e-07  1.19545415e-05 
 5.28239987e-07  1.64056262e-04 
 5.38637603e-07  1.18822101e-05 
 5.55110712e-07  1.63182277e-04 
 5.84067729e-07  1.09950915e-05 
 6.36780412e-07  1.61791250e-04 
 7.42205777e-07  9.46830921e-06 
 7.50100000e-07  1.60826590e-04 
 7.50110000e-07 -2.46119444e-03 
 7.50130000e-07 -2.89867959e-03 
 7.50170000e-07 -2.13209872e-03 
 7.50200000e-07 -1.87588997e-03 
 7.50208000e-07  3.67673418e-04 
 7.50224000e-07  4.70160812e-04 
 7.50256000e-07  4.46322992e-04 
 7.50320000e-07  4.70233541e-04 
 7.50448000e-07  4.01794949e-04 
 7.50687654e-07  5.56448471e-04 
 7.50986360e-07  4.88917202e-04 
 7.51397294e-07  4.72725627e-04 
 7.51861621e-07  1.97902254e-04 
 7.52295768e-07  1.93060998e-04 
 7.52993865e-07  1.25122257e-04 
 7.53450296e-07  1.66714752e-04 
 7.53975379e-07  8.70526196e-05 
 7.54490421e-07  1.35126938e-04 
 7.55035560e-07  7.35216810e-05 
 7.55776696e-07  1.23736761e-04 
 7.56551174e-07  5.94609115e-05 
 7.58100130e-07  1.14239065e-04 
 7.60156025e-07  5.65109167e-05 
 7.63355363e-07  1.14135220e-04 
 7.69323911e-07  5.64630416e-05 
 7.81261006e-07  1.13974391e-04 
 8.05135197e-07  5.63034565e-05 
 8.52883579e-07  1.13748182e-04 
 9.48380342e-07  5.60666699e-05 
 1.00000000e-06  1.13593768e-04 
 1.00001000e-06  2.45045037e-03 
 1.00003000e-06  2.30015340e-03 
 1.00007000e-06  3.29840663e-03 
 1.00010000e-06  4.09541529e-03 
 1.00010800e-06  1.33513404e-03 
 1.00012400e-06  9.71011573e-04 
 1.00015600e-06  1.02778294e-03 
 1.00022000e-06  6.77660642e-04 
 1.00033778e-06  7.36821053e-04 
 1.00051605e-06  5.50123129e-04 
 1.00082679e-06  6.92203582e-04 
 1.00118677e-06  2.58944869e-04 
 1.00157530e-06  3.43408448e-04 
 1.00201052e-06  1.87646557e-04 
 1.00242000e-06  2.65536205e-04 
 1.00288961e-06  6.13092315e-05 
 1.00341352e-06  1.93183319e-04 
 1.00396186e-06  4.85036015e-05 
 1.00449622e-06  1.92325393e-04 
 1.00499723e-06  3.60322513e-05 
 1.00553712e-06  1.74539351e-04 
 1.00631549e-06  2.04795620e-05 
 1.00708926e-06  1.69033118e-04 
 1.00844540e-06  3.76703330e-05 
 1.00995487e-06  1.89143721e-04 
 1.01119040e-06  7.20544182e-05 
 1.01222998e-06  2.36279971e-04 
 1.01323389e-06  8.84322953e-05 
 1.01428831e-06  2.22568716e-04 
 1.01525200e-06  7.12543172e-05 
 1.01626364e-06  2.07074966e-04 
 1.01737804e-06  6.06654942e-05 
 1.01914666e-06  1.99534332e-04 
 1.02076067e-06  5.50330364e-05 
 1.02397641e-06  1.92407742e-04 
 1.02878072e-06  4.58860025e-05 
 1.03617418e-06  1.81571010e-04 
 1.04950245e-06  3.33702076e-05 
 1.07290261e-06  1.69029425e-04 
 1.11970293e-06  2.45606428e-05 
 1.16272183e-06  1.60256019e-04 
 1.20626280e-06  1.28500478e-05 
 1.21987816e-06  1.33833715e-04 
 1.23311555e-06  6.88435449e-06 
 1.24185622e-06  1.34969409e-04 
 1.25010000e-06  4.02657514e-06 
 1.25011000e-06 -2.48716398e-03 
 1.25013000e-06 -2.91173823e-03 
 1.25017000e-06 -2.14756776e-03 
 1.25020000e-06 -1.88216675e-03 
 1.25020800e-06  3.53334525e-04 
 1.25022400e-06  4.56778211e-04 
 1.25025600e-06  4.34338368e-04 
 1.25032000e-06  4.58118787e-04 
 1.25044800e-06  3.88294037e-04 
 1.25068808e-06  5.42416077e-04 
 1.25098459e-06  4.73841095e-04 
 1.25139877e-06  4.56136975e-04 
 1.25186129e-06  1.81510202e-04 
 1.25229769e-06  1.75281521e-04 
 1.25299582e-06  1.04936178e-04 
 1.25344075e-06  1.43146098e-04 
 1.25395087e-06  5.66614129e-05 
 1.25455182e-06  1.16467616e-04 
 1.25526791e-06  5.45793481e-05 
 1.25594523e-06  1.06674214e-04 
 1.25729988e-06  4.04447637e-05 
 1.25876728e-06  9.91246708e-05 
 1.26145112e-06  3.98668085e-05 
 1.26491774e-06  9.87178786e-05 
 1.27185098e-06  3.94557174e-05 
 1.28571747e-06  9.79259469e-05 
 1.31345043e-06  3.83380937e-05 
 1.36891637e-06  9.66644156e-05 
 1.47984823e-06  3.77311591e-05 
 1.50000000e-06  9.67210964e-05 
 1.50001000e-06  2.43117982e-03 
 1.50003000e-06  2.27829659e-03 
 1.50007000e-06  3.28455692e-03 
 1.50010000e-06  4.07742091e-03 
 1.50010800e-06  1.31831710e-03 
 1.50012400e-06  9.53046849e-04 
 1.50015600e-06  1.00833003e-03 
 1.50022000e-06  6.58358146e-04 
 1.50033780e-06  7.18420015e-04 
 1.50051614e-06  5.31914815e-04 
 1.50082648e-06  6.75651206e-04 
 1.50118582e-06  2.45828126e-04 
 1.50153600e-06  3.25896210e-04 
 1.50194816e-06  1.63009152e-04 
 1.50234862e-06  2.44694113e-04 
 1.50281875e-06  4.58486886e-05 
 1.50332859e-06  1.72734779e-04 
 1.50388383e-06  1.92186295e-05 
 1.50463839e-06  1.81382371e-04 
 1.50535775e-06  2.94969337e-05 
 1.50597537e-06  1.72513041e-04 
 1.50663990e-06  2.05587356e-05 
 1.50749098e-06  1.54858066e-04 
 1.50838468e-06 -5.46951960e-06 
 1.50924682e-06  1.42927017e-04 
 1.51030222e-06 -6.25491723e-06 
 1.51147118e-06  1.41481462e-04 
 1.51369628e-06 -6.35463246e-06 
 1.51688404e-06  1.41243534e-04 
 1.52261300e-06 -6.31385043e-06 
 1.53257598e-06  1.41185261e-04 
 1.54945453e-06 -6.28268861e-06 
 1.58321162e-06  1.41231743e-04 
 1.65072582e-06 -6.15089456e-06 
 1.75010000e-06  1.41381623e-04 
 1.75011000e-06 -2.48015020e-03 
 1.75013000e-06 -2.91755885e-03 
 1.75017000e-06 -2.13833132e-03 
 1.75020000e-06 -1.88549962e-03 
 1.75020800e-06  3.50534038e-04 
 1.75022400e-06  4.53618466e-04 
 1.75025600e-06  4.30836236e-04 
 1.75032000e-06  4.54027862e-04 
 1.75044800e-06  3.83963697e-04 
 1.75068656e-06  5.38496271e-04 
 1.75098268e-06  4.71756074e-04 
 1.75139750e-06  4.54712804e-04 
 1.75185964e-06  1.80442226e-04 
 1.75229584e-06  1.75641364e-04 
 1.75299119e-06  1.08933610e-04 
 1.75344638e-06  1.53250717e-04 
 1.75397076e-06  7.82615984e-05 
 1.75448277e-06  1.30135414e-04 
 1.75502502e-06  7.34792078e-05 
 1.75579995e-06  1.15855875e-04 
 1.75661940e-06  4.74477761e-05 
 1.75752916e-06  1.05853508e-04 
 1.75838058e-06  4.13678013e-05 
 1.75967124e-06  9.75530897e-05 
 1.76109210e-06  3.84741985e-05 
 1.76370655e-06  9.71074877e-05 
 1.76753074e-06  3.85122737e-05 
 1.77517910e-06  9.70257005e-05 
 1.79047584e-06  3.84834776e-05 
 1.82106931e-06  9.69693171e-05 
 1.88225624e-06  3.84641539e-05 
 2.00000000e-06  9.69625438e-05 
 2.00001000e-06  2.42867452e-03 
 2.00003000e-06  2.27305229e-03 
 2.00007000e-06  3.28544837e-03 
 2.00010000e-06  4.07442106e-03 
 2.00010800e-06  1.31759201e-03 
 2.00012400e-06  9.52650292e-04 
 2.00015600e-06  1.00785257e-03 
 2.00022000e-06  6.58623959e-04 
 2.00033774e-06  7.19174588e-04 
 2.00051584e-06  5.33253327e-04 
 2.00082638e-06  6.75900587e-04 
 2.00118655e-06  2.42681927e-04 
 2.00157541e-06  3.25816884e-04 
 2.00201016e-06  1.68808902e-04 
 2.00241990e-06  2.48062759e-04 
 2.00289908e-06  4.55543752e-05 
 2.00341716e-06  1.83395880e-04 
 2.00389726e-06  4.71580431e-05 
 2.00439719e-06  1.91722884e-04 
 2.00484206e-06  3.02944200e-05 
 2.00533799e-06  1.65822555e-04 
 2.00592616e-06  1.38085726e-05 
 2.00663551e-06  1.59093680e-04 
 2.00757585e-06  3.18670326e-05 
 2.00849849e-06  1.72310053e-04 
 2.00932979e-06  3.59849589e-05 
 2.01016966e-06  1.72376497e-04 
 2.01113032e-06  7.41285349e-05 
 2.01191145e-06  2.34382532e-04 
 2.01269381e-06  9.61984860e-05 
 2.01352872e-06  2.33240798e-04 
 2.01440647e-06  8.56955415e-05 
 2.01528145e-06  2.21483496e-04 
 2.01622606e-06  7.35717293e-05 
 2.01720370e-06  2.10178147e-04 
 2.01876585e-06  6.65623174e-05 
 2.02041039e-06  2.03609934e-04 
 2.02356337e-06  5.85999757e-05 
 2.02885742e-06  1.91693462e-04 
 2.03683879e-06  4.73902499e-05 
 2.04467849e-06  2.28318158e-04 
 2.05219121e-06  9.12779715e-05 
 2.05575573e-06  1.70664626e-04 
 2.05922008e-06  7.53545140e-05 
 2.06278124e-06  1.79464532e-04 
 2.06772323e-06  6.94333481e-05 
 2.07251935e-06  1.82210496e-04 
 2.08110220e-06  6.63758952e-05 
 2.09229002e-06  1.83709856e-04 
 2.10862963e-06  6.49914936e-05 
 2.13379278e-06  1.81841662e-04 
 2.17156213e-06  5.40616119e-05 
 2.23952809e-06  1.57261328e-04 
 2.25010000e-06  3.50745945e-05 
 2.25011000e-06 -2.45595374e-03 
 2.25013000e-06 -2.87967191e-03 
 2.25017000e-06 -2.10970881e-03 
 2.25020000e-06 -1.84345829e-03 
 2.25020800e-06  3.85019527e-04 
 2.25022400e-06  4.86907622e-04 
 2.25025600e-06  4.63072792e-04 
 2.25032000e-06  4.84744573e-04 
 2.25044800e-06  4.14448024e-04 
 2.25068705e-06  5.67840070e-04 
 2.25098218e-06  5.00166680e-04 
 2.25139758e-06  4.82009672e-04 
 2.25185927e-06  2.08460582e-04 
 2.25229596e-06  2.04015532e-04 
 2.25299229e-06  1.38640125e-04 
 2.25345510e-06  1.75905896e-04 
 2.25398761e-06  8.92199090e-05 
 2.25461424e-06  1.42399300e-04 
 2.25524634e-06  8.19678560e-05 
 2.25598899e-06  1.30657179e-04 
 2.25742882e-06  6.65677412e-05 
 2.25891497e-06  1.23296765e-04 
 2.26166354e-06  6.58533801e-05 
 2.26528978e-06  1.22362208e-04 
 2.27254226e-06  6.45765100e-05 
 2.28704723e-06  1.20100134e-04 
 2.31605716e-06  6.11357323e-05 
 2.37407701e-06  1.15757388e-04 
 2.49011672e-06  5.72146990e-05 
 2.50000000e-06  1.14071131e-04 
 2.50001000e-06  2.44562649e-03 
 2.50003000e-06  2.28826904e-03 
 2.50007000e-06  3.30376559e-03 
 2.50010000e-06  4.09056997e-03 
 2.50010800e-06  1.33449668e-03 
 2.50012400e-06  9.70296748e-04 
 2.50015600e-06  1.02741038e-03 
 2.50022000e-06  6.77505203e-04 
 2.50033779e-06  7.37151419e-04 
 2.50051603e-06  5.50419542e-04 
 2.50082669e-06  6.93629516e-04 
 2.50118673e-06  2.60078553e-04 
 2.50157818e-06  3.44059214e-04 
 2.50201467e-06  1.85256808e-04 
 2.50242204e-06  2.58904151e-04 
 2.50289557e-06  6.10665547e-05 
 2.50342346e-06  1.89759535e-04 
 2.50398691e-06  4.02994212e-05 
 2.50473770e-06  1.94534355e-04 
 2.50552471e-06  4.49146507e-05 
 2.50615991e-06  1.89114617e-04 
 2.50689235e-06  3.74057883e-05 
 2.50771215e-06  1.66285983e-04 
 2.50864985e-06  1.43209331e-05 
 2.50956334e-06  1.59301186e-04 
 2.51086143e-06  1.32672773e-05 
 2.51251258e-06  1.58365865e-04 
 2.51555892e-06  1.31439204e-05 
 2.52066714e-06  1.58209825e-04 
 2.53002882e-06  1.30540238e-05 
 2.54832267e-06  1.58037127e-04 
 2.58491036e-06  1.28490632e-05 
 2.65808575e-06  1.57771046e-04 
 2.75010000e-06  1.26245375e-05 
 2.75011000e-06 -2.46998206e-03 
 2.75013000e-06 -2.89221909e-03 
 2.75017000e-06 -2.12208597e-03 
 2.75020000e-06 -1.85392963e-03 
 2.75020800e-06  3.70336385e-04 
 2.75022400e-06  4.71744135e-04 
 2.75025600e-06  4.48086506e-04 
 2.75032000e-06  4.70447244e-04 
 2.75044800e-06  4.01322850e-04 
 2.75068646e-06  5.56139539e-04 
 2.75098139e-06  4.89705843e-04 
 2.75139638e-06  4.72432361e-04 
 2.75185814e-06  1.98662004e-04 
 2.75229432e-06  1.92977637e-04 
 2.75298989e-06  1.25262777e-04 
 2.75344657e-06  1.66872669e-04 
 2.75397262e-06  8.69394608e-05 
 2.75448207e-06  1.35277001e-04 
 2.75502350e-06  7.38790046e-05 
 2.75579493e-06  1.23567752e-04 
 2.75660828e-06  5.92512074e-05 
 2.75823498e-06  1.14165576e-04 
 2.76028390e-06  5.65575220e-05 
 2.76361940e-06  1.14101571e-04 
 2.76989240e-06  5.65005192e-05 
 2.78243841e-06  1.13984330e-04 
 2.80753044e-06  5.64251764e-05 
 2.85771449e-06  1.13894689e-04 
 2.95808259e-06  5.63595755e-05 
 3.00000000e-06  1.13855058e-04 
 3.00001000e-06  2.44300640e-03 
 3.00003000e-06  2.28394071e-03 
 3.00007000e-06  3.30325495e-03 
 3.00010000e-06  4.08743736e-03 
 3.00010800e-06  1.33318676e-03 
 3.00012400e-06  9.69466282e-04 
 3.00015600e-06  1.02666573e-03 
 3.00022000e-06  6.77245636e-04 
 3.00033774e-06  7.36796854e-04 
 3.00051584e-06  5.50222591e-04 
 3.00082643e-06  6.93091865e-04 
 3.00118656e-06  2.59099966e-04 
 3.00157668e-06  3.43575672e-04 
 3.00201217e-06  1.87084574e-04 
 3.00242214e-06  2.64680733e-04 
 3.00289120e-06  6.15055638e-05 
 3.00341439e-06  1.93418297e-04 
 3.00396311e-06  5.04341644e-05 
 3.00449882e-06  1.92963295e-04 
 3.00500034e-06  3.74246894e-05 
 3.00554182e-06  1.74869141e-04 
 3.00631459e-06  2.04143266e-05 
 3.00709291e-06  1.68366117e-04 
 3.00846991e-06  3.81660600e-05 
 3.00996534e-06  1.88860912e-04 
 3.01120034e-06  7.04061063e-05 
 3.01223328e-06  2.25358471e-04 
 3.01322891e-06  7.41685663e-05 
 3.01428276e-06  2.07655505e-04 
 3.01524371e-06  5.54795587e-05 
 3.01625254e-06  1.89615687e-04 
 3.01736595e-06  4.24315327e-05 
 3.01911256e-06  1.80385215e-04 
 3.02072690e-06  3.62937621e-05 
 3.02390281e-06  1.73676339e-04 
 3.02869969e-06  2.94956874e-05 
 3.03606435e-06  1.68799752e-04 
 3.04936809e-06  2.69330919e-05 
 3.07246144e-06  1.63321873e-04 
 3.09934482e-06  1.70936374e-05 
 3.12430644e-06  1.55069133e-04 
 3.14502279e-06  1.42561391e-05 
 3.17114732e-06  1.54225412e-04 
 3.20485214e-06  1.40855558e-05 
 3.24151290e-06  1.54572151e-04 
 3.25010000e-06  1.43315097e-05 
 3.25011000e-06 -2.47631046e-03 
 3.25013000e-06 -2.89927719e-03 
 3.25017000e-06 -2.12554862e-03 
 3.25020000e-06 -1.85553553e-03 
 3.25020800e-06  3.69045050e-04 
 3.25022400e-06  4.71064189e-04 
 3.25025600e-06  4.47982662e-04 
 3.25032000e-06  4.70683800e-04 
 3.25044800e-06  4.01864703e-04 
 3.25068817e-06  5.56938769e-04 
 3.25098202e-06  4.89100947e-04 
 3.25139619e-06  4.71499808e-04 
 3.25185816e-06  1.97633337e-04 
 3.25229425e-06  1.93131022e-04 
 3.25298939e-06  1.27615659e-04 
 3.25345248e-06  1.65517387e-04 
 3.25398544e-06  7.86339802e-05 
 3.25460840e-06  1.31955838e-04 
 3.25523770e-06  7.15663662e-05 
 3.25598066e-06  1.20489459e-04 
 3.25741392e-06  5.63697262e-05 
 3.25889345e-06  1.13429813e-04 
 3.26163422e-06  5.61843243e-05 
 3.26523289e-06  1.13299652e-04 
 3.27243022e-06  5.61883859e-05 
 3.28682487e-06  1.13301138e-04 
 3.31561419e-06  5.63123674e-05 
 3.37319282e-06  1.13531355e-04 
 3.48835008e-06  5.66274773e-05 
 3.50000000e-06  1.13693882e-04 
 3.50001000e-06  2.44300475e-03 
 3.50003000e-06  2.28397973e-03 
 3.50007000e-06  3.30472254e-03 
 3.50010000e-06  4.08752800e-03 
 3.50010800e-06  1.33345456e-03 
 3.50012400e-06  9.69387050e-04 
 3.50015600e-06  1.02676808e-03 
 3.50022000e-06  6.77050532e-04 
 3.50033779e-06  7.36729856e-04 
 3.50051603e-06  5.49918701e-04 
 3.50082668e-06  6.93221486e-04 
 3.50118673e-06  2.59501109e-04 
 3.50157786e-06  3.43656874e-04 
 3.50201403e-06  1.84777597e-04 
 3.50242139e-06  2.58419321e-04 
 3.50289565e-06  6.05262638e-05 
 3.50342313e-06  1.89351188e-04 
 3.50398701e-06  3.98162797e-05 
 3.50473834e-06  1.94219019e-04 
 3.50552525e-06  4.45561763e-05 
 3.50615986e-06  1.88749700e-04 
 3.50689213e-06  3.69517512e-05 
 3.50771220e-06  1.65929209e-04 
 3.50864940e-06  1.38676870e-05 
 3.50955972e-06  1.58929141e-04 
 3.51086195e-06  1.28264164e-05 
 3.51250099e-06  1.58004329e-04 
 3.51553691e-06  1.27248871e-05 
 3.52060482e-06  1.57883189e-04 
 3.52986281e-06  1.26952801e-05 
 3.54793304e-06  1.57815391e-04 
 3.58407350e-06  1.26656273e-05 
 3.65635442e-06  1.57799416e-04 
 3.75010000e-06  1.26717321e-05 
 3.75011000e-06 -2.46985666e-03 
 3.75013000e-06 -2.89196971e-03 
 3.75017000e-06 -2.12044246e-03 
 3.75020000e-06 -1.84989656e-03 
 3.75020800e-06  3.71052651e-04 
 3.75022400e-06  4.72173707e-04 
 3.75025600e-06  4.48418157e-04 
 3.75032000e-06  4.70417285e-04 
 3.75044800e-06  4.01279496e-04 
 3.75068646e-06  5.56234409e-04 
 3.75098074e-06  4.89942592e-04 
 3.75139577e-06  4.72611065e-04 
 3.75185742e-06  1.98966246e-04 
 3.75229353e-06  1.93093018e-04 
 3.75298846e-06  1.25431964e-04 
 3.75344477e-06  1.66973222e-04 
 3.75397061e-06  8.70804060e-05 
 3.75447989e-06  1.35286352e-04 
 3.75502133e-06  7.40650274e-05 
 3.75579590e-06  1.23580904e-04 
 3.75661212e-06  5.93914762e-05 
 3.75824352e-06  1.14178688e-04 
 3.76029072e-06  5.67140979e-05 
 3.76363285e-06  1.14120462e-04 
 3.76992323e-06  5.66624851e-05 
 3.78250399e-06  1.14012028e-04 
 3.80766551e-06  5.66031292e-05 
 3.85798855e-06  1.13947060e-04 
 3.95863462e-06  5.65681181e-05 
 4.00000000e-06  1.13926517e-04 
 4.00001000e-06  2.44137123e-03 
 4.00003000e-06  2.28115886e-03 
 4.00007000e-06  3.30449143e-03 
 4.00010000e-06  4.08551257e-03 
 4.00010800e-06  1.33287315e-03 
 4.00012400e-06  9.69247501e-04 
 4.00015600e-06  1.02669640e-03 
 4.00022000e-06  6.77411114e-04 
 4.00033774e-06  7.36991522e-04 
 4.00051584e-06  5.50315131e-04 
 4.00082643e-06  6.93266112e-04 
 4.00118656e-06  2.59127744e-04 
 4.00157660e-06  3.43759152e-04 
 4.00201195e-06  1.87235773e-04 
 4.00242195e-06  2.64837040e-04 
 4.00289101e-06  6.16174635e-05 
 4.00341416e-06  1.93581369e-04 
 4.00396286e-06  5.05399447e-05 
 4.00449853e-06  1.93132321e-04 
 4.00499986e-06  3.75484406e-05 
 4.00554120e-06  1.75044613e-04 
 4.00631308e-06  2.05415466e-05 
 4.00709153e-06  1.68517476e-04 
 4.00846749e-06  3.82261460e-05 
 4.00996464e-06  1.88905204e-04 
 4.01119889e-06  6.75594227e-05 
 4.01223197e-06  2.14481842e-04 
 4.01322767e-06  6.03418486e-05 
 4.01428166e-06  1.95178044e-04 
 4.01524215e-06  4.28219278e-05 
 4.01625104e-06  1.77176741e-04 
 4.01736467e-06  3.00714615e-05 
 4.01910852e-06  1.69030731e-04 
 4.02072332e-06  2.51319824e-05 
 4.02389493e-06  1.59026509e-04 
 4.02808348e-06  1.62464041e-05 
 4.03371807e-06  1.56973876e-04 
 4.03962403e-06  3.69230016e-05 
 4.04415280e-06  1.44825741e-04 
 4.04896228e-06  1.92067313e-05 
 4.05448370e-06  1.42176435e-04 
 4.05970470e-06  8.37432464e-06 
 4.06550296e-06  1.33216278e-04 
 4.07150748e-06  4.01189488e-06 
 4.07757459e-06  1.33009773e-04 
 4.08748087e-06  2.30326428e-06 
 4.10498489e-06  1.32282587e-04 
 4.13167961e-06  1.49261129e-06 
 4.17947505e-06  1.32379275e-04 
 4.23830859e-06  2.29854417e-06 
 4.25010000e-06  1.33833806e-04 
 4.25011000e-06 -2.49000132e-03 
 4.25013000e-06 -2.92590588e-03 
 4.25017000e-06 -2.13821986e-03 
 4.25020000e-06 -1.87741447e-03 
 4.25020800e-06  3.50768735e-04 
 4.25022400e-06  4.54003777e-04 
 4.25025600e-06  4.32252631e-04 
 4.25032000e-06  4.55188082e-04 
 4.25044800e-06  3.85609374e-04 
 4.25068680e-06  5.40145025e-04 
 4.25098071e-06  4.73103701e-04 
 4.25139646e-06  4.54771409e-04 
 4.25185783e-06  1.81374178e-04 
 4.25229462e-06  1.73539739e-04 
 4.25298941e-06  1.04340132e-04 
 4.25343405e-06  1.42152434e-04 
 4.25394481e-06  5.63636231e-05 
 4.25455254e-06  1.14959484e-04 
 4.25526349e-06  5.43449276e-05 
 4.25594666e-06  1.05420184e-04 
 4.25731301e-06  4.03673681e-05 
 4.25877389e-06  9.82504154e-05 
 4.26146788e-06  4.03801016e-05 
 4.26493126e-06  9.87199739e-05 
 4.27185802e-06  4.16307009e-05 
 4.28571153e-06  1.01999567e-04 
 4.31341856e-06  5.10802025e-05 
 4.36883262e-06  1.14207496e-04 
 4.41957500e-06  5.64017544e-05 
 4.47505520e-06  1.19124704e-04 
 4.50000000e-06  5.58517420e-05 
 4.50001000e-06  2.43641170e-03 
 4.50003000e-06  2.28549819e-03 
 4.50007000e-06  3.30170850e-03 
 4.50010000e-06  4.08958146e-03 
 4.50010800e-06  1.33371243e-03 
 4.50012400e-06  9.69546012e-04 
 4.50015600e-06  1.02756837e-03 
 4.50022000e-06  6.78028202e-04 
 4.50033779e-06  7.38298864e-04 
 4.50051594e-06  5.51138737e-04 
 4.50082666e-06  6.94550314e-04 
 4.50118660e-06  2.60298071e-04 
 4.50157808e-06  3.45646757e-04 
 4.50201438e-06  1.87132451e-04 
 4.50242188e-06  2.60690718e-04 
 4.50289377e-06  6.22827923e-05 
 4.50342347e-06  1.91054810e-04 
 4.50398523e-06  4.14532710e-05 
 4.50473544e-06  1.96041737e-04 
 4.50552101e-06  4.59816624e-05 
 4.50616178e-06  1.90801084e-04 
 4.50689050e-06  3.85156609e-05 
 4.50771099e-06  1.67941046e-04 
 4.50864743e-06  1.54052554e-05 
 4.50955297e-06  1.60820660e-04 
 4.51086390e-06  1.43601634e-05 
 4.51248053e-06  1.59785871e-04 
 4.51549974e-06  1.40203511e-05 
 4.52049337e-06  1.58907486e-04 
 4.52956536e-06  1.28405271e-05 
 4.54715676e-06  1.58190762e-04 
 4.56422838e-06  1.26388123e-05 
 4.59837161e-06  1.58070246e-04 
 4.66665808e-06  1.25892322e-05 
 4.75010000e-06  1.58047228e-04 
 4.75011000e-06 -2.46284163e-03 
 4.75013000e-06 -2.89876879e-03 
 4.75017000e-06 -2.11354335e-03 
 4.75020000e-06 -1.85381637e-03 
 4.75020800e-06  3.71294777e-04 
 4.75022400e-06  4.72387477e-04 
 4.75025600e-06  4.48457458e-04 
 4.75032000e-06  4.70408085e-04 
 4.75044800e-06  4.01224697e-04 
 4.75068654e-06  5.56443607e-04 
 4.75098034e-06  4.90104732e-04 
 4.75139532e-06  4.72802993e-04 
 4.75185695e-06  1.99129423e-04 
 4.75229298e-06  1.93305842e-04 
 4.75298735e-06  1.25473695e-04 
 4.75344382e-06  1.66934511e-04 
 4.75397007e-06  8.70530268e-05 
 4.75447832e-06  1.35414020e-04 
 4.75501943e-06  7.42898309e-05 
 4.75579352e-06  1.23745638e-04 
 4.75660913e-06  5.94979374e-05 
 4.75823840e-06  1.14263122e-04 
 4.76028261e-06  5.67908300e-05 
 4.76361314e-06  1.14204034e-04 
 4.76988693e-06  5.67382000e-05 
 4.78243449e-06  1.14094856e-04 
 4.80752963e-06  5.66773046e-05 
 4.85771990e-06  1.14027680e-04 
 4.95810044e-06  5.66394649e-05 
 5.00000000e-06  1.14005367e-04 
 5.00001000e-06  2.44036639e-03 
 5.00003000e-06  2.27958914e-03 
 5.00007000e-06  3.30511049e-03 
 5.00010000e-06  4.08432651e-03 
 5.00010800e-06  1.33258499e-03 
 5.00012400e-06  9.69042355e-04 
 5.00015600e-06  1.02683881e-03 
 5.00022000e-06  6.77586053e-04 
 5.00033774e-06  7.37204123e-04 
 5.00051584e-06  5.50312562e-04 
 5.00082643e-06  6.93286997e-04 
 5.00118656e-06  2.58942142e-04 
 5.00157674e-06  3.44062135e-04 
 5.00201213e-06  1.87498175e-04 
 5.00242216e-06  2.64866007e-04 
 5.00289124e-06  6.15240463e-05 
 5.00341442e-06  1.93678668e-04 
 5.00396317e-06  5.05494754e-05 
 5.00449895e-06  1.93252036e-04 
 5.00500056e-06  3.75507791e-05 
 5.00554211e-06  1.75164732e-04 
 5.00631541e-06  2.05418734e-05 
 5.00709365e-06  1.68670972e-04 
 5.00847125e-06  3.82686757e-05 
 5.00996602e-06  1.88907741e-04 
 5.01120014e-06  6.43947495e-05 
 5.01223151e-06  2.02588856e-04 
 5.01322488e-06  4.58395984e-05 
 5.01427902e-06  1.81818031e-04 
 5.01523833e-06  2.74715270e-05 
 5.01624670e-06  1.62447592e-04 
 5.01736012e-06  1.62853150e-05 
 5.01909736e-06  1.58013317e-04 
 5.02071259e-06  1.57264354e-05 
 5.02387281e-06  1.55203038e-04 
 5.02867244e-06  1.44347240e-05 
 5.03299855e-06  1.81206085e-04 
 5.03644868e-06 -6.05892492e-06 
 5.04010580e-06  1.61165695e-04 
 5.04367235e-06 -3.09213746e-06 
 5.04770742e-06  1.55248192e-04 
 5.05284192e-06 -9.39520937e-06 
 5.05799359e-06  1.46276874e-04 
 5.06378312e-06 -9.77128717e-06 
 5.06983641e-06  1.45067000e-04 
 5.08062614e-06 -9.40571863e-06 
 5.09766622e-06  1.44399124e-04 
 5.12348793e-06 -9.31628324e-06 
 5.16816031e-06  1.44251209e-04 
 5.24567432e-06 -9.07928405e-06 
 5.25010000e-06  1.43806745e-04 
 5.25011000e-06 -2.48070454e-03 
 5.25013000e-06 -2.91951871e-03 
 5.25017000e-06 -2.13407945e-03 
 5.25020000e-06 -1.87361804e-03 
 5.25020800e-06  3.53248077e-04 
 5.25022400e-06  4.55884851e-04 
 5.25025600e-06  4.33142319e-04 
 5.25032000e-06  4.55493296e-04 
 5.25044800e-06  3.85065320e-04 
 5.25068682e-06  5.39701381e-04 
 5.25098038e-06  4.72330388e-04 
 5.25139607e-06  4.54282679e-04 
 5.25185739e-06  1.80572122e-04 
 5.25229412e-06  1.72862200e-04 
 5.25298852e-06  1.03397302e-04 
 5.25343341e-06  1.41506639e-04 
 5.25394461e-06  5.54147659e-05 
 5.25455479e-06  1.14114116e-04 
 5.25526458e-06  5.32298851e-05 
 5.25594981e-06  1.04452090e-04 
 5.25732028e-06  3.90724607e-05 
 5.25878174e-06  9.70719103e-05 
 5.26147971e-06  3.87128616e-05 
 5.26495123e-06  9.69140113e-05 
 5.27189427e-06  3.86936306e-05 
 5.28578035e-06  9.68198342e-05 
 5.31355250e-06  3.86584421e-05 
 5.36909682e-06  9.68004538e-05 
 5.48018545e-06  3.86795474e-05 
 5.50000000e-06  9.68091567e-05 
 5.50001000e-06  2.42385933e-03 
 5.50003000e-06  2.26452551e-03 
 5.50007000e-06  3.29035079e-03 
 5.50010000e-06  4.06913663e-03 
 5.50010800e-06  1.31682565e-03 
 5.50012400e-06  9.51799555e-04 
 5.50015600e-06  1.00785627e-03 
 5.50022000e-06  6.58293059e-04 
 5.50033780e-06  7.18943314e-04 
 5.50051607e-06  5.32217491e-04 
 5.50082647e-06  6.76467235e-04 
 5.50118577e-06  2.45852844e-04 
 5.50153637e-06  3.26401015e-04 
 5.50194838e-06  1.63157287e-04 
 5.50234903e-06  2.45070117e-04 
 5.50281940e-06  4.61003561e-05 
 5.50332935e-06  1.73295666e-04 
 5.50388469e-06  1.95384800e-05 
 5.50463985e-06  1.82021718e-04 
 5.50535948e-06  2.97863450e-05 
 5.50597649e-06  1.73122851e-04 
 5.50664166e-06  2.08602078e-05 
 5.50749132e-06  1.55471952e-04 
 5.50838630e-06 -5.11338714e-06 
 5.50923958e-06  1.43474461e-04 
 5.51028229e-06 -5.88272639e-06 
 5.51143605e-06  1.42023060e-04 
 5.51360791e-06 -6.00374075e-06 
 5.51671282e-06  1.41766638e-04 
 5.52223992e-06 -5.98912465e-06 
 5.53178407e-06  1.41666037e-04 
 5.54784765e-06 -6.02491988e-06 
 5.57997482e-06  1.41603236e-04 
 5.64422915e-06 -6.05794049e-06 
 5.75010000e-06  1.41576458e-04 
 5.75011000e-06 -2.48003731e-03 
 5.75013000e-06 -2.91710773e-03 
 5.75017000e-06 -2.13225240e-03 
 5.75020000e-06 -1.87152961e-03 
 5.75020800e-06  3.52687318e-04 
 5.75022400e-06  4.54942528e-04 
 5.75025600e-06  4.32137110e-04 
 5.75032000e-06  4.54012419e-04 
 5.75044800e-06  3.83755716e-04 
 5.75068656e-06  5.38551184e-04 
 5.75098012e-06  4.72455536e-04 
 5.75139510e-06  4.55171056e-04 
 5.75185735e-06  1.81239474e-04 
 5.75229314e-06  1.75664074e-04 
 5.75298648e-06  1.09411655e-04 
 5.75344157e-06  1.53261457e-04 
 5.75396662e-06  7.87941134e-05 
 5.75447560e-06  1.29935733e-04 
 5.75501663e-06  7.38928585e-05 
 5.75579057e-06  1.15964155e-04 
 5.75660835e-06  4.78122957e-05 
 5.75750393e-06  1.05795273e-04 
 5.75835606e-06  4.18706364e-05 
 5.75963420e-06  9.73699701e-05 
 5.76104683e-06  3.88808060e-05 
 5.76364744e-06  9.68931081e-05 
 5.76738815e-06  3.89166335e-05 
 5.77486958e-06  9.68057286e-05 
 5.78983243e-06  3.88795467e-05 
 5.81975814e-06  9.67324548e-05 
 5.87960955e-06  3.88350437e-05 
 5.99931238e-06  9.66954216e-05 
 6.00000000e-06  3.89842437e-05 
 6.00001000e-06  2.41823434e-03 
 6.00003000e-06  2.26568758e-03 
 6.00007000e-06  3.28665436e-03 
 6.00010000e-06  4.07028137e-03 
 6.00010800e-06  1.31630754e-03 
 6.00012400e-06  9.51206403e-04 
 6.00015600e-06  1.00746861e-03 
 6.00022000e-06  6.58124715e-04 
 6.00033774e-06  7.19468333e-04 
 6.00051591e-06  5.32981543e-04 
 6.00082642e-06  6.76329309e-04 
 6.00118660e-06  2.42167253e-04 
 6.00157570e-06  3.26084828e-04 
 6.00201027e-06  1.68427802e-04 
 6.00242019e-06  2.48249823e-04 
 6.00289968e-06  4.52914988e-05 
 6.00341792e-06  1.83681738e-04 
 6.00389831e-06  4.68248439e-05 
 6.00439848e-06  1.91935223e-04 
 6.00484395e-06  3.02161382e-05 
 6.00534025e-06  1.66404698e-04 
 6.00593029e-06  1.38885099e-05 
 6.00663960e-06  1.61270949e-04 
 6.00758343e-06  3.80006926e-05 
 6.00850277e-06  1.93033589e-04 
 6.00933154e-06  5.70667553e-05 
 6.01016190e-06  1.88974322e-04 
 6.01112343e-06  7.62050681e-05 
 6.01188227e-06  2.10321874e-04 
 6.01263696e-06  5.68587712e-05 
 6.01348297e-06  1.94084581e-04 
 6.01435820e-06  4.73308693e-05 
 6.01523935e-06  1.84937854e-04 
 6.01626635e-06  3.46475991e-05 
 6.01720247e-06  1.72481471e-04 
 6.01872905e-06  2.65667977e-05 
 6.02034563e-06  1.62793037e-04 
 6.02328807e-06  1.59591653e-05 
 6.02807057e-06  1.56980827e-04 
 6.03355037e-06  1.39912007e-05 
 6.03909055e-06  1.52767996e-04 
 6.04719699e-06  8.61001044e-06 
 6.05451380e-06  1.45310305e-04 
 6.06438880e-06 -1.27745256e-07 
 6.07812163e-06  1.39231726e-04 
 6.09434232e-06 -2.20216645e-06 
 6.12070512e-06  1.38693173e-04 
 6.17343074e-06 -2.55112589e-06 
 6.25010000e-06  1.38352718e-04 
 6.25011000e-06 -2.48538658e-03 
 6.25013000e-06 -2.92316171e-03 
 6.25017000e-06 -2.13584277e-03 
 6.25020000e-06 -1.87417328e-03 
 6.25020800e-06  3.51979194e-04 
 6.25022400e-06  4.54949228e-04 
 6.25025600e-06  4.32664046e-04 
 6.25032000e-06  4.55168374e-04 
 6.25044800e-06  3.85178677e-04 
 6.25068795e-06  5.40153364e-04 
 6.25098090e-06  4.72512949e-04 
 6.25139533e-06  4.54461348e-04 
 6.25185699e-06  1.79808955e-04 
 6.25229300e-06  1.73694169e-04 
 6.25298719e-06  1.06195873e-04 
 6.25344329e-06  1.43098734e-04 
 6.25396280e-06  5.68045214e-05 
 6.25462573e-06  1.14366289e-04 
 6.25527117e-06  5.36156492e-05 
 6.25601056e-06  1.04062313e-04 
 6.25748615e-06  3.90780447e-05 
 6.25897044e-06  9.72451971e-05 
 6.26176345e-06  3.89550588e-05 
 6.26543857e-06  9.70652276e-05 
 6.27278880e-06  3.88972210e-05 
 6.28748926e-06  9.69359600e-05 
 6.31689020e-06  3.88010314e-05 
 6.37569206e-06  9.68333687e-05 
 6.49329578e-06  3.87236902e-05 
 6.50000000e-06  9.67816309e-05 
 6.50001000e-06  2.42339037e-03 
 6.50003000e-06  2.26394723e-03 
 6.50007000e-06  3.29063220e-03 
 6.50010000e-06  4.06871427e-03 
 6.50010800e-06  1.31673128e-03 
 6.50012400e-06  9.51762327e-04 
 6.50015600e-06  1.00784191e-03 
 6.50022000e-06  6.58279066e-04 
 6.50033780e-06  7.18925405e-04 
 6.50051615e-06  5.32240557e-04 
 6.50082648e-06  6.76471129e-04 
 6.50118582e-06  2.45866551e-04 
 6.50153649e-06  3.26387969e-04 
 6.50194852e-06  1.63166474e-04 
 6.50234915e-06  2.45034437e-04 
 6.50281956e-06  4.61317797e-05 
 6.50332947e-06  1.73275453e-04 
 6.50388484e-06  1.95728010e-05 
 6.50463919e-06  1.81809025e-04 
 6.50535910e-06  2.95413139e-05 
 6.50597826e-06  1.73111129e-04 
 6.50664260e-06  2.08829108e-05 
 6.50749190e-06  1.55438017e-04 
 6.50838690e-06 -5.06377690e-06 
 6.50923870e-06  1.43445545e-04 
 6.51027984e-06 -5.83257578e-06 
 6.51143183e-06  1.41995626e-04 
 6.51359681e-06 -5.95652033e-06 
 6.51669172e-06  1.41738480e-04 
 6.52219294e-06 -5.94361453e-06 
 6.53168387e-06  1.41635818e-04 
 6.54764327e-06 -5.98296420e-06 
 6.57956206e-06  1.41567361e-04 
 6.64339966e-06 -6.02424582e-06 
 6.75010000e-06  1.41532072e-04 
 6.75011000e-06 -2.48003095e-03 
 6.75013000e-06 -2.91707978e-03 
 6.75017000e-06 -2.13207628e-03 
 6.75020000e-06 -1.87088125e-03 
 6.75020800e-06  3.52774092e-04 
 6.75022400e-06  4.54976412e-04 
 6.75025600e-06  4.32165660e-04 
 6.75032000e-06  4.53976364e-04 
 6.75044800e-06  3.83714729e-04 
 6.75068656e-06  5.38546068e-04 
 6.75097999e-06  4.72475978e-04 
 6.75139497e-06  4.55186637e-04 
 6.75185718e-06  1.81290332e-04 
 6.75229296e-06  1.75655168e-04 
 6.75298616e-06  1.09428715e-04 
 6.75344124e-06  1.53222911e-04 
 6.75396635e-06  7.88408090e-05 
 6.75447478e-06  1.29922145e-04 
 6.75501536e-06  7.39013819e-05 
 6.75578749e-06  1.16020133e-04 
 6.75660126e-06  4.78388746e-05 
 6.75749334e-06  1.05817387e-04 
 6.75834431e-06  4.19379221e-05 
 6.75961764e-06  9.73507297e-05 
 6.76102632e-06  3.88970745e-05 
 6.76362138e-06  9.68630515e-05 
 6.76731876e-06  3.89319886e-05 
 6.77471353e-06  9.67759035e-05 
 6.78950306e-06  3.88949454e-05 
 6.81908212e-06  9.67019998e-05 
 6.87824024e-06  3.88495135e-05 
 6.99655648e-06  9.66639708e-05 
 7.00000000e-06  3.88696508e-05 
 7.00001000e-06  2.41777941e-03 
 7.00003000e-06  2.26531760e-03 
 7.00007000e-06  3.28677671e-03 
 7.00010000e-06  4.06999877e-03 
 7.00010800e-06  1.31622986e-03 
 7.00012400e-06  9.51161973e-04 
 7.00015600e-06  1.00742423e-03 
 7.00022000e-06  6.58126526e-04 
 7.00033774e-06  7.19452914e-04 
 7.00051591e-06  5.32983699e-04 
 7.00082642e-06  6.76306429e-04 
 7.00118660e-06  2.42159667e-04 
 7.00157571e-06  3.26062385e-04 
 7.00201027e-06  1.68424212e-04 
 7.00242019e-06  2.48225438e-04 
 7.00289968e-06  4.52950358e-05 
 7.00341792e-06  1.83660236e-04 
 7.00389829e-06  4.68217415e-05 
 7.00439844e-06  1.91912734e-04 
 7.00484390e-06  3.02278257e-05 
 7.00534019e-06  1.66396971e-04 
 7.00593020e-06  1.39134883e-05 
 7.00663950e-06  1.61269915e-04 
 7.00758298e-06  3.70066261e-05 
 7.00850038e-06  1.89764906e-04 
 7.00933106e-06  5.22501270e-05 
 7.01016198e-06  1.84030679e-04 
 7.01111358e-06  7.00571946e-05 
 7.01186857e-06  2.02569499e-04 
 7.01261934e-06  4.81110555e-05 
 7.01355408e-06  1.85738845e-04 
 7.01440385e-06  3.62453129e-05 
 7.01533761e-06  1.69404963e-04 
 7.01640548e-06  1.40594386e-05 
 7.01740415e-06  1.48755229e-04 
 7.01906515e-06  2.85349026e-06 
 7.02078707e-06  1.41716533e-04 
 7.02414653e-06  8.67717994e-07 
 7.02736741e-06  1.41967514e-04 
 7.03380917e-06  2.31964473e-06 
 7.04470057e-06  1.42961727e-04 
 7.06612387e-06  1.47006551e-06 
 7.10737778e-06  1.39484234e-04 
 7.16569112e-06 -1.94278576e-06 
 7.24992723e-06  1.38069133e-04 
 7.25010000e-06 -1.35073740e-06 
 7.25011000e-06 -2.49254775e-03 
 7.25013000e-06 -2.91695600e-03 
 7.25017000e-06 -2.14157789e-03 
 7.25020000e-06 -1.86802292e-03 
 7.25020800e-06  3.52162403e-04 
 7.25022400e-06  4.54936564e-04 
 7.25025600e-06  4.32821299e-04 
 7.25032000e-06  4.55111459e-04 
 7.25044800e-06  3.85274786e-04 
 7.25068717e-06  5.39911793e-04 
 7.25098032e-06  4.72745601e-04 
 7.25139560e-06  4.54306739e-04 
 7.25185696e-06  1.80034313e-04 
 7.25229338e-06  1.73592562e-04 
 7.25298755e-06  1.06327925e-04 
 7.25344347e-06  1.42997596e-04 
 7.25396314e-06  5.69624250e-05 
 7.25462462e-06  1.14312402e-04 
 7.25527188e-06  5.37943187e-05 
 7.25601019e-06  1.04006936e-04 
 7.25748680e-06  3.92619960e-05 
 7.25897035e-06  9.71850943e-05 
 7.26176489e-06  3.91390661e-05 
 7.26543786e-06  9.70018460e-05 
 7.27278380e-06  3.90760405e-05 
 7.28747569e-06  9.68637382e-05 
 7.31685945e-06  3.89672902e-05 
 7.37562698e-06  9.67475550e-05 
 7.49316205e-06  3.88801892e-05 
 7.50000000e-06  9.66927888e-05 
 7.50001000e-06  2.42322713e-03 
 7.50003000e-06  2.26376818e-03 
 7.50007000e-06  3.29075434e-03 
 7.50010000e-06  4.06857388e-03 
 7.50010800e-06  1.31673036e-03 
 7.50012400e-06  9.51809280e-04 
 7.50015600e-06  1.00783938e-03 
 7.50022000e-06  6.58342963e-04 
 7.50033780e-06  7.18934821e-04 
 7.50051615e-06  5.32300569e-04 
 7.50082648e-06  6.76475766e-04 
 7.50118582e-06  2.45920835e-04 
 7.50153650e-06  3.26393274e-04 
 7.50194852e-06  1.63222672e-04 
 7.50234916e-06  2.45033015e-04 
 7.50281973e-06  4.61826061e-05 
 7.50332976e-06  1.73277635e-04 
 7.50388516e-06  1.96364025e-05 
 7.50463946e-06  1.81819939e-04 
 7.50535953e-06  2.95856314e-05 
 7.50597861e-06  1.73121508e-04 
 7.50664310e-06  2.09375685e-05 
 7.50749211e-06  1.55442254e-04 
 7.50838744e-06 -5.00102191e-06 
 7.50923824e-06  1.43447819e-04 
 7.51027821e-06 -5.76643919e-06 
 7.51142881e-06  1.41998237e-04 
 7.51358812e-06 -5.89132655e-06 
 7.51667492e-06  1.41740827e-04 
 7.52215532e-06 -5.87850833e-06 
 7.53160394e-06  1.41638153e-04 
 7.54748135e-06 -5.91789659e-06 
 7.57923618e-06  1.41569497e-04 
 7.64274584e-06 -5.95943314e-06 
 7.75010000e-06  1.41533893e-04 
 7.75011000e-06 -2.47998523e-03 
 7.75013000e-06 -2.91701389e-03 
 7.75017000e-06 -2.13198765e-03 
 7.75020000e-06 -1.87064534e-03 
 7.75020800e-06  3.52835530e-04 
 7.75022400e-06  4.55013142e-04 
 7.75025600e-06  4.32194163e-04 
 7.75032000e-06  4.53997988e-04 
 7.75044800e-06  3.83728958e-04 
 7.75068656e-06  5.38583639e-04 
 7.75097937e-06  4.72624254e-04 
 7.75139440e-06  4.55373234e-04 
 7.75185646e-06  1.81594045e-04 
 7.75229220e-06  1.75686801e-04 
 7.75298470e-06  1.09533658e-04 
 7.75343979e-06  1.53255454e-04 
 7.75396516e-06  7.89712857e-05 
 7.75447261e-06  1.29900179e-04 
 7.75501279e-06  7.39962625e-05 
 7.75578386e-06  1.16098299e-04 
 7.75659648e-06  4.79316802e-05 
 7.75748464e-06  1.05834190e-04 
 7.75833540e-06  4.20747016e-05 
 7.75960470e-06  9.73277878e-05 
 7.76101049e-06  3.89974717e-05 
 7.76360143e-06  9.68296839e-05 
 7.76726422e-06  3.90324176e-05 
 7.77458979e-06  9.67424077e-05 
 7.78924093e-06  3.89958344e-05 
 7.81854320e-06  9.66683131e-05 
 7.87714776e-06  3.89502835e-05 
 7.99435686e-06  9.66300558e-05 
 8.00000000e-06  3.89575189e-05 
 8.00001000e-06  2.41767821e-03 
 8.00003000e-06  2.26522075e-03 
 8.00007000e-06  3.28681949e-03 
 8.00010000e-06  4.06994610e-03 
 8.00010800e-06  1.31624095e-03 
 8.00012400e-06  9.51227354e-04 
 8.00015600e-06  1.00743461e-03 
 8.00022000e-06  6.58225389e-04 
 8.00033774e-06  7.19441047e-04 
 8.00051591e-06  5.33032715e-04 
 8.00082642e-06  6.76270198e-04 
 8.00118660e-06  2.42414894e-04 
 8.00157567e-06  3.26110979e-04 
 8.00201025e-06  1.67296165e-04 
 8.00242016e-06  2.46066161e-04 
 8.00289966e-06  4.53267709e-05 
 8.00341792e-06  1.84694288e-04 
 8.00389345e-06  4.79378114e-05 
 8.00439505e-06  1.93558787e-04 
 8.00483963e-06  3.38904322e-05 
 8.00533489e-06  1.73672906e-04 
 8.00592048e-06  2.37478989e-05 
 8.00662956e-06  1.66334353e-04 
 8.00742513e-06  2.08357270e-05 
 8.00818563e-06  1.63737251e-04 
 8.00902404e-06  1.75007506e-05 
 8.00987356e-06  1.56224227e-04 
 8.01085809e-06  1.88582079e-05 
 8.01282716e-06  1.77680108e-04 
 8.01483658e-06  3.50812611e-05 
 8.01707722e-06  1.66206358e-04 
 8.01997959e-06  2.22593597e-05 
 8.02352773e-06  1.60546939e-04 
 8.02752536e-06  2.12013291e-05 
 8.03322821e-06  1.68443915e-04 
 8.03838331e-06  2.58115143e-05 
 8.04344009e-06  1.56010434e-04 
 8.04890150e-06  2.27280162e-05 
 8.05421119e-06  1.54834329e-04 
 8.06483057e-06  1.77973178e-05 
 8.07626186e-06  1.53327722e-04 
 8.08665266e-06  1.77324516e-05 
 8.10574444e-06  1.53202595e-04 
 8.14392800e-06  1.76520280e-05 
 8.18813858e-06  1.53147459e-04 
 8.25010000e-06  1.75848068e-05 
 8.25011000e-06 -2.47427505e-03 
 8.25013000e-06 -2.89171866e-03 
 8.25017000e-06 -2.11921231e-03 
 8.25020000e-06 -1.85646288e-03 
 8.25020800e-06  3.52040420e-04 
 8.25022400e-06  4.54723461e-04 
 8.25025600e-06  4.35174618e-04 
 8.25032000e-06  4.57946761e-04 
 8.25044800e-06  3.93289585e-04 
 8.25070400e-06  5.52687875e-04 
 8.25099174e-06  4.77993011e-04 
 8.25138894e-06  4.62127846e-04 
 8.25185639e-06  1.84434064e-04 
 8.25228450e-06  1.72060908e-04 
 8.25297911e-06  9.88745026e-05 
 8.25363797e-06  1.35164346e-04 
 8.25451840e-06  7.11967301e-05 
 8.25534816e-06  1.30454162e-04 
 8.25623272e-06  6.10594228e-05 
 8.25767830e-06  1.15303809e-04 
 8.25919392e-06  5.60371192e-05 
 8.26192059e-06  1.14999746e-04 
 8.26627811e-06  5.60544972e-05 
 8.27499315e-06  1.14870536e-04 
 8.29149897e-06  5.59952282e-05 
 8.32177131e-06  1.14781764e-04 
 8.38231598e-06  5.59381825e-05 
 8.50000000e-06  1.14728920e-04 
