 0.00000000e+00  5.69803471e-05 
 1.00000000e-12  3.81814531e-03 
 2.00000000e-12  4.15393752e-03 
 4.00000000e-12  4.27246223e-03 
 8.00000000e-12  4.14809609e-03 
 1.60000000e-11  4.06145615e-03 
 3.20000000e-11  4.06183112e-03 
 6.40000000e-11  5.63897759e-03 
 1.00000000e-10  8.20521921e-03 
 1.06400000e-10  3.31346083e-03 
 1.19200000e-10  2.60508130e-03 
 1.44800000e-10  2.62290525e-03 
 1.96000000e-10  1.81969396e-03 
 2.98400000e-10  1.71575295e-03 
 4.46650741e-10  1.19727749e-03 
 7.06786749e-10  1.21994592e-03 
 1.00567052e-09  8.85414606e-04 
 1.38393631e-09  1.12711097e-03 
 1.76318320e-09  9.84064378e-04 
 2.17229080e-09  1.06375361e-03 
 2.51396936e-09  8.86713914e-04 
 2.90771493e-09  1.11717306e-03 
 3.32439522e-09  7.37431067e-04 
 3.73288425e-09  7.71994079e-04 
 4.18543991e-09  3.24557453e-04 
 4.69868217e-09  5.16866574e-04 
 5.33723863e-09  2.55307130e-04 
 5.99875126e-09  4.23949433e-04 
 6.71420821e-09  1.25538102e-04 
 7.49217384e-09  2.31089973e-04 
 8.33227612e-09  6.50144509e-05 
 9.32141354e-09  3.19729292e-04 
 1.03353978e-08  4.73385486e-05 
 1.10470339e-08  2.37147012e-04 
 1.17143935e-08  2.17228762e-05 
 1.24585650e-08  2.30975367e-04 
 1.32259364e-08  1.67062306e-05 
 1.42400423e-08  2.23880605e-04 
 1.55285412e-08  1.42600137e-05 
 1.69315469e-08  2.61900195e-04 
 1.86449746e-08  1.05473575e-04 
 2.02199075e-08  3.44759285e-04 
 2.15030002e-08  8.05567957e-05 
 2.27547292e-08  2.14356957e-04 
 2.36842882e-08  5.04638632e-05 
 2.46925567e-08  2.28767027e-04 
 2.66231106e-08  3.77074780e-05 
 2.85890007e-08  2.20444709e-04 
 3.17661597e-08  2.68818154e-05 
 3.51615340e-08  2.29071688e-04 
 3.85101493e-08  2.94799247e-05 
 4.30045449e-08  2.23214467e-04 
 4.74377392e-08  2.63147274e-05 
 5.44966025e-08  2.19949137e-04 
 6.60179983e-08  2.07218363e-05 
 8.15389344e-08  2.14508661e-04 
 1.11567353e-07  1.50920323e-05 
 1.64862835e-07  2.10544345e-04 
 2.50100000e-07  8.68282886e-06 
 2.50110000e-07 -4.76266305e-03 
 2.50130000e-07 -5.45250529e-03 
 2.50170000e-07 -3.82480819e-03 
 2.50200000e-07 -3.41198033e-03 
 2.50206637e-07  5.63663619e-04 
 2.50219911e-07  7.54857847e-04 
 2.50246459e-07  6.32168717e-04 
 2.50299554e-07  6.34457921e-04 
 2.50382193e-07  4.90072130e-04 
 2.50519877e-07  5.43450058e-04 
 2.50665426e-07  5.30722132e-04 
 2.50928576e-07  5.95487153e-04 
 2.51260345e-07  4.52022250e-04 
 2.51641999e-07  3.88787207e-04 
 2.52047339e-07  1.59267784e-04 
 2.52610207e-07  2.38594752e-04 
 2.53280251e-07  1.44334912e-04 
 2.53785523e-07  2.12721992e-04 
 2.54332472e-07  8.20258645e-05 
 2.54908810e-07  1.85128795e-04 
 2.55579873e-07  7.25204736e-05 
 2.56349812e-07  1.65502870e-04 
 2.57805428e-07  5.59137780e-05 
 2.59122360e-07  1.58258949e-04 
 2.61756224e-07  5.54094464e-05 
 2.64992549e-07  1.57356045e-04 
 2.71465200e-07  5.43399884e-05 
 2.84118921e-07  1.53623081e-04 
 2.96396296e-07  4.22772235e-05 
 3.08543947e-07  1.60465563e-04 
 3.17171998e-07  2.56703847e-05 
 3.25257807e-07  1.45930450e-04 
 3.33157201e-07  1.87535809e-05 
 3.39984521e-07  1.42810821e-04 
 3.47366713e-07  1.90168099e-05 
 3.62131098e-07  1.39885200e-04 
 3.78869212e-07  1.70157869e-05 
 4.08054366e-07  1.36076191e-04 
 4.50516422e-07  1.27904387e-05 
 5.00000000e-07  1.31414648e-04 
 5.00010000e-07  2.43157318e-03 
 5.00030000e-07  2.28924690e-03 
 5.00070000e-07  3.27807745e-03 
 5.00100000e-07  4.05430462e-03 
 5.00107930e-07  1.30338480e-03 
 5.00123790e-07  9.38851530e-04 
 5.00155511e-07  9.98797918e-04 
 5.00218952e-07  6.55786043e-04 
 5.00336770e-07  7.20218026e-04 
 5.00513072e-07  5.36369290e-04 
 5.00821912e-07  6.81043599e-04 
 5.01182653e-07  2.52690041e-04 
 5.01521422e-07  3.31510773e-04 
 5.01923082e-07  1.70885911e-04 
 5.02319921e-07  2.53494320e-04 
 5.02800534e-07  5.33352717e-05 
 5.03321980e-07  1.78200775e-04 
 5.03880988e-07  2.11918996e-05 
 5.04610464e-07  1.66842214e-04 
 5.05338234e-07  2.36817091e-05 
 5.06360950e-07  1.75645149e-04 
 5.07507089e-07  2.63463282e-05 
 5.08624531e-07  1.74654103e-04 
 5.09696565e-07  4.15113282e-05 
 5.11103178e-07  1.86444151e-04 
 5.12599116e-07  2.77353166e-05 
 5.14009626e-07  1.66835947e-04 
 5.15801372e-07  1.02995857e-05 
 5.17740054e-07  1.44713634e-04 
 5.21039083e-07  1.15698379e-07 
 5.26500104e-07  1.40925377e-04 
 5.34329255e-07 -2.88494155e-07 
 5.49987556e-07  1.40243291e-04 
 5.81304157e-07 -1.33776438e-06 
 6.43818805e-07  1.38686547e-04 
 7.50100000e-07 -2.97025371e-06 
 7.50110000e-07 -2.48104737e-03 
 7.50130000e-07 -2.90067217e-03 
 7.50170000e-07 -2.13867556e-03 
 7.50200000e-07 -1.84868239e-03 
 7.50208000e-07  3.68741744e-04 
 7.50224000e-07  4.67792336e-04 
 7.50256000e-07  4.41734989e-04 
 7.50320000e-07  4.59192877e-04 
 7.50448000e-07  3.87155545e-04 
 7.50584247e-07  4.88964670e-04 
 7.50818912e-07  4.89585406e-04 
 7.51288241e-07  4.76726282e-04 
 7.51722748e-07  2.44941050e-04 
 7.52148017e-07  1.82652476e-04 
 7.52767264e-07  1.12470751e-04 
 7.53298374e-07  1.51683429e-04 
 7.53888380e-07  8.88604561e-05 
 7.54494397e-07  1.18880926e-04 
 7.55040052e-07  8.47059632e-05 
 7.55733910e-07  1.05953592e-04 
 7.56504912e-07  5.98877521e-05 
 7.57355157e-07  9.42044326e-05 
 7.58153793e-07  5.46232970e-05 
 7.59473315e-07  8.49079435e-05 
 7.60888370e-07  5.10406457e-05 
 7.63466492e-07  8.42250895e-05 
 7.66760257e-07  5.10645813e-05 
 7.73347787e-07  8.39969615e-05 
 7.86522847e-07  5.09818481e-05 
 8.12872968e-07  8.38049099e-05 
 8.65573208e-07  5.07843183e-05 
 9.70973689e-07  8.35723090e-05 
 1.00000000e-06  5.06691987e-05 
 1.00001000e-06  2.40962148e-03 
 1.00003000e-06  2.26946264e-03 
 1.00007000e-06  3.26123327e-03 
 1.00010000e-06  4.04433473e-03 
 1.00010793e-06  1.29351756e-03 
 1.00012379e-06  9.30469419e-04 
 1.00015551e-06  9.92580452e-04 
 1.00021895e-06  6.50698042e-04 
 1.00033670e-06  7.16651353e-04 
 1.00051337e-06  5.33452825e-04 
 1.00082245e-06  6.77712440e-04 
 1.00118443e-06  2.44932177e-04 
 1.00157042e-06  3.25022616e-04 
 1.00200241e-06  1.71074978e-04 
 1.00241147e-06  2.49011135e-04 
 1.00288847e-06  4.54784827e-05 
 1.00340458e-06  1.82362759e-04 
 1.00388038e-06  4.44241739e-05 
 1.00437673e-06  1.88634375e-04 
 1.00479906e-06  2.92570890e-05 
 1.00529352e-06  1.62450653e-04 
 1.00592612e-06  1.35548802e-05 
 1.00659692e-06  1.56348788e-04 
 1.00756507e-06  3.02032858e-05 
 1.00847543e-06  1.62828967e-04 
 1.00932490e-06  3.05229426e-05 
 1.01021833e-06  1.74822275e-04 
 1.01119442e-06  7.37068563e-05 
 1.01194939e-06  2.37416588e-04 
 1.01269017e-06  9.79390450e-05 
 1.01352262e-06  2.33703514e-04 
 1.01438982e-06  8.77777849e-05 
 1.01524233e-06  2.22474462e-04 
 1.01617320e-06  7.77784015e-05 
 1.01714378e-06  2.12694948e-04 
 1.01870604e-06  7.25133928e-05 
 1.02033779e-06  2.08164669e-04 
 1.02350709e-06  6.72055644e-05 
 1.02894552e-06  1.99613881e-04 
 1.03711757e-06  5.61063232e-05 
 1.05274588e-06  1.84734917e-04 
 1.08400249e-06  3.69432164e-05 
 1.11340325e-06  1.67847034e-04 
 1.14248901e-06  7.38088030e-05 
 1.16086039e-06  1.56171548e-04 
 1.17619607e-06  7.12133768e-05 
 1.19193634e-06  1.56226829e-04 
 1.20769782e-06  6.90493420e-05 
 1.23922079e-06  1.55795233e-04 
 1.25010000e-06  6.64967136e-05 
 1.25011000e-06 -2.42468072e-03 
 1.25013000e-06 -2.84819516e-03 
 1.25017000e-06 -2.07709465e-03 
 1.25020000e-06 -1.79427634e-03 
 1.25020800e-06  4.23070459e-04 
 1.25022400e-06  5.21019425e-04 
 1.25025600e-06  4.92960563e-04 
 1.25032000e-06  5.08203553e-04 
 1.25044800e-06  4.34104850e-04 
 1.25058432e-06  5.35460899e-04 
 1.25081932e-06  5.34243398e-04 
 1.25128934e-06  5.19979195e-04 
 1.25172407e-06  2.87958030e-04 
 1.25215060e-06  2.25917490e-04 
 1.25277291e-06  1.58719886e-04 
 1.25333114e-06  1.92980085e-04 
 1.25393546e-06  1.16179076e-04 
 1.25454100e-06  1.47715269e-04 
 1.25513855e-06  1.10852318e-04 
 1.25606777e-06  1.35287878e-04 
 1.25715355e-06  9.54491833e-05 
 1.25876719e-06  1.28137604e-04 
 1.26108722e-06  9.44929895e-05 
 1.26504885e-06  1.27604965e-04 
 1.27297211e-06  9.39310414e-05 
 1.28776056e-06  1.26230222e-04 
 1.31733746e-06  9.06813345e-05 
 1.37649126e-06  1.17307387e-04 
 1.49479886e-06  7.29596887e-05 
 1.50000000e-06  1.05759104e-04 
 1.50001000e-06  2.43721133e-03 
 1.50003000e-06  2.28580863e-03 
 1.50007000e-06  3.28782158e-03 
 1.50010000e-06  4.06322777e-03 
 1.50010793e-06  1.31419405e-03 
 1.50012380e-06  9.51686390e-04 
 1.50015554e-06  1.01505015e-03 
 1.50021901e-06  6.72887736e-04 
 1.50033674e-06  7.38302100e-04 
 1.50051288e-06  5.54753892e-04 
 1.50082215e-06  7.00123302e-04 
 1.50118416e-06  2.67344648e-04 
 1.50157795e-06  3.46640109e-04 
 1.50201514e-06  1.90024592e-04 
 1.50242254e-06  2.61140669e-04 
 1.50289605e-06  6.67475000e-05 
 1.50342386e-06  1.94074845e-04 
 1.50399169e-06  4.58407357e-05 
 1.50474307e-06  1.97820031e-04 
 1.50553544e-06  5.11862851e-05 
 1.50618815e-06  1.91553057e-04 
 1.50691843e-06  3.96174903e-05 
 1.50765134e-06  1.65504465e-04 
 1.50847510e-06  1.95872326e-05 
 1.50941758e-06  1.60954533e-04 
 1.51045859e-06  1.79223357e-05 
 1.51254060e-06  1.60025363e-04 
 1.51641924e-06  1.74733740e-05 
 1.52300682e-06  1.59399798e-04 
 1.53618197e-06  1.65629146e-05 
 1.56022148e-06  1.57907322e-04 
 1.60830049e-06  1.44370227e-05 
 1.70445851e-06  1.55359503e-04 
 1.75010000e-06  1.28929314e-05 
 1.75011000e-06 -2.46503674e-03 
 1.75013000e-06 -2.88371953e-03 
 1.75017000e-06 -2.10860817e-03 
 1.75020000e-06 -1.82269519e-03 
 1.75020800e-06  3.88742070e-04 
 1.75022400e-06  4.86124368e-04 
 1.75025600e-06  4.59113130e-04 
 1.75032000e-06  4.75325064e-04 
 1.75044800e-06  4.03517076e-04 
 1.75058424e-06  5.05829948e-04 
 1.75081889e-06  5.06376523e-04 
 1.75128819e-06  4.93330884e-04 
 1.75172299e-06  2.60923413e-04 
 1.75214869e-06  1.98920115e-04 
 1.75277087e-06  1.28057196e-04 
 1.75330602e-06  1.65880311e-04 
 1.75389919e-06  9.67973457e-05 
 1.75444643e-06  1.23862053e-04 
 1.75501142e-06  8.40498488e-05 
 1.75571217e-06  1.12192318e-04 
 1.75648967e-06  7.07361080e-05 
 1.75804466e-06  1.00998867e-04 
 1.76002795e-06  6.74734870e-05 
 1.76314305e-06  1.00729910e-04 
 1.76854504e-06  6.74863632e-05 
 1.77934904e-06  1.00517751e-04 
 1.80095702e-06  6.73520712e-05 
 1.84417300e-06  1.00284562e-04 
 1.93060494e-06  6.71298493e-05 
 2.00000000e-06  1.00126052e-04 
 2.00001000e-06  2.42769959e-03 
 2.00003000e-06  2.27350221e-03 
 2.00007000e-06  3.28110603e-03 
 2.00010000e-06  4.05334054e-03 
 2.00010793e-06  1.30753385e-03 
 2.00012380e-06  9.46082343e-04 
 2.00015554e-06  1.00971699e-03 
 2.00021901e-06  6.68162325e-04 
 2.00033675e-06  7.33169667e-04 
 2.00051337e-06  5.49632859e-04 
 2.00082261e-06  6.94206971e-04 
 2.00118458e-06  2.60643048e-04 
 2.00157678e-06  3.41262425e-04 
 2.00201283e-06  1.86929198e-04 
 2.00242288e-06  2.62488374e-04 
 2.00289197e-06  6.06243403e-05 
 2.00341504e-06  1.90903770e-04 
 2.00396373e-06  4.69998266e-05 
 2.00450064e-06  1.87951377e-04 
 2.00499732e-06  3.45321885e-05 
 2.00554670e-06  1.70691854e-04 
 2.00636420e-06  1.97385457e-05 
 2.00714558e-06  1.66279053e-04 
 2.00863323e-06  3.97595799e-05 
 2.01002285e-06  1.89087218e-04 
 2.01121532e-06  7.43088533e-05 
 2.01220008e-06  2.33312537e-04 
 2.01314078e-06  8.80218711e-05 
 2.01418713e-06  2.20214375e-04 
 2.01512560e-06  7.04978002e-05 
 2.01610731e-06  2.03331364e-04 
 2.01720668e-06  5.88748032e-05 
 2.01875396e-06  1.94959098e-04 
 2.02036777e-06  5.33392514e-05 
 2.02318116e-06  1.87896078e-04 
 2.02780157e-06  4.47871307e-05 
 2.03493334e-06  1.78297187e-04 
 2.04783971e-06  3.58488592e-05 
 2.06860930e-06  1.72927864e-04 
 2.09787839e-06  3.29041726e-05 
 2.13141127e-06  1.66295078e-04 
 2.17155717e-06  2.29177356e-05 
 2.20930584e-06  1.57446048e-04 
 2.24414198e-06  1.79604234e-05 
 2.25010000e-06  1.55333346e-04 
 2.25011000e-06 -2.46137956e-03 
 2.25013000e-06 -2.89506689e-03 
 2.25017000e-06 -2.10286290e-03 
 2.25020000e-06 -1.82785456e-03 
 2.25020800e-06  3.90291734e-04 
 2.25022400e-06  4.88813054e-04 
 2.25025600e-06  4.62383787e-04 
 2.25032000e-06  4.79290295e-04 
 2.25044800e-06  4.07373752e-04 
 2.25058431e-06  5.09994923e-04 
 2.25081931e-06  5.09295596e-04 
 2.25128931e-06  4.95153210e-04 
 2.25172436e-06  2.62833820e-04 
 2.25215077e-06  2.01135120e-04 
 2.25277306e-06  1.33720934e-04 
 2.25332878e-06  1.68231778e-04 
 2.25393358e-06  9.13495011e-05 
 2.25453945e-06  1.22945565e-04 
 2.25513545e-06  8.60642720e-05 
 2.25606776e-06  1.10458219e-04 
 2.25714640e-06  7.06799205e-05 
 2.25876208e-06  1.03321498e-04 
 2.26107488e-06  6.97473487e-05 
 2.26503967e-06  1.02877613e-04 
 2.27296924e-06  6.94148629e-05 
 2.28766008e-06  1.02164184e-04 
 2.31704176e-06  6.86009194e-05 
 2.35281163e-06  1.01474578e-04 
 2.39464332e-06  6.80517142e-05 
 2.44060295e-06  1.01091418e-04 
 2.50000000e-06  6.78480696e-05 
 2.50001000e-06  2.42277612e-03 
 2.50003000e-06  2.27719256e-03 
 2.50007000e-06  3.28190982e-03 
 2.50010000e-06  4.05738328e-03 
 2.50010793e-06  1.30872823e-03 
 2.50012379e-06  9.45913285e-04 
 2.50015551e-06  1.01012917e-03 
 2.50021895e-06  6.67890281e-04 
 2.50033667e-06  7.33811954e-04 
 2.50051269e-06  5.49672049e-04 
 2.50082189e-06  6.95819790e-04 
 2.50118400e-06  2.62159262e-04 
 2.50157799e-06  3.42110479e-04 
 2.50201497e-06  1.84944912e-04 
 2.50242250e-06  2.56506028e-04 
 2.50289711e-06  6.17196403e-05 
 2.50342471e-06  1.89644103e-04 
 2.50399336e-06  4.09816767e-05 
 2.50474523e-06  1.93572480e-04 
 2.50553864e-06  4.64690280e-05 
 2.50619245e-06  1.87286171e-04 
 2.50692368e-06  3.48011209e-05 
 2.50765938e-06  1.61264369e-04 
 2.50848460e-06  1.49083947e-05 
 2.50943003e-06  1.56866178e-04 
 2.51047179e-06  1.33521583e-05 
 2.51255533e-06  1.56093644e-04 
 2.51633347e-06  1.31874515e-05 
 2.52277338e-06  1.55939508e-04 
 2.53565320e-06  1.31068483e-05 
 2.55855364e-06  1.55815506e-04 
 2.60435454e-06  1.30213000e-05 
 2.69595634e-06  1.55734177e-04 
 2.75010000e-06  1.29851189e-05 
 2.75011000e-06 -2.46464708e-03 
 2.75013000e-06 -2.88316359e-03 
 2.75017000e-06 -2.10541369e-03 
 2.75020000e-06 -1.81724322e-03 
 2.75020800e-06  3.89863267e-04 
 2.75022400e-06  4.86909701e-04 
 2.75025600e-06  4.59855476e-04 
 2.75032000e-06  4.75584682e-04 
 2.75044800e-06  4.03623612e-04 
 2.75058425e-06  5.06250299e-04 
 2.75081892e-06  5.06771115e-04 
 2.75128827e-06  4.93648505e-04 
 2.75172308e-06  2.61037523e-04 
 2.75214882e-06  1.99265404e-04 
 2.75277104e-06  1.28454642e-04 
 2.75330573e-06  1.66276492e-04 
 2.75389868e-06  9.71553918e-05 
 2.75444565e-06  1.24237626e-04 
 2.75501049e-06  8.44369244e-05 
 2.75571122e-06  1.12581566e-04 
 2.75648879e-06  7.11345833e-05 
 2.75804393e-06  1.01382130e-04 
 2.76002602e-06  6.78771044e-05 
 2.76314025e-06  1.01130876e-04 
 2.76853434e-06  6.79222334e-05 
 2.77932253e-06  1.00973438e-04 
 2.80089890e-06  6.78847603e-05 
 2.84405165e-06  1.00889640e-04 
 2.93035714e-06  6.78465632e-05 
 3.00000000e-06  1.00857833e-04 
 3.00001000e-06  2.42620482e-03 
 3.00003000e-06  2.27000278e-03 
 3.00007000e-06  3.28343179e-03 
 3.00010000e-06  4.05144118e-03 
 3.00010793e-06  1.30769742e-03 
 3.00012380e-06  9.46356130e-04 
 3.00015554e-06  1.01024331e-03 
 3.00021901e-06  6.68847370e-04 
 3.00033675e-06  7.33921791e-04 
 3.00051337e-06  5.50317255e-04 
 3.00082260e-06  6.95040133e-04 
 3.00118457e-06  2.61216588e-04 
 3.00157686e-06  3.42021881e-04 
 3.00201278e-06  1.87602812e-04 
 3.00242290e-06  2.63180152e-04 
 3.00289212e-06  6.13138617e-05 
 3.00341522e-06  1.91665074e-04 
 3.00396400e-06  4.77078513e-05 
 3.00450106e-06  1.88708419e-04 
 3.00499806e-06  3.52327345e-05 
 3.00554767e-06  1.71449447e-04 
 3.00636481e-06  2.04515122e-05 
 3.00714699e-06  1.67062466e-04 
 3.00863450e-06  4.04415119e-05 
 3.01002415e-06  1.89685762e-04 
 3.01121589e-06  7.21084972e-05 
 3.01220005e-06  2.23533709e-04 
 3.01314000e-06  7.43300292e-05 
 3.01418617e-06  2.07601633e-04 
 3.01512417e-06  5.71066107e-05 
 3.01610564e-06  1.89526498e-04 
 3.01720502e-06  4.43439347e-05 
 3.01874983e-06  1.80039105e-04 
 3.02036384e-06  3.84135812e-05 
 3.02317323e-06  1.68984020e-04 
 3.02764553e-06  2.34658921e-05 
 3.03130869e-06  1.59069525e-04 
 3.03494968e-06  1.91712329e-05 
 3.03777375e-06  1.67696524e-04 
 3.04148996e-06  5.05202811e-05 
 3.04403260e-06  1.45085949e-04 
 3.04687474e-06  3.22715274e-05 
 3.04981667e-06  1.50574512e-04 
 3.05309352e-06  2.74659727e-05 
 3.05817756e-06  1.47763174e-04 
 3.06386608e-06  1.57990555e-05 
 3.06977798e-06  1.42419165e-04 
 3.07662823e-06  1.31994965e-05 
 3.08317722e-06  1.39921053e-04 
 3.09627519e-06  9.24354773e-06 
 3.11547474e-06  1.35367255e-04 
 3.14820888e-06  4.59071467e-06 
 3.21128481e-06  1.31865618e-04 
 3.25010000e-06  2.88629646e-06 
 3.25011000e-06 -2.48372428e-03 
 3.25013000e-06 -2.90550964e-03 
 3.25017000e-06 -2.12610985e-03 
 3.25020000e-06 -1.83741663e-03 
 3.25020800e-06  3.71992453e-04 
 3.25022400e-06  4.70872705e-04 
 3.25025600e-06  4.45074524e-04 
 3.25032000e-06  4.61552826e-04 
 3.25044800e-06  3.88145972e-04 
 3.25058432e-06  4.90799759e-04 
 3.25081934e-06  4.89889088e-04 
 3.25128938e-06  4.75657267e-04 
 3.25172445e-06  2.43079599e-04 
 3.25215090e-06  1.80135536e-04 
 3.25277320e-06  1.07688635e-04 
 3.25326448e-06  1.44399893e-04 
 3.25382374e-06  6.85561267e-05 
 3.25436123e-06  1.01423389e-04 
 3.25491980e-06  6.70044824e-05 
 3.25578022e-06  9.44326814e-05 
 3.25677116e-06  5.24090474e-05 
 3.25823296e-06  8.45209022e-05 
 3.26035685e-06  5.05906221e-05 
 3.26352597e-06  8.41735349e-05 
 3.26986421e-06  5.06086489e-05 
 3.28205738e-06  8.39532804e-05 
 3.30644372e-06  5.04597786e-05 
 3.35521640e-06  8.37299320e-05 
 3.45276175e-06  5.02782021e-05 
 3.50000000e-06  8.36230565e-05 
 3.50001000e-06  2.41048045e-03 
 3.50003000e-06  2.25575418e-03 
 3.50007000e-06  3.27017437e-03 
 3.50010000e-06  4.03713805e-03 
 3.50010793e-06  1.29193540e-03 
 3.50012380e-06  9.28840536e-04 
 3.50015554e-06  9.91089082e-04 
 3.50021901e-06  6.49263056e-04 
 3.50033674e-06  7.15534258e-04 
 3.50051304e-06  5.32146590e-04 
 3.50082192e-06  6.78586938e-04 
 3.50118324e-06  2.48539169e-04 
 3.50153619e-06  3.24874549e-04 
 3.50194906e-06  1.63631544e-04 
 3.50234986e-06  2.42808517e-04 
 3.50282077e-06  4.71183130e-05 
 3.50333100e-06  1.73363264e-04 
 3.50388929e-06  2.10343977e-05 
 3.50464608e-06  1.80868742e-04 
 3.50537071e-06  3.23156109e-05 
 3.50595441e-06  1.72438976e-04 
 3.50665090e-06  2.16134266e-05 
 3.50740008e-06  1.49802085e-04 
 3.50822469e-06 -3.79593352e-06 
 3.50922054e-06  1.41062899e-04 
 3.51024870e-06 -5.43149631e-06 
 3.51230504e-06  1.39953210e-04 
 3.51641771e-06 -5.59232742e-06 
 3.52412742e-06  1.39778113e-04 
 3.53954683e-06 -5.66847363e-06 
 3.57038566e-06  1.39662440e-04 
 3.63206332e-06 -5.73432912e-06 
 3.75010000e-06  1.39609863e-04 
 3.75011000e-06 -2.47453151e-03 
 3.75013000e-06 -2.90803363e-03 
 3.75017000e-06 -2.11669542e-03 
 3.75020000e-06 -1.83942779e-03 
 3.75020800e-06  3.71670045e-04 
 3.75022400e-06  4.69844510e-04 
 3.75025600e-06  4.43456840e-04 
 3.75032000e-06  4.59258373e-04 
 3.75044800e-06  3.86016683e-04 
 3.75058422e-06  4.88821558e-04 
 3.75081872e-06  4.89074193e-04 
 3.75128774e-06  4.76271970e-04 
 3.75172245e-06  2.43741261e-04 
 3.75214794e-06  1.81792697e-04 
 3.75276813e-06  1.11998086e-04 
 3.75330196e-06  1.51166979e-04 
 3.75389402e-06  8.78162061e-05 
 3.75450137e-06  1.18425424e-04 
 3.75504823e-06  8.39798978e-05 
 3.75574534e-06  1.05284053e-04 
 3.75652974e-06  5.90069233e-05 
 3.75737056e-06  9.38448243e-05 
 3.75817727e-06  5.38632502e-05 
 3.75949532e-06  8.45277142e-05 
 3.76091410e-06  5.02335660e-05 
 3.76349471e-06  8.38553980e-05 
 3.76682580e-06  5.03405789e-05 
 3.77348797e-06  8.37188485e-05 
 3.78681231e-06  5.03304612e-05 
 3.81346100e-06  8.36304751e-05 
 3.86675838e-06  5.02878990e-05 
 3.97335313e-06  8.35857043e-05 
 4.00000000e-06  5.02812172e-05 
 4.00001000e-06  2.40194871e-03 
 4.00003000e-06  2.25368194e-03 
 4.00007000e-06  3.26582458e-03 
 4.00010000e-06  4.03607252e-03 
 4.00010793e-06  1.29132192e-03 
 4.00012379e-06  9.28545445e-04 
 4.00015551e-06  9.91402846e-04 
 4.00021894e-06  6.49791670e-04 
 4.00033668e-06  7.16378882e-04 
 4.00051328e-06  5.33013163e-04 
 4.00082233e-06  6.78223226e-04 
 4.00118448e-06  2.44396050e-04 
 4.00157590e-06  3.24498676e-04 
 4.00201106e-06  1.68937802e-04 
 4.00242115e-06  2.46467484e-04 
 4.00289975e-06  4.54604569e-05 
 4.00341707e-06  1.81969604e-04 
 4.00389666e-06  4.43241164e-05 
 4.00439619e-06  1.87455165e-04 
 4.00482701e-06  2.85562912e-05 
 4.00532710e-06  1.62141641e-04 
 4.00596345e-06  1.33830593e-05 
 4.00665154e-06  1.58028633e-04 
 4.00766562e-06  3.59951302e-05 
 4.00846892e-06  1.76054397e-04 
 4.00931770e-06  4.09592604e-05 
 4.01016619e-06  1.78388086e-04 
 4.01111840e-06  7.95241716e-05 
 4.01190293e-06  2.29254829e-04 
 4.01268914e-06  8.61838493e-05 
 4.01353035e-06  2.17178346e-04 
 4.01441201e-06  6.95244911e-05 
 4.01529283e-06  2.00610069e-04 
 4.01624429e-06  5.28623337e-05 
 4.01722717e-06  1.85405433e-04 
 4.01879905e-06  4.32066997e-05 
 4.02045129e-06  1.77458329e-04 
 4.02363985e-06  3.65516797e-05 
 4.02783266e-06  1.72356448e-04 
 4.03503416e-06  3.29390721e-05 
 4.04799700e-06  1.60826319e-04 
 4.06046407e-06  1.21585206e-05 
 4.07365077e-06  1.42632428e-04 
 4.08678432e-06  1.36942097e-06 
 4.10298035e-06  1.36709604e-04 
 4.11792798e-06 -1.16317130e-06 
 4.13155192e-06  1.35032755e-04 
 4.14423292e-06 -1.89398739e-06 
 4.15465864e-06  1.35083000e-04 
 4.16622627e-06 -1.85983651e-06 
 4.18936154e-06  1.35161036e-04 
 4.22237151e-06 -1.73104005e-06 
 4.25010000e-06  1.35254415e-04 
 4.25011000e-06 -2.48044765e-03 
 4.25013000e-06 -2.91469980e-03 
 4.25017000e-06 -2.11403267e-03 
 4.25020000e-06 -1.84154910e-03 
 4.25020793e-06  3.65984834e-04 
 4.25022379e-06  4.66779455e-04 
 4.25025552e-06  4.48628727e-04 
 4.25031896e-06  4.59882158e-04 
 4.25038875e-06  4.06718508e-04 
 4.25052834e-06  4.46929928e-04 
 4.25071064e-06  4.96207020e-04 
 4.25095933e-06  5.24758023e-04 
 4.25139796e-06  4.01030546e-04 
 4.25179734e-06  2.56336730e-04 
 4.25226348e-06  1.14307178e-04 
 4.25289796e-06  1.58939255e-04 
 4.25351668e-06  8.78339084e-05 
 4.25413342e-06  1.10132549e-04 
 4.25475870e-06  5.85771485e-05 
 4.25540570e-06  1.06313259e-04 
 4.25628451e-06  4.64077100e-05 
 4.25765632e-06  9.26496205e-05 
 4.25940394e-06  4.17724342e-05 
 4.26207739e-06  9.22655044e-05 
 4.26675440e-06  4.17249601e-05 
 4.27610843e-06  9.21454505e-05 
 4.29481648e-06  4.16564411e-05 
 4.33223259e-06  9.20859523e-05 
 4.40706480e-06  4.16330207e-05 
 4.50000000e-06  9.20734473e-05 
 4.50001000e-06  2.39956671e-03 
 4.50003000e-06  2.24861710e-03 
 4.50007000e-06  3.27005851e-03 
 4.50010000e-06  4.04057086e-03 
 4.50010794e-06  1.30401466e-03 
 4.50012382e-06  9.39926747e-04 
 4.50015558e-06  9.95153984e-04 
 4.50021911e-06  6.52896452e-04 
 4.50034616e-06  7.09168396e-04 
 4.50057545e-06  5.31117669e-04 
 4.50089820e-06  6.26623053e-04 
 4.50136470e-06  1.56235471e-04 
 4.50182972e-06  3.38789999e-04 
 4.50229863e-06  9.37120830e-05 
 4.50281754e-06  2.06553420e-04 
 4.50336076e-06  1.33602031e-05 
 4.50393095e-06  1.81803196e-04 
 4.50455944e-06  2.13090314e-05 
 4.50533742e-06  1.90374916e-04 
 4.50590008e-06  1.31143141e-05 
 4.50658112e-06  1.78455445e-04 
 4.50741697e-06 -2.71615859e-06 
 4.50827857e-06  1.52985280e-04 
 4.50913668e-06 -1.52550534e-05 
 4.51015177e-06  1.51162675e-04 
 4.51128306e-06 -1.62524299e-05 
 4.51354564e-06  1.50564940e-04 
 4.51680157e-06 -1.63459640e-05 
 4.52286402e-06  1.50396532e-04 
 4.53359965e-06 -1.64153285e-05 
 4.55214722e-06  1.50280614e-04 
 4.58924235e-06 -1.64781327e-05 
 4.66343262e-06  1.50220049e-04 
 4.75010000e-06 -1.65041191e-05 
 4.75011000e-06 -2.48271015e-03 
 4.75013000e-06 -2.90087389e-03 
 4.75017000e-06 -2.11724430e-03 
 4.75020000e-06 -1.83091732e-03 
 4.75020800e-06  3.67411749e-04 
 4.75022400e-06  4.66991911e-04 
 4.75025600e-06  4.48696673e-04 
 4.75032000e-06  4.58387079e-04 
 4.75038993e-06  4.05762850e-04 
 4.75052980e-06  4.46138686e-04 
 4.75071288e-06  4.95698140e-04 
 4.75096313e-06  5.23604961e-04 
 4.75140291e-06  3.99951261e-04 
 4.75180075e-06  2.56011746e-04 
 4.75226834e-06  1.16517534e-04 
 4.75290278e-06  1.61142359e-04 
 4.75353521e-06  9.50680914e-05 
 4.75413682e-06  1.31522410e-04 
 4.75471007e-06  7.50819518e-05 
 4.75530564e-06  1.25169852e-04 
 4.75606819e-06  5.68267166e-05 
 4.75689314e-06  1.00744065e-04 
 4.75769731e-06  5.07280333e-05 
 4.75856967e-06  9.42119728e-05 
 4.76018106e-06  4.27021747e-05 
 4.76163134e-06  9.12665348e-05 
 4.76448737e-06  4.27492909e-05 
 4.76858391e-06  9.12136498e-05 
 4.77677698e-06  4.27135323e-05 
 4.79316312e-06  9.11461860e-05 
 4.82491857e-06  4.26540333e-05 
 4.88842946e-06  9.10957595e-05 
 5.00000000e-06  4.26221375e-05 
 5.00001000e-06  2.39775237e-03 
 5.00003000e-06  2.24671717e-03 
 5.00007000e-06  3.26929011e-03 
 5.00010000e-06  4.03924398e-03 
 5.00010793e-06  1.30391050e-03 
 5.00012378e-06  9.39697075e-04 
 5.00015550e-06  9.95078825e-04 
 5.00021892e-06  6.53047358e-04 
 5.00034577e-06  7.09661808e-04 
 5.00057424e-06  5.31693046e-04 
 5.00089717e-06  6.27402142e-04 
 5.00136291e-06  1.53936139e-04 
 5.00182564e-06  3.42193722e-04 
 5.00229656e-06  1.09071493e-04 
 5.00280727e-06  2.18246535e-04 
 5.00338395e-06  1.87832187e-05 
 5.00393296e-06  2.07589719e-04 
 5.00444540e-06  3.70645641e-05 
 5.00491058e-06  1.88773830e-04 
 5.00543530e-06  4.64657257e-06 
 5.00618440e-06  1.67375207e-04 
 5.00690894e-06  4.51346484e-06 
 5.00796269e-06  1.94080045e-04 
 5.00876493e-06  2.33380561e-05 
 5.00962400e-06  1.88036795e-04 
 5.01050453e-06  3.38519640e-05 
 5.01146358e-06  2.35482334e-04 
 5.01214570e-06  5.96208692e-05 
 5.01278415e-06  2.22281233e-04 
 5.01358741e-06  4.80750316e-05 
 5.01444758e-06  2.03983800e-04 
 5.01528027e-06  3.22887870e-05 
 5.01627945e-06  1.88613872e-04 
 5.01733576e-06  1.96087262e-05 
 5.01895373e-06  1.83537491e-04 
 5.02078385e-06  1.71622175e-05 
 5.02444410e-06  1.82669244e-04 
 5.02853530e-06  3.84366718e-05 
 5.03236631e-06  2.04336615e-04 
 5.03762032e-06  4.22038336e-05 
 5.04287711e-06  1.95086900e-04 
 5.04727188e-06 -9.18496877e-06 
 5.05149760e-06  1.80909552e-04 
 5.05554760e-06 -6.62834118e-06 
 5.06036332e-06  1.76382442e-04 
 5.06704116e-06 -5.59811496e-06 
 5.07551148e-06  1.74445648e-04 
 5.08880756e-06 -5.23306666e-06 
 5.10749161e-06  1.73588879e-04 
 5.13795682e-06 -5.18326337e-06 
 5.16684884e-06  1.69389294e-04 
 5.19441826e-06  5.50165435e-06 
 5.22169660e-06  1.61150237e-04 
 5.24816703e-06  6.11729572e-07 
 5.25010000e-06  1.60493484e-04 
 5.25011000e-06 -2.46515063e-03 
 5.25013000e-06 -2.89944889e-03 
 5.25017000e-06 -2.09969697e-03 
 5.25020000e-06 -1.82480834e-03 
 5.25020794e-06  3.79605393e-04 
 5.25022382e-06  4.78570682e-04 
 5.25025557e-06  4.61058724e-04 
 5.25031908e-06  4.71183453e-04 
 5.25038891e-06  4.18922035e-04 
 5.25052857e-06  4.58673186e-04 
 5.25068628e-06  5.03595011e-04 
 5.25094676e-06  5.39657669e-04 
 5.25136481e-06  4.25372819e-04 
 5.25177876e-06  2.76918659e-04 
 5.25222989e-06  1.31146978e-04 
 5.25284670e-06  1.69357933e-04 
 5.25345732e-06  1.02112039e-04 
 5.25406400e-06  1.23099272e-04 
 5.25467416e-06  7.01295457e-05 
 5.25530230e-06  1.20198695e-04 
 5.25619373e-06  5.87355610e-05 
 5.25742339e-06  1.05366322e-04 
 5.25910055e-06  5.24739764e-05 
 5.26159649e-06  1.03129158e-04 
 5.26590802e-06  4.91676502e-05 
 5.27453108e-06  9.73078806e-05 
 5.28875672e-06  4.27648364e-05 
 5.30436992e-06  9.34235126e-05 
 5.33530361e-06  4.12042613e-05 
 5.38919589e-06  9.27480726e-05 
 5.47531080e-06  4.09831146e-05 
 5.50000000e-06  9.26884487e-05 
 5.50001000e-06  2.39777494e-03 
 5.50003000e-06  2.24600771e-03 
 5.50007000e-06  3.27074586e-03 
 5.50010000e-06  4.03918434e-03 
 5.50010793e-06  1.30400667e-03 
 5.50012378e-06  9.39776281e-04 
 5.50015548e-06  9.95336928e-04 
 5.50021889e-06  6.53074682e-04 
 5.50034570e-06  7.09324430e-04 
 5.50057477e-06  5.30983627e-04 
 5.50089706e-06  6.27404255e-04 
 5.50136351e-06  1.56612810e-04 
 5.50182802e-06  3.38671196e-04 
 5.50229769e-06  9.40226227e-05 
 5.50281431e-06  2.06616230e-04 
 5.50335633e-06  1.36051781e-05 
 5.50392612e-06  1.81584871e-04 
 5.50454920e-06  2.11050420e-05 
 5.50532686e-06  1.90261361e-04 
 5.50588820e-06  1.32591783e-05 
 5.50656807e-06  1.78402678e-04 
 5.50748911e-06 -3.87371196e-06 
 5.50832077e-06  1.52849944e-04 
 5.50924293e-06 -1.53104668e-05 
 5.51030780e-06  1.50977839e-04 
 5.51148615e-06 -1.61990124e-05 
 5.51384286e-06  1.50441343e-04 
 5.51720089e-06 -1.62704642e-05 
 5.52342379e-06  1.50274145e-04 
 5.53440651e-06 -1.63389483e-05 
 5.55326344e-06  1.50158466e-04 
 5.59097729e-06 -1.64023121e-05 
 5.66640500e-06  1.50096050e-04 
 5.75010000e-06 -1.64295792e-05 
 5.75011000e-06 -2.48272490e-03 
 5.75013000e-06 -2.90082161e-03 
 5.75017000e-06 -2.11615400e-03 
 5.75020000e-06 -1.82867162e-03 
 5.75020800e-06  3.67702783e-04 
 5.75022400e-06  4.67175965e-04 
 5.75025600e-06  4.48935910e-04 
 5.75032000e-06  4.58448524e-04 
 5.75038994e-06  4.05824072e-04 
 5.75052981e-06  4.46119418e-04 
 5.75071288e-06  4.95711218e-04 
 5.75096314e-06  5.23540816e-04 
 5.75140294e-06  3.99925261e-04 
 5.75180081e-06  2.55916606e-04 
 5.75226840e-06  1.16519767e-04 
 5.75290274e-06  1.61082088e-04 
 5.75353531e-06  9.51341975e-05 
 5.75413700e-06  1.31408106e-04 
 5.75471114e-06  7.50813747e-05 
 5.75530733e-06  1.25085595e-04 
 5.75606933e-06  5.68086856e-05 
 5.75689733e-06  1.00677596e-04 
 5.75770271e-06  5.07114340e-05 
 5.75857664e-06  9.41129046e-05 
 5.76018752e-06  4.27194273e-05 
 5.76164300e-06  9.11984912e-05 
 5.76449940e-06  4.27653625e-05 
 5.76862487e-06  9.11458860e-05 
 5.77687581e-06  4.27292013e-05 
 5.79337768e-06  9.10782614e-05 
 5.82516775e-06  4.26697009e-05 
 5.88874787e-06  9.10278610e-05 
 6.00000000e-06  4.26376094e-05 
 6.00001000e-06  2.39664389e-03 
 6.00003000e-06  2.24494420e-03 
 6.00007000e-06  3.26992804e-03 
 6.00010000e-06  4.03815799e-03 
 6.00010793e-06  1.30366424e-03 
 6.00012378e-06  9.39498079e-04 
 6.00015550e-06  9.94869921e-04 
 6.00021892e-06  6.52917233e-04 
 6.00034577e-06  7.09593485e-04 
 6.00057424e-06  5.31677434e-04 
 6.00089717e-06  6.27380261e-04 
 6.00136290e-06  1.53893878e-04 
 6.00182563e-06  3.42162155e-04 
 6.00229639e-06  1.09062246e-04 
 6.00280715e-06  2.18225882e-04 
 6.00338382e-06  1.87584872e-05 
 6.00393285e-06  2.07552330e-04 
 6.00444536e-06  3.70425603e-05 
 6.00491052e-06  1.88754070e-04 
 6.00543524e-06  4.63066036e-06 
 6.00618417e-06  1.67355898e-04 
 6.00690869e-06  4.53298465e-06 
 6.00796169e-06  1.93214706e-04 
 6.00876519e-06  2.13445601e-05 
 6.00962442e-06  1.84998311e-04 
 6.01051011e-06  3.04777453e-05 
 6.01147277e-06  2.34863272e-04 
 6.01215725e-06  6.37759000e-05 
 6.01280398e-06  2.31577295e-04 
 6.01361944e-06  6.49865537e-05 
 6.01448935e-06  2.28412050e-04 
 6.01533178e-06  6.19639565e-05 
 6.01633534e-06  2.21912791e-04 
 6.01740312e-06  5.35641528e-05 
 6.01902052e-06  2.15415231e-04 
 6.02095709e-06  4.95904858e-05 
 6.02295647e-06  2.39141984e-04 
 6.02451864e-06  4.03013597e-05 
 6.02609026e-06  1.79130133e-04 
 6.02778471e-06  7.48949918e-06 
 6.02959658e-06  1.68255368e-04 
 6.03142986e-06  6.74080400e-06 
 6.03509641e-06  1.65369663e-04 
 6.04136721e-06  5.49088562e-06 
 6.05209838e-06  1.64148243e-04 
 6.07350532e-06  4.91995866e-06 
 6.11006871e-06  1.63732251e-04 
 6.16847344e-06  4.95678831e-06 
 6.24897255e-06  1.63788151e-04 
 6.25010000e-06  5.60522082e-06 
 6.25011000e-06 -2.46370748e-03 
 6.25013000e-06 -2.88600684e-03 
 6.25017000e-06 -2.09773420e-03 
 6.25020000e-06 -1.81119462e-03 
 6.25020800e-06  3.86388930e-04 
 6.25022400e-06  4.83702390e-04 
 6.25025600e-06  4.65541021e-04 
 6.25032000e-06  4.74095745e-04 
 6.25039008e-06  4.23127367e-04 
 6.25053025e-06  4.63614461e-04 
 6.25068864e-06  5.08748780e-04 
 6.25095104e-06  5.43237843e-04 
 6.25136985e-06  4.28707214e-04 
 6.25178177e-06  2.80270271e-04 
 6.25223421e-06  1.36758286e-04 
 6.25285289e-06  1.81015785e-04 
 6.25349002e-06  1.13370876e-04 
 6.25404780e-06  1.36842704e-04 
 6.25463628e-06  7.63849687e-05 
 6.25522439e-06  1.27434773e-04 
 6.25619293e-06  6.38171936e-05 
 6.25714365e-06  1.11992996e-04 
 6.25896445e-06  5.84120782e-05 
 6.26117273e-06  1.10700831e-04 
 6.26558931e-06  5.84684367e-05 
 6.27442245e-06  1.10566562e-04 
 6.29142927e-06  5.83968396e-05 
 6.32544290e-06  1.10491650e-04 
 6.39347016e-06  5.83489796e-05 
 6.50000000e-06  1.10460169e-04 
 6.50001000e-06  2.41448302e-03 
 6.50003000e-06  2.26123547e-03 
 6.50007000e-06  3.28757205e-03 
 6.50010000e-06  4.05464070e-03 
 6.50010793e-06  1.32031209e-03 
 6.50012378e-06  9.56950509e-04 
 6.50015548e-06  1.01407138e-03 
 6.50021888e-06  6.71780148e-04 
 6.50034569e-06  7.27161058e-04 
 6.50057473e-06  5.48594572e-04 
 6.50089697e-06  6.45074644e-04 
 6.50136371e-06  1.71177943e-04 
 6.50182578e-06  3.59647051e-04 
 6.50229666e-06  1.25175498e-04 
 6.50281078e-06  2.28577384e-04 
 6.50339757e-06  3.10370222e-05 
 6.50395151e-06  2.00157513e-04 
 6.50458449e-06  3.59244372e-05 
 6.50536492e-06  2.03398953e-04 
 6.50594515e-06  3.10885344e-05 
 6.50662234e-06  1.94373068e-04 
 6.50746604e-06  1.43974386e-05 
 6.50834650e-06  1.69551613e-04 
 6.50920813e-06  2.99741432e-06 
 6.51024603e-06  1.67846103e-04 
 6.51139142e-06  2.14639180e-06 
 6.51361687e-06  1.67235585e-04 
 6.51675340e-06  2.09686216e-06 
 6.52245804e-06  1.67048756e-04 
 6.53233093e-06  2.04189554e-06 
 6.54904192e-06  1.66926426e-04 
 6.58246391e-06  1.98165903e-06 
 6.64930788e-06  1.66860261e-04 
 6.75010000e-06  1.95176339e-06 
 6.75011000e-06 -2.46532485e-03 
 6.75013000e-06 -2.88266693e-03 
 6.75017000e-06 -2.09655799e-03 
 6.75020000e-06 -1.80843756e-03 
 6.75020800e-06  3.86612707e-04 
 6.75022400e-06  4.84836978e-04 
 6.75025600e-06  4.65721549e-04 
 6.75032000e-06  4.74963592e-04 
 6.75038993e-06  4.23052302e-04 
 6.75052979e-06  4.63684886e-04 
 6.75071283e-06  5.13496361e-04 
 6.75096306e-06  5.41150041e-04 
 6.75140279e-06  4.17623040e-04 
 6.75180049e-06  2.73668045e-04 
 6.75226811e-06  1.34455321e-04 
 6.75290010e-06  1.77637218e-04 
 6.75353462e-06  1.10151986e-04 
 6.75414109e-06  1.39984993e-04 
 6.75471967e-06  8.04413308e-05 
 6.75531790e-06  1.24557916e-04 
 6.75607370e-06  6.65986584e-05 
 6.75690497e-06  1.11196156e-04 
 6.75856749e-06  5.99081397e-05 
 6.76079182e-06  1.09244202e-04 
 6.76460224e-06  5.99350942e-05 
 6.77222308e-06  1.09124460e-04 
 6.78746475e-06  5.98570556e-05 
 6.81794808e-06  1.09047919e-04 
 6.87891476e-06  5.98014453e-05 
 7.00000000e-06  1.09010220e-04 
 7.00001000e-06  2.41379104e-03 
 7.00003000e-06  2.25984212e-03 
 7.00007000e-06  3.28679738e-03 
 7.00010000e-06  4.05332820e-03 
 7.00010794e-06  1.31947676e-03 
 7.00012382e-06  9.56696497e-04 
 7.00015558e-06  1.01355400e-03 
 7.00021911e-06  6.71670803e-04 
 7.00034615e-06  7.27114218e-04 
 7.00057483e-06  5.48987966e-04 
 7.00089805e-06  6.44283869e-04 
 7.00136395e-06  1.70454866e-04 
 7.00182664e-06  3.60138105e-04 
 7.00229672e-06  1.27656525e-04 
 7.00281049e-06  2.33976995e-04 
 7.00339384e-06  3.32876142e-05 
 7.00394182e-06  2.12532112e-04 
 7.00445347e-06  3.99532083e-05 
 7.00492379e-06  1.95707065e-04 
 7.00545089e-06  1.71326404e-05 
 7.00616954e-06  1.77485612e-04 
 7.00691309e-06  9.47249070e-06 
 7.00840020e-06  1.92966000e-04 
 7.00989757e-06  2.71017044e-05 
 7.01119469e-06  2.22108325e-04 
 7.01225982e-06  4.36545193e-05 
 7.01327716e-06  2.03571991e-04 
 7.01435123e-06  3.19665952e-05 
 7.01534763e-06  1.92206591e-04 
 7.01638564e-06  1.23625460e-05 
 7.01753199e-06  1.74672244e-04 
 7.01917241e-06  2.08350618e-06 
 7.02090566e-06  1.68869490e-04 
 7.02414398e-06 -4.13340698e-07 
 7.02897759e-06  1.68172657e-04 
 7.03664765e-06 -1.16866489e-08 
 7.04994485e-06  1.68596458e-04 
 7.07580820e-06  3.37176004e-07 
 7.10907718e-06  1.68688554e-04 
 7.16185033e-06  2.84900163e-07 
 7.23914315e-06  1.68611415e-04 
 7.25010000e-06  2.68627295e-07 
 7.25011000e-06 -2.46494868e-03 
 7.25013000e-06 -2.88500459e-03 
 7.25017000e-06 -2.09758095e-03 
 7.25020000e-06 -1.80858647e-03 
 7.25020800e-06  3.87143664e-04 
 7.25022400e-06  4.84208949e-04 
 7.25025600e-06  4.65841167e-04 
 7.25032000e-06  4.74201051e-04 
 7.25039008e-06  4.23210773e-04 
 7.25053024e-06  4.63668443e-04 
 7.25068863e-06  5.08803719e-04 
 7.25095100e-06  5.43300388e-04 
 7.25136958e-06  4.28858562e-04 
 7.25178160e-06  2.80243764e-04 
 7.25223391e-06  1.36904467e-04 
 7.25285244e-06  1.80556517e-04 
 7.25349045e-06  1.13119536e-04 
 7.25405673e-06  1.36194643e-04 
 7.25464951e-06  7.67081800e-05 
 7.25524581e-06  1.27230824e-04 
 7.25620597e-06  6.38386582e-05 
 7.25718975e-06  1.11866832e-04 
 7.25900380e-06  5.85222213e-05 
 7.26124618e-06  1.10673339e-04 
 7.26573094e-06  5.85636699e-05 
 7.27470045e-06  1.10539725e-04 
 7.29183476e-06  5.84898569e-05 
 7.32610338e-06  1.10461427e-04 
 7.39464061e-06  5.84368852e-05 
 7.50000000e-06  1.10425806e-04 
 7.50001000e-06  2.41382936e-03 
 7.50003000e-06  2.26025469e-03 
 7.50007000e-06  3.28759528e-03 
 7.50010000e-06  4.05383601e-03 
 7.50010793e-06  1.32005330e-03 
 7.50012378e-06  9.56834276e-04 
 7.50015548e-06  1.01426573e-03 
 7.50021889e-06  6.71998459e-04 
 7.50034570e-06  7.27295361e-04 
 7.50057473e-06  5.48535386e-04 
 7.50089698e-06  6.45075789e-04 
 7.50136372e-06  1.70982753e-04 
 7.50182582e-06  3.59937420e-04 
 7.50229656e-06  1.25312341e-04 
 7.50281064e-06  2.28342088e-04 
 7.50339309e-06  3.11046008e-05 
 7.50394835e-06  2.00140202e-04 
 7.50457823e-06  3.59464530e-05 
 7.50535877e-06  2.03700126e-04 
 7.50593722e-06  3.11971058e-05 
 7.50661373e-06  1.94492385e-04 
 7.50745495e-06  1.46729915e-05 
 7.50833127e-06  1.69615887e-04 
 7.50919383e-06  3.04525900e-06 
 7.51022846e-06  1.67878513e-04 
 7.51136948e-06  2.17188156e-06 
 7.51361144e-06  1.67267908e-04 
 7.51675948e-06  2.11532458e-06 
 7.52252918e-06  1.67083758e-04 
 7.53253072e-06  2.05788655e-06 
 7.54950247e-06  1.66962194e-04 
 7.58344598e-06  1.99697717e-06 
 7.65133301e-06  1.66896476e-04 
 7.75010000e-06  1.96735794e-06 
 7.75011000e-06 -2.46522941e-03 
 7.75013000e-06 -2.88245121e-03 
 7.75017000e-06 -2.09598487e-03 
 7.75020000e-06 -1.80725093e-03 
 7.75020800e-06  3.86947960e-04 
 7.75022400e-06  4.84968901e-04 
 7.75025600e-06  4.65685308e-04 
 7.75032000e-06  4.74828176e-04 
 7.75038993e-06  4.23016483e-04 
 7.75052979e-06  4.63701214e-04 
 7.75071284e-06  5.13560297e-04 
 7.75096308e-06  5.41192039e-04 
 7.75140281e-06  4.17652841e-04 
 7.75180065e-06  2.73600148e-04 
 7.75226821e-06  1.34617348e-04 
 7.75290057e-06  1.77646513e-04 
 7.75353388e-06  1.10005370e-04 
 7.75413721e-06  1.39915780e-04 
 7.75471274e-06  8.06046367e-05 
 7.75530943e-06  1.24780529e-04 
 7.75606378e-06  6.67458198e-05 
 7.75689282e-06  1.11253742e-04 
 7.75855091e-06  5.99444170e-05 
 7.76076990e-06  1.09259736e-04 
 7.76455442e-06  5.99720292e-05 
 7.77212345e-06  1.09139789e-04 
 7.78726150e-06  5.98940263e-05 
 7.81753762e-06  1.09063240e-04 
 7.87808986e-06  5.98383510e-05 
 7.99919433e-06  1.09025381e-04 
 8.00000000e-06  5.98466291e-05 
 8.00001000e-06  2.41268933e-03 
 8.00003000e-06  2.25955537e-03 
 8.00007000e-06  3.28617392e-03 
 8.00010000e-06  4.05309541e-03 
 8.00010793e-06  1.31969669e-03 
 8.00012379e-06  9.56682447e-04 
 8.00015550e-06  1.01424390e-03 
 8.00021893e-06  6.72131101e-04 
 8.00034578e-06  7.27469960e-04 
 8.00057423e-06  5.48736733e-04 
 8.00089717e-06  6.44971423e-04 
 8.00136293e-06  1.70794503e-04 
 8.00182561e-06  3.59633608e-04 
 8.00229639e-06  1.26158993e-04 
 8.00280956e-06  2.33517691e-04 
 8.00339397e-06  3.46416837e-05 
 8.00395263e-06  2.13399517e-04 
 8.00446058e-06  4.18101150e-05 
 8.00493400e-06  1.99345079e-04 
 8.00546400e-06  2.50073310e-05 
 8.00619275e-06  1.87251445e-04 
 8.00694386e-06  8.36302956e-06 
 8.00777056e-06  1.69736042e-04 
 8.00861462e-06  1.13529539e-06 
 8.00982355e-06  1.69009320e-04 
 8.01121996e-06  5.85580837e-07 
 8.01399910e-06  1.68763140e-04 
 8.01827702e-06  5.44542676e-07 
 8.02608304e-06  1.68613445e-04 
 8.04047934e-06  4.65588849e-07 
 8.06927194e-06  1.68508227e-04 
 8.12685714e-06  4.04121544e-07 
 8.24202754e-06  1.68461465e-04 
 8.25010000e-06  4.06252184e-07 
 8.25011000e-06 -2.46640077e-03 
 8.25013000e-06 -2.88026052e-03 
 8.25017000e-06 -2.10197585e-03 
 8.25020000e-06 -1.81726886e-03 
 8.25020800e-06  3.72116401e-04 
 8.25022400e-06  4.68862743e-04 
 8.25025600e-06  4.46637230e-04 
 8.25032000e-06  4.61695147e-04 
 8.25044800e-06  3.94944496e-04 
 8.25058408e-06  4.96989145e-04 
 8.25078600e-06  4.99174242e-04 
 8.25118983e-06  4.95774168e-04 
 8.25160270e-06  3.09864280e-04 
 8.25199289e-06  2.07442143e-04 
 8.25255302e-06  1.05296587e-04 
 8.25326257e-06  1.42043801e-04 
 8.25400177e-06  7.71442022e-05 
 8.25475028e-06  1.22273520e-04 
 8.25569764e-06  7.62207241e-05 
 8.25668536e-06  1.05464732e-04 
 8.25813350e-06  6.65587196e-05 
 8.26006672e-06  1.02457628e-04 
 8.26280894e-06  6.68556559e-05 
 8.26765145e-06  1.02183373e-04 
 8.27450046e-06  6.69335318e-05 
 8.28595483e-06  1.02044070e-04 
 8.30381346e-06  6.69382185e-05 
 8.33641622e-06  1.01969615e-04 
 8.40162174e-06  6.69189748e-05 
 8.50000000e-06  1.01935105e-04 
