 1.00000000e-12  1.78200000e+00  4.48621900e-01 
 1.02386417e-12  1.78157044e+00  4.49739240e-01 
 1.07159252e-12  1.78071133e+00  4.52772686e-01 
 1.14211651e-12  1.77944190e+00  4.57292630e-01 
 1.22024730e-12  1.77803555e+00  4.60324762e-01 
 1.35924722e-12  1.77553355e+00  4.62411994e-01 
 1.57504907e-12  1.77164912e+00  4.61808293e-01 
 1.90709172e-12  1.76567235e+00  4.59064083e-01 
 2.54091218e-12  1.75426358e+00  4.55235347e-01 
 3.47540732e-12  1.73744267e+00  4.52090820e-01 
 4.89853137e-12  1.71182644e+00  4.48198467e-01 
 6.43055170e-12  1.68425007e+00  4.44942855e-01 
 8.78305355e-12  1.64190504e+00  4.41833991e-01 
 1.27900663e-11  1.56977881e+00  4.39241507e-01 
 1.81561606e-11  1.47318911e+00  4.37801325e-01 
 2.51087420e-11  1.34804264e+00  4.36786736e-01 
 3.40547344e-11  1.18701478e+00  4.35765389e-01 
 4.41099167e-11  1.00602150e+00  4.34763259e-01 
 5.97321874e-11  7.24820627e-01  4.33323059e-01 
 7.77095940e-11  4.01227308e-01  4.31927955e-01 
 1.00000000e-10  0.00000000e+00  4.30652111e-01 
 1.00430343e-10  0.00000000e+00  4.30751732e-01 
 1.01291030e-10  0.00000000e+00  4.30920274e-01 
 1.03012403e-10  0.00000000e+00  4.31213097e-01 
 1.06433497e-10  0.00000000e+00  4.31766390e-01 
 1.13275685e-10  0.00000000e+00  4.32803800e-01 
 1.26960060e-10  0.00000000e+00  4.34805509e-01 
 1.54328811e-10  0.00000000e+00  4.38650102e-01 
 1.91794937e-10  0.00000000e+00  4.43728608e-01 
 2.40345263e-10  0.00000000e+00  4.50038778e-01 
 3.09325346e-10  0.00000000e+00  4.58338581e-01 
 4.36883214e-10  0.00000000e+00  4.71493578e-01 
 6.67763842e-10  0.00000000e+00  4.90480376e-01 
 9.60546618e-10  0.00000000e+00  5.07267604e-01 
 1.38798281e-09  0.00000000e+00  5.21639066e-01 
 1.90015691e-09  0.00000000e+00  5.28148600e-01 
 2.65619129e-09  0.00000000e+00  5.27158408e-01 
 3.53902696e-09  0.00000000e+00  5.14839224e-01 
 4.46831951e-09  0.00000000e+00  4.96695305e-01 
 5.35779026e-09  0.00000000e+00  4.79233665e-01 
 6.24533108e-09  0.00000000e+00  4.61785018e-01 
 7.11184796e-09  0.00000000e+00  4.44198955e-01 
 7.99242662e-09  0.00000000e+00  4.25904481e-01 
 9.03397114e-09  0.00000000e+00  4.04873948e-01 
 1.01330611e-08  0.00000000e+00  3.76019753e-01 
 1.10086628e-08  0.00000000e+00  3.51498729e-01 
 1.18524793e-08  0.00000000e+00  3.34024527e-01 
 1.27847644e-08  0.00000000e+00  3.15703937e-01 
 1.36951737e-08  0.00000000e+00  2.97501424e-01 
 1.47042593e-08  0.00000000e+00  2.77742308e-01 
 1.58553333e-08  0.00000000e+00  2.54972486e-01 
 1.70476736e-08  0.00000000e+00  2.31764223e-01 
 1.82117653e-08  0.00000000e+00  2.09935534e-01 
 1.96023225e-08  0.00000000e+00  1.86599923e-01 
 2.09787767e-08  0.00000000e+00  1.66341719e-01 
 2.29743453e-08  0.00000000e+00  1.41476425e-01 
 2.42973661e-08  0.00000000e+00  1.27334252e-01 
 2.59715615e-08  0.00000000e+00  1.11614429e-01 
 2.79041958e-08  0.00000000e+00  9.58628473e-02 
 3.04967292e-08  0.00000000e+00  7.81241348e-02 
 3.37668333e-08  0.00000000e+00  6.01759392e-02 
 3.73737207e-08  0.00000000e+00  4.50593557e-02 
 4.45874957e-08  0.00000000e+00  2.49140743e-02 
 5.78270462e-08  0.00000000e+00  8.03322504e-03 
 8.37671961e-08  0.00000000e+00  8.60414329e-04 
 1.13773369e-07  0.00000000e+00  1.16076159e-03 
 1.66466583e-07  0.00000000e+00  1.08134272e-03 
 2.31700259e-07  0.00000000e+00  1.15996177e-03 
 2.50100000e-07  0.00000000e+00  1.11560409e-03 
 2.50110000e-07  1.80000000e-01  3.59852462e-03 
 2.50130000e-07  5.40000000e-01  8.35222209e-03 
 2.50170000e-07  1.26000000e+00  1.69072381e-02 
 2.50200000e-07  1.80000000e+00  2.23430994e-02 
 2.50200515e-07  1.80000000e+00  2.22811055e-02 
 2.50201545e-07  1.80000000e+00  2.21716639e-02 
 2.50203604e-07  1.80000000e+00  2.19866556e-02 
 2.50207723e-07  1.80000000e+00  2.16707476e-02 
 2.50215961e-07  1.80000000e+00  2.11206023e-02 
 2.50232436e-07  1.80000000e+00  2.01037062e-02 
 2.50265387e-07  1.80000000e+00  1.83830267e-02 
 2.50331289e-07  1.80000000e+00  1.62909843e-02 
 2.50412444e-07  1.80000000e+00  1.49181500e-02 
 2.50574756e-07  1.80000000e+00  1.35442343e-02 
 2.50740888e-07  1.80000000e+00  1.30770982e-02 
 2.51073154e-07  1.80000000e+00  1.28602531e-02 
 2.51459205e-07  1.80000000e+00  1.30856785e-02 
 2.52119201e-07  1.80000000e+00  1.30306631e-02 
 2.52784183e-07  1.80000000e+00  1.15753223e-02 
 2.53505923e-07  1.80000000e+00  1.04745322e-02 
 2.54462727e-07  1.80000000e+00  9.74274268e-03 
 2.55476632e-07  1.80000000e+00  8.21142627e-03 
 2.56511027e-07  1.80000000e+00  5.23563435e-03 
 2.57705048e-07  1.80000000e+00  3.23389059e-03 
 2.58900396e-07  1.80000000e+00  4.19346859e-03 
 2.60080605e-07  1.80000000e+00  3.97568044e-03 
 2.61404724e-07  1.80000000e+00  3.46938963e-03 
 2.63104674e-07  1.80000000e+00  3.18039910e-03 
 2.65829966e-07  1.80000000e+00  2.40979389e-03 
 2.69919211e-07  1.80000000e+00  1.26170608e-03 
 2.75734560e-07  1.80000000e+00 -1.56124792e-04 
 2.81689065e-07  1.80000000e+00 -1.07431670e-04 
 2.88408754e-07  1.80000000e+00  1.33490436e-02 
 2.93025436e-07  1.80000000e+00  1.11945354e-02 
 2.97323868e-07  1.80000000e+00  6.69839928e-03 
 3.01828033e-07  1.80000000e+00  5.09274623e-03 
 3.07597624e-07  1.80000000e+00  2.68904169e-03 
 3.14948341e-07  1.80000000e+00  2.14525829e-03 
 3.21312513e-07  1.80000000e+00  1.34793367e-03 
 3.29074424e-07  1.80000000e+00  1.46953477e-03 
 3.38341867e-07  1.80000000e+00  9.10048825e-04 
 3.56518322e-07  1.80000000e+00  1.14354420e-03 
 3.78569105e-07  1.80000000e+00  6.91642774e-04 
 4.16327476e-07  1.80000000e+00  9.43559110e-04 
 4.79010891e-07  1.80000000e+00  3.84737731e-04 
 5.00000000e-07  1.80000000e+00  6.90331736e-04 
 5.00010000e-07  1.62000000e+00  3.32514340e-05 
 5.00030000e-07  1.26000000e+00 -1.15280157e-03 
 5.00070000e-07  5.40000000e-01 -3.10105003e-03 
 5.00100000e-07  0.00000000e+00 -4.36413110e-03 
 5.00100517e-07  0.00000000e+00 -4.35195299e-03 
 5.00101550e-07  0.00000000e+00 -4.32420778e-03 
 5.00103617e-07  0.00000000e+00 -4.26387530e-03 
 5.00107751e-07  0.00000000e+00 -4.15827973e-03 
 5.00116020e-07  0.00000000e+00 -3.98155922e-03 
 5.00132556e-07  0.00000000e+00 -3.68198659e-03 
 5.00165629e-07  0.00000000e+00 -3.20386830e-03 
 5.00231775e-07  0.00000000e+00 -2.56582947e-03 
 5.00364067e-07  0.00000000e+00 -1.91642283e-03 
 5.00562107e-07  0.00000000e+00 -1.54322581e-03 
 5.00958187e-07  0.00000000e+00 -1.08407683e-03 
 5.01467870e-07  0.00000000e+00 -1.35833591e-03 
 5.02004742e-07  0.00000000e+00 -4.07543281e-03 
 5.02765352e-07  0.00000000e+00 -8.17320350e-03 
 5.03571873e-07  0.00000000e+00  1.11808530e-02 
 5.04319852e-07  0.00000000e+00  5.35185924e-02 
 5.05131514e-07  0.00000000e+00  1.05245601e-01 
 5.06130544e-07  0.00000000e+00  1.67470705e-01 
 5.07169221e-07  0.00000000e+00  2.31764897e-01 
 5.08387044e-07  0.00000000e+00  3.07993361e-01 
 5.09751095e-07  0.00000000e+00  3.91920056e-01 
 5.11591780e-07  0.00000000e+00  5.02185641e-01 
 5.13513642e-07  0.00000000e+00  6.13804364e-01 
 5.15462199e-07  0.00000000e+00  7.24603865e-01 
 5.17385058e-07  0.00000000e+00  8.29499757e-01 
 5.19750040e-07  0.00000000e+00  9.40691392e-01 
 5.23690159e-07  0.00000000e+00  1.11686473e+00 
 5.26774020e-07  0.00000000e+00  1.28296974e+00 
 5.30497098e-07  0.00000000e+00  1.51564760e+00 
 5.34538049e-07  0.00000000e+00  1.69175360e+00 
 5.38358909e-07  0.00000000e+00  1.76028834e+00 
 5.43982353e-07  0.00000000e+00  1.79368899e+00 
 5.49981976e-07  0.00000000e+00  1.79917463e+00 
 5.59564381e-07  0.00000000e+00  1.80028070e+00 
 5.72739595e-07  0.00000000e+00  1.79997516e+00 
 5.99090023e-07  0.00000000e+00  1.80018771e+00 
 6.46793864e-07  0.00000000e+00  1.79995998e+00 
 7.32432205e-07  0.00000000e+00  1.80013640e+00 
 7.50100000e-07  9.52912066e-13  1.79993765e+00 
 7.50110000e-07  1.80000000e-01  1.80051106e+00 
 7.50130000e-07  5.40000000e-01  1.80170490e+00 
 7.50170000e-07  1.26000000e+00  1.80428467e+00 
 7.50200000e-07  1.80000000e+00  1.80616472e+00 
 7.50200522e-07  1.80000000e+00  1.80615950e+00 
 7.50201565e-07  1.80000000e+00  1.80614241e+00 
 7.50203652e-07  1.80000000e+00  1.80610039e+00 
 7.50207825e-07  1.80000000e+00  1.80603719e+00 
 7.50216171e-07  1.80000000e+00  1.80593318e+00 
 7.50232864e-07  1.80000000e+00  1.80574771e+00 
 7.50266250e-07  1.80000000e+00  1.80542892e+00 
 7.50333022e-07  1.80000000e+00  1.80494502e+00 
 7.50466566e-07  1.80000000e+00  1.80428082e+00 
 7.50644008e-07  1.80000000e+00  1.80365637e+00 
 7.50913648e-07  1.80000000e+00  1.80294757e+00 
 7.51452930e-07  1.80000000e+00  1.80343525e+00 
 7.52098660e-07  1.80000000e+00  1.80495849e+00 
 7.52799509e-07  1.80000000e+00  1.80351637e+00 
 7.53528773e-07  1.80000000e+00  1.80227186e+00 
 7.54426003e-07  1.80000000e+00  1.80171739e+00 
 7.55524387e-07  1.80000000e+00  1.80124862e+00 
 7.56675689e-07  1.80000000e+00  1.80043142e+00 
 7.57701853e-07  1.80000000e+00  1.80100991e+00 
 7.58796237e-07  1.80000000e+00  1.80220067e+00 
 7.59790673e-07  1.80000000e+00  1.80144214e+00 
 7.60838921e-07  1.80000000e+00  1.80171474e+00 
 7.62071498e-07  1.80000000e+00  1.80033126e+00 
 7.63368258e-07  1.80000000e+00  1.79877568e+00 
 7.64935965e-07  1.80000000e+00  1.79757850e+00 
 7.66860684e-07  1.80000000e+00  1.79743364e+00 
 7.69490457e-07  1.80000000e+00  1.79812290e+00 
 7.72564217e-07  1.80000000e+00  1.79876946e+00 
 7.77451989e-07  1.80000000e+00  1.79939406e+00 
 7.87227531e-07  1.80000000e+00  1.79989428e+00 
 8.04391574e-07  1.80000000e+00  1.80005885e+00 
 8.36283620e-07  1.80000000e+00  1.80002669e+00 
 8.96014114e-07  1.80000000e+00  1.80003478e+00 
 1.00000000e-06  1.80000000e+00  1.80000404e+00 
 1.00001000e-06  1.62000000e+00  1.79920518e+00 
 1.00003000e-06  1.26000000e+00  1.79771004e+00 
 1.00007000e-06  5.40000000e-01  1.79518297e+00 
 1.00010000e-06  0.00000000e+00  1.79366313e+00 
 1.00010052e-06  0.00000000e+00  1.79367739e+00 
 1.00010155e-06  0.00000000e+00  1.79371469e+00 
 1.00010362e-06  0.00000000e+00  1.79380036e+00 
 1.00010775e-06  0.00000000e+00  1.79394651e+00 
 1.00011602e-06  0.00000000e+00  1.79420605e+00 
 1.00013256e-06  0.00000000e+00  1.79467055e+00 
 1.00016564e-06  0.00000000e+00  1.79545383e+00 
 1.00023179e-06  0.00000000e+00  1.79659231e+00 
 1.00036410e-06  0.00000000e+00  1.79789616e+00 
 1.00056235e-06  0.00000000e+00  1.79877054e+00 
 1.00095886e-06  0.00000000e+00  1.79956861e+00 
 1.00146872e-06  0.00000000e+00  1.79978325e+00 
 1.00200572e-06  0.00000000e+00  1.79936945e+00 
 1.00275810e-06  0.00000000e+00  1.79802890e+00 
 1.00346215e-06  0.00000000e+00  1.79728488e+00 
 1.00419568e-06  0.00000000e+00  1.79820587e+00 
 1.00499328e-06  0.00000000e+00  1.79962605e+00 
 1.00587486e-06  0.00000000e+00  1.80037699e+00 
 1.00691258e-06  0.00000000e+00  1.80041524e+00 
 1.00767903e-06  0.00000000e+00  1.80020914e+00 
 1.00854765e-06  0.00000000e+00  1.79986465e+00 
 1.00938754e-06  0.00000000e+00  1.79954176e+00 
 1.01025762e-06  0.00000000e+00  1.79908161e+00 
 1.01143686e-06  0.00000000e+00  1.79847156e+00 
 1.01269064e-06  0.00000000e+00  1.79814722e+00 
 1.01519818e-06  0.00000000e+00  1.79759349e+00 
 1.01754936e-06  0.00000000e+00  1.79684147e+00 
 1.01941504e-06  0.00000000e+00  1.79621356e+00 
 1.02148667e-06  0.00000000e+00  1.79636108e+00 
 1.02429753e-06  0.00000000e+00  1.79710017e+00 
 1.02654858e-06  0.00000000e+00  1.79717806e+00 
 1.02857671e-06  0.00000000e+00  1.79693617e+00 
 1.03008752e-06  0.00000000e+00  1.79853588e+00 
 1.03148948e-06  0.00000000e+00  1.80035623e+00 
 1.03302299e-06  0.00000000e+00  1.79952892e+00 
 1.03459052e-06  0.00000000e+00  1.79931124e+00 
 1.03636190e-06  0.00000000e+00  1.79977401e+00 
 1.03917579e-06  0.00000000e+00  1.80018026e+00 
 1.04208935e-06  0.00000000e+00  1.80020735e+00 
 1.04791647e-06  0.00000000e+00  1.80013190e+00 
 1.05667230e-06  0.00000000e+00  1.79990282e+00 
 1.07116085e-06  0.00000000e+00  1.79979980e+00 
 1.09862849e-06  0.00000000e+00  1.79970120e+00 
 1.14397156e-06  0.00000000e+00  1.79969228e+00 
 1.22280286e-06  0.00000000e+00  1.79961046e+00 
 1.25010000e-06  0.00000000e+00  1.79966773e+00 
 1.25011000e-06  1.80000000e-01  1.80021001e+00 
 1.25013000e-06  5.40000000e-01  1.80135540e+00 
 1.25017000e-06  1.26000000e+00  1.80391804e+00 
 1.25020000e-06  1.80000000e+00  1.80583633e+00 
 1.25020052e-06  1.80000000e+00  1.80583187e+00 
 1.25020157e-06  1.80000000e+00  1.80581644e+00 
 1.25020365e-06  1.80000000e+00  1.80577864e+00 
 1.25020783e-06  1.80000000e+00  1.80572365e+00 
 1.25021618e-06  1.80000000e+00  1.80563308e+00 
 1.25023288e-06  1.80000000e+00  1.80546548e+00 
 1.25026628e-06  1.80000000e+00  1.80516091e+00 
 1.25033309e-06  1.80000000e+00  1.80467706e+00 
 1.25046670e-06  1.80000000e+00  1.80400293e+00 
 1.25064415e-06  1.80000000e+00  1.80338199e+00 
 1.25091396e-06  1.80000000e+00  1.80269297e+00 
 1.25145359e-06  1.80000000e+00  1.80304025e+00 
 1.25209941e-06  1.80000000e+00  1.80442027e+00 
 1.25287801e-06  1.80000000e+00  1.80279764e+00 
 1.25358138e-06  1.80000000e+00  1.80159499e+00 
 1.25454819e-06  1.80000000e+00  1.80065049e+00 
 1.25561204e-06  1.80000000e+00  1.79923390e+00 
 1.25652399e-06  1.80000000e+00  1.79864029e+00 
 1.25760179e-06  1.80000000e+00  1.79866619e+00 
 1.25871474e-06  1.80000000e+00  1.79876500e+00 
 1.25986433e-06  1.80000000e+00  1.79882968e+00 
 1.26136483e-06  1.80000000e+00  1.79893578e+00 
 1.26388461e-06  1.80000000e+00  1.79903220e+00 
 1.26734094e-06  1.80000000e+00  1.79915917e+00 
 1.27244197e-06  1.80000000e+00  1.79925182e+00 
 1.28264403e-06  1.80000000e+00  1.79937716e+00 
 1.29881415e-06  1.80000000e+00  1.79945153e+00 
 1.31514867e-06  1.80000000e+00  1.79954168e+00 
 1.33425783e-06  1.80000000e+00  1.79972053e+00 
 1.34898038e-06  1.80000000e+00  1.79245758e+00 
 1.35553543e-06  1.80000000e+00  1.79579545e+00 
 1.36184414e-06  1.80000000e+00  1.79898484e+00 
 1.36852613e-06  1.80000000e+00  1.79880713e+00 
 1.37802613e-06  1.80000000e+00  1.80014923e+00 
 1.38977832e-06  1.80000000e+00  1.79951444e+00 
 1.40793861e-06  1.80000000e+00  1.80034568e+00 
 1.42523148e-06  1.80000000e+00  1.79968518e+00 
 1.45981721e-06  1.80000000e+00  1.80042131e+00 
 1.50000000e-06  1.80000000e+00  1.79976762e+00 
 1.50001000e-06  1.62000000e+00  1.79898575e+00 
 1.50003000e-06  1.26000000e+00  1.79752458e+00 
 1.50007000e-06  5.40000000e-01  1.79503572e+00 
 1.50010000e-06  0.00000000e+00  1.79352219e+00 
 1.50010052e-06  0.00000000e+00  1.79353691e+00 
 1.50010155e-06  0.00000000e+00  1.79357566e+00 
 1.50010362e-06  0.00000000e+00  1.79366096e+00 
 1.50010775e-06  0.00000000e+00  1.79380178e+00 
 1.50011602e-06  0.00000000e+00  1.79405569e+00 
 1.50013256e-06  0.00000000e+00  1.79451690e+00 
 1.50016564e-06  0.00000000e+00  1.79531992e+00 
 1.50023180e-06  0.00000000e+00  1.79651384e+00 
 1.50036412e-06  0.00000000e+00  1.79788930e+00 
 1.50056016e-06  0.00000000e+00  1.79879074e+00 
 1.50095224e-06  0.00000000e+00  1.79960099e+00 
 1.50145985e-06  0.00000000e+00  1.79980567e+00 
 1.50199550e-06  0.00000000e+00  1.79935061e+00 
 1.50274777e-06  0.00000000e+00  1.79801709e+00 
 1.50344298e-06  0.00000000e+00  1.79775930e+00 
 1.50417027e-06  0.00000000e+00  1.79963315e+00 
 1.50500999e-06  0.00000000e+00  1.80148188e+00 
 1.50592637e-06  0.00000000e+00  1.80184663e+00 
 1.50688967e-06  0.00000000e+00  1.80167465e+00 
 1.50789087e-06  0.00000000e+00  1.80169393e+00 
 1.50944778e-06  0.00000000e+00  1.80146882e+00 
 1.51098692e-06  0.00000000e+00  1.80129657e+00 
 1.51307007e-06  0.00000000e+00  1.80114102e+00 
 1.51464693e-06  0.00000000e+00  1.80106271e+00 
 1.51636742e-06  0.00000000e+00  1.80092628e+00 
 1.51843936e-06  0.00000000e+00  1.80063664e+00 
 1.52065515e-06  0.00000000e+00  1.80034774e+00 
 1.52443283e-06  0.00000000e+00  1.80009854e+00 
 1.52946229e-06  0.00000000e+00  1.80000795e+00 
 1.53779107e-06  0.00000000e+00  1.79999918e+00 
 1.55134799e-06  0.00000000e+00  1.80000919e+00 
 1.57451477e-06  0.00000000e+00  1.80000981e+00 
 1.62071909e-06  0.00000000e+00  1.80000481e+00 
 1.69919145e-06  0.00000000e+00  1.79999795e+00 
 1.75010000e-06  0.00000000e+00  1.79999684e+00 
 1.75011000e-06  1.80000000e-01  1.80052409e+00 
 1.75013000e-06  5.40000000e-01  1.80164363e+00 
 1.75017000e-06  1.26000000e+00  1.80417522e+00 
 1.75020000e-06  1.80000000e+00  1.80608589e+00 
 1.75020052e-06  1.80000000e+00  1.80608164e+00 
 1.75020157e-06  1.80000000e+00  1.80606689e+00 
 1.75020365e-06  1.80000000e+00  1.80603115e+00 
 1.75020783e-06  1.80000000e+00  1.80598028e+00 
 1.75021617e-06  1.80000000e+00  1.80589685e+00 
 1.75023287e-06  1.80000000e+00  1.80574240e+00 
 1.75026625e-06  1.80000000e+00  1.80545835e+00 
 1.75033303e-06  1.80000000e+00  1.80499552e+00 
 1.75046657e-06  1.80000000e+00  1.80432941e+00 
 1.75064399e-06  1.80000000e+00  1.80370781e+00 
 1.75091358e-06  1.80000000e+00  1.80301528e+00 
 1.75145275e-06  1.80000000e+00  1.80336676e+00 
 1.75209852e-06  1.80000000e+00  1.80478399e+00 
 1.75287619e-06  1.80000000e+00  1.80321180e+00 
 1.75357977e-06  1.80000000e+00  1.80207361e+00 
 1.75454022e-06  1.80000000e+00  1.80129356e+00 
 1.75560767e-06  1.80000000e+00  1.79980452e+00 
 1.75653031e-06  1.80000000e+00  1.79875159e+00 
 1.75761867e-06  1.80000000e+00  1.79814074e+00 
 1.75851736e-06  1.80000000e+00  1.79791724e+00 
 1.75950537e-06  1.80000000e+00  1.79804629e+00 
 1.76067970e-06  1.80000000e+00  1.79829438e+00 
 1.76200866e-06  1.80000000e+00  1.79856007e+00 
 1.76466658e-06  1.80000000e+00  1.79897877e+00 
 1.76853403e-06  1.80000000e+00  1.79938337e+00 
 1.77526373e-06  1.80000000e+00  1.79975320e+00 
 1.78842068e-06  1.80000000e+00  1.79997590e+00 
 1.81006756e-06  1.80000000e+00  1.80000177e+00 
 1.85336132e-06  1.80000000e+00  1.79999764e+00 
 1.93994883e-06  1.80000000e+00  1.80000120e+00 
 2.00000000e-06  1.80000000e+00  1.79999909e+00 
 2.00001000e-06  1.62000000e+00  1.79919916e+00 
 2.00003000e-06  1.26000000e+00  1.79770176e+00 
 2.00007000e-06  5.40000000e-01  1.79514956e+00 
 2.00010000e-06  3.67639252e-12  1.79359965e+00 
 2.00010052e-06  0.00000000e+00  1.79361386e+00 
 2.00010155e-06  0.00000000e+00  1.79365158e+00 
 2.00010362e-06  0.00000000e+00  1.79373478e+00 
 2.00010775e-06  0.00000000e+00  1.79387157e+00 
 2.00011602e-06  0.00000000e+00  1.79411817e+00 
 2.00013256e-06  0.00000000e+00  1.79456646e+00 
 2.00016564e-06  0.00000000e+00  1.79534774e+00 
 2.00023180e-06  0.00000000e+00  1.79651489e+00 
 2.00036412e-06  0.00000000e+00  1.79786404e+00 
 2.00056026e-06  0.00000000e+00  1.79875042e+00 
 2.00095254e-06  0.00000000e+00  1.79954518e+00 
 2.00146027e-06  0.00000000e+00  1.79973798e+00 
 2.00199602e-06  0.00000000e+00  1.79928812e+00 
 2.00274826e-06  0.00000000e+00  1.79796196e+00 
 2.00344826e-06  0.00000000e+00  1.79762889e+00 
 2.00417934e-06  0.00000000e+00  1.79934875e+00 
 2.00497661e-06  0.00000000e+00  1.80084734e+00 
 2.00585848e-06  0.00000000e+00  1.80094740e+00 
 2.00661446e-06  0.00000000e+00  1.80055454e+00 
 2.00745885e-06  0.00000000e+00  1.80034309e+00 
 2.00819085e-06  0.00000000e+00  1.80014805e+00 
 2.00903845e-06  0.00000000e+00  1.79993816e+00 
 2.01012180e-06  0.00000000e+00  1.79974273e+00 
 2.01126359e-06  0.00000000e+00  1.79958316e+00 
 2.01327593e-06  0.00000000e+00  1.79940539e+00 
 2.01571888e-06  0.00000000e+00  1.79930522e+00 
 2.01879020e-06  0.00000000e+00  1.79939488e+00 
 2.02225108e-06  0.00000000e+00  1.79957267e+00 
 2.02507313e-06  0.00000000e+00  1.79900997e+00 
 2.02734726e-06  0.00000000e+00  1.80029820e+00 
 2.02948426e-06  0.00000000e+00  1.80191719e+00 
 2.03162055e-06  0.00000000e+00  1.80057726e+00 
 2.03380119e-06  0.00000000e+00  1.80079522e+00 
 2.03635836e-06  0.00000000e+00  1.80097578e+00 
 2.03958519e-06  0.00000000e+00  1.80094156e+00 
 2.04503730e-06  0.00000000e+00  1.80065469e+00 
 2.05229487e-06  0.00000000e+00  1.80039215e+00 
 2.05917359e-06  0.00000000e+00  1.80018976e+00 
 2.06549574e-06  0.00000000e+00  1.80019471e+00 
 2.07157841e-06  0.00000000e+00  1.80194050e+00 
 2.07610017e-06  0.00000000e+00  1.80635912e+00 
 2.07983336e-06  0.00000000e+00  1.80311374e+00 
 2.08383003e-06  0.00000000e+00  1.80081832e+00 
 2.08831552e-06  0.00000000e+00  1.80047566e+00 
 2.09298293e-06  0.00000000e+00  1.80014396e+00 
 2.09908118e-06  0.00000000e+00  1.80022764e+00 
 2.10537483e-06  0.00000000e+00  1.80010219e+00 
 2.11186200e-06  0.00000000e+00  1.80020201e+00 
 2.11923247e-06  0.00000000e+00  1.80009251e+00 
 2.13397340e-06  0.00000000e+00  1.80018011e+00 
 2.15193445e-06  0.00000000e+00  1.80005164e+00 
 2.18262539e-06  0.00000000e+00  1.80008087e+00 
 2.23531776e-06  0.00000000e+00  1.79989981e+00 
 2.25010000e-06  0.00000000e+00  1.79998707e+00 
 2.25011000e-06  1.80000000e-01  1.80051462e+00 
 2.25013000e-06  5.40000000e-01  1.80163140e+00 
 2.25017000e-06  1.26000000e+00  1.80414882e+00 
 2.25020000e-06  1.80000000e+00  1.80604786e+00 
 2.25020052e-06  1.80000000e+00  1.80604324e+00 
 2.25020157e-06  1.80000000e+00  1.80602752e+00 
 2.25020365e-06  1.80000000e+00  1.80598922e+00 
 2.25020783e-06  1.80000000e+00  1.80593389e+00 
 2.25021618e-06  1.80000000e+00  1.80584401e+00 
 2.25023288e-06  1.80000000e+00  1.80567990e+00 
 2.25026628e-06  1.80000000e+00  1.80538497e+00 
 2.25033309e-06  1.80000000e+00  1.80491863e+00 
 2.25046669e-06  1.80000000e+00  1.80426387e+00 
 2.25064421e-06  1.80000000e+00  1.80365241e+00 
 2.25091419e-06  1.80000000e+00  1.80296680e+00 
 2.25145414e-06  1.80000000e+00  1.80332656e+00 
 2.25209996e-06  1.80000000e+00  1.80472870e+00 
 2.25287587e-06  1.80000000e+00  1.80314648e+00 
 2.25357995e-06  1.80000000e+00  1.80181036e+00 
 2.25454411e-06  1.80000000e+00  1.80020346e+00 
 2.25543705e-06  1.80000000e+00  1.79916746e+00 
 2.25643765e-06  1.80000000e+00  1.79914489e+00 
 2.25746076e-06  1.80000000e+00  1.79920666e+00 
 2.25848443e-06  1.80000000e+00  1.79927895e+00 
 2.26020759e-06  1.80000000e+00  1.79939726e+00 
 2.26190540e-06  1.80000000e+00  1.79948701e+00 
 2.26458047e-06  1.80000000e+00  1.79959545e+00 
 2.26816129e-06  1.80000000e+00  1.79970163e+00 
 2.27429964e-06  1.80000000e+00  1.79980035e+00 
 2.28470067e-06  1.80000000e+00  1.79987486e+00 
 2.30097810e-06  1.80000000e+00  1.79989951e+00 
 2.33259462e-06  1.80000000e+00  1.79992713e+00 
 2.39252661e-06  1.80000000e+00  1.79995910e+00 
 2.48758252e-06  1.80000000e+00  1.79999325e+00 
 2.50000000e-06  1.80000000e+00  1.79999022e+00 
 2.50001000e-06  1.62000000e+00  1.79918609e+00 
 2.50003000e-06  1.26000000e+00  1.79768358e+00 
 2.50007000e-06  5.40000000e-01  1.79513563e+00 
 2.50010000e-06  3.67639252e-12  1.79359370e+00 
 2.50010052e-06  0.00000000e+00  1.79360814e+00 
 2.50010155e-06  0.00000000e+00  1.79364661e+00 
 2.50010362e-06  0.00000000e+00  1.79373218e+00 
 2.50010775e-06  0.00000000e+00  1.79387332e+00 
 2.50011602e-06  0.00000000e+00  1.79412530e+00 
 2.50013256e-06  0.00000000e+00  1.79458010e+00 
 2.50016564e-06  0.00000000e+00  1.79536477e+00 
 2.50023180e-06  0.00000000e+00  1.79652298e+00 
 2.50036412e-06  0.00000000e+00  1.79785180e+00 
 2.50054755e-06  0.00000000e+00  1.79867887e+00 
 2.50091442e-06  0.00000000e+00  1.79946150e+00 
 2.50140881e-06  0.00000000e+00  1.79978130e+00 
 2.50193787e-06  0.00000000e+00  1.79947623e+00 
 2.50258697e-06  0.00000000e+00  1.79851146e+00 
 2.50327926e-06  0.00000000e+00  1.79801664e+00 
 2.50395097e-06  0.00000000e+00  1.79899744e+00 
 2.50470835e-06  0.00000000e+00  1.79994677e+00 
 2.50556907e-06  0.00000000e+00  1.80031889e+00 
 2.50642142e-06  0.00000000e+00  1.80061875e+00 
 2.50763633e-06  0.00000000e+00  1.80089996e+00 
 2.50887975e-06  0.00000000e+00  1.80097163e+00 
 2.51089907e-06  0.00000000e+00  1.80097566e+00 
 2.51240058e-06  0.00000000e+00  1.80098132e+00 
 2.51391648e-06  0.00000000e+00  1.80093542e+00 
 2.51550725e-06  0.00000000e+00  1.80078190e+00 
 2.51724555e-06  0.00000000e+00  1.80053010e+00 
 2.51903238e-06  0.00000000e+00  1.80031239e+00 
 2.52260605e-06  0.00000000e+00  1.80008569e+00 
 2.52729312e-06  0.00000000e+00  1.79998891e+00 
 2.53612755e-06  0.00000000e+00  1.79997211e+00 
 2.55162856e-06  0.00000000e+00  1.79997950e+00 
 2.57996105e-06  0.00000000e+00  1.79998791e+00 
 2.63662603e-06  0.00000000e+00  1.79999000e+00 
 2.74995599e-06  0.00000000e+00  1.79999710e+00 
 2.75010000e-06  0.00000000e+00  1.79999534e+00 
 2.75010216e-06  3.88112009e-02  1.80012177e+00 
 2.75010647e-06  1.16433603e-01  1.80036435e+00 
 2.75011509e-06  2.71678406e-01  1.80081541e+00 
 2.75013234e-06  5.82168013e-01  1.80179588e+00 
 2.75016684e-06  1.20314723e+00  1.80400190e+00 
 2.75020000e-06  1.80000000e+00  1.80609717e+00 
 2.75020056e-06  1.80000000e+00  1.80609297e+00 
 2.75020168e-06  1.80000000e+00  1.80607754e+00 
 2.75020393e-06  1.80000000e+00  1.80603947e+00 
 2.75020841e-06  1.80000000e+00  1.80598407e+00 
 2.75021739e-06  1.80000000e+00  1.80589049e+00 
 2.75023533e-06  1.80000000e+00  1.80571806e+00 
 2.75027122e-06  1.80000000e+00  1.80540971e+00 
 2.75034301e-06  1.80000000e+00  1.80492524e+00 
 2.75048658e-06  1.80000000e+00  1.80424546e+00 
 2.75066476e-06  1.80000000e+00  1.80364258e+00 
 2.75095581e-06  1.80000000e+00  1.80296153e+00 
 2.75153791e-06  1.80000000e+00  1.80361541e+00 
 2.75222385e-06  1.80000000e+00  1.80466616e+00 
 2.75294402e-06  1.80000000e+00  1.80314068e+00 
 2.75367528e-06  1.80000000e+00  1.80167946e+00 
 2.75469578e-06  1.80000000e+00  1.79888106e+00 
 2.75558226e-06  1.80000000e+00  1.79690908e+00 
 2.75652515e-06  1.80000000e+00  1.79695397e+00 
 2.75735072e-06  1.80000000e+00  1.79788607e+00 
 2.75826130e-06  1.80000000e+00  1.79930283e+00 
 2.75932894e-06  1.80000000e+00  1.80028279e+00 
 2.76049508e-06  1.80000000e+00  1.80039431e+00 
 2.76194117e-06  1.80000000e+00  1.80018354e+00 
 2.76344710e-06  1.80000000e+00  1.80016817e+00 
 2.76569076e-06  1.80000000e+00  1.80012285e+00 
 2.76820717e-06  1.80000000e+00  1.80010072e+00 
 2.77215110e-06  1.80000000e+00  1.80003779e+00 
 2.77779217e-06  1.80000000e+00  1.80002401e+00 
 2.78907429e-06  1.80000000e+00  1.79998508e+00 
 2.81163855e-06  1.80000000e+00  1.80000577e+00 
 2.85676706e-06  1.80000000e+00  1.79999003e+00 
 2.94702409e-06  1.80000000e+00  1.80000970e+00 
 3.00000000e-06  1.80000000e+00  1.79999061e+00 
 3.00001000e-06  1.62000000e+00  1.79918805e+00 
 3.00003000e-06  1.26000000e+00  1.79768606e+00 
 3.00007000e-06  5.40000000e-01  1.79513244e+00 
 3.00010000e-06  3.67639252e-12  1.79358906e+00 
 3.00010052e-06  0.00000000e+00  1.79360349e+00 
 3.00010155e-06  0.00000000e+00  1.79364189e+00 
 3.00010362e-06  0.00000000e+00  1.79372714e+00 
 3.00010775e-06  0.00000000e+00  1.79386824e+00 
 3.00011602e-06  0.00000000e+00  1.79412159e+00 
 3.00013256e-06  0.00000000e+00  1.79457911e+00 
 3.00016564e-06  0.00000000e+00  1.79536817e+00 
 3.00023180e-06  0.00000000e+00  1.79653221e+00 
 3.00036411e-06  0.00000000e+00  1.79786824e+00 
 3.00054767e-06  0.00000000e+00  1.79870282e+00 
 3.00091479e-06  0.00000000e+00  1.79948636e+00 
 3.00140875e-06  0.00000000e+00  1.79974892e+00 
 3.00193757e-06  0.00000000e+00  1.79933944e+00 
 3.00268470e-06  0.00000000e+00  1.79840537e+00 
 3.00337649e-06  0.00000000e+00  1.79926782e+00 
 3.00409033e-06  0.00000000e+00  1.80195052e+00 
 3.00485545e-06  0.00000000e+00  1.80128030e+00 
 3.00571336e-06  0.00000000e+00  1.80006373e+00 
 3.00651780e-06  0.00000000e+00  1.80019211e+00 
 3.00734566e-06  0.00000000e+00  1.80046226e+00 
 3.00809949e-06  0.00000000e+00  1.80054968e+00 
 3.00894187e-06  0.00000000e+00  1.80013920e+00 
 3.01007598e-06  0.00000000e+00  1.80001375e+00 
 3.01114455e-06  0.00000000e+00  1.79974521e+00 
 3.01300659e-06  0.00000000e+00  1.79960336e+00 
 3.01513293e-06  0.00000000e+00  1.79908833e+00 
 3.01679222e-06  0.00000000e+00  1.79843541e+00 
 3.01862231e-06  0.00000000e+00  1.79791592e+00 
 3.02046515e-06  0.00000000e+00  1.79774507e+00 
 3.02247296e-06  0.00000000e+00  1.79684865e+00 
 3.02395587e-06  0.00000000e+00  1.79758947e+00 
 3.02538269e-06  0.00000000e+00  1.79985665e+00 
 3.02671545e-06  0.00000000e+00  1.79996740e+00 
 3.02817327e-06  0.00000000e+00  1.79915162e+00 
 3.02986414e-06  0.00000000e+00  1.79943223e+00 
 3.03173517e-06  0.00000000e+00  1.79978380e+00 
 3.03449579e-06  0.00000000e+00  1.79999352e+00 
 3.03796795e-06  0.00000000e+00  1.79998178e+00 
 3.04491227e-06  0.00000000e+00  1.79987893e+00 
 3.05594639e-06  0.00000000e+00  1.79979271e+00 
 3.07239957e-06  0.00000000e+00  1.79985502e+00 
 3.09626414e-06  0.00000000e+00  1.79991529e+00 
 3.14399329e-06  0.00000000e+00  1.80004042e+00 
 3.19255188e-06  0.00000000e+00  1.80010439e+00 
 3.24159125e-06  0.00000000e+00  1.80003836e+00 
 3.25010000e-06  0.00000000e+00  1.80003435e+00 
 3.25011000e-06  1.80000000e-01  1.80057610e+00 
 3.25013000e-06  5.40000000e-01  1.80171295e+00 
 3.25017000e-06  1.26000000e+00  1.80425092e+00 
 3.25020000e-06  1.80000000e+00  1.80615217e+00 
 3.25020052e-06  1.80000000e+00  1.80614757e+00 
 3.25020157e-06  1.80000000e+00  1.80613199e+00 
 3.25020365e-06  1.80000000e+00  1.80609395e+00 
 3.25020783e-06  1.80000000e+00  1.80603869e+00 
 3.25021618e-06  1.80000000e+00  1.80594848e+00 
 3.25023288e-06  1.80000000e+00  1.80578350e+00 
 3.25026628e-06  1.80000000e+00  1.80548643e+00 
 3.25033309e-06  1.80000000e+00  1.80501419e+00 
 3.25046670e-06  1.80000000e+00  1.80434544e+00 
 3.25064418e-06  1.80000000e+00  1.80371437e+00 
 3.25091406e-06  1.80000000e+00  1.80299645e+00 
 3.25145382e-06  1.80000000e+00  1.80340821e+00 
 3.25209963e-06  1.80000000e+00  1.80516774e+00 
 3.25287463e-06  1.80000000e+00  1.80413585e+00 
 3.25357884e-06  1.80000000e+00  1.80326695e+00 
 3.25454718e-06  1.80000000e+00  1.80217494e+00 
 3.25560974e-06  1.80000000e+00  1.80095638e+00 
 3.25650663e-06  1.80000000e+00  1.80078535e+00 
 3.25747850e-06  1.80000000e+00  1.80072510e+00 
 3.25847137e-06  1.80000000e+00  1.80060526e+00 
 3.25988046e-06  1.80000000e+00  1.80052453e+00 
 3.26134899e-06  1.80000000e+00  1.80041931e+00 
 3.26399318e-06  1.80000000e+00  1.80030814e+00 
 3.26732032e-06  1.80000000e+00  1.80020342e+00 
 3.27264916e-06  1.80000000e+00  1.80012210e+00 
 3.28330684e-06  1.80000000e+00  1.80005260e+00 
 3.29946654e-06  1.80000000e+00  1.80003795e+00 
 3.33178595e-06  1.80000000e+00  1.80002122e+00 
 3.39642476e-06  1.80000000e+00  1.80000868e+00 
 3.50000000e-06  1.80000000e+00  1.79999881e+00 
 3.50001000e-06  1.62000000e+00  1.79919224e+00 
 3.50003000e-06  1.26000000e+00  1.79768610e+00 
 3.50007000e-06  5.40000000e-01  1.79513000e+00 
 3.50010000e-06  3.67639252e-12  1.79358623e+00 
 3.50010052e-06  0.00000000e+00  1.79360065e+00 
 3.50010155e-06  0.00000000e+00  1.79363903e+00 
 3.50010362e-06  0.00000000e+00  1.79372424e+00 
 3.50010775e-06  0.00000000e+00  1.79386518e+00 
 3.50011602e-06  0.00000000e+00  1.79411779e+00 
 3.50013256e-06  0.00000000e+00  1.79457394e+00 
 3.50016564e-06  0.00000000e+00  1.79536176e+00 
 3.50023179e-06  0.00000000e+00  1.79652813e+00 
 3.50036410e-06  0.00000000e+00  1.79787614e+00 
 3.50054721e-06  0.00000000e+00  1.79873171e+00 
 3.50091342e-06  0.00000000e+00  1.79952060e+00 
 3.50141043e-06  0.00000000e+00  1.79950900e+00 
 3.50193974e-06  0.00000000e+00  1.79854809e+00 
 3.50269051e-06  0.00000000e+00  1.79671763e+00 
 3.50338151e-06  0.00000000e+00  1.79621541e+00 
 3.50409961e-06  0.00000000e+00  1.79753386e+00 
 3.50489675e-06  0.00000000e+00  1.79871237e+00 
 3.50578747e-06  0.00000000e+00  1.79923055e+00 
 3.50677427e-06  0.00000000e+00  1.79971715e+00 
 3.50801591e-06  0.00000000e+00  1.80005937e+00 
 3.50965056e-06  0.00000000e+00  1.80020943e+00 
 3.51114791e-06  0.00000000e+00  1.80037314e+00 
 3.51288949e-06  0.00000000e+00  1.80039549e+00 
 3.51452806e-06  0.00000000e+00  1.80033633e+00 
 3.51641471e-06  0.00000000e+00  1.80019649e+00 
 3.51820462e-06  0.00000000e+00  1.80010643e+00 
 3.52051236e-06  0.00000000e+00  1.80004233e+00 
 3.52403761e-06  0.00000000e+00  1.79999755e+00 
 3.52930819e-06  0.00000000e+00  1.79998123e+00 
 3.53843998e-06  0.00000000e+00  1.79997827e+00 
 3.55523064e-06  0.00000000e+00  1.79998430e+00 
 3.58492929e-06  0.00000000e+00  1.79998653e+00 
 3.64175036e-06  0.00000000e+00  1.79999266e+00 
 3.75010000e-06  0.00000000e+00  1.79999433e+00 
 3.75011000e-06  1.80000000e-01  1.80052706e+00 
 3.75013000e-06  5.40000000e-01  1.80165400e+00 
 3.75017000e-06  1.26000000e+00  1.80419532e+00 
 3.75020000e-06  1.80000000e+00  1.80610107e+00 
 3.75020052e-06  1.80000000e+00  1.80609658e+00 
 3.75020157e-06  1.80000000e+00  1.80608130e+00 
 3.75020365e-06  1.80000000e+00  1.80604400e+00 
 3.75020783e-06  1.80000000e+00  1.80598991e+00 
 3.75021618e-06  1.80000000e+00  1.80590140e+00 
 3.75023288e-06  1.80000000e+00  1.80573892e+00 
 3.75026628e-06  1.80000000e+00  1.80544490e+00 
 3.75033309e-06  1.80000000e+00  1.80497383e+00 
 3.75046670e-06  1.80000000e+00  1.80430182e+00 
 3.75064403e-06  1.80000000e+00  1.80366611e+00 
 3.75091363e-06  1.80000000e+00  1.80294427e+00 
 3.75145282e-06  1.80000000e+00  1.80336201e+00 
 3.75210517e-06  1.80000000e+00  1.80514801e+00 
 3.75287631e-06  1.80000000e+00  1.80417029e+00 
 3.75358350e-06  1.80000000e+00  1.80329356e+00 
 3.75454535e-06  1.80000000e+00  1.80149662e+00 
 3.75560647e-06  1.80000000e+00  1.79882767e+00 
 3.75651112e-06  1.80000000e+00  1.79822784e+00 
 3.75748637e-06  1.80000000e+00  1.79902058e+00 
 3.75842040e-06  1.80000000e+00  1.80025490e+00 
 3.75944632e-06  1.80000000e+00  1.80125580e+00 
 3.76061277e-06  1.80000000e+00  1.80130580e+00 
 3.76199484e-06  1.80000000e+00  1.80097797e+00 
 3.76345361e-06  1.80000000e+00  1.80077663e+00 
 3.76592799e-06  1.80000000e+00  1.80058891e+00 
 3.76847383e-06  1.80000000e+00  1.80040310e+00 
 3.77207800e-06  1.80000000e+00  1.80025163e+00 
 3.77720798e-06  1.80000000e+00  1.80011004e+00 
 3.78746792e-06  1.80000000e+00  1.80002039e+00 
 3.80798780e-06  1.80000000e+00  1.79998845e+00 
 3.84902756e-06  1.80000000e+00  1.80000584e+00 
 3.93110710e-06  1.80000000e+00  1.79999401e+00 
 4.00000000e-06  1.80000000e+00  1.80000571e+00 
 4.00001000e-06  1.62000000e+00  1.79919881e+00 
 4.00003000e-06  1.26000000e+00  1.79769037e+00 
 4.00007000e-06  5.40000000e-01  1.79512817e+00 
 4.00010000e-06  0.00000000e+00  1.79358234e+00 
 4.00010052e-06  0.00000000e+00  1.79359677e+00 
 4.00010155e-06  0.00000000e+00  1.79363517e+00 
 4.00010362e-06  0.00000000e+00  1.79372057e+00 
 4.00010775e-06  0.00000000e+00  1.79386176e+00 
 4.00011602e-06  0.00000000e+00  1.79411494e+00 
 4.00013256e-06  0.00000000e+00  1.79457242e+00 
 4.00016564e-06  0.00000000e+00  1.79536248e+00 
 4.00023180e-06  0.00000000e+00  1.79653175e+00 
 4.00036412e-06  0.00000000e+00  1.79788397e+00 
 4.00054730e-06  0.00000000e+00  1.79874455e+00 
 4.00091367e-06  0.00000000e+00  1.79953412e+00 
 4.00141068e-06  0.00000000e+00  1.79948735e+00 
 4.00193968e-06  0.00000000e+00  1.79847018e+00 
 4.00268895e-06  0.00000000e+00  1.79671759e+00 
 4.00337273e-06  0.00000000e+00  1.79705864e+00 
 4.00409112e-06  0.00000000e+00  1.80012341e+00 
 4.00487213e-06  0.00000000e+00  1.80049452e+00 
 4.00574603e-06  0.00000000e+00  1.79919072e+00 
 4.00648007e-06  0.00000000e+00  1.79933335e+00 
 4.00726783e-06  0.00000000e+00  1.79973060e+00 
 4.00802236e-06  0.00000000e+00  1.80005068e+00 
 4.00888456e-06  0.00000000e+00  1.79973462e+00 
 4.00969717e-06  0.00000000e+00  1.79968784e+00 
 4.01094919e-06  0.00000000e+00  1.79945431e+00 
 4.01209476e-06  0.00000000e+00  1.79939966e+00 
 4.01417791e-06  0.00000000e+00  1.79913199e+00 
 4.01638504e-06  0.00000000e+00  1.79844307e+00 
 4.01809904e-06  0.00000000e+00  1.79764242e+00 
 4.01997549e-06  0.00000000e+00  1.79755390e+00 
 4.02247056e-06  0.00000000e+00  1.79722399e+00 
 4.02453965e-06  0.00000000e+00  1.79685968e+00 
 4.02612012e-06  0.00000000e+00  1.79820976e+00 
 4.02758756e-06  0.00000000e+00  1.79984897e+00 
 4.02919170e-06  0.00000000e+00  1.79877086e+00 
 4.03082536e-06  0.00000000e+00  1.79856065e+00 
 4.03270837e-06  0.00000000e+00  1.79893680e+00 
 4.03582171e-06  0.00000000e+00  1.79930586e+00 
 4.03886943e-06  0.00000000e+00  1.79931190e+00 
 4.04496488e-06  0.00000000e+00  1.79940227e+00 
 4.05469555e-06  0.00000000e+00  1.79941393e+00 
 4.06459478e-06  0.00000000e+00  1.79959019e+00 
 4.07635621e-06  0.00000000e+00  1.79980746e+00 
 4.08629614e-06  0.00000000e+00  1.79434791e+00 
 4.09071235e-06  0.00000000e+00  1.79756462e+00 
 4.09526437e-06  0.00000000e+00  1.80012897e+00 
 4.10008004e-06  0.00000000e+00  1.79940037e+00 
 4.10781447e-06  0.00000000e+00  1.80052668e+00 
 4.11731823e-06  0.00000000e+00  1.79962274e+00 
 4.13114889e-06  0.00000000e+00  1.80049193e+00 
 4.15376629e-06  0.00000000e+00  1.79962711e+00 
 4.18473072e-06  0.00000000e+00  1.80042590e+00 
 4.23479897e-06  0.00000000e+00  1.79960042e+00 
 4.25010000e-06  6.67038446e-12  1.80038875e+00 
 4.25011000e-06  1.80000000e-01  1.80090156e+00 
 4.25013000e-06  5.40000000e-01  1.80198169e+00 
 4.25017000e-06  1.26000000e+00  1.80441243e+00 
 4.25020000e-06  1.80000000e+00  1.80624913e+00 
 4.25020052e-06  1.80000000e+00  1.80624387e+00 
 4.25020156e-06  1.80000000e+00  1.80622728e+00 
 4.25020365e-06  1.80000000e+00  1.80618792e+00 
 4.25020782e-06  1.80000000e+00  1.80613001e+00 
 4.25021616e-06  1.80000000e+00  1.80603389e+00 
 4.25023285e-06  1.80000000e+00  1.80585756e+00 
 4.25026622e-06  1.80000000e+00  1.80554142e+00 
 4.25033296e-06  1.80000000e+00  1.80504040e+00 
 4.25041610e-06  1.80000000e+00  1.80457505e+00 
 4.25058238e-06  1.80000000e+00  1.80390619e+00 
 4.25076956e-06  1.80000000e+00  1.80332957e+00 
 4.25108606e-06  1.80000000e+00  1.80286758e+00 
 4.25171905e-06  1.80000000e+00  1.80419174e+00 
 4.25234087e-06  1.80000000e+00  1.80443262e+00 
 4.25303921e-06  1.80000000e+00  1.80291063e+00 
 4.25377686e-06  1.80000000e+00  1.80184933e+00 
 4.25472314e-06  1.80000000e+00  1.80012745e+00 
 4.25556011e-06  1.80000000e+00  1.79882011e+00 
 4.25650259e-06  1.80000000e+00  1.79819081e+00 
 4.25744098e-06  1.80000000e+00  1.79795665e+00 
 4.25841192e-06  1.80000000e+00  1.79809482e+00 
 4.25998030e-06  1.80000000e+00  1.79841652e+00 
 4.26156986e-06  1.80000000e+00  1.79871254e+00 
 4.26421232e-06  1.80000000e+00  1.79908160e+00 
 4.26765137e-06  1.80000000e+00  1.79941621e+00 
 4.27318716e-06  1.80000000e+00  1.79971940e+00 
 4.28425875e-06  1.80000000e+00  1.79995652e+00 
 4.30640192e-06  1.80000000e+00  1.80000889e+00 
 4.35068826e-06  1.80000000e+00  1.80000003e+00 
 4.43926094e-06  1.80000000e+00  1.80000135e+00 
 4.50000000e-06  1.80000000e+00  1.80000071e+00 
 4.50001000e-06  1.62000000e+00  1.79920419e+00 
 4.50003000e-06  1.26000000e+00  1.79771501e+00 
 4.50007000e-06  5.40000000e-01  1.79517107e+00 
 4.50010000e-06  0.00000000e+00  1.79362241e+00 
 4.50010052e-06  0.00000000e+00  1.79363652e+00 
 4.50010155e-06  0.00000000e+00  1.79367397e+00 
 4.50010362e-06  0.00000000e+00  1.79375654e+00 
 4.50010775e-06  0.00000000e+00  1.79389225e+00 
 4.50011602e-06  0.00000000e+00  1.79413663e+00 
 4.50013256e-06  0.00000000e+00  1.79458097e+00 
 4.50016564e-06  0.00000000e+00  1.79535648e+00 
 4.50023180e-06  0.00000000e+00  1.79651743e+00 
 4.50036412e-06  0.00000000e+00  1.79786138e+00 
 4.50062102e-06  0.00000000e+00  1.79893834e+00 
 4.50109137e-06  0.00000000e+00  1.79972122e+00 
 4.50174228e-06  0.00000000e+00  1.79961267e+00 
 4.50246367e-06  0.00000000e+00  1.79843740e+00 
 4.50308359e-06  0.00000000e+00  1.79764770e+00 
 4.50385291e-06  0.00000000e+00  1.79937160e+00 
 4.50469590e-06  0.00000000e+00  1.80127033e+00 
 4.50557098e-06  0.00000000e+00  1.80162281e+00 
 4.50645762e-06  0.00000000e+00  1.80158520e+00 
 4.50745878e-06  0.00000000e+00  1.80165364e+00 
 4.50877219e-06  0.00000000e+00  1.80152552e+00 
 4.51038051e-06  0.00000000e+00  1.80139507e+00 
 4.51158529e-06  0.00000000e+00  1.80130372e+00 
 4.51297108e-06  0.00000000e+00  1.80114528e+00 
 4.51453630e-06  0.00000000e+00  1.80090871e+00 
 4.51623578e-06  0.00000000e+00  1.80059403e+00 
 4.51793475e-06  0.00000000e+00  1.80037786e+00 
 4.52133270e-06  0.00000000e+00  1.80011708e+00 
 4.52812858e-06  0.00000000e+00  1.79998714e+00 
 4.54172035e-06  0.00000000e+00  1.79997093e+00 
 4.56890390e-06  0.00000000e+00  1.79999218e+00 
 4.62327098e-06  0.00000000e+00  1.79998362e+00 
 4.72660691e-06  0.00000000e+00  1.80000152e+00 
 4.75010000e-06  6.67038446e-12  1.79998861e+00 
 4.75011000e-06  1.80000000e-01  1.80051826e+00 
 4.75013000e-06  5.40000000e-01  1.80164011e+00 
 4.75017000e-06  1.26000000e+00  1.80416901e+00 
 4.75020000e-06  1.80000000e+00  1.80606957e+00 
 4.75020052e-06  1.80000000e+00  1.80606527e+00 
 4.75020156e-06  1.80000000e+00  1.80605062e+00 
 4.75020365e-06  1.80000000e+00  1.80601528e+00 
 4.75020782e-06  1.80000000e+00  1.80596494e+00 
 4.75021617e-06  1.80000000e+00  1.80588232e+00 
 4.75023286e-06  1.80000000e+00  1.80572907e+00 
 4.75026624e-06  1.80000000e+00  1.80544759e+00 
 4.75033301e-06  1.80000000e+00  1.80498982e+00 
 4.75041517e-06  1.80000000e+00  1.80455774e+00 
 4.75057951e-06  1.80000000e+00  1.80391363e+00 
 4.75076661e-06  1.80000000e+00  1.80333625e+00 
 4.75108019e-06  1.80000000e+00  1.80286625e+00 
 4.75170735e-06  1.80000000e+00  1.80415959e+00 
 4.75233222e-06  1.80000000e+00  1.80444465e+00 
 4.75302989e-06  1.80000000e+00  1.80290234e+00 
 4.75376525e-06  1.80000000e+00  1.80174188e+00 
 4.75470747e-06  1.80000000e+00  1.80000092e+00 
 4.75551157e-06  1.80000000e+00  1.79907931e+00 
 4.75642993e-06  1.80000000e+00  1.79899540e+00 
 4.75722502e-06  1.80000000e+00  1.79897669e+00 
 4.75810391e-06  1.80000000e+00  1.79899198e+00 
 4.75909732e-06  1.80000000e+00  1.79903844e+00 
 4.76024378e-06  1.80000000e+00  1.79909339e+00 
 4.76253669e-06  1.80000000e+00  1.79922168e+00 
 4.76540653e-06  1.80000000e+00  1.79941950e+00 
 4.76960105e-06  1.80000000e+00  1.79978860e+00 
 4.77634157e-06  1.80000000e+00  1.80090640e+00 
 4.78525416e-06  1.80000000e+00  1.80362855e+00 
 4.79329106e-06  1.80000000e+00  1.80490989e+00 
 4.79956425e-06  1.80000000e+00  1.80300685e+00 
 4.80547612e-06  1.80000000e+00  1.80120785e+00 
 4.81125946e-06  1.80000000e+00  1.80064824e+00 
 4.81860412e-06  1.80000000e+00  1.80013306e+00 
 4.82738578e-06  1.80000000e+00  1.80011917e+00 
 4.83973520e-06  1.80000000e+00  1.79994210e+00 
 4.85690454e-06  1.80000000e+00  1.80006059e+00 
 4.88169598e-06  1.80000000e+00  1.79994016e+00 
 4.91787511e-06  1.80000000e+00  1.80005831e+00 
 4.97051653e-06  1.80000000e+00  1.79994279e+00 
 5.00000000e-06  1.80000000e+00  1.80005573e+00 
 5.00001000e-06  1.62000000e+00  1.79924397e+00 
 5.00003000e-06  1.26000000e+00  1.79772921e+00 
 5.00007000e-06  5.40000000e-01  1.79515849e+00 
 5.00010000e-06  0.00000000e+00  1.79360706e+00 
 5.00010052e-06  0.00000000e+00  1.79362135e+00 
 5.00010155e-06  0.00000000e+00  1.79365940e+00 
 5.00010362e-06  0.00000000e+00  1.79374384e+00 
 5.00010775e-06  0.00000000e+00  1.79388318e+00 
 5.00011602e-06  0.00000000e+00  1.79413355e+00 
 5.00013256e-06  0.00000000e+00  1.79458664e+00 
 5.00016564e-06  0.00000000e+00  1.79537065e+00 
 5.00023179e-06  0.00000000e+00  1.79653107e+00 
 5.00036409e-06  0.00000000e+00  1.79786466e+00 
 5.00062049e-06  0.00000000e+00  1.79893224e+00 
 5.00109034e-06  0.00000000e+00  1.79971550e+00 
 5.00174094e-06  0.00000000e+00  1.79966958e+00 
 5.00246301e-06  0.00000000e+00  1.79854763e+00 
 5.00308779e-06  0.00000000e+00  1.79783824e+00 
 5.00385498e-06  0.00000000e+00  1.80028992e+00 
 5.00471257e-06  0.00000000e+00  1.80254868e+00 
 5.00559876e-06  0.00000000e+00  1.80019508e+00 
 5.00636740e-06  0.00000000e+00  1.80004451e+00 
 5.00717666e-06  0.00000000e+00  1.80027537e+00 
 5.00788760e-06  0.00000000e+00  1.80049396e+00 
 5.00869275e-06  0.00000000e+00  1.80029116e+00 
 5.00965871e-06  0.00000000e+00  1.79995673e+00 
 5.01075139e-06  0.00000000e+00  1.79984920e+00 
 5.01293676e-06  0.00000000e+00  1.79945227e+00 
 5.01510435e-06  0.00000000e+00  1.79921825e+00 
 5.01737287e-06  0.00000000e+00  1.79832833e+00 
 5.01947401e-06  0.00000000e+00  1.79797732e+00 
 5.02161412e-06  0.00000000e+00  1.79829448e+00 
 5.02394833e-06  0.00000000e+00  1.79730348e+00 
 5.02616606e-06  0.00000000e+00  1.78888438e+00 
 5.02772015e-06  0.00000000e+00  1.79121806e+00 
 5.02929505e-06  0.00000000e+00  1.79607408e+00 
 5.03076797e-06  0.00000000e+00  1.79618374e+00 
 5.03232344e-06  0.00000000e+00  1.79694499e+00 
 5.03413786e-06  0.00000000e+00  1.79785778e+00 
 5.03713062e-06  0.00000000e+00  1.79915296e+00 
 5.03988183e-06  0.00000000e+00  1.79946310e+00 
 5.04535671e-06  0.00000000e+00  1.80010018e+00 
 5.05287082e-06  0.00000000e+00  1.80014570e+00 
 5.06489905e-06  0.00000000e+00  1.80025109e+00 
 5.07677001e-06  0.00000000e+00  1.80001153e+00 
 5.09449553e-06  0.00000000e+00  1.80011249e+00 
 5.11279070e-06  0.00000000e+00  1.79995691e+00 
 5.14938105e-06  0.00000000e+00  1.80006812e+00 
 5.21312658e-06  0.00000000e+00  1.79993577e+00 
 5.25010000e-06  6.67038446e-12  1.80005803e+00 
 5.25011000e-06  1.80000000e-01  1.80059949e+00 
 5.25013000e-06  5.40000000e-01  1.80172534e+00 
 5.25017000e-06  1.26000000e+00  1.80421679e+00 
 5.25020000e-06  1.80000000e+00  1.80608942e+00 
 5.25020052e-06  1.80000000e+00  1.80608465e+00 
 5.25020157e-06  1.80000000e+00  1.80606906e+00 
 5.25020365e-06  1.80000000e+00  1.80603188e+00 
 5.25020783e-06  1.80000000e+00  1.80597848e+00 
 5.25021618e-06  1.80000000e+00  1.80589117e+00 
 5.25023288e-06  1.80000000e+00  1.80573108e+00 
 5.25026628e-06  1.80000000e+00  1.80544156e+00 
 5.25033309e-06  1.80000000e+00  1.80497803e+00 
 5.25041594e-06  1.80000000e+00  1.80454241e+00 
 5.25058164e-06  1.80000000e+00  1.80390081e+00 
 5.25076442e-06  1.80000000e+00  1.80334371e+00 
 5.25108271e-06  1.80000000e+00  1.80287493e+00 
 5.25171929e-06  1.80000000e+00  1.80419131e+00 
 5.25234333e-06  1.80000000e+00  1.80440765e+00 
 5.25304743e-06  1.80000000e+00  1.80282310e+00 
 5.25378468e-06  1.80000000e+00  1.80191632e+00 
 5.25473090e-06  1.80000000e+00  1.80092813e+00 
 5.25576260e-06  1.80000000e+00  1.79920938e+00 
 5.25651722e-06  1.80000000e+00  1.79842115e+00 
 5.25740112e-06  1.80000000e+00  1.79803399e+00 
 5.25838016e-06  1.80000000e+00  1.79789156e+00 
 5.25951550e-06  1.80000000e+00  1.79815922e+00 
 5.26072434e-06  1.80000000e+00  1.79838302e+00 
 5.26314204e-06  1.80000000e+00  1.79883677e+00 
 5.26626130e-06  1.80000000e+00  1.79920481e+00 
 5.27080370e-06  1.80000000e+00  1.79957781e+00 
 5.27952982e-06  1.80000000e+00  1.79986642e+00 
 5.29698207e-06  1.80000000e+00  1.80001407e+00 
 5.33188657e-06  1.80000000e+00  1.79998784e+00 
 5.40169557e-06  1.80000000e+00  1.80001129e+00 
 5.50000000e-06  1.80000000e+00  1.79998988e+00 
 5.50001000e-06  1.62000000e+00  1.79919397e+00 
 5.50003000e-06  1.26000000e+00  1.79770794e+00 
 5.50007000e-06  5.40000000e-01  1.79517060e+00 
 5.50010000e-06  0.00000000e+00  1.79362425e+00 
 5.50010052e-06  0.00000000e+00  1.79363845e+00 
 5.50010155e-06  0.00000000e+00  1.79367614e+00 
 5.50010362e-06  0.00000000e+00  1.79375923e+00 
 5.50010775e-06  0.00000000e+00  1.79389550e+00 
 5.50011602e-06  0.00000000e+00  1.79414024e+00 
 5.50013256e-06  0.00000000e+00  1.79458458e+00 
 5.50016564e-06  0.00000000e+00  1.79535935e+00 
 5.50023180e-06  0.00000000e+00  1.79651849e+00 
 5.50036412e-06  0.00000000e+00  1.79786015e+00 
 5.50062126e-06  0.00000000e+00  1.79893715e+00 
 5.50109179e-06  0.00000000e+00  1.79971976e+00 
 5.50174285e-06  0.00000000e+00  1.79965315e+00 
 5.50246328e-06  0.00000000e+00  1.79854152e+00 
 5.50308203e-06  0.00000000e+00  1.79739737e+00 
 5.50385142e-06  0.00000000e+00  1.79844622e+00 
 5.50480617e-06  0.00000000e+00  1.80109018e+00 
 5.50576050e-06  0.00000000e+00  1.80189114e+00 
 5.50669723e-06  0.00000000e+00  1.80169145e+00 
 5.50780432e-06  0.00000000e+00  1.80173201e+00 
 5.50916776e-06  0.00000000e+00  1.80155386e+00 
 5.51076470e-06  0.00000000e+00  1.80138975e+00 
 5.51223529e-06  0.00000000e+00  1.80126625e+00 
 5.51357273e-06  0.00000000e+00  1.80114779e+00 
 5.51505862e-06  0.00000000e+00  1.80098983e+00 
 5.51670991e-06  0.00000000e+00  1.80070678e+00 
 5.51841562e-06  0.00000000e+00  1.80045104e+00 
 5.52182702e-06  0.00000000e+00  1.80013736e+00 
 5.52674043e-06  0.00000000e+00  1.80000102e+00 
 5.53653917e-06  0.00000000e+00  1.79996331e+00 
 5.55454465e-06  0.00000000e+00  1.79998672e+00 
 5.58738908e-06  0.00000000e+00  1.79998181e+00 
 5.65236275e-06  0.00000000e+00  1.79999671e+00 
 5.75010000e-06  6.67038446e-12  1.79999038e+00 
 5.75011000e-06  1.80000000e-01  1.80051889e+00 
 5.75013000e-06  5.40000000e-01  1.80163805e+00 
 5.75017000e-06  1.26000000e+00  1.80416098e+00 
 5.75020000e-06  1.80000000e+00  1.80605656e+00 
 5.75020052e-06  1.80000000e+00  1.80605218e+00 
 5.75020157e-06  1.80000000e+00  1.80603742e+00 
 5.75020365e-06  1.80000000e+00  1.80600198e+00 
 5.75020783e-06  1.80000000e+00  1.80595163e+00 
 5.75021617e-06  1.80000000e+00  1.80586952e+00 
 5.75023287e-06  1.80000000e+00  1.80571795e+00 
 5.75026626e-06  1.80000000e+00  1.80544023e+00 
 5.75033305e-06  1.80000000e+00  1.80498634e+00 
 5.75041493e-06  1.80000000e+00  1.80455650e+00 
 5.75057870e-06  1.80000000e+00  1.80391648e+00 
 5.75076549e-06  1.80000000e+00  1.80334114e+00 
 5.75107830e-06  1.80000000e+00  1.80287088e+00 
 5.75170390e-06  1.80000000e+00  1.80415342e+00 
 5.75232960e-06  1.80000000e+00  1.80444246e+00 
 5.75302703e-06  1.80000000e+00  1.80286868e+00 
 5.75376162e-06  1.80000000e+00  1.80193630e+00 
 5.75470269e-06  1.80000000e+00  1.80099087e+00 
 5.75572912e-06  1.80000000e+00  1.79938023e+00 
 5.75648626e-06  1.80000000e+00  1.79861027e+00 
 5.75736522e-06  1.80000000e+00  1.79816342e+00 
 5.75836386e-06  1.80000000e+00  1.79787389e+00 
 5.75928307e-06  1.80000000e+00  1.79807259e+00 
 5.76083134e-06  1.80000000e+00  1.79836134e+00 
 5.76225987e-06  1.80000000e+00  1.79866290e+00 
 5.76511694e-06  1.80000000e+00  1.79905503e+00 
 5.76894615e-06  1.80000000e+00  1.79944253e+00 
 5.77660457e-06  1.80000000e+00  1.79979281e+00 
 5.79192143e-06  1.80000000e+00  1.80000353e+00 
 5.82255513e-06  1.80000000e+00  1.79998882e+00 
 5.88382253e-06  1.80000000e+00  1.80000929e+00 
 6.00000000e-06  1.80000000e+00  1.79999087e+00 
 6.00001000e-06  1.62000000e+00  1.79919553e+00 
 6.00003000e-06  1.26000000e+00  1.79770849e+00 
 6.00007000e-06  5.40000000e-01  1.79516630e+00 
 6.00010000e-06  0.00000000e+00  1.79361903e+00 
 6.00010052e-06  0.00000000e+00  1.79363320e+00 
 6.00010155e-06  0.00000000e+00  1.79367077e+00 
 6.00010362e-06  0.00000000e+00  1.79375351e+00 
 6.00010775e-06  0.00000000e+00  1.79388953e+00 
 6.00011602e-06  0.00000000e+00  1.79413462e+00 
 6.00013256e-06  0.00000000e+00  1.79457990e+00 
 6.00016564e-06  0.00000000e+00  1.79535662e+00 
 6.00023180e-06  0.00000000e+00  1.79651892e+00 
 6.00036412e-06  0.00000000e+00  1.79786510e+00 
 6.00062038e-06  0.00000000e+00  1.79894260e+00 
 6.00109032e-06  0.00000000e+00  1.79972653e+00 
 6.00174077e-06  0.00000000e+00  1.79966458e+00 
 6.00246256e-06  0.00000000e+00  1.79857628e+00 
 6.00308755e-06  0.00000000e+00  1.79739051e+00 
 6.00385443e-06  0.00000000e+00  1.79828483e+00 
 6.00481569e-06  0.00000000e+00  1.80057198e+00 
 6.00571370e-06  0.00000000e+00  1.80101476e+00 
 6.00665570e-06  0.00000000e+00  1.80053936e+00 
 6.00758104e-06  0.00000000e+00  1.80032687e+00 
 6.00856824e-06  0.00000000e+00  1.80009251e+00 
 6.00958017e-06  0.00000000e+00  1.79989386e+00 
 6.01081458e-06  0.00000000e+00  1.79974359e+00 
 6.01258380e-06  0.00000000e+00  1.79956876e+00 
 6.01489501e-06  0.00000000e+00  1.79944023e+00 
 6.01894660e-06  0.00000000e+00  1.79940713e+00 
 6.02379946e-06  0.00000000e+00  1.79969932e+00 
 6.02716302e-06  0.00000000e+00  1.79904682e+00 
 6.03001412e-06  0.00000000e+00  1.80001734e+00 
 6.03271451e-06  0.00000000e+00  1.80013257e+00 
 6.03547507e-06  0.00000000e+00  1.79911469e+00 
 6.03833934e-06  0.00000000e+00  1.80000591e+00 
 6.04156316e-06  0.00000000e+00  1.79972163e+00 
 6.04496530e-06  0.00000000e+00  1.79979391e+00 
 6.05070733e-06  0.00000000e+00  1.79960384e+00 
 6.05705508e-06  0.00000000e+00  1.79978493e+00 
 6.06691868e-06  0.00000000e+00  1.79985003e+00 
 6.08072024e-06  0.00000000e+00  1.79997609e+00 
 6.10034636e-06  0.00000000e+00  1.79993968e+00 
 6.12942339e-06  0.00000000e+00  1.80000737e+00 
 6.17482064e-06  0.00000000e+00  1.79996441e+00 
 6.24121961e-06  0.00000000e+00  1.80001801e+00 
 6.25010000e-06  6.67038446e-12  1.79997512e+00 
 6.25011000e-06  1.80000000e-01  1.80050267e+00 
 6.25013000e-06  5.40000000e-01  1.80161941e+00 
 6.25017000e-06  1.26000000e+00  1.80413668e+00 
 6.25020000e-06  1.80000000e+00  1.80602988e+00 
 6.25020052e-06  1.80000000e+00  1.80602548e+00 
 6.25020157e-06  1.80000000e+00  1.80601066e+00 
 6.25020365e-06  1.80000000e+00  1.80597515e+00 
 6.25020783e-06  1.80000000e+00  1.80592491e+00 
 6.25021617e-06  1.80000000e+00  1.80584337e+00 
 6.25023287e-06  1.80000000e+00  1.80569334e+00 
 6.25026626e-06  1.80000000e+00  1.80541882e+00 
 6.25033304e-06  1.80000000e+00  1.80497194e+00 
 6.25041444e-06  1.80000000e+00  1.80455147e+00 
 6.25057723e-06  1.80000000e+00  1.80392200e+00 
 6.25075929e-06  1.80000000e+00  1.80336312e+00 
 6.25105648e-06  1.80000000e+00  1.80288079e+00 
 6.25165085e-06  1.80000000e+00  1.80398557e+00 
 6.25228409e-06  1.80000000e+00  1.80450566e+00 
 6.25298366e-06  1.80000000e+00  1.80290570e+00 
 6.25370695e-06  1.80000000e+00  1.80191509e+00 
 6.25463271e-06  1.80000000e+00  1.80134584e+00 
 6.25565034e-06  1.80000000e+00  1.80037350e+00 
 6.25691098e-06  1.80000000e+00  1.79870377e+00 
 6.25794142e-06  1.80000000e+00  1.79800918e+00 
 6.25903270e-06  1.80000000e+00  1.79786123e+00 
 6.26020486e-06  1.80000000e+00  1.79804969e+00 
 6.26203119e-06  1.80000000e+00  1.79846592e+00 
 6.26378841e-06  1.80000000e+00  1.79875934e+00 
 6.26730286e-06  1.80000000e+00  1.79922612e+00 
 6.27237396e-06  1.80000000e+00  1.79959389e+00 
 6.28116384e-06  1.80000000e+00  1.79989080e+00 
 6.29792102e-06  1.80000000e+00  1.79999364e+00 
 6.33077355e-06  1.80000000e+00  1.80000231e+00 
 6.39647860e-06  1.80000000e+00  1.79999518e+00 
 6.50000000e-06  1.80000000e+00  1.80000506e+00 
 6.50001000e-06  1.62000000e+00  1.79920741e+00 
 6.50003000e-06  1.26000000e+00  1.79771979e+00 
 6.50007000e-06  5.40000000e-01  1.79518002e+00 
 6.50010000e-06  0.00000000e+00  1.79363147e+00 
 6.50010052e-06  0.00000000e+00  1.79364563e+00 
 6.50010155e-06  0.00000000e+00  1.79368316e+00 
 6.50010362e-06  0.00000000e+00  1.79376573e+00 
 6.50010775e-06  0.00000000e+00  1.79390128e+00 
 6.50011602e-06  0.00000000e+00  1.79414481e+00 
 6.50013256e-06  0.00000000e+00  1.79458705e+00 
 6.50016564e-06  0.00000000e+00  1.79535866e+00 
 6.50023181e-06  0.00000000e+00  1.79651405e+00 
 6.50036413e-06  0.00000000e+00  1.79785338e+00 
 6.50062102e-06  0.00000000e+00  1.79892867e+00 
 6.50109207e-06  0.00000000e+00  1.79971257e+00 
 6.50174272e-06  0.00000000e+00  1.79968167e+00 
 6.50245871e-06  0.00000000e+00  1.79863732e+00 
 6.50307866e-06  0.00000000e+00  1.79733816e+00 
 6.50384601e-06  0.00000000e+00  1.79769049e+00 
 6.50479818e-06  0.00000000e+00  1.80027424e+00 
 6.50575671e-06  0.00000000e+00  1.80192309e+00 
 6.50668849e-06  0.00000000e+00  1.80199070e+00 
 6.50778158e-06  0.00000000e+00  1.80180443e+00 
 6.50891821e-06  0.00000000e+00  1.80171981e+00 
 6.51063411e-06  0.00000000e+00  1.80141615e+00 
 6.51243085e-06  0.00000000e+00  1.80126407e+00 
 6.51382162e-06  0.00000000e+00  1.80114591e+00 
 6.51540977e-06  0.00000000e+00  1.80100727e+00 
 6.51708539e-06  0.00000000e+00  1.80075891e+00 
 6.51895230e-06  0.00000000e+00  1.80046588e+00 
 6.52244714e-06  0.00000000e+00  1.80014133e+00 
 6.52719874e-06  0.00000000e+00  1.79999451e+00 
 6.53662909e-06  0.00000000e+00  1.79996962e+00 
 6.55288209e-06  0.00000000e+00  1.79998051e+00 
 6.58538810e-06  0.00000000e+00  1.79998736e+00 
 6.64903764e-06  0.00000000e+00  1.79999075e+00 
 6.75010000e-06  6.67038446e-12  1.79999614e+00 
 6.75011000e-06  1.80000000e-01  1.80052237e+00 
 6.75013000e-06  5.40000000e-01  1.80163818e+00 
 6.75017000e-06  1.26000000e+00  1.80416152e+00 
 6.75020000e-06  1.80000000e+00  1.80605893e+00 
 6.75020052e-06  1.80000000e+00  1.80605457e+00 
 6.75020157e-06  1.80000000e+00  1.80603988e+00 
 6.75020365e-06  1.80000000e+00  1.80600470e+00 
 6.75020783e-06  1.80000000e+00  1.80595493e+00 
 6.75021617e-06  1.80000000e+00  1.80587384e+00 
 6.75023287e-06  1.80000000e+00  1.80572423e+00 
 6.75026626e-06  1.80000000e+00  1.80544961e+00 
 6.75033304e-06  1.80000000e+00  1.80499873e+00 
 6.75041416e-06  1.80000000e+00  1.80457285e+00 
 6.75057639e-06  1.80000000e+00  1.80393380e+00 
 6.75079595e-06  1.80000000e+00  1.80326113e+00 
 6.75107464e-06  1.80000000e+00  1.80285581e+00 
 6.75163201e-06  1.80000000e+00  1.80394495e+00 
 6.75225144e-06  1.80000000e+00  1.80457214e+00 
 6.75292302e-06  1.80000000e+00  1.80303357e+00 
 6.75364473e-06  1.80000000e+00  1.80196686e+00 
 6.75456737e-06  1.80000000e+00  1.80138575e+00 
 6.75557617e-06  1.80000000e+00  1.80051660e+00 
 6.75680645e-06  1.80000000e+00  1.79894720e+00 
 6.75778501e-06  1.80000000e+00  1.79823934e+00 
 6.75883356e-06  1.80000000e+00  1.79791766e+00 
 6.75986750e-06  1.80000000e+00  1.79792566e+00 
 6.76093539e-06  1.80000000e+00  1.79821261e+00 
 6.76215881e-06  1.80000000e+00  1.79843009e+00 
 6.76460564e-06  1.80000000e+00  1.79888121e+00 
 6.76913072e-06  1.80000000e+00  1.79936171e+00 
 6.77591007e-06  1.80000000e+00  1.79976426e+00 
 6.78946876e-06  1.80000000e+00  1.79996591e+00 
 6.81658614e-06  1.80000000e+00  1.80001457e+00 
 6.87082091e-06  1.80000000e+00  1.79998483e+00 
 6.97929044e-06  1.80000000e+00  1.80001443e+00 
 7.00000000e-06  1.80000000e+00  1.79998775e+00 
 7.00001000e-06  1.62000000e+00  1.79919375e+00 
 7.00003000e-06  1.26000000e+00  1.79770892e+00 
 7.00007000e-06  5.40000000e-01  1.79516587e+00 
 7.00010000e-06  0.00000000e+00  1.79361600e+00 
 7.00010052e-06  0.00000000e+00  1.79363015e+00 
 7.00010155e-06  0.00000000e+00  1.79366765e+00 
 7.00010362e-06  0.00000000e+00  1.79375018e+00 
 7.00010775e-06  0.00000000e+00  1.79388580e+00 
 7.00011602e-06  0.00000000e+00  1.79413000e+00 
 7.00013256e-06  0.00000000e+00  1.79457375e+00 
 7.00016564e-06  0.00000000e+00  1.79534835e+00 
 7.00023179e-06  0.00000000e+00  1.79650849e+00 
 7.00036410e-06  0.00000000e+00  1.79785406e+00 
 7.00062014e-06  0.00000000e+00  1.79893180e+00 
 7.00109042e-06  0.00000000e+00  1.79971846e+00 
 7.00174045e-06  0.00000000e+00  1.79969419e+00 
 7.00245772e-06  0.00000000e+00  1.79867294e+00 
 7.00308397e-06  0.00000000e+00  1.79732830e+00 
 7.00384884e-06  0.00000000e+00  1.79753526e+00 
 7.00480706e-06  0.00000000e+00  1.79980664e+00 
 7.00570918e-06  0.00000000e+00  1.80105197e+00 
 7.00664615e-06  0.00000000e+00  1.80091391e+00 
 7.00742453e-06  0.00000000e+00  1.80057144e+00 
 7.00830846e-06  0.00000000e+00  1.80037210e+00 
 7.00919787e-06  0.00000000e+00  1.80016762e+00 
 7.01039297e-06  0.00000000e+00  1.79993479e+00 
 7.01180541e-06  0.00000000e+00  1.79974417e+00 
 7.01452382e-06  0.00000000e+00  1.79950632e+00 
 7.01733098e-06  0.00000000e+00  1.79943575e+00 
 7.02076098e-06  0.00000000e+00  1.79953074e+00 
 7.02367784e-06  0.00000000e+00  1.79972881e+00 
 7.02673065e-06  0.00000000e+00  1.79892008e+00 
 7.02896973e-06  0.00000000e+00  1.79933311e+00 
 7.03106526e-06  0.00000000e+00  1.80055295e+00 
 7.03302792e-06  0.00000000e+00  1.79924198e+00 
 7.03511060e-06  0.00000000e+00  1.79915951e+00 
 7.03754901e-06  0.00000000e+00  1.79941616e+00 
 7.04082725e-06  0.00000000e+00  1.79952593e+00 
 7.04520784e-06  0.00000000e+00  1.79968359e+00 
 7.05217526e-06  0.00000000e+00  1.79986133e+00 
 7.06354963e-06  0.00000000e+00  1.79994799e+00 
 7.07825555e-06  0.00000000e+00  1.79996964e+00 
 7.10588069e-06  0.00000000e+00  1.79998047e+00 
 7.14598650e-06  0.00000000e+00  1.79999111e+00 
 7.22557606e-06  0.00000000e+00  1.79999195e+00 
 7.25010000e-06  6.67038446e-12  1.79999713e+00 
 7.25011000e-06  1.80000000e-01  1.80053089e+00 
 7.25013000e-06  5.40000000e-01  1.80165793e+00 
 7.25017000e-06  1.26000000e+00  1.80418766e+00 
 7.25020000e-06  1.80000000e+00  1.80608616e+00 
 7.25020052e-06  1.80000000e+00  1.80608187e+00 
 7.25020157e-06  1.80000000e+00  1.80606734e+00 
 7.25020365e-06  1.80000000e+00  1.80603248e+00 
 7.25020783e-06  1.80000000e+00  1.80598316e+00 
 7.25021617e-06  1.80000000e+00  1.80590260e+00 
 7.25023287e-06  1.80000000e+00  1.80575202e+00 
 7.25026626e-06  1.80000000e+00  1.80547209e+00 
 7.25033303e-06  1.80000000e+00  1.80501125e+00 
 7.25041765e-06  1.80000000e+00  1.80456048e+00 
 7.25058688e-06  1.80000000e+00  1.80389380e+00 
 7.25076771e-06  1.80000000e+00  1.80333505e+00 
 7.25106943e-06  1.80000000e+00  1.80286837e+00 
 7.25167285e-06  1.80000000e+00  1.80405229e+00 
 7.25229370e-06  1.80000000e+00  1.80449252e+00 
 7.25299240e-06  1.80000000e+00  1.80290133e+00 
 7.25371554e-06  1.80000000e+00  1.80194038e+00 
 7.25464505e-06  1.80000000e+00  1.80126153e+00 
 7.25566254e-06  1.80000000e+00  1.79991992e+00 
 7.25660769e-06  1.80000000e+00  1.79865753e+00 
 7.25783195e-06  1.80000000e+00  1.79797647e+00 
 7.25894009e-06  1.80000000e+00  1.79790085e+00 
 7.26015155e-06  1.80000000e+00  1.79815381e+00 
 7.26190142e-06  1.80000000e+00  1.79851549e+00 
 7.26418278e-06  1.80000000e+00  1.79889792e+00 
 7.26812861e-06  1.80000000e+00  1.79933671e+00 
 7.27392485e-06  1.80000000e+00  1.79969799e+00 
 7.28551733e-06  1.80000000e+00  1.79994787e+00 
 7.30656736e-06  1.80000000e+00  1.80000628e+00 
 7.34866743e-06  1.80000000e+00  1.79999311e+00 
 7.43286757e-06  1.80000000e+00  1.80000510e+00 
 7.50000000e-06  1.80000000e+00  1.79999586e+00 
 7.50001000e-06  1.62000000e+00  1.79919942e+00 
 7.50003000e-06  1.26000000e+00  1.79771138e+00 
 7.50007000e-06  5.40000000e-01  1.79516163e+00 
 7.50010000e-06  0.00000000e+00  1.79360340e+00 
 7.50010052e-06  0.00000000e+00  1.79361738e+00 
 7.50010155e-06  0.00000000e+00  1.79365453e+00 
 7.50010362e-06  0.00000000e+00  1.79373635e+00 
 7.50010775e-06  0.00000000e+00  1.79387067e+00 
 7.50011603e-06  0.00000000e+00  1.79411240e+00 
 7.50013257e-06  0.00000000e+00  1.79455323e+00 
 7.50016565e-06  0.00000000e+00  1.79532597e+00 
 7.50023183e-06  0.00000000e+00  1.79648763e+00 
 7.50036417e-06  0.00000000e+00  1.79783987e+00 
 7.50062060e-06  0.00000000e+00  1.79892866e+00 
 7.50109194e-06  0.00000000e+00  1.79972182e+00 
 7.50171201e-06  0.00000000e+00  1.79969731e+00 
 7.50244722e-06  0.00000000e+00  1.79863420e+00 
 7.50307907e-06  0.00000000e+00  1.79734973e+00 
 7.50384494e-06  0.00000000e+00  1.79795909e+00 
 7.50478759e-06  0.00000000e+00  1.80064176e+00 
 7.50575595e-06  0.00000000e+00  1.80189042e+00 
 7.50667799e-06  0.00000000e+00  1.80174343e+00 
 7.50785259e-06  0.00000000e+00  1.80166186e+00 
 7.50905779e-06  0.00000000e+00  1.80153911e+00 
 7.51091162e-06  0.00000000e+00  1.80128916e+00 
 7.51292389e-06  0.00000000e+00  1.80115263e+00 
 7.51463492e-06  0.00000000e+00  1.80099658e+00 
 7.51643930e-06  0.00000000e+00  1.80079821e+00 
 7.51877009e-06  0.00000000e+00  1.80045802e+00 
 7.52116596e-06  0.00000000e+00  1.80021964e+00 
 7.52526903e-06  0.00000000e+00  1.80003799e+00 
 7.53091000e-06  0.00000000e+00  1.79998016e+00 
 7.54029097e-06  0.00000000e+00  1.79997493e+00 
 7.55641963e-06  0.00000000e+00  1.79998280e+00 
 7.58215537e-06  0.00000000e+00  1.79998609e+00 
 7.63008058e-06  0.00000000e+00  1.79999144e+00 
 7.71641345e-06  0.00000000e+00  1.79999386e+00 
 7.75010000e-06  0.00000000e+00  1.79999546e+00 
 7.75011000e-06  1.80000000e-01  1.80052215e+00 
 7.75013000e-06  5.40000000e-01  1.80164257e+00 
 7.75017000e-06  1.26000000e+00  1.80417998e+00 
 7.75020000e-06  1.80000000e+00  1.80608727e+00 
 7.75020052e-06  1.80000000e+00  1.80608313e+00 
 7.75020156e-06  1.80000000e+00  1.80606896e+00 
 7.75020365e-06  1.80000000e+00  1.80603487e+00 
 7.75020782e-06  1.80000000e+00  1.80598692e+00 
 7.75021617e-06  1.80000000e+00  1.80590854e+00 
 7.75023286e-06  1.80000000e+00  1.80576155e+00 
 7.75026624e-06  1.80000000e+00  1.80548686e+00 
 7.75033299e-06  1.80000000e+00  1.80502946e+00 
 7.75041717e-06  1.80000000e+00  1.80457922e+00 
 7.75058552e-06  1.80000000e+00  1.80390821e+00 
 7.75081568e-06  1.80000000e+00  1.80320623e+00 
 7.75109345e-06  1.80000000e+00  1.80284297e+00 
 7.75164898e-06  1.80000000e+00  1.80400055e+00 
 7.75225968e-06  1.80000000e+00  1.80456168e+00 
 7.75292065e-06  1.80000000e+00  1.80305022e+00 
 7.75364585e-06  1.80000000e+00  1.80199789e+00 
 7.75457239e-06  1.80000000e+00  1.80132302e+00 
 7.75557900e-06  1.80000000e+00  1.80012514e+00 
 7.75656387e-06  1.80000000e+00  1.79885559e+00 
 7.75762066e-06  1.80000000e+00  1.79818873e+00 
 7.75856938e-06  1.80000000e+00  1.79791567e+00 
 7.75956074e-06  1.80000000e+00  1.79798115e+00 
 7.76063299e-06  1.80000000e+00  1.79823144e+00 
 7.76187519e-06  1.80000000e+00  1.79847309e+00 
 7.76435958e-06  1.80000000e+00  1.79890142e+00 
 7.76851588e-06  1.80000000e+00  1.79935404e+00 
 7.77494054e-06  1.80000000e+00  1.79973527e+00 
 7.78778985e-06  1.80000000e+00  1.79996510e+00 
 7.81348847e-06  1.80000000e+00  1.80000819e+00 
 7.86488571e-06  1.80000000e+00  1.79999191e+00 
 7.96768020e-06  1.80000000e+00  1.80000720e+00 
 8.00000000e-06  1.80000000e+00  1.79999482e+00 
 8.00001000e-06  1.62000000e+00  1.79920006e+00 
 8.00003000e-06  1.26000000e+00  1.79771213e+00 
 8.00007000e-06  5.40000000e-01  1.79515389e+00 
 8.00010000e-06  0.00000000e+00  1.79359104e+00 
 8.00010052e-06  0.00000000e+00  1.79360498e+00 
 8.00010155e-06  0.00000000e+00  1.79364201e+00 
 8.00010362e-06  0.00000000e+00  1.79372357e+00 
 8.00010775e-06  0.00000000e+00  1.79385752e+00 
 8.00011602e-06  0.00000000e+00  1.79409903e+00 
 8.00013256e-06  0.00000000e+00  1.79453974e+00 
 8.00016564e-06  0.00000000e+00  1.79531302e+00 
 8.00023179e-06  0.00000000e+00  1.79647647e+00 
 8.00036409e-06  0.00000000e+00  1.79783266e+00 
 8.00062006e-06  0.00000000e+00  1.79892606e+00 
 8.00109200e-06  0.00000000e+00  1.79972666e+00 
 8.00171111e-06  0.00000000e+00  1.79971023e+00 
 8.00244721e-06  0.00000000e+00  1.79866890e+00 
 8.00308471e-06  0.00000000e+00  1.79733115e+00 
 8.00385161e-06  0.00000000e+00  1.79776892e+00 
 8.00481539e-06  0.00000000e+00  1.80017535e+00 
 8.00575237e-06  0.00000000e+00  1.80119113e+00 
 8.00670241e-06  0.00000000e+00  1.80095472e+00 
 8.00756687e-06  0.00000000e+00  1.80077214e+00 
 8.00850917e-06  0.00000000e+00  1.80066451e+00 
 8.00954511e-06  0.00000000e+00  1.80051343e+00 
 8.01070295e-06  0.00000000e+00  1.80038437e+00 
 8.01243478e-06  0.00000000e+00  1.80024146e+00 
 8.01396015e-06  0.00000000e+00  1.80015757e+00 
 8.01557368e-06  0.00000000e+00  1.80009814e+00 
 8.01723206e-06  0.00000000e+00  1.80005705e+00 
 8.01904350e-06  0.00000000e+00  1.80002910e+00 
 8.02266638e-06  0.00000000e+00  1.79999857e+00 
 8.02810201e-06  0.00000000e+00  1.79998469e+00 
 8.03695524e-06  0.00000000e+00  1.79998161e+00 
 8.05466170e-06  0.00000000e+00  1.79998462e+00 
 8.09007462e-06  0.00000000e+00  1.79998830e+00 
 8.16090046e-06  0.00000000e+00  1.79999289e+00 
 8.25010000e-06  0.00000000e+00  1.79999500e+00 
 8.25011000e-06  1.80000000e-01  1.80052171e+00 
 8.25013000e-06  5.40000000e-01  1.80164203e+00 
 8.25017000e-06  1.26000000e+00  1.80417984e+00 
 8.25020000e-06  1.80000000e+00  1.80608661e+00 
 8.25020052e-06  1.80000000e+00  1.80608246e+00 
 8.25020157e-06  1.80000000e+00  1.80606825e+00 
 8.25020365e-06  1.80000000e+00  1.80603408e+00 
 8.25020783e-06  1.80000000e+00  1.80598607e+00 
 8.25021618e-06  1.80000000e+00  1.80590751e+00 
 8.25023289e-06  1.80000000e+00  1.80576015e+00 
 8.25026629e-06  1.80000000e+00  1.80548452e+00 
 8.25033311e-06  1.80000000e+00  1.80502614e+00 
 8.25046674e-06  1.80000000e+00  1.80435248e+00 
 8.25064428e-06  1.80000000e+00  1.80371587e+00 
 8.25085357e-06  1.80000000e+00  1.80312204e+00 
 8.25127216e-06  1.80000000e+00  1.80300166e+00 
 8.25192979e-06  1.80000000e+00  1.80471998e+00 
 8.25260845e-06  1.80000000e+00  1.80377423e+00 
 8.25330746e-06  1.80000000e+00  1.80227761e+00 
 8.25422357e-06  1.80000000e+00  1.80146465e+00 
 8.25544679e-06  1.80000000e+00  1.80101538e+00 
 8.25660424e-06  1.80000000e+00  1.80088745e+00 
 8.25788693e-06  1.80000000e+00  1.80071563e+00 
 8.25952637e-06  1.80000000e+00  1.80058970e+00 
 8.26158195e-06  1.80000000e+00  1.80042629e+00 
 8.26424249e-06  1.80000000e+00  1.80030139e+00 
 8.26764678e-06  1.80000000e+00  1.80017282e+00 
 8.27257488e-06  1.80000000e+00  1.80008876e+00 
 8.28243107e-06  1.80000000e+00  1.80000534e+00 
 8.29636249e-06  1.80000000e+00  1.80000077e+00 
 8.32422533e-06  1.80000000e+00  1.79999315e+00 
 8.37995101e-06  1.80000000e+00  1.80000462e+00 
 8.48534504e-06  1.80000000e+00  1.79999536e+00 
 8.50000000e-06  1.80000000e+00  1.80000502e+00 
 8.50001000e-06  1.62000000e+00  1.79920775e+00 
 8.50003000e-06  1.26000000e+00  1.79771494e+00 
 8.50007000e-06  5.40000000e-01  1.79515117e+00 
 8.50010000e-06  0.00000000e+00  1.79358653e+00 
 8.50010052e-06  0.00000000e+00  1.79360047e+00 
 8.50010155e-06  0.00000000e+00  1.79363758e+00 
 8.50010362e-06  0.00000000e+00  1.79371930e+00 
 8.50010775e-06  0.00000000e+00  1.79385354e+00 
 8.50011602e-06  0.00000000e+00  1.79409576e+00 
 8.50013256e-06  0.00000000e+00  1.79453755e+00 
 8.50016563e-06  0.00000000e+00  1.79531255e+00 
 8.50023177e-06  0.00000000e+00  1.79648005e+00 
 8.50036406e-06  0.00000000e+00  1.79784587e+00 
 8.50061994e-06  0.00000000e+00  1.79895459e+00 
 8.50107170e-06  0.00000000e+00  1.79977619e+00 
 8.50173003e-06  0.00000000e+00  1.79957484e+00 
 8.50251963e-06  0.00000000e+00  1.79785077e+00 
 8.50322275e-06  0.00000000e+00  1.80140246e+00 
 8.50397255e-06  0.00000000e+00  1.81384179e+00 
 8.50473910e-06  0.00000000e+00  1.81401758e+00 
 8.50559963e-06  0.00000000e+00  1.79104995e+00 
 8.50653651e-06  0.00000000e+00  1.76093464e+00 
 8.50786033e-06  0.00000000e+00  1.72023803e+00 
 8.50877426e-06  0.00000000e+00  1.69148527e+00 
 8.50982287e-06  0.00000000e+00  1.65888413e+00 
 8.51108661e-06  0.00000000e+00  1.61931053e+00 
 8.51245559e-06  0.00000000e+00  1.57652349e+00 
 8.51519355e-06  0.00000000e+00  1.49068818e+00 
 8.51832212e-06  0.00000000e+00  1.39260124e+00 
 8.52457927e-06  0.00000000e+00  1.19672096e+00 
 8.53634261e-06  0.00000000e+00  8.38110290e-01 
 8.53765378e-06  0.00000000e+00  8.00042672e-01 
 8.54027612e-06  0.00000000e+00  7.26684918e-01 
 8.54552081e-06  0.00000000e+00  5.88942051e-01 
 8.55027231e-06  0.00000000e+00  4.77189207e-01 
 8.55414853e-06  0.00000000e+00  3.78545760e-01 
 8.55734957e-06  0.00000000e+00  3.10516492e-01 
 8.56040659e-06  0.00000000e+00  2.56938289e-01 
 8.56355322e-06  0.00000000e+00  2.04885041e-01 
 8.56572704e-06  0.00000000e+00  1.74821301e-01 
 8.56762481e-06  0.00000000e+00  1.46927946e-01 
 8.56931833e-06  0.00000000e+00  1.26557086e-01 
 8.57079623e-06  0.00000000e+00  1.10929466e-01 
 8.57229973e-06  0.00000000e+00  9.78633758e-02 
 8.57421257e-06  0.00000000e+00  8.33259848e-02 
 8.57626051e-06  0.00000000e+00  7.06299525e-02 
 8.57923892e-06  0.00000000e+00  5.55021030e-02 
 8.58302123e-06  0.00000000e+00  4.12317117e-02 
 8.58708052e-06  0.00000000e+00  3.00170703e-02 
 8.59310075e-06  0.00000000e+00  1.88866313e-02 
 8.59921290e-06  0.00000000e+00  1.16910148e-02 
 8.60866489e-06  0.00000000e+00  5.49038333e-03 
 8.62032247e-06  0.00000000e+00  2.02003843e-03 
 8.63884051e-06  0.00000000e+00  2.96474760e-04 
 8.67264635e-06  0.00000000e+00 -4.47249613e-04 
 8.71938483e-06  0.00000000e+00 -6.50147922e-04 
 8.75010000e-06  0.00000000e+00 -6.40843992e-04 
 8.75011000e-06  1.80000000e-01  6.02723734e-05 
 8.75013000e-06  5.40000000e-01  1.35269502e-03 
 8.75017000e-06  1.26000000e+00  3.60727658e-03 
 8.75020000e-06  1.80000000e+00  5.08338689e-03 
 8.75020052e-06  1.80000000e+00  5.07267177e-03 
 8.75020157e-06  1.80000000e+00  5.04706537e-03 
 8.75020365e-06  1.80000000e+00  4.99402032e-03 
 8.75020783e-06  1.80000000e+00  4.91072590e-03 
 8.75021618e-06  1.80000000e+00  4.77013153e-03 
 8.75023287e-06  1.80000000e+00  4.51787143e-03 
 8.75026627e-06  1.80000000e+00  4.08670517e-03 
 8.75033307e-06  1.80000000e+00  3.45673303e-03 
 8.75046665e-06  1.80000000e+00  2.72866427e-03 
 8.75064416e-06  1.80000000e+00  2.28395901e-03 
 8.75091408e-06  1.80000000e+00  2.00598872e-03 
 8.75145391e-06  1.80000000e+00  2.49702564e-03 
 8.75211027e-06  1.80000000e+00  3.09704718e-03 
 8.75280933e-06  1.80000000e+00  2.24207606e-03 
 8.75354193e-06  1.80000000e+00  1.89833628e-03 
 8.75447094e-06  1.80000000e+00  1.88136255e-03 
 8.75552483e-06  1.80000000e+00  8.21737169e-04 
 8.75659986e-06  1.80000000e+00 -1.67588643e-03 
 8.75764849e-06  1.80000000e+00 -1.95597602e-03 
 8.75875689e-06  1.80000000e+00 -6.39870641e-04 
 8.76009540e-06  1.80000000e+00 -6.89542195e-04 
 8.76143613e-06  1.80000000e+00 -7.57039185e-04 
 8.76295339e-06  1.80000000e+00 -6.69532229e-04 
 8.76598790e-06  1.80000000e+00 -6.44000756e-04 
 8.77011201e-06  1.80000000e+00 -5.24248268e-04 
 8.77740736e-06  1.80000000e+00 -4.29202505e-04 
 8.78915692e-06  1.80000000e+00 -2.14120123e-04 
 8.80823262e-06  1.80000000e+00  2.23173828e-05 
 8.84075513e-06  1.80000000e+00  4.54630143e-04 
 8.90365105e-06  1.80000000e+00  9.31818160e-04 
 8.96292359e-06  1.80000000e+00  1.00330125e-03 
 9.00000000e-06  1.80000000e+00  4.66974947e-03 
