 1.00000000e-12  1.78200000e+00  5.64083906e-01 
 1.02800000e-12  1.78149600e+00  5.59857936e-01 
 1.08400000e-12  1.78048800e+00  5.56154068e-01 
 1.19600000e-12  1.77847200e+00  5.59202093e-01 
 1.42000000e-12  1.77444000e+00  5.65373217e-01 
 1.69036665e-12  1.76957340e+00  5.70800902e-01 
 2.23109994e-12  1.75984020e+00  5.77265603e-01 
 3.12480611e-12  1.74375349e+00  5.80834743e-01 
 4.33479427e-12  1.72197370e+00  5.81655941e-01 
 6.23995093e-12  1.68768088e+00  5.81485326e-01 
 9.24229100e-12  1.63363876e+00  5.81266619e-01 
 1.35340054e-11  1.55638790e+00  5.80827425e-01 
 1.97330080e-11  1.44480586e+00  5.80366352e-01 
 3.21310133e-11  1.22164176e+00  5.79377822e-01 
 5.69270238e-11  7.75313571e-01  5.78131859e-01 
 1.00000000e-10  0.00000000e+00  5.77833617e-01 
 1.04959202e-10  0.00000000e+00  5.78308639e-01 
 1.14877606e-10  0.00000000e+00  5.79180347e-01 
 1.34714415e-10  0.00000000e+00  5.80890139e-01 
 1.74388032e-10  0.00000000e+00  5.84295889e-01 
 2.53735265e-10  0.00000000e+00  5.91341175e-01 
 4.12429733e-10  0.00000000e+00  6.02740095e-01 
 6.70076291e-10  0.00000000e+00  6.15856639e-01 
 9.57768260e-10  0.00000000e+00  6.27189193e-01 
 1.37600320e-09  0.00000000e+00  6.40228376e-01 
 1.89593271e-09  0.00000000e+00  6.39703076e-01 
 2.44703473e-09  0.00000000e+00  6.22991113e-01 
 3.24195525e-09  0.00000000e+00  5.80934541e-01 
 4.15073593e-09  0.00000000e+00  5.27636919e-01 
 5.13887836e-09  0.00000000e+00  4.75524652e-01 
 6.10088248e-09  0.00000000e+00  4.20591842e-01 
 6.80500282e-09  0.00000000e+00  3.82926861e-01 
 7.51108856e-09  0.00000000e+00  3.45788640e-01 
 8.18108160e-09  0.00000000e+00  3.12943001e-01 
 8.91733029e-09  0.00000000e+00  2.79795455e-01 
 9.92654788e-09  0.00000000e+00  2.40870635e-01 
 1.08917267e-08  0.00000000e+00  2.08436887e-01 
 1.17117789e-08  0.00000000e+00  1.83067168e-01 
 1.25159723e-08  0.00000000e+00  1.59731998e-01 
 1.33662023e-08  0.00000000e+00  1.37187254e-01 
 1.41756772e-08  0.00000000e+00  1.18670229e-01 
 1.57773148e-08  0.00000000e+00  8.83299179e-02 
 1.79367511e-08  0.00000000e+00  5.87905160e-02 
 2.17858654e-08  0.00000000e+00  2.74331810e-02 
 2.62611087e-08  0.00000000e+00  1.10146856e-02 
 3.07992021e-08  0.00000000e+00  4.28606201e-03 
 3.52045770e-08  0.00000000e+00  1.73810190e-03 
 4.02366343e-08  0.00000000e+00  6.03512497e-04 
 4.56464329e-08  0.00000000e+00  1.97811230e-04 
 5.19739171e-08  0.00000000e+00  5.18969615e-05 
 6.07162904e-08  0.00000000e+00  1.51138018e-05 
 7.39277184e-08  0.00000000e+00  2.26095050e-06 
 9.74363829e-08  0.00000000e+00  6.86470616e-06 
 1.35438116e-07  0.00000000e+00 -2.21507386e-06 
 2.07372161e-07  0.00000000e+00  3.27879490e-06 
 2.50100000e-07  0.00000000e+00 -3.38766806e-06 
 2.50110000e-07  1.80000000e-01  1.40862533e-03 
 2.50130000e-07  5.40000000e-01  4.56267534e-03 
 2.50170000e-07  1.26000000e+00  9.33835061e-03 
 2.50200000e-07  1.80000000e+00  1.05081839e-02 
 2.50207645e-07  1.80000000e+00  9.53715475e-03 
 2.50222936e-07  1.80000000e+00  7.37329676e-03 
 2.50253518e-07  1.80000000e+00  3.59292510e-03 
 2.50314681e-07  1.80000000e+00 -1.75239651e-04 
 2.50407321e-07  1.80000000e+00 -1.79401564e-03 
 2.50568806e-07  1.80000000e+00 -2.24366492e-03 
 2.50730715e-07  1.80000000e+00 -1.47442590e-03 
 2.51035217e-07  1.80000000e+00  1.19905170e-03 
 2.51400426e-07  1.80000000e+00  3.83553731e-03 
 2.51910955e-07  1.80000000e+00  2.01244304e-03 
 2.52373519e-07  1.80000000e+00  1.05152870e-03 
 2.53039255e-07  1.80000000e+00  3.99274267e-04 
 2.53667035e-07  1.80000000e+00  3.88487648e-06 
 2.54221142e-07  1.80000000e+00  7.38053327e-04 
 2.54809536e-07  1.80000000e+00  9.39272093e-04 
 2.55421274e-07  1.80000000e+00  6.49551335e-04 
 2.56164910e-07  1.80000000e+00  8.01295413e-04 
 2.56994203e-07  1.80000000e+00  8.26215339e-04 
 2.58433117e-07  1.80000000e+00  7.02147457e-04 
 2.59852437e-07  1.80000000e+00  6.33129249e-04 
 2.62620274e-07  1.80000000e+00  3.40605591e-04 
 2.65873009e-07  1.80000000e+00  2.66940238e-04 
 2.72378479e-07  1.80000000e+00  5.21218244e-05 
 2.84601545e-07  1.80000000e+00  6.35294659e-05 
 3.04296069e-07  1.80000000e+00 -2.48870631e-05 
 3.43685117e-07  1.80000000e+00  4.15574187e-05 
 4.22463214e-07  1.80000000e+00 -3.43137760e-05 
 5.00000000e-07  1.80000000e+00  3.89460009e-05 
 5.00010000e-07  1.62000000e+00 -8.13389417e-04 
 5.00030000e-07  1.26000000e+00 -2.33842030e-03 
 5.00070000e-07  5.40000000e-01 -4.36985350e-03 
 5.00100000e-07  0.00000000e+00 -5.31663356e-03 
 5.00108000e-07  0.00000000e+00 -4.86516068e-03 
 5.00124000e-07  0.00000000e+00 -3.93221005e-03 
 5.00156000e-07  0.00000000e+00 -2.56281526e-03 
 5.00220000e-07  0.00000000e+00 -1.10297145e-03 
 5.00344988e-07  0.00000000e+00 -2.22152031e-05 
 5.00517945e-07  0.00000000e+00  3.39691788e-04 
 5.00863860e-07  0.00000000e+00  1.11408598e-03 
 5.01310494e-07  0.00000000e+00 -4.10237845e-03 
 5.01817262e-07  0.00000000e+00 -1.69048904e-02 
 5.02312406e-07  0.00000000e+00  2.85122564e-03 
 5.02776377e-07  0.00000000e+00  5.90502505e-02 
 5.03344874e-07  0.00000000e+00  1.38977016e-01 
 5.03937805e-07  0.00000000e+00  2.25013312e-01 
 5.04596030e-07  0.00000000e+00  3.19094281e-01 
 5.05514171e-07  0.00000000e+00  4.43902160e-01 
 5.06434892e-07  0.00000000e+00  5.60763385e-01 
 5.07766884e-07  0.00000000e+00  7.24494583e-01 
 5.08986006e-07  0.00000000e+00  8.68740097e-01 
 5.10313181e-07  0.00000000e+00  9.96316193e-01 
 5.11667974e-07  0.00000000e+00  1.11450877e+00 
 5.13194141e-07  0.00000000e+00  1.22359530e+00 
 5.14669493e-07  0.00000000e+00  1.39354774e+00 
 5.16242733e-07  0.00000000e+00  1.58668757e+00 
 5.18439013e-07  0.00000000e+00  1.73317729e+00 
 5.20955126e-07  0.00000000e+00  1.78728917e+00 
 5.24911391e-07  0.00000000e+00  1.79998251e+00 
 5.30833568e-07  0.00000000e+00  1.80064585e+00 
 5.41524151e-07  0.00000000e+00  1.79944494e+00 
 5.59453769e-07  0.00000000e+00  1.80064085e+00 
 5.91917353e-07  0.00000000e+00  1.79939269e+00 
 6.56844521e-07  0.00000000e+00  1.80062866e+00 
 7.50100000e-07  9.52912066e-13  1.79937976e+00 
 7.50110000e-07  1.80000000e-01  1.80023933e+00 
 7.50130000e-07  5.40000000e-01  1.80208676e+00 
 7.50170000e-07  1.26000000e+00  1.80575057e+00 
 7.50200000e-07  1.80000000e+00  1.80805217e+00 
 7.50208000e-07  1.80000000e+00  1.80776472e+00 
 7.50224000e-07  1.80000000e+00  1.80716628e+00 
 7.50256000e-07  1.80000000e+00  1.80623534e+00 
 7.50320000e-07  1.80000000e+00  1.80505215e+00 
 7.50448000e-07  1.80000000e+00  1.80369650e+00 
 7.50697945e-07  1.80000000e+00  1.80232523e+00 
 7.51019854e-07  1.80000000e+00  1.80396932e+00 
 7.51566777e-07  1.80000000e+00  1.80751933e+00 
 7.52059723e-07  1.80000000e+00  1.80450260e+00 
 7.52583793e-07  1.80000000e+00  1.80170520e+00 
 7.53358623e-07  1.80000000e+00  1.79990122e+00 
 7.53869385e-07  1.80000000e+00  1.80049255e+00 
 7.54453375e-07  1.80000000e+00  1.80204210e+00 
 7.55026162e-07  1.80000000e+00  1.79970214e+00 
 7.55631023e-07  1.80000000e+00  1.79992553e+00 
 7.56457937e-07  1.80000000e+00  1.79985362e+00 
 7.57324492e-07  1.80000000e+00  1.79996512e+00 
 7.59057602e-07  1.80000000e+00  1.79994648e+00 
 7.61351792e-07  1.80000000e+00  1.79999245e+00 
 7.64956247e-07  1.80000000e+00  1.79999498e+00 
 7.71924971e-07  1.80000000e+00  1.80000976e+00 
 7.85862418e-07  1.80000000e+00  1.80000558e+00 
 8.13737313e-07  1.80000000e+00  1.80000737e+00 
 8.69487103e-07  1.80000000e+00  1.80000444e+00 
 9.80986683e-07  1.80000000e+00  1.80000456e+00 
 1.00000000e-06  1.80000000e+00  1.80000364e+00 
 1.00001000e-06  1.62000000e+00  1.79878810e+00 
 1.00003000e-06  1.26000000e+00  1.79657102e+00 
 1.00007000e-06  5.40000000e-01  1.79326374e+00 
 1.00010000e-06  0.00000000e+00  1.79166896e+00 
 1.00010800e-06  0.00000000e+00  1.79225816e+00 
 1.00012400e-06  0.00000000e+00  1.79341639e+00 
 1.00015600e-06  0.00000000e+00  1.79515666e+00 
 1.00022000e-06  0.00000000e+00  1.79744126e+00 
 1.00034493e-06  0.00000000e+00  1.79991533e+00 
 1.00051796e-06  0.00000000e+00  1.80132548e+00 
 1.00086401e-06  0.00000000e+00  1.80235798e+00 
 1.00131068e-06  0.00000000e+00  1.80157874e+00 
 1.00181765e-06  0.00000000e+00  1.79908446e+00 
 1.00231165e-06  0.00000000e+00  1.79772119e+00 
 1.00278347e-06  0.00000000e+00  1.79907542e+00 
 1.00332477e-06  0.00000000e+00  1.79844066e+00 
 1.00390268e-06  0.00000000e+00  1.79861695e+00 
 1.00449034e-06  0.00000000e+00  1.79083748e+00 
 1.00521463e-06  0.00000000e+00  1.78808067e+00 
 1.00584114e-06  0.00000000e+00  1.78455607e+00 
 1.00650535e-06  0.00000000e+00  1.78504981e+00 
 1.00747547e-06  0.00000000e+00  1.79100945e+00 
 1.00837227e-06  0.00000000e+00  1.79440090e+00 
 1.00976473e-06  0.00000000e+00  1.79754106e+00 
 1.01132858e-06  0.00000000e+00  1.79921834e+00 
 1.01278778e-06  0.00000000e+00  1.79996438e+00 
 1.01389888e-06  0.00000000e+00  1.79933051e+00 
 1.01496493e-06  0.00000000e+00  1.79865935e+00 
 1.01611569e-06  0.00000000e+00  1.79968320e+00 
 1.01716312e-06  0.00000000e+00  1.79806169e+00 
 1.01825429e-06  0.00000000e+00  1.79758680e+00 
 1.01946212e-06  0.00000000e+00  1.79846040e+00 
 1.02139272e-06  0.00000000e+00  1.79949723e+00 
 1.02313427e-06  0.00000000e+00  1.79976594e+00 
 1.02661736e-06  0.00000000e+00  1.79996225e+00 
 1.03195981e-06  0.00000000e+00  1.79995146e+00 
 1.04012643e-06  0.00000000e+00  1.79997836e+00 
 1.05514708e-06  0.00000000e+00  1.79996541e+00 
 1.08274850e-06  0.00000000e+00  1.79999315e+00 
 1.10956155e-06  0.00000000e+00  1.79997494e+00 
 1.13765909e-06  0.00000000e+00  1.79997836e+00 
 1.15388107e-06  0.00000000e+00  1.80002660e+00 
 1.16594466e-06  0.00000000e+00  1.79999436e+00 
 1.17763461e-06  0.00000000e+00  1.79997603e+00 
 1.18674252e-06  0.00000000e+00  1.80001335e+00 
 1.19625044e-06  0.00000000e+00  1.79997290e+00 
 1.21202295e-06  0.00000000e+00  1.80001167e+00 
 1.22737956e-06  0.00000000e+00  1.79997769e+00 
 1.25010000e-06  0.00000000e+00  1.80000921e+00 
 1.25011000e-06  1.80000000e-01  1.80073940e+00 
 1.25013000e-06  5.40000000e-01  1.80244282e+00 
 1.25017000e-06  1.26000000e+00  1.80613416e+00 
 1.25020000e-06  1.80000000e+00  1.80854636e+00 
 1.25020800e-06  1.80000000e+00  1.80824264e+00 
 1.25022400e-06  1.80000000e+00  1.80760719e+00 
 1.25025600e-06  1.80000000e+00  1.80660354e+00 
 1.25032000e-06  1.80000000e+00  1.80532380e+00 
 1.25044800e-06  1.80000000e+00  1.80386632e+00 
 1.25069682e-06  1.80000000e+00  1.80246962e+00 
 1.25101631e-06  1.80000000e+00  1.80377736e+00 
 1.25156144e-06  1.80000000e+00  1.80704844e+00 
 1.25205505e-06  1.80000000e+00  1.80379711e+00 
 1.25257699e-06  1.80000000e+00  1.80129362e+00 
 1.25334806e-06  1.80000000e+00  1.80009107e+00 
 1.25384787e-06  1.80000000e+00  1.79998695e+00 
 1.25441823e-06  1.80000000e+00  1.79992343e+00 
 1.25510726e-06  1.80000000e+00  1.79982351e+00 
 1.25590047e-06  1.80000000e+00  1.79990403e+00 
 1.25666602e-06  1.80000000e+00  1.79988119e+00 
 1.25819712e-06  1.80000000e+00  1.79995204e+00 
 1.25988248e-06  1.80000000e+00  1.79994264e+00 
 1.26281097e-06  1.80000000e+00  1.79999730e+00 
 1.26687733e-06  1.80000000e+00  1.79997977e+00 
 1.27501006e-06  1.80000000e+00  1.80001468e+00 
 1.29127551e-06  1.80000000e+00  1.79998538e+00 
 1.32380641e-06  1.80000000e+00  1.80001439e+00 
 1.38886820e-06  1.80000000e+00  1.79998557e+00 
 1.50000000e-06  1.80000000e+00  1.80001434e+00 
 1.50001000e-06  1.62000000e+00  1.79876273e+00 
 1.50003000e-06  1.26000000e+00  1.79646659e+00 
 1.50007000e-06  5.40000000e-01  1.79305914e+00 
 1.50010000e-06  0.00000000e+00  1.79136991e+00 
 1.50010800e-06  0.00000000e+00  1.79196383e+00 
 1.50012400e-06  0.00000000e+00  1.79315027e+00 
 1.50015600e-06  0.00000000e+00  1.79496515e+00 
 1.50022000e-06  0.00000000e+00  1.79736440e+00 
 1.50034493e-06  0.00000000e+00  1.79986816e+00 
 1.50051795e-06  0.00000000e+00  1.80127790e+00 
 1.50086399e-06  0.00000000e+00  1.80230487e+00 
 1.50130983e-06  0.00000000e+00  1.80160721e+00 
 1.50174915e-06  0.00000000e+00  1.79952022e+00 
 1.50222652e-06  0.00000000e+00  1.79739745e+00 
 1.50267822e-06  0.00000000e+00  1.79735608e+00 
 1.50321659e-06  0.00000000e+00  1.79787951e+00 
 1.50378650e-06  0.00000000e+00  1.79843975e+00 
 1.50441619e-06  0.00000000e+00  1.79894961e+00 
 1.50521228e-06  0.00000000e+00  1.79926423e+00 
 1.50603872e-06  0.00000000e+00  1.79950705e+00 
 1.50673392e-06  0.00000000e+00  1.79966614e+00 
 1.50746087e-06  0.00000000e+00  1.79975784e+00 
 1.50839412e-06  0.00000000e+00  1.79983502e+00 
 1.50937131e-06  0.00000000e+00  1.79987615e+00 
 1.51031529e-06  0.00000000e+00  1.79990656e+00 
 1.51145324e-06  0.00000000e+00  1.79992006e+00 
 1.51272427e-06  0.00000000e+00  1.79993648e+00 
 1.51518095e-06  0.00000000e+00  1.79994294e+00 
 1.51871929e-06  0.00000000e+00  1.79995492e+00 
 1.52520825e-06  0.00000000e+00  1.79995763e+00 
 1.53662684e-06  0.00000000e+00  1.79997137e+00 
 1.55625274e-06  0.00000000e+00  1.79997529e+00 
 1.59550455e-06  0.00000000e+00  1.79998858e+00 
 1.67400817e-06  0.00000000e+00  1.79998995e+00 
 1.75010000e-06  0.00000000e+00  1.79999721e+00 
 1.75011000e-06  1.80000000e-01  1.80058880e+00 
 1.75013000e-06  5.40000000e-01  1.80209865e+00 
 1.75017000e-06  1.26000000e+00  1.80569284e+00 
 1.75020000e-06  1.80000000e+00  1.80814438e+00 
 1.75020800e-06  1.80000000e+00  1.80786759e+00 
 1.75022400e-06  1.80000000e+00  1.80728211e+00 
 1.75025600e-06  1.80000000e+00  1.80635350e+00 
 1.75032000e-06  1.80000000e+00  1.80516614e+00 
 1.75044800e-06  1.80000000e+00  1.80379717e+00 
 1.75069681e-06  1.80000000e+00  1.80246344e+00 
 1.75101483e-06  1.80000000e+00  1.80379573e+00 
 1.75156159e-06  1.80000000e+00  1.80710858e+00 
 1.75205425e-06  1.80000000e+00  1.80391403e+00 
 1.75257699e-06  1.80000000e+00  1.80123331e+00 
 1.75334885e-06  1.80000000e+00  1.79956202e+00 
 1.75385872e-06  1.80000000e+00  1.79975111e+00 
 1.75444295e-06  1.80000000e+00  1.80023535e+00 
 1.75500726e-06  1.80000000e+00  1.80057068e+00 
 1.75560663e-06  1.80000000e+00  1.80127656e+00 
 1.75645596e-06  1.80000000e+00  1.80160825e+00 
 1.75737046e-06  1.80000000e+00  1.80144722e+00 
 1.75828880e-06  1.80000000e+00  1.80104206e+00 
 1.75926276e-06  1.80000000e+00  1.80087203e+00 
 1.76065020e-06  1.80000000e+00  1.80058304e+00 
 1.76216021e-06  1.80000000e+00  1.80041432e+00 
 1.76498738e-06  1.80000000e+00  1.80016141e+00 
 1.76870917e-06  1.80000000e+00  1.80007331e+00 
 1.77615275e-06  1.80000000e+00  1.79998479e+00 
 1.79103992e-06  1.80000000e+00  1.80001469e+00 
 1.82081424e-06  1.80000000e+00  1.79998530e+00 
 1.88036290e-06  1.80000000e+00  1.80001456e+00 
 1.99946020e-06  1.80000000e+00  1.79998540e+00 
 2.00000000e-06  1.80000000e+00  1.80001059e+00 
 2.00001000e-06  1.62000000e+00  1.79876319e+00 
 2.00003000e-06  1.26000000e+00  1.79648254e+00 
 2.00007000e-06  5.40000000e-01  1.79308302e+00 
 2.00010000e-06  3.67639252e-12  1.79138715e+00 
 2.00010800e-06  0.00000000e+00  1.79198059e+00 
 2.00012400e-06  0.00000000e+00  1.79316653e+00 
 2.00015600e-06  0.00000000e+00  1.79497876e+00 
 2.00022000e-06  0.00000000e+00  1.79737269e+00 
 2.00034489e-06  0.00000000e+00  1.79986812e+00 
 2.00051773e-06  0.00000000e+00  1.80127466e+00 
 2.00086341e-06  0.00000000e+00  1.80231063e+00 
 2.00131008e-06  0.00000000e+00  1.80161864e+00 
 2.00181630e-06  0.00000000e+00  1.79918525e+00 
 2.00231012e-06  0.00000000e+00  1.79768214e+00 
 2.00278165e-06  0.00000000e+00  1.79886817e+00 
 2.00333717e-06  0.00000000e+00  1.79714433e+00 
 2.00392620e-06  0.00000000e+00  1.79815999e+00 
 2.00456747e-06  0.00000000e+00  1.79997800e+00 
 2.00518481e-06  0.00000000e+00  1.80058496e+00 
 2.00575491e-06  0.00000000e+00  1.80098326e+00 
 2.00641334e-06  0.00000000e+00  1.80036551e+00 
 2.00725733e-06  0.00000000e+00  1.80040508e+00 
 2.00817779e-06  0.00000000e+00  1.80005216e+00 
 2.00934802e-06  0.00000000e+00  1.80020317e+00 
 2.01042944e-06  0.00000000e+00  1.80005373e+00 
 2.01146573e-06  0.00000000e+00  1.80047420e+00 
 2.01262816e-06  0.00000000e+00  1.80040999e+00 
 2.01351322e-06  0.00000000e+00  1.79992281e+00 
 2.01437930e-06  0.00000000e+00  1.79900575e+00 
 2.01535943e-06  0.00000000e+00  1.79934913e+00 
 2.01637450e-06  0.00000000e+00  1.79935004e+00 
 2.01737165e-06  0.00000000e+00  1.79788340e+00 
 2.01856261e-06  0.00000000e+00  1.79775149e+00 
 2.01980491e-06  0.00000000e+00  1.79874063e+00 
 2.02165586e-06  0.00000000e+00  1.79955199e+00 
 2.02379671e-06  0.00000000e+00  1.79983886e+00 
 2.02807842e-06  0.00000000e+00  1.79996656e+00 
 2.03642597e-06  0.00000000e+00  1.79996186e+00 
 2.05050243e-06  0.00000000e+00  1.79997546e+00 
 2.06903488e-06  0.00000000e+00  1.79997891e+00 
 2.08574705e-06  0.00000000e+00  1.79998428e+00 
 2.10103321e-06  0.00000000e+00  1.80017861e+00 
 2.11114107e-06  0.00000000e+00  1.79943979e+00 
 2.12116173e-06  0.00000000e+00  1.80063120e+00 
 2.13102875e-06  0.00000000e+00  1.79935060e+00 
 2.14026998e-06  0.00000000e+00  1.80056841e+00 
 2.15546293e-06  0.00000000e+00  1.79945471e+00 
 2.17055436e-06  0.00000000e+00  1.80048066e+00 
 2.18978753e-06  0.00000000e+00  1.79953902e+00 
 2.21505598e-06  0.00000000e+00  1.80041938e+00 
 2.24514499e-06  0.00000000e+00  1.79959063e+00 
 2.25010000e-06  0.00000000e+00  1.80026733e+00 
 2.25011000e-06  1.80000000e-01  1.80087937e+00 
 2.25013000e-06  5.40000000e-01  1.80242302e+00 
 2.25017000e-06  1.26000000e+00  1.80604448e+00 
 2.25020000e-06  1.80000000e+00  1.80848414e+00 
 2.25020800e-06  1.80000000e+00  1.80822058e+00 
 2.25022400e-06  1.80000000e+00  1.80765770e+00 
 2.25025600e-06  1.80000000e+00  1.80674134e+00 
 2.25032000e-06  1.80000000e+00  1.80548861e+00 
 2.25044800e-06  1.80000000e+00  1.80396193e+00 
 2.25069827e-06  1.80000000e+00  1.80247926e+00 
 2.25101411e-06  1.80000000e+00  1.80376465e+00 
 2.25150519e-06  1.80000000e+00  1.80734632e+00 
 2.25202554e-06  1.80000000e+00  1.80426747e+00 
 2.25251679e-06  1.80000000e+00  1.80210520e+00 
 2.25326007e-06  1.80000000e+00  1.80052296e+00 
 2.25378886e-06  1.80000000e+00  1.79962875e+00 
 2.25439054e-06  1.80000000e+00  1.79867931e+00 
 2.25497704e-06  1.80000000e+00  1.79807162e+00 
 2.25560412e-06  1.80000000e+00  1.79815859e+00 
 2.25647154e-06  1.80000000e+00  1.79840250e+00 
 2.25771178e-06  1.80000000e+00  1.79886957e+00 
 2.25929171e-06  1.80000000e+00  1.79924628e+00 
 2.26189323e-06  1.80000000e+00  1.79965604e+00 
 2.26540139e-06  1.80000000e+00  1.79986233e+00 
 2.27241771e-06  1.80000000e+00  1.80000713e+00 
 2.28645035e-06  1.80000000e+00  1.79999055e+00 
 2.31451564e-06  1.80000000e+00  1.80000966e+00 
 2.37064622e-06  1.80000000e+00  1.79999015e+00 
 2.48290737e-06  1.80000000e+00  1.80000981e+00 
 2.50000000e-06  1.80000000e+00  1.79999002e+00 
 2.50001000e-06  1.62000000e+00  1.79877031e+00 
 2.50003000e-06  1.26000000e+00  1.79653335e+00 
 2.50007000e-06  5.40000000e-01  1.79312123e+00 
 2.50010000e-06  3.67639252e-12  1.79137780e+00 
 2.50010800e-06  0.00000000e+00  1.79194172e+00 
 2.50012400e-06  0.00000000e+00  1.79308237e+00 
 2.50015600e-06  0.00000000e+00  1.79488128e+00 
 2.50022000e-06  0.00000000e+00  1.79732808e+00 
 2.50034492e-06  0.00000000e+00  1.79992333e+00 
 2.50051788e-06  0.00000000e+00  1.80139723e+00 
 2.50086378e-06  0.00000000e+00  1.80226515e+00 
 2.50131056e-06  0.00000000e+00  1.80090078e+00 
 2.50181699e-06  0.00000000e+00  1.79860187e+00 
 2.50231455e-06  0.00000000e+00  1.79837779e+00 
 2.50278186e-06  0.00000000e+00  1.79942014e+00 
 2.50333231e-06  0.00000000e+00  1.79963841e+00 
 2.50391451e-06  0.00000000e+00  1.79969830e+00 
 2.50455059e-06  0.00000000e+00  1.79980592e+00 
 2.50549448e-06  0.00000000e+00  1.79980048e+00 
 2.50638105e-06  0.00000000e+00  1.79985929e+00 
 2.50718119e-06  0.00000000e+00  1.79994785e+00 
 2.50804815e-06  0.00000000e+00  1.79990012e+00 
 2.50888362e-06  0.00000000e+00  1.79994724e+00 
 2.50981717e-06  0.00000000e+00  1.79990737e+00 
 2.51086868e-06  0.00000000e+00  1.79994797e+00 
 2.51199538e-06  0.00000000e+00  1.79991294e+00 
 2.51424877e-06  0.00000000e+00  1.79995348e+00 
 2.51875556e-06  0.00000000e+00  1.79992754e+00 
 2.52768825e-06  0.00000000e+00  1.79997506e+00 
 2.54555363e-06  0.00000000e+00  1.79995418e+00 
 2.58128438e-06  0.00000000e+00  1.80000040e+00 
 2.65274589e-06  0.00000000e+00  1.79997388e+00 
 2.75010000e-06  0.00000000e+00  1.80001195e+00 
 2.75011000e-06  1.80000000e-01  1.80058827e+00 
 2.75013000e-06  5.40000000e-01  1.80207213e+00 
 2.75017000e-06  1.26000000e+00  1.80562829e+00 
 2.75020000e-06  1.80000000e+00  1.80805650e+00 
 2.75020800e-06  1.80000000e+00  1.80780146e+00 
 2.75022400e-06  1.80000000e+00  1.80725498e+00 
 2.75025600e-06  1.80000000e+00  1.80636722e+00 
 2.75032000e-06  1.80000000e+00  1.80517990e+00 
 2.75044800e-06  1.80000000e+00  1.80378334e+00 
 2.75069675e-06  1.80000000e+00  1.80245023e+00 
 2.75101267e-06  1.80000000e+00  1.80377361e+00 
 2.75150440e-06  1.80000000e+00  1.80737700e+00 
 2.75202440e-06  1.80000000e+00  1.80430863e+00 
 2.75251588e-06  1.80000000e+00  1.80214681e+00 
 2.75325850e-06  1.80000000e+00  1.80076817e+00 
 2.75377679e-06  1.80000000e+00  1.79997257e+00 
 2.75436976e-06  1.80000000e+00  1.79904907e+00 
 2.75490211e-06  1.80000000e+00  1.79821297e+00 
 2.75548833e-06  1.80000000e+00  1.79806291e+00 
 2.75626970e-06  1.80000000e+00  1.79824189e+00 
 2.75711545e-06  1.80000000e+00  1.79856593e+00 
 2.75879107e-06  1.80000000e+00  1.79908444e+00 
 2.76089713e-06  1.80000000e+00  1.79949445e+00 
 2.76415039e-06  1.80000000e+00  1.79980099e+00 
 2.76995585e-06  1.80000000e+00  1.79997740e+00 
 2.78156678e-06  1.80000000e+00  1.80000392e+00 
 2.80478863e-06  1.80000000e+00  1.79999836e+00 
 2.85123233e-06  1.80000000e+00  1.80000079e+00 
 2.94411973e-06  1.80000000e+00  1.79999940e+00 
 3.00000000e-06  1.80000000e+00  1.80000015e+00 
 3.00001000e-06  1.62000000e+00  1.79878153e+00 
 3.00003000e-06  1.26000000e+00  1.79654986e+00 
 3.00007000e-06  5.40000000e-01  1.79313499e+00 
 3.00010000e-06  3.67639252e-12  1.79138640e+00 
 3.00010800e-06  0.00000000e+00  1.79194897e+00 
 3.00012400e-06  0.00000000e+00  1.79308681e+00 
 3.00015600e-06  0.00000000e+00  1.79488244e+00 
 3.00022000e-06  0.00000000e+00  1.79733098e+00 
 3.00034489e-06  0.00000000e+00  1.79992875e+00 
 3.00051780e-06  0.00000000e+00  1.80140134e+00 
 3.00086362e-06  0.00000000e+00  1.80225957e+00 
 3.00131041e-06  0.00000000e+00  1.80088650e+00 
 3.00181671e-06  0.00000000e+00  1.79860892e+00 
 3.00231231e-06  0.00000000e+00  1.79837598e+00 
 3.00278331e-06  0.00000000e+00  1.79928077e+00 
 3.00332279e-06  0.00000000e+00  1.79958074e+00 
 3.00389974e-06  0.00000000e+00  1.79971877e+00 
 3.00448728e-06  0.00000000e+00  1.79979758e+00 
 3.00520855e-06  0.00000000e+00  1.79991673e+00 
 3.00583663e-06  0.00000000e+00  1.79987636e+00 
 3.00650185e-06  0.00000000e+00  1.79992445e+00 
 3.00747297e-06  0.00000000e+00  1.79988667e+00 
 3.00836495e-06  0.00000000e+00  1.79994891e+00 
 3.00975823e-06  0.00000000e+00  1.79998724e+00 
 3.01132406e-06  0.00000000e+00  1.80032072e+00 
 3.01278378e-06  0.00000000e+00  1.80035505e+00 
 3.01389361e-06  0.00000000e+00  1.79964500e+00 
 3.01496062e-06  0.00000000e+00  1.79874452e+00 
 3.01611047e-06  0.00000000e+00  1.79980751e+00 
 3.01715650e-06  0.00000000e+00  1.79805426e+00 
 3.01824677e-06  0.00000000e+00  1.79765092e+00 
 3.01945455e-06  0.00000000e+00  1.79842200e+00 
 3.02137280e-06  0.00000000e+00  1.79953311e+00 
 3.02311491e-06  0.00000000e+00  1.79970435e+00 
 3.02659913e-06  0.00000000e+00  1.79989623e+00 
 3.03069748e-06  0.00000000e+00  1.79987776e+00 
 3.03630323e-06  0.00000000e+00  1.80003301e+00 
 3.04189348e-06  0.00000000e+00  1.79996414e+00 
 3.04813121e-06  0.00000000e+00  1.80014410e+00 
 3.05218181e-06  0.00000000e+00  1.79972090e+00 
 3.05710575e-06  0.00000000e+00  1.80021365e+00 
 3.06372502e-06  0.00000000e+00  1.79977515e+00 
 3.07045709e-06  0.00000000e+00  1.80017389e+00 
 3.07725015e-06  0.00000000e+00  1.79980410e+00 
 3.08420138e-06  0.00000000e+00  1.80014473e+00 
 3.09417305e-06  0.00000000e+00  1.79983299e+00 
 3.10916725e-06  0.00000000e+00  1.80013270e+00 
 3.13151959e-06  0.00000000e+00  1.79984730e+00 
 3.16563474e-06  0.00000000e+00  1.80013085e+00 
 3.21950259e-06  0.00000000e+00  1.79985583e+00 
 3.25010000e-06  0.00000000e+00  1.80012967e+00 
 3.25011000e-06  1.80000000e-01  1.80072253e+00 
 3.25013000e-06  5.40000000e-01  1.80222002e+00 
 3.25017000e-06  1.26000000e+00  1.80573529e+00 
 3.25020000e-06  1.80000000e+00  1.80812140e+00 
 3.25020800e-06  1.80000000e+00  1.80784590e+00 
 3.25022400e-06  1.80000000e+00  1.80726542e+00 
 3.25025600e-06  1.80000000e+00  1.80634857e+00 
 3.25032000e-06  1.80000000e+00  1.80517606e+00 
 3.25044800e-06  1.80000000e+00  1.80381091e+00 
 3.25069692e-06  1.80000000e+00  1.80246591e+00 
 3.25101193e-06  1.80000000e+00  1.80377243e+00 
 3.25150360e-06  1.80000000e+00  1.80730921e+00 
 3.25202344e-06  1.80000000e+00  1.80401794e+00 
 3.25251486e-06  1.80000000e+00  1.80150928e+00 
 3.25325701e-06  1.80000000e+00  1.80017454e+00 
 3.25375920e-06  1.80000000e+00  1.80001679e+00 
 3.25433038e-06  1.80000000e+00  1.79997760e+00 
 3.25494329e-06  1.80000000e+00  1.79984489e+00 
 3.25557984e-06  1.80000000e+00  1.79990707e+00 
 3.25639531e-06  1.80000000e+00  1.79989226e+00 
 3.25784027e-06  1.80000000e+00  1.79995184e+00 
 3.25927977e-06  1.80000000e+00  1.79994598e+00 
 3.26207833e-06  1.80000000e+00  1.79999276e+00 
 3.26534822e-06  1.80000000e+00  1.79998158e+00 
 3.27188800e-06  1.80000000e+00  1.80001026e+00 
 3.28496756e-06  1.80000000e+00  1.79998937e+00 
 3.31112668e-06  1.80000000e+00  1.80001049e+00 
 3.36344492e-06  1.80000000e+00  1.79998944e+00 
 3.46808140e-06  1.80000000e+00  1.80001048e+00 
 3.50000000e-06  1.80000000e+00  1.79998950e+00 
 3.50001000e-06  1.62000000e+00  1.79875699e+00 
 3.50003000e-06  1.26000000e+00  1.79651359e+00 
 3.50007000e-06  5.40000000e-01  1.79312677e+00 
 3.50010000e-06  3.67639252e-12  1.79141988e+00 
 3.50010800e-06  0.00000000e+00  1.79200822e+00 
 3.50012400e-06  0.00000000e+00  1.79318408e+00 
 3.50015600e-06  0.00000000e+00  1.79498365e+00 
 3.50022000e-06  0.00000000e+00  1.79736851e+00 
 3.50034493e-06  0.00000000e+00  1.79986596e+00 
 3.50051796e-06  0.00000000e+00  1.80127965e+00 
 3.50086404e-06  0.00000000e+00  1.80230323e+00 
 3.50131001e-06  0.00000000e+00  1.80159871e+00 
 3.50174945e-06  0.00000000e+00  1.79950784e+00 
 3.50222682e-06  0.00000000e+00  1.79739484e+00 
 3.50267858e-06  0.00000000e+00  1.79735872e+00 
 3.50321707e-06  0.00000000e+00  1.79788324e+00 
 3.50378705e-06  0.00000000e+00  1.79844245e+00 
 3.50441679e-06  0.00000000e+00  1.79895175e+00 
 3.50521303e-06  0.00000000e+00  1.79926505e+00 
 3.50603969e-06  0.00000000e+00  1.79950755e+00 
 3.50673459e-06  0.00000000e+00  1.79966614e+00 
 3.50746180e-06  0.00000000e+00  1.79975776e+00 
 3.50839529e-06  0.00000000e+00  1.79983472e+00 
 3.50937273e-06  0.00000000e+00  1.79987583e+00 
 3.51031790e-06  0.00000000e+00  1.79990619e+00 
 3.51145550e-06  0.00000000e+00  1.79991969e+00 
 3.51271909e-06  0.00000000e+00  1.79993605e+00 
 3.51515074e-06  0.00000000e+00  1.79994250e+00 
 3.51862674e-06  0.00000000e+00  1.79995449e+00 
 3.52495935e-06  0.00000000e+00  1.79995718e+00 
 3.53602520e-06  0.00000000e+00  1.79997086e+00 
 3.55491139e-06  0.00000000e+00  1.79997477e+00 
 3.59268378e-06  0.00000000e+00  1.79998815e+00 
 3.66822856e-06  0.00000000e+00  1.79998966e+00 
 3.75010000e-06  0.00000000e+00  1.79999720e+00 
 3.75011000e-06  1.80000000e-01  1.80058762e+00 
 3.75013000e-06  5.40000000e-01  1.80209298e+00 
 3.75017000e-06  1.26000000e+00  1.80565188e+00 
 3.75020000e-06  1.80000000e+00  1.80805697e+00 
 3.75020800e-06  1.80000000e+00  1.80778751e+00 
 3.75022400e-06  1.80000000e+00  1.80721767e+00 
 3.75025600e-06  1.80000000e+00  1.80631351e+00 
 3.75032000e-06  1.80000000e+00  1.80515275e+00 
 3.75044800e-06  1.80000000e+00  1.80379959e+00 
 3.75069681e-06  1.80000000e+00  1.80246699e+00 
 3.75101151e-06  1.80000000e+00  1.80378152e+00 
 3.75150265e-06  1.80000000e+00  1.80733887e+00 
 3.75202267e-06  1.80000000e+00  1.80409588e+00 
 3.75251381e-06  1.80000000e+00  1.80146823e+00 
 3.75325695e-06  1.80000000e+00  1.79965212e+00 
 3.75377483e-06  1.80000000e+00  1.79968303e+00 
 3.75436654e-06  1.80000000e+00  1.80018746e+00 
 3.75489929e-06  1.80000000e+00  1.80048192e+00 
 3.75548554e-06  1.80000000e+00  1.80114517e+00 
 3.75627088e-06  1.80000000e+00  1.80158657e+00 
 3.75712127e-06  1.80000000e+00  1.80154409e+00 
 3.75793505e-06  1.80000000e+00  1.80116466e+00 
 3.75893849e-06  1.80000000e+00  1.80093197e+00 
 3.76018737e-06  1.80000000e+00  1.80066990e+00 
 3.76166316e-06  1.80000000e+00  1.80046697e+00 
 3.76408995e-06  1.80000000e+00  1.80022118e+00 
 3.76709798e-06  1.80000000e+00  1.80010585e+00 
 3.77311405e-06  1.80000000e+00  1.80000092e+00 
 3.78158467e-06  1.80000000e+00  1.80000785e+00 
 3.79597562e-06  1.80000000e+00  1.79999161e+00 
 3.82029462e-06  1.80000000e+00  1.80000831e+00 
 3.86893263e-06  1.80000000e+00  1.79999160e+00 
 3.96338855e-06  1.80000000e+00  1.80000833e+00 
 4.00000000e-06  1.80000000e+00  1.79999162e+00 
 4.00001000e-06  1.62000000e+00  1.79875867e+00 
 4.00003000e-06  1.26000000e+00  1.79651765e+00 
 4.00007000e-06  5.40000000e-01  1.79313084e+00 
 4.00010000e-06  0.00000000e+00  1.79142335e+00 
 4.00010800e-06  0.00000000e+00  1.79201239e+00 
 4.00012400e-06  0.00000000e+00  1.79318958e+00 
 4.00015600e-06  0.00000000e+00  1.79498863e+00 
 4.00022000e-06  0.00000000e+00  1.79737157e+00 
 4.00034489e-06  0.00000000e+00  1.79986517e+00 
 4.00051780e-06  0.00000000e+00  1.80127660e+00 
 4.00086361e-06  0.00000000e+00  1.80231040e+00 
 4.00131033e-06  0.00000000e+00  1.80161242e+00 
 4.00181672e-06  0.00000000e+00  1.79917689e+00 
 4.00231036e-06  0.00000000e+00  1.79768246e+00 
 4.00278204e-06  0.00000000e+00  1.79887736e+00 
 4.00333702e-06  0.00000000e+00  1.79714880e+00 
 4.00392578e-06  0.00000000e+00  1.79815601e+00 
 4.00456756e-06  0.00000000e+00  1.79998131e+00 
 4.00518311e-06  0.00000000e+00  1.80058259e+00 
 4.00575281e-06  0.00000000e+00  1.80098546e+00 
 4.00641139e-06  0.00000000e+00  1.80036449e+00 
 4.00725407e-06  0.00000000e+00  1.80040564e+00 
 4.00817443e-06  0.00000000e+00  1.80005064e+00 
 4.00934555e-06  0.00000000e+00  1.80020164e+00 
 4.01042808e-06  0.00000000e+00  1.80005165e+00 
 4.01146160e-06  0.00000000e+00  1.80047142e+00 
 4.01262698e-06  0.00000000e+00  1.80041054e+00 
 4.01350695e-06  0.00000000e+00  1.79993161e+00 
 4.01436526e-06  0.00000000e+00  1.79901799e+00 
 4.01535303e-06  0.00000000e+00  1.79932819e+00 
 4.01637137e-06  0.00000000e+00  1.79937575e+00 
 4.01736867e-06  0.00000000e+00  1.79788767e+00 
 4.01856026e-06  0.00000000e+00  1.79774563e+00 
 4.01979002e-06  0.00000000e+00  1.79872507e+00 
 4.02165141e-06  0.00000000e+00  1.79955097e+00 
 4.02376558e-06  0.00000000e+00  1.79983454e+00 
 4.02799392e-06  0.00000000e+00  1.79997015e+00 
 4.03257724e-06  0.00000000e+00  1.80000196e+00 
 4.03683295e-06  0.00000000e+00  1.80023662e+00 
 4.04090557e-06  0.00000000e+00  1.80045946e+00 
 4.04354343e-06  0.00000000e+00  1.79855192e+00 
 4.04596884e-06  0.00000000e+00  1.80058695e+00 
 4.04887560e-06  0.00000000e+00  1.79944935e+00 
 4.05159091e-06  0.00000000e+00  1.80031302e+00 
 4.05629383e-06  0.00000000e+00  1.79968286e+00 
 4.06151146e-06  0.00000000e+00  1.80021954e+00 
 4.06782407e-06  0.00000000e+00  1.79976755e+00 
 4.07596840e-06  0.00000000e+00  1.80017081e+00 
 4.08935321e-06  0.00000000e+00  1.79980617e+00 
 4.10631087e-06  0.00000000e+00  1.80015576e+00 
 4.13276646e-06  0.00000000e+00  1.79982530e+00 
 4.17029234e-06  0.00000000e+00  1.80015206e+00 
 4.22484066e-06  0.00000000e+00  1.79983587e+00 
 4.25010000e-06  6.67038446e-12  1.80014731e+00 
 4.25011000e-06  1.80000000e-01  1.80073548e+00 
 4.25013000e-06  5.40000000e-01  1.80221385e+00 
 4.25017000e-06  1.26000000e+00  1.80570417e+00 
 4.25020000e-06  1.80000000e+00  1.80807575e+00 
 4.25020800e-06  1.80000000e+00  1.80781665e+00 
 4.25022400e-06  1.80000000e+00  1.80726703e+00 
 4.25025600e-06  1.80000000e+00  1.80638432e+00 
 4.25032000e-06  1.80000000e+00  1.80520412e+00 
 4.25044800e-06  1.80000000e+00  1.80380407e+00 
 4.25069819e-06  1.80000000e+00  1.80245165e+00 
 4.25101168e-06  1.80000000e+00  1.80375831e+00 
 4.25150157e-06  1.80000000e+00  1.80736741e+00 
 4.25202187e-06  1.80000000e+00  1.80429733e+00 
 4.25251245e-06  1.80000000e+00  1.80212125e+00 
 4.25325259e-06  1.80000000e+00  1.80054119e+00 
 4.25378218e-06  1.80000000e+00  1.79964066e+00 
 4.25438563e-06  1.80000000e+00  1.79869083e+00 
 4.25497030e-06  1.80000000e+00  1.79807695e+00 
 4.25559542e-06  1.80000000e+00  1.79815875e+00 
 4.25647095e-06  1.80000000e+00  1.79840349e+00 
 4.25768627e-06  1.80000000e+00  1.79886254e+00 
 4.25927119e-06  1.80000000e+00  1.79924296e+00 
 4.26184150e-06  1.80000000e+00  1.79965066e+00 
 4.26535063e-06  1.80000000e+00  1.79986082e+00 
 4.27236889e-06  1.80000000e+00  1.80000682e+00 
 4.28640541e-06  1.80000000e+00  1.79999083e+00 
 4.31447845e-06  1.80000000e+00  1.80000938e+00 
 4.37062452e-06  1.80000000e+00  1.79999044e+00 
 4.48291666e-06  1.80000000e+00  1.80000953e+00 
 4.50000000e-06  1.80000000e+00  1.79999030e+00 
 4.50001000e-06  1.62000000e+00  1.79878044e+00 
 4.50003000e-06  1.26000000e+00  1.79656893e+00 
 4.50007000e-06  5.40000000e-01  1.79316059e+00 
 4.50010000e-06  0.00000000e+00  1.79140740e+00 
 4.50010800e-06  0.00000000e+00  1.79196696e+00 
 4.50012400e-06  0.00000000e+00  1.79309917e+00 
 4.50015600e-06  0.00000000e+00  1.79488664e+00 
 4.50022000e-06  0.00000000e+00  1.79732480e+00 
 4.50034492e-06  0.00000000e+00  1.79992095e+00 
 4.50051788e-06  0.00000000e+00  1.80139830e+00 
 4.50086378e-06  0.00000000e+00  1.80226419e+00 
 4.50131056e-06  0.00000000e+00  1.80089615e+00 
 4.50181699e-06  0.00000000e+00  1.79859807e+00 
 4.50231453e-06  0.00000000e+00  1.79837859e+00 
 4.50278185e-06  0.00000000e+00  1.79942089e+00 
 4.50333230e-06  0.00000000e+00  1.79964038e+00 
 4.50391447e-06  0.00000000e+00  1.79969985e+00 
 4.50455044e-06  0.00000000e+00  1.79980683e+00 
 4.50549408e-06  0.00000000e+00  1.79980059e+00 
 4.50638060e-06  0.00000000e+00  1.79985911e+00 
 4.50718029e-06  0.00000000e+00  1.79994758e+00 
 4.50804703e-06  0.00000000e+00  1.79989978e+00 
 4.50888318e-06  0.00000000e+00  1.79994687e+00 
 4.50981777e-06  0.00000000e+00  1.79990697e+00 
 4.51087047e-06  0.00000000e+00  1.79994759e+00 
 4.51199589e-06  0.00000000e+00  1.79991258e+00 
 4.51424673e-06  0.00000000e+00  1.79995314e+00 
 4.51874840e-06  0.00000000e+00  1.79992730e+00 
 4.52766681e-06  0.00000000e+00  1.79997487e+00 
 4.54550362e-06  0.00000000e+00  1.79995410e+00 
 4.58117724e-06  0.00000000e+00  1.80000034e+00 
 4.65252448e-06  0.00000000e+00  1.79997388e+00 
 4.75010000e-06  6.67038446e-12  1.80001193e+00 
 4.75011000e-06  1.80000000e-01  1.80058681e+00 
 4.75013000e-06  5.40000000e-01  1.80206657e+00 
 4.75017000e-06  1.26000000e+00  1.80560632e+00 
 4.75020000e-06  1.80000000e+00  1.80800655e+00 
 4.75020800e-06  1.80000000e+00  1.80775626e+00 
 4.75022400e-06  1.80000000e+00  1.80722007e+00 
 4.75025600e-06  1.80000000e+00  1.80634800e+00 
 4.75032000e-06  1.80000000e+00  1.80517639e+00 
 4.75044800e-06  1.80000000e+00  1.80378641e+00 
 4.75069675e-06  1.80000000e+00  1.80245213e+00 
 4.75101074e-06  1.80000000e+00  1.80376566e+00 
 4.75150150e-06  1.80000000e+00  1.80738926e+00 
 4.75202151e-06  1.80000000e+00  1.80432917e+00 
 4.75251244e-06  1.80000000e+00  1.80215561e+00 
 4.75325261e-06  1.80000000e+00  1.80077794e+00 
 4.75377189e-06  1.80000000e+00  1.79997834e+00 
 4.75436581e-06  1.80000000e+00  1.79905839e+00 
 4.75489827e-06  1.80000000e+00  1.79821904e+00 
 4.75548450e-06  1.80000000e+00  1.79806330e+00 
 4.75626275e-06  1.80000000e+00  1.79824032e+00 
 4.75710640e-06  1.80000000e+00  1.79856221e+00 
 4.75877595e-06  1.80000000e+00  1.79908102e+00 
 4.76087604e-06  1.80000000e+00  1.79949111e+00 
 4.76411418e-06  1.80000000e+00  1.79979915e+00 
 4.76987088e-06  1.80000000e+00  1.79997599e+00 
 4.78138427e-06  1.80000000e+00  1.80000437e+00 
 4.80441107e-06  1.80000000e+00  1.79999800e+00 
 4.85046467e-06  1.80000000e+00  1.80000113e+00 
 4.94257185e-06  1.80000000e+00  1.79999907e+00 
 5.00000000e-06  1.80000000e+00  1.80000048e+00 
 5.00001000e-06  1.62000000e+00  1.79879090e+00 
 5.00003000e-06  1.26000000e+00  1.79658099e+00 
 5.00007000e-06  5.40000000e-01  1.79316849e+00 
 5.00010000e-06  0.00000000e+00  1.79141163e+00 
 5.00010800e-06  0.00000000e+00  1.79197012e+00 
 5.00012400e-06  0.00000000e+00  1.79310003e+00 
 5.00015600e-06  0.00000000e+00  1.79488520e+00 
 5.00022000e-06  0.00000000e+00  1.79732625e+00 
 5.00034489e-06  0.00000000e+00  1.79992586e+00 
 5.00051780e-06  0.00000000e+00  1.80140230e+00 
 5.00086362e-06  0.00000000e+00  1.80225904e+00 
 5.00131041e-06  0.00000000e+00  1.80088291e+00 
 5.00181671e-06  0.00000000e+00  1.79860610e+00 
 5.00231230e-06  0.00000000e+00  1.79837658e+00 
 5.00278330e-06  0.00000000e+00  1.79928107e+00 
 5.00332277e-06  0.00000000e+00  1.79958236e+00 
 5.00389971e-06  0.00000000e+00  1.79972007e+00 
 5.00448724e-06  0.00000000e+00  1.79979823e+00 
 5.00520851e-06  0.00000000e+00  1.79991712e+00 
 5.00583661e-06  0.00000000e+00  1.79987641e+00 
 5.00650179e-06  0.00000000e+00  1.79992436e+00 
 5.00747298e-06  0.00000000e+00  1.79988645e+00 
 5.00836491e-06  0.00000000e+00  1.79994861e+00 
 5.00975813e-06  0.00000000e+00  1.79998697e+00 
 5.01132412e-06  0.00000000e+00  1.80032036e+00 
 5.01278361e-06  0.00000000e+00  1.80035582e+00 
 5.01389293e-06  0.00000000e+00  1.79964676e+00 
 5.01496015e-06  0.00000000e+00  1.79874367e+00 
 5.01610956e-06  0.00000000e+00  1.79980306e+00 
 5.01715600e-06  0.00000000e+00  1.79804999e+00 
 5.01824616e-06  0.00000000e+00  1.79764144e+00 
 5.01945470e-06  0.00000000e+00  1.79841230e+00 
 5.02137222e-06  0.00000000e+00  1.79949172e+00 
 5.02311509e-06  0.00000000e+00  1.79960899e+00 
 5.02660083e-06  0.00000000e+00  1.79996223e+00 
 5.03125843e-06  0.00000000e+00  1.79991779e+00 
 5.03600172e-06  0.00000000e+00  1.80001041e+00 
 5.04119161e-06  0.00000000e+00  1.80012085e+00 
 5.04497814e-06  0.00000000e+00  1.79985155e+00 
 5.04908061e-06  0.00000000e+00  1.80002051e+00 
 5.05334920e-06  0.00000000e+00  1.79996496e+00 
 5.05784850e-06  0.00000000e+00  1.79998831e+00 
 5.06314614e-06  0.00000000e+00  1.79998828e+00 
 5.06916334e-06  0.00000000e+00  1.79997056e+00 
 5.07571410e-06  0.00000000e+00  1.79999284e+00 
 5.08238325e-06  0.00000000e+00  1.79996895e+00 
 5.09481700e-06  0.00000000e+00  1.80000046e+00 
 5.11420499e-06  0.00000000e+00  1.79997115e+00 
 5.14311385e-06  0.00000000e+00  1.80000709e+00 
 5.19894102e-06  0.00000000e+00  1.79997565e+00 
 5.25010000e-06  6.67038446e-12  1.80001220e+00 
 5.25011000e-06  1.80000000e-01  1.80060147e+00 
 5.25013000e-06  5.40000000e-01  1.80209590e+00 
 5.25017000e-06  1.26000000e+00  1.80561319e+00 
 5.25020000e-06  1.80000000e+00  1.80798979e+00 
 5.25020800e-06  1.80000000e+00  1.80772299e+00 
 5.25022400e-06  1.80000000e+00  1.80715962e+00 
 5.25025600e-06  1.80000000e+00  1.80627183e+00 
 5.25032000e-06  1.80000000e+00  1.80513460e+00 
 5.25044800e-06  1.80000000e+00  1.80379751e+00 
 5.25069696e-06  1.80000000e+00  1.80246574e+00 
 5.25101048e-06  1.80000000e+00  1.80376758e+00 
 5.25150130e-06  1.80000000e+00  1.80732140e+00 
 5.25202112e-06  1.80000000e+00  1.80403739e+00 
 5.25251210e-06  1.80000000e+00  1.80151880e+00 
 5.25325227e-06  1.80000000e+00  1.80017934e+00 
 5.25375520e-06  1.80000000e+00  1.80001781e+00 
 5.25432675e-06  1.80000000e+00  1.79997984e+00 
 5.25493411e-06  1.80000000e+00  1.79984617e+00 
 5.25556729e-06  1.80000000e+00  1.79990711e+00 
 5.25638449e-06  1.80000000e+00  1.79989308e+00 
 5.25779829e-06  1.80000000e+00  1.79995115e+00 
 5.25923847e-06  1.80000000e+00  1.79994623e+00 
 5.26199457e-06  1.80000000e+00  1.79999202e+00 
 5.26524431e-06  1.80000000e+00  1.79998181e+00 
 5.27174381e-06  1.80000000e+00  1.80000982e+00 
 5.28474281e-06  1.80000000e+00  1.79998979e+00 
 5.31074080e-06  1.80000000e+00  1.80001008e+00 
 5.36273678e-06  1.80000000e+00  1.79998985e+00 
 5.46672873e-06  1.80000000e+00  1.80001007e+00 
 5.50000000e-06  1.80000000e+00  1.79998990e+00 
 5.50001000e-06  1.62000000e+00  1.79876586e+00 
 5.50003000e-06  1.26000000e+00  1.79654184e+00 
 5.50007000e-06  5.40000000e-01  1.79315719e+00 
 5.50010000e-06  0.00000000e+00  1.79144347e+00 
 5.50010800e-06  0.00000000e+00  1.79202784e+00 
 5.50012400e-06  0.00000000e+00  1.79319577e+00 
 5.50015600e-06  0.00000000e+00  1.79498524e+00 
 5.50022000e-06  0.00000000e+00  1.79736229e+00 
 5.50034494e-06  0.00000000e+00  1.79986136e+00 
 5.50051797e-06  0.00000000e+00  1.80128058e+00 
 5.50086403e-06  0.00000000e+00  1.80230391e+00 
 5.50130999e-06  0.00000000e+00  1.80159610e+00 
 5.50174942e-06  0.00000000e+00  1.79950466e+00 
 5.50222680e-06  0.00000000e+00  1.79739371e+00 
 5.50267855e-06  0.00000000e+00  1.79735863e+00 
 5.50321703e-06  0.00000000e+00  1.79788433e+00 
 5.50378700e-06  0.00000000e+00  1.79844323e+00 
 5.50441674e-06  0.00000000e+00  1.79895257e+00 
 5.50521298e-06  0.00000000e+00  1.79926538e+00 
 5.50603961e-06  0.00000000e+00  1.79950771e+00 
 5.50673456e-06  0.00000000e+00  1.79966616e+00 
 5.50746175e-06  0.00000000e+00  1.79975775e+00 
 5.50839523e-06  0.00000000e+00  1.79983460e+00 
 5.50937267e-06  0.00000000e+00  1.79987573e+00 
 5.51031776e-06  0.00000000e+00  1.79990604e+00 
 5.51145447e-06  0.00000000e+00  1.79991956e+00 
 5.51271330e-06  0.00000000e+00  1.79993586e+00 
 5.51513306e-06  0.00000000e+00  1.79994235e+00 
 5.51857940e-06  0.00000000e+00  1.79995431e+00 
 5.52484150e-06  0.00000000e+00  1.79995702e+00 
 5.53575134e-06  0.00000000e+00  1.79997063e+00 
 5.55431314e-06  0.00000000e+00  1.79997456e+00 
 5.59143673e-06  0.00000000e+00  1.79998794e+00 
 5.66568391e-06  0.00000000e+00  1.79998955e+00 
 5.75010000e-06  6.67038446e-12  1.79999719e+00 
 5.75011000e-06  1.80000000e-01  1.80058611e+00 
 5.75013000e-06  5.40000000e-01  1.80208724e+00 
 5.75017000e-06  1.26000000e+00  1.80563347e+00 
 5.75020000e-06  1.80000000e+00  1.80801789e+00 
 5.75020800e-06  1.80000000e+00  1.80775254e+00 
 5.75022400e-06  1.80000000e+00  1.80719154e+00 
 5.75025600e-06  1.80000000e+00  1.80630100e+00 
 5.75032000e-06  1.80000000e+00  1.80515374e+00 
 5.75044800e-06  1.80000000e+00  1.80380421e+00 
 5.75069681e-06  1.80000000e+00  1.80246804e+00 
 5.75101029e-06  1.80000000e+00  1.80377632e+00 
 5.75150076e-06  1.80000000e+00  1.80734779e+00 
 5.75202075e-06  1.80000000e+00  1.80411138e+00 
 5.75251153e-06  1.80000000e+00  1.80147656e+00 
 5.75325303e-06  1.80000000e+00  1.79965684e+00 
 5.75377157e-06  1.80000000e+00  1.79967959e+00 
 5.75436391e-06  1.80000000e+00  1.80018607e+00 
 5.75489667e-06  1.80000000e+00  1.80048014e+00 
 5.75548291e-06  1.80000000e+00  1.80114232e+00 
 5.75626617e-06  1.80000000e+00  1.80158648e+00 
 5.75711516e-06  1.80000000e+00  1.80154654e+00 
 5.75792734e-06  1.80000000e+00  1.80116788e+00 
 5.75893178e-06  1.80000000e+00  1.80093318e+00 
 5.76017326e-06  1.80000000e+00  1.80067277e+00 
 5.76165343e-06  1.80000000e+00  1.80046795e+00 
 5.76406424e-06  1.80000000e+00  1.80022320e+00 
 5.76706716e-06  1.80000000e+00  1.80010648e+00 
 5.77307302e-06  1.80000000e+00  1.80000135e+00 
 5.78147601e-06  1.80000000e+00  1.80000762e+00 
 5.79579787e-06  1.80000000e+00  1.79999186e+00 
 5.81959734e-06  1.80000000e+00  1.80000806e+00 
 5.86719626e-06  1.80000000e+00  1.79999185e+00 
 5.96001038e-06  1.80000000e+00  1.80000808e+00 
 6.00000000e-06  1.80000000e+00  1.79999187e+00 
 6.00001000e-06  1.62000000e+00  1.79876699e+00 
 6.00003000e-06  1.26000000e+00  1.79654335e+00 
 6.00007000e-06  5.40000000e-01  1.79315839e+00 
 6.00010000e-06  0.00000000e+00  1.79144484e+00 
 6.00010800e-06  0.00000000e+00  1.79203003e+00 
 6.00012400e-06  0.00000000e+00  1.79319949e+00 
 6.00015600e-06  0.00000000e+00  1.79498869e+00 
 6.00022000e-06  0.00000000e+00  1.79736414e+00 
 6.00034489e-06  0.00000000e+00  1.79986000e+00 
 6.00051780e-06  0.00000000e+00  1.80127743e+00 
 6.00086361e-06  0.00000000e+00  1.80231132e+00 
 6.00131033e-06  0.00000000e+00  1.80161034e+00 
 6.00181672e-06  0.00000000e+00  1.79917452e+00 
 6.00231036e-06  0.00000000e+00  1.79768186e+00 
 6.00278204e-06  0.00000000e+00  1.79887718e+00 
 6.00333701e-06  0.00000000e+00  1.79715102e+00 
 6.00392576e-06  0.00000000e+00  1.79815500e+00 
 6.00456756e-06  0.00000000e+00  1.79998284e+00 
 6.00518307e-06  0.00000000e+00  1.80058316e+00 
 6.00575277e-06  0.00000000e+00  1.80098593e+00 
 6.00641136e-06  0.00000000e+00  1.80036471e+00 
 6.00725401e-06  0.00000000e+00  1.80040497e+00 
 6.00817438e-06  0.00000000e+00  1.80005048e+00 
 6.00934457e-06  0.00000000e+00  1.80019976e+00 
 6.01042505e-06  0.00000000e+00  1.80005321e+00 
 6.01146096e-06  0.00000000e+00  1.80047067e+00 
 6.01262527e-06  0.00000000e+00  1.80041171e+00 
 6.01349553e-06  0.00000000e+00  1.79994111e+00 
 6.01433893e-06  0.00000000e+00  1.79903727e+00 
 6.01543238e-06  0.00000000e+00  1.79941283e+00 
 6.01643664e-06  0.00000000e+00  1.79911660e+00 
 6.01749941e-06  0.00000000e+00  1.79776187e+00 
 6.01872422e-06  0.00000000e+00  1.79788738e+00 
 6.02001261e-06  0.00000000e+00  1.79893663e+00 
 6.02192374e-06  0.00000000e+00  1.79963205e+00 
 6.02438667e-06  0.00000000e+00  1.79992236e+00 
 6.02697541e-06  0.00000000e+00  1.79994607e+00 
 6.03108091e-06  0.00000000e+00  1.80014681e+00 
 6.03488820e-06  0.00000000e+00  1.80003955e+00 
 6.03775375e-06  0.00000000e+00  1.79975338e+00 
 6.04055843e-06  0.00000000e+00  1.80011395e+00 
 6.04363254e-06  0.00000000e+00  1.79962502e+00 
 6.04694058e-06  0.00000000e+00  1.80008132e+00 
 6.05158325e-06  0.00000000e+00  1.79986043e+00 
 6.05646926e-06  0.00000000e+00  1.80006634e+00 
 6.06624128e-06  0.00000000e+00  1.79989489e+00 
 6.08222847e-06  0.00000000e+00  1.80006147e+00 
 6.10579572e-06  0.00000000e+00  1.79991115e+00 
 6.15293024e-06  0.00000000e+00  1.80006446e+00 
 6.20419775e-06  0.00000000e+00  1.79992103e+00 
 6.25010000e-06  6.67038446e-12  1.80006496e+00 
 6.25011000e-06  1.80000000e-01  1.80067704e+00 
 6.25013000e-06  5.40000000e-01  1.80218970e+00 
 6.25017000e-06  1.26000000e+00  1.80568679e+00 
 6.25020000e-06  1.80000000e+00  1.80803841e+00 
 6.25020800e-06  1.80000000e+00  1.80778240e+00 
 6.25022400e-06  1.80000000e+00  1.80723800e+00 
 6.25025600e-06  1.80000000e+00  1.80636055e+00 
 6.25032000e-06  1.80000000e+00  1.80518406e+00 
 6.25044800e-06  1.80000000e+00  1.80378639e+00 
 6.25069748e-06  1.80000000e+00  1.80244674e+00 
 6.25101039e-06  1.80000000e+00  1.80375515e+00 
 6.25150040e-06  1.80000000e+00  1.80737744e+00 
 6.25202038e-06  1.80000000e+00  1.80431236e+00 
 6.25251099e-06  1.80000000e+00  1.80212793e+00 
 6.25324987e-06  1.80000000e+00  1.80054666e+00 
 6.25377997e-06  1.80000000e+00  1.79964228e+00 
 6.25438433e-06  1.80000000e+00  1.79869954e+00 
 6.25496836e-06  1.80000000e+00  1.79808583e+00 
 6.25559260e-06  1.80000000e+00  1.79816319e+00 
 6.25647149e-06  1.80000000e+00  1.79840394e+00 
 6.25767703e-06  1.80000000e+00  1.79885913e+00 
 6.25926471e-06  1.80000000e+00  1.79924142e+00 
 6.26182334e-06  1.80000000e+00  1.79964839e+00 
 6.26533501e-06  1.80000000e+00  1.79986040e+00 
 6.27235834e-06  1.80000000e+00  1.80000664e+00 
 6.28640500e-06  1.80000000e+00  1.79999105e+00 
 6.31449833e-06  1.80000000e+00  1.80000916e+00 
 6.37068498e-06  1.80000000e+00  1.79999066e+00 
 6.48305828e-06  1.80000000e+00  1.80000931e+00 
 6.50000000e-06  1.80000000e+00  1.79999053e+00 
 6.50001000e-06  1.62000000e+00  1.79878792e+00 
 6.50003000e-06  1.26000000e+00  1.79659103e+00 
 6.50007000e-06  5.40000000e-01  1.79318332e+00 
 6.50010000e-06  0.00000000e+00  1.79142417e+00 
 6.50010800e-06  0.00000000e+00  1.79197995e+00 
 6.50012400e-06  0.00000000e+00  1.79310466e+00 
 6.50015600e-06  0.00000000e+00  1.79488391e+00 
 6.50022000e-06  0.00000000e+00  1.79731858e+00 
 6.50034492e-06  0.00000000e+00  1.79992010e+00 
 6.50051788e-06  0.00000000e+00  1.80140034e+00 
 6.50086378e-06  0.00000000e+00  1.80226253e+00 
 6.50131056e-06  0.00000000e+00  1.80089091e+00 
 6.50181700e-06  0.00000000e+00  1.79859983e+00 
 6.50231443e-06  0.00000000e+00  1.79838706e+00 
 6.50278178e-06  0.00000000e+00  1.79941922e+00 
 6.50333235e-06  0.00000000e+00  1.79963569e+00 
 6.50391463e-06  0.00000000e+00  1.79970011e+00 
 6.50455081e-06  0.00000000e+00  1.79980701e+00 
 6.50549472e-06  0.00000000e+00  1.79980132e+00 
 6.50638141e-06  0.00000000e+00  1.79985918e+00 
 6.50718191e-06  0.00000000e+00  1.79994779e+00 
 6.50804906e-06  0.00000000e+00  1.79989934e+00 
 6.50888581e-06  0.00000000e+00  1.79994701e+00 
 6.50982077e-06  0.00000000e+00  1.79990659e+00 
 6.51087309e-06  0.00000000e+00  1.79994753e+00 
 6.51199795e-06  0.00000000e+00  1.79991231e+00 
 6.51424767e-06  0.00000000e+00  1.79995302e+00 
 6.51874711e-06  0.00000000e+00  1.79992712e+00 
 6.52765802e-06  0.00000000e+00  1.79997483e+00 
 6.54547984e-06  0.00000000e+00  1.79995401e+00 
 6.58112348e-06  0.00000000e+00  1.80000036e+00 
 6.65241076e-06  0.00000000e+00  1.79997383e+00 
 6.75010000e-06  6.67038446e-12  1.80001196e+00 
 6.75011000e-06  1.80000000e-01  1.80058537e+00 
 6.75013000e-06  5.40000000e-01  1.80206144e+00 
 6.75017000e-06  1.26000000e+00  1.80559290e+00 
 6.75020000e-06  1.80000000e+00  1.80797880e+00 
 6.75020800e-06  1.80000000e+00  1.80773197e+00 
 6.75022400e-06  1.80000000e+00  1.80720292e+00 
 6.75025600e-06  1.80000000e+00  1.80634090e+00 
 6.75032000e-06  1.80000000e+00  1.80517772e+00 
 6.75044800e-06  1.80000000e+00  1.80378783e+00 
 6.75069675e-06  1.80000000e+00  1.80245320e+00 
 6.75100994e-06  1.80000000e+00  1.80376398e+00 
 6.75150018e-06  1.80000000e+00  1.80739542e+00 
 6.75202012e-06  1.80000000e+00  1.80434044e+00 
 6.75251081e-06  1.80000000e+00  1.80215936e+00 
 6.75324979e-06  1.80000000e+00  1.80077639e+00 
 6.75376949e-06  1.80000000e+00  1.79997361e+00 
 6.75436378e-06  1.80000000e+00  1.79907049e+00 
 6.75489602e-06  1.80000000e+00  1.79823647e+00 
 6.75548238e-06  1.80000000e+00  1.79807215e+00 
 6.75625942e-06  1.80000000e+00  1.79824274e+00 
 6.75710234e-06  1.80000000e+00  1.79855755e+00 
 6.75876866e-06  1.80000000e+00  1.79907741e+00 
 6.76086602e-06  1.80000000e+00  1.79948763e+00 
 6.76409658e-06  1.80000000e+00  1.79979821e+00 
 6.76983145e-06  1.80000000e+00  1.79997481e+00 
 6.78130118e-06  1.80000000e+00  1.80000505e+00 
 6.80424066e-06  1.80000000e+00  1.79999737e+00 
 6.85011961e-06  1.80000000e+00  1.80000174e+00 
 6.94187752e-06  1.80000000e+00  1.79999847e+00 
 7.00000000e-06  1.80000000e+00  1.80000108e+00 
 7.00001000e-06  1.62000000e+00  1.79879839e+00 
 7.00003000e-06  1.26000000e+00  1.79660185e+00 
 7.00007000e-06  5.40000000e-01  1.79318968e+00 
 7.00010000e-06  0.00000000e+00  1.79142715e+00 
 7.00010800e-06  0.00000000e+00  1.79198201e+00 
 7.00012400e-06  0.00000000e+00  1.79310464e+00 
 7.00015600e-06  0.00000000e+00  1.79488206e+00 
 7.00022000e-06  0.00000000e+00  1.79731985e+00 
 7.00034489e-06  0.00000000e+00  1.79992477e+00 
 7.00051780e-06  0.00000000e+00  1.80140418e+00 
 7.00086362e-06  0.00000000e+00  1.80225742e+00 
 7.00131041e-06  0.00000000e+00  1.80087759e+00 
 7.00181672e-06  0.00000000e+00  1.79860823e+00 
 7.00231219e-06  0.00000000e+00  1.79838590e+00 
 7.00278324e-06  0.00000000e+00  1.79927893e+00 
 7.00332278e-06  0.00000000e+00  1.79957699e+00 
 7.00389977e-06  0.00000000e+00  1.79972037e+00 
 7.00448740e-06  0.00000000e+00  1.79979799e+00 
 7.00520864e-06  0.00000000e+00  1.79991814e+00 
 7.00583664e-06  0.00000000e+00  1.79987641e+00 
 7.00650196e-06  0.00000000e+00  1.79992469e+00 
 7.00747287e-06  0.00000000e+00  1.79988627e+00 
 7.00836498e-06  0.00000000e+00  1.79994860e+00 
 7.00975817e-06  0.00000000e+00  1.79998671e+00 
 7.01132472e-06  0.00000000e+00  1.80032004e+00 
 7.01278427e-06  0.00000000e+00  1.80035410e+00 
 7.01389505e-06  0.00000000e+00  1.79963623e+00 
 7.01496433e-06  0.00000000e+00  1.79871263e+00 
 7.01611330e-06  0.00000000e+00  1.79974300e+00 
 7.01716210e-06  0.00000000e+00  1.79794655e+00 
 7.01825338e-06  0.00000000e+00  1.79753011e+00 
 7.01946345e-06  0.00000000e+00  1.79834482e+00 
 7.02139044e-06  0.00000000e+00  1.79949500e+00 
 7.02313631e-06  0.00000000e+00  1.79970336e+00 
 7.02662804e-06  0.00000000e+00  1.79999961e+00 
 7.03045252e-06  0.00000000e+00  1.79996290e+00 
 7.03489964e-06  0.00000000e+00  1.80025043e+00 
 7.03801621e-06  0.00000000e+00  1.79964769e+00 
 7.04139212e-06  0.00000000e+00  1.80018019e+00 
 7.04487862e-06  0.00000000e+00  1.79981625e+00 
 7.04875068e-06  0.00000000e+00  1.80011187e+00 
 7.05450893e-06  0.00000000e+00  1.79986320e+00 
 7.06051347e-06  0.00000000e+00  1.80008400e+00 
 7.06756895e-06  0.00000000e+00  1.79988239e+00 
 7.07436340e-06  0.00000000e+00  1.80006881e+00 
 7.08621402e-06  0.00000000e+00  1.79990104e+00 
 7.10479319e-06  0.00000000e+00  1.80006595e+00 
 7.13146039e-06  0.00000000e+00  1.79991171e+00 
 7.18148165e-06  0.00000000e+00  1.80006868e+00 
 7.25010000e-06  6.67038446e-12  1.79991889e+00 
 7.25011000e-06  1.80000000e-01  1.80050252e+00 
 7.25013000e-06  5.40000000e-01  1.80200398e+00 
 7.25017000e-06  1.26000000e+00  1.80556122e+00 
 7.25020000e-06  1.80000000e+00  1.80794418e+00 
 7.25020800e-06  1.80000000e+00  1.80768283e+00 
 7.25022400e-06  1.80000000e+00  1.80713078e+00 
 7.25025600e-06  1.80000000e+00  1.80625879e+00 
 7.25032000e-06  1.80000000e+00  1.80513526e+00 
 7.25044800e-06  1.80000000e+00  1.80380054e+00 
 7.25069859e-06  1.80000000e+00  1.80246574e+00 
 7.25101070e-06  1.80000000e+00  1.80377640e+00 
 7.25149936e-06  1.80000000e+00  1.80733001e+00 
 7.25201971e-06  1.80000000e+00  1.80404958e+00 
 7.25250974e-06  1.80000000e+00  1.80152491e+00 
 7.25324864e-06  1.80000000e+00  1.80018301e+00 
 7.25375159e-06  1.80000000e+00  1.80001845e+00 
 7.25432272e-06  1.80000000e+00  1.79998150e+00 
 7.25492767e-06  1.80000000e+00  1.79984656e+00 
 7.25555872e-06  1.80000000e+00  1.79990719e+00 
 7.25637674e-06  1.80000000e+00  1.79989321e+00 
 7.25777427e-06  1.80000000e+00  1.79995084e+00 
 7.25921289e-06  1.80000000e+00  1.79994616e+00 
 7.26194511e-06  1.80000000e+00  1.79999174e+00 
 7.26517986e-06  1.80000000e+00  1.79998177e+00 
 7.27164935e-06  1.80000000e+00  1.80000972e+00 
 7.28458834e-06  1.80000000e+00  1.79998987e+00 
 7.31046632e-06  1.80000000e+00  1.80000999e+00 
 7.36222227e-06  1.80000000e+00  1.79998993e+00 
 7.46573417e-06  1.80000000e+00  1.80000999e+00 
 7.50000000e-06  1.80000000e+00  1.79998998e+00 
 7.50001000e-06  1.62000000e+00  1.79877304e+00 
 7.50003000e-06  1.26000000e+00  1.79656216e+00 
 7.50007000e-06  5.40000000e-01  1.79317941e+00 
 7.50010000e-06  0.00000000e+00  1.79146135e+00 
 7.50010800e-06  0.00000000e+00  1.79204216e+00 
 7.50012400e-06  0.00000000e+00  1.79320249e+00 
 7.50015600e-06  0.00000000e+00  1.79498324e+00 
 7.50022000e-06  0.00000000e+00  1.79735379e+00 
 7.50034494e-06  0.00000000e+00  1.79985578e+00 
 7.50051797e-06  0.00000000e+00  1.80128130e+00 
 7.50086403e-06  0.00000000e+00  1.80230516e+00 
 7.50130999e-06  0.00000000e+00  1.80159505e+00 
 7.50174940e-06  0.00000000e+00  1.79950312e+00 
 7.50222676e-06  0.00000000e+00  1.79739289e+00 
 7.50267851e-06  0.00000000e+00  1.79735791e+00 
 7.50321696e-06  0.00000000e+00  1.79788493e+00 
 7.50378690e-06  0.00000000e+00  1.79844365e+00 
 7.50441663e-06  0.00000000e+00  1.79895318e+00 
 7.50521285e-06  0.00000000e+00  1.79926562e+00 
 7.50603943e-06  0.00000000e+00  1.79950784e+00 
 7.50673444e-06  0.00000000e+00  1.79966617e+00 
 7.50746159e-06  0.00000000e+00  1.79975776e+00 
 7.50839504e-06  0.00000000e+00  1.79983452e+00 
 7.50937243e-06  0.00000000e+00  1.79987568e+00 
 7.51031571e-06  0.00000000e+00  1.79990589e+00 
 7.51145075e-06  0.00000000e+00  1.79991947e+00 
 7.51270564e-06  0.00000000e+00  1.79993571e+00 
 7.51511576e-06  0.00000000e+00  1.79994226e+00 
 7.51854371e-06  0.00000000e+00  1.79995417e+00 
 7.52476100e-06  0.00000000e+00  1.79995692e+00 
 7.53557748e-06  0.00000000e+00  1.79997046e+00 
 7.55394858e-06  0.00000000e+00  1.79997445e+00 
 7.59069079e-06  0.00000000e+00  1.79998780e+00 
 7.66417520e-06  0.00000000e+00  1.79998950e+00 
 7.75010000e-06  0.00000000e+00  1.79999716e+00 
 7.75011000e-06  1.80000000e-01  1.80058462e+00 
 7.75013000e-06  5.40000000e-01  1.80208169e+00 
 7.75017000e-06  1.26000000e+00  1.80561850e+00 
 7.75020000e-06  1.80000000e+00  1.80799012e+00 
 7.75020800e-06  1.80000000e+00  1.80772802e+00 
 7.75022400e-06  1.80000000e+00  1.80717400e+00 
 7.75025600e-06  1.80000000e+00  1.80629428e+00 
 7.75032000e-06  1.80000000e+00  1.80515767e+00 
 7.75044800e-06  1.80000000e+00  1.80380875e+00 
 7.75069681e-06  1.80000000e+00  1.80246877e+00 
 7.75100906e-06  1.80000000e+00  1.80376806e+00 
 7.75149922e-06  1.80000000e+00  1.80735509e+00 
 7.75201941e-06  1.80000000e+00  1.80412348e+00 
 7.75250987e-06  1.80000000e+00  1.80148229e+00 
 7.75325033e-06  1.80000000e+00  1.79966026e+00 
 7.75376938e-06  1.80000000e+00  1.79967680e+00 
 7.75436218e-06  1.80000000e+00  1.80018525e+00 
 7.75489500e-06  1.80000000e+00  1.80047902e+00 
 7.75548128e-06  1.80000000e+00  1.80114059e+00 
 7.75626316e-06  1.80000000e+00  1.80158660e+00 
 7.75711122e-06  1.80000000e+00  1.80154825e+00 
 7.75792229e-06  1.80000000e+00  1.80117010e+00 
 7.75892743e-06  1.80000000e+00  1.80093397e+00 
 7.76016397e-06  1.80000000e+00  1.80067472e+00 
 7.76164723e-06  1.80000000e+00  1.80046856e+00 
 7.76404732e-06  1.80000000e+00  1.80022457e+00 
 7.76704721e-06  1.80000000e+00  1.80010687e+00 
 7.77303488e-06  1.80000000e+00  1.80000176e+00 
 7.78139393e-06  1.80000000e+00  1.80000743e+00 
 7.79565064e-06  1.80000000e+00  1.79999205e+00 
 7.81907705e-06  1.80000000e+00  1.80000787e+00 
 7.86583043e-06  1.80000000e+00  1.79999204e+00 
 7.95744499e-06  1.80000000e+00  1.80000788e+00 
 8.00000000e-06  1.80000000e+00  1.79999207e+00 
 8.00001000e-06  1.62000000e+00  1.79877401e+00 
 8.00003000e-06  1.26000000e+00  1.79656268e+00 
 8.00007000e-06  5.40000000e-01  1.79317958e+00 
 8.00010000e-06  0.00000000e+00  1.79146196e+00 
 8.00010800e-06  0.00000000e+00  1.79204362e+00 
 8.00012400e-06  0.00000000e+00  1.79320548e+00 
 8.00015600e-06  0.00000000e+00  1.79498615e+00 
 8.00022000e-06  0.00000000e+00  1.79735534e+00 
 8.00034489e-06  0.00000000e+00  1.79985432e+00 
 8.00051780e-06  0.00000000e+00  1.80127813e+00 
 8.00086361e-06  0.00000000e+00  1.80231262e+00 
 8.00131033e-06  0.00000000e+00  1.80160977e+00 
 8.00181672e-06  0.00000000e+00  1.79917311e+00 
 8.00231036e-06  0.00000000e+00  1.79767975e+00 
 8.00278204e-06  0.00000000e+00  1.79887537e+00 
 8.00333700e-06  0.00000000e+00  1.79715562e+00 
 8.00392575e-06  0.00000000e+00  1.79815851e+00 
 8.00456755e-06  0.00000000e+00  1.79998414e+00 
 8.00518305e-06  0.00000000e+00  1.80058351e+00 
 8.00575275e-06  0.00000000e+00  1.80098697e+00 
 8.00641134e-06  0.00000000e+00  1.80036592e+00 
 8.00725398e-06  0.00000000e+00  1.80040657e+00 
 8.00805903e-06  0.00000000e+00  1.80005731e+00 
 8.00890454e-06  0.00000000e+00  1.80017526e+00 
 8.00961621e-06  0.00000000e+00  1.79996076e+00 
 8.01041526e-06  0.00000000e+00  1.80007272e+00 
 8.01133069e-06  0.00000000e+00  1.79991712e+00 
 8.01253739e-06  0.00000000e+00  1.80001594e+00 
 8.01495078e-06  0.00000000e+00  1.79990329e+00 
 8.01768263e-06  0.00000000e+00  1.80000492e+00 
 8.02055663e-06  0.00000000e+00  1.79989771e+00 
 8.02416251e-06  0.00000000e+00  1.79999701e+00 
 8.03048402e-06  0.00000000e+00  1.79991651e+00 
 8.03931058e-06  0.00000000e+00  1.80002598e+00 
 8.04986367e-06  0.00000000e+00  1.79996553e+00 
 8.06067635e-06  0.00000000e+00  1.79993051e+00 
 8.07002029e-06  0.00000000e+00  1.80006575e+00 
 8.07963931e-06  0.00000000e+00  1.79986902e+00 
 8.08996969e-06  0.00000000e+00  1.80007643e+00 
 8.10633419e-06  0.00000000e+00  1.79989105e+00 
 8.12501845e-06  0.00000000e+00  1.80008300e+00 
 8.14320385e-06  0.00000000e+00  1.79989693e+00 
 8.17957465e-06  0.00000000e+00  1.80008416e+00 
 8.25010000e-06  0.00000000e+00  1.79990307e+00 
 8.25011000e-06  1.80000000e-01  1.80046942e+00 
 8.25013000e-06  5.40000000e-01  1.80194060e+00 
 8.25017000e-06  1.26000000e+00  1.80548480e+00 
 8.25020000e-06  1.80000000e+00  1.80788448e+00 
 8.25020800e-06  1.80000000e+00  1.80764571e+00 
 8.25022400e-06  1.80000000e+00  1.80713331e+00 
 8.25025600e-06  1.80000000e+00  1.80629719e+00 
 8.25032000e-06  1.80000000e+00  1.80516133e+00 
 8.25044800e-06  1.80000000e+00  1.80378299e+00 
 8.25070400e-06  1.80000000e+00  1.80245490e+00 
 8.25101426e-06  1.80000000e+00  1.80381631e+00 
 8.25149724e-06  1.80000000e+00  1.80730795e+00 
 8.25201906e-06  1.80000000e+00  1.80403667e+00 
 8.25250689e-06  1.80000000e+00  1.80157825e+00 
 8.25324428e-06  1.80000000e+00  1.80026016e+00 
 8.25400088e-06  1.80000000e+00  1.79985450e+00 
 8.25501325e-06  1.80000000e+00  1.79988723e+00 
 8.25602163e-06  1.80000000e+00  1.79988844e+00 
 8.25696441e-06  1.80000000e+00  1.79994472e+00 
 8.25853290e-06  1.80000000e+00  1.79994459e+00 
 8.26020479e-06  1.80000000e+00  1.79998186e+00 
 8.26317249e-06  1.80000000e+00  1.79997941e+00 
 8.26793573e-06  1.80000000e+00  1.80000532e+00 
 8.27746220e-06  1.80000000e+00  1.79999242e+00 
 8.29651515e-06  1.80000000e+00  1.80000745e+00 
 8.33462106e-06  1.80000000e+00  1.79999246e+00 
 8.41083286e-06  1.80000000e+00  1.80000745e+00 
 8.50000000e-06  1.80000000e+00  1.79999250e+00 
 8.50001000e-06  1.62000000e+00  1.79879356e+00 
 8.50003000e-06  1.26000000e+00  1.79660541e+00 
 8.50007000e-06  5.40000000e-01  1.79320250e+00 
 8.50010000e-06  0.00000000e+00  1.79143959e+00 
 8.50010800e-06  0.00000000e+00  1.79199430e+00 
 8.50012400e-06  0.00000000e+00  1.79311455e+00 
 8.50015600e-06  0.00000000e+00  1.79488149e+00 
 8.50022000e-06  0.00000000e+00  1.79730581e+00 
 8.50034800e-06  0.00000000e+00  1.79995511e+00 
 8.50060400e-06  0.00000000e+00  1.80193657e+00 
 8.50093964e-06  0.00000000e+00  1.80244482e+00 
 8.50143100e-06  0.00000000e+00  1.79993723e+00 
 8.50195064e-06  0.00000000e+00  1.79863766e+00 
 8.50244484e-06  0.00000000e+00  1.80964845e+00 
 8.50296578e-06  0.00000000e+00  1.83097409e+00 
 8.50357251e-06  0.00000000e+00  1.82249536e+00 
 8.50424051e-06  0.00000000e+00  1.77904428e+00 
 8.50489386e-06  0.00000000e+00  1.73610222e+00 
 8.50562560e-06  0.00000000e+00  1.68860050e+00 
 8.50630841e-06  0.00000000e+00  1.64356368e+00 
 8.50713984e-06  0.00000000e+00  1.58877725e+00 
 8.50849112e-06  0.00000000e+00  1.49914292e+00 
 8.51027253e-06  0.00000000e+00  1.38058295e+00 
 8.51378121e-06  0.00000000e+00  1.14762789e+00 
 8.51987663e-06  0.00000000e+00  7.67257978e-01 
 8.52616712e-06  0.00000000e+00  4.19198705e-01 
 8.53071718e-06  0.00000000e+00  2.32856069e-01 
 8.53514852e-06  0.00000000e+00  1.08921626e-01 
 8.53814575e-06  0.00000000e+00  6.64372131e-02 
 8.54137298e-06  0.00000000e+00  3.48879896e-02 
 8.54433138e-06  0.00000000e+00  2.18885389e-02 
 8.54721493e-06  0.00000000e+00  1.12732970e-02 
 8.55194940e-06  0.00000000e+00  5.64184714e-03 
 8.55704247e-06  0.00000000e+00  1.02896309e-03 
 8.56549518e-06  0.00000000e+00  1.00570165e-03 
 8.57811276e-06  0.00000000e+00 -6.48909177e-04 
 8.59420129e-06  0.00000000e+00  7.61485946e-04 
 8.61382047e-06  0.00000000e+00 -6.14341272e-04 
 8.64368537e-06  0.00000000e+00  7.28935579e-04 
 8.70341516e-06  0.00000000e+00 -6.17698481e-04 
 8.75010000e-06  0.00000000e+00  7.07740772e-04 
 8.75011000e-06  1.80000000e-01  1.59366940e-03 
 8.75013000e-06  5.40000000e-01  3.31362143e-03 
 8.75017000e-06  1.26000000e+00  5.97272748e-03 
 8.75020000e-06  1.80000000e+00  7.26980215e-03 
 8.75020800e-06  1.80000000e+00  6.86872649e-03 
 8.75022400e-06  1.80000000e+00  6.06178160e-03 
 8.75025600e-06  1.80000000e+00  4.78397706e-03 
 8.75032000e-06  1.80000000e+00  3.19928130e-03 
 8.75044800e-06  1.80000000e+00  1.82937686e-03 
 8.75069948e-06  1.80000000e+00  1.32821707e-03 
 8.75101109e-06  1.80000000e+00  2.47155282e-03 
 8.75149951e-06  1.80000000e+00  4.26666425e-03 
 8.75202042e-06  1.80000000e+00  2.41245316e-03 
 8.75251026e-06  1.80000000e+00  1.75629321e-03 
 8.75323299e-06  1.80000000e+00 -7.60344448e-04 
 8.75375361e-06  1.80000000e+00 -2.01790716e-03 
 8.75435026e-06  1.80000000e+00 -8.72427875e-04 
 8.75491769e-06  1.80000000e+00 -3.91026835e-04 
 8.75552624e-06  1.80000000e+00 -7.51540271e-05 
 8.75641444e-06  1.80000000e+00  3.09283713e-04 
 8.75752528e-06  1.80000000e+00  6.23729906e-04 
 8.75910535e-06  1.80000000e+00  7.88398516e-04 
 8.76152295e-06  1.80000000e+00  7.37887839e-04 
 8.76490246e-06  1.80000000e+00  6.17212002e-04 
 8.77166150e-06  1.80000000e+00  3.60655537e-04 
 8.78517957e-06  1.80000000e+00  1.73272539e-04 
 8.81221571e-06  1.80000000e+00  8.27106041e-05 
 8.86628799e-06  1.80000000e+00  6.62485698e-05 
 8.97443255e-06  1.80000000e+00  2.86243769e-05 
 9.00000000e-06  1.80000000e+00  4.35094783e-05 
