 1.00000000e-12  1.78200000e+00  3.36631132e-01 
 1.02772000e-12  1.78150104e+00  3.41565543e-01 
 1.08316000e-12  1.78050312e+00  3.48326662e-01 
 1.19404001e-12  1.77850728e+00  3.56342011e-01 
 1.33849011e-12  1.77590718e+00  3.66656407e-01 
 1.62739030e-12  1.77070697e+00  3.85185032e-01 
 2.20519068e-12  1.76030657e+00  4.10941513e-01 
 3.06327070e-12  1.74486113e+00  4.31175154e-01 
 3.96406551e-12  1.72864682e+00  4.41071532e-01 
 5.17311404e-12  1.70688395e+00  4.46108812e-01 
 6.88292504e-12  1.67610735e+00  4.46890989e-01 
 1.00002789e-11  1.61999498e+00  4.42955596e-01 
 1.36451152e-11  1.55438793e+00  4.38126931e-01 
 2.02721019e-11  1.43510217e+00  4.33125879e-01 
 2.71396182e-11  1.31148687e+00  4.31237613e-01 
 3.59920801e-11  1.15214256e+00  4.30118377e-01 
 4.68282231e-11  9.57091985e-01  4.29545024e-01 
 6.52765503e-11  6.25022094e-01  4.28646052e-01 
 8.56855055e-11  2.57660901e-01  4.28085766e-01 
 1.00000000e-10  0.00000000e+00  4.27782797e-01 
 1.01183375e-10  0.00000000e+00  4.28009312e-01 
 1.03550126e-10  0.00000000e+00  4.28343537e-01 
 1.08283628e-10  0.00000000e+00  4.28866235e-01 
 1.17750632e-10  0.00000000e+00  4.29424280e-01 
 1.36684640e-10  0.00000000e+00  4.30332797e-01 
 1.74552655e-10  0.00000000e+00  4.32136209e-01 
 2.50288685e-10  0.00000000e+00  4.36008297e-01 
 4.01760746e-10  0.00000000e+00  4.43754229e-01 
 5.61920754e-10  0.00000000e+00  4.51543755e-01 
 8.25363702e-10  0.00000000e+00  4.65078972e-01 
 1.17295717e-09  0.00000000e+00  4.78389083e-01 
 1.63057720e-09  0.00000000e+00  4.88210456e-01 
 2.36488104e-09  0.00000000e+00  4.90766386e-01 
 3.07570486e-09  0.00000000e+00  4.82515609e-01 
 3.69522216e-09  0.00000000e+00  4.65488302e-01 
 4.48611582e-09  0.00000000e+00  4.33346175e-01 
 5.29567434e-09  0.00000000e+00  3.97355279e-01 
 6.20872191e-09  0.00000000e+00  3.60938190e-01 
 7.54298237e-09  0.00000000e+00  3.11289814e-01 
 8.83722596e-09  0.00000000e+00  2.65952517e-01 
 9.93058231e-09  0.00000000e+00  2.31569748e-01 
 1.10017859e-08  0.00000000e+00  1.99812867e-01 
 1.20326690e-08  0.00000000e+00  1.72303962e-01 
 1.29823226e-08  0.00000000e+00  1.49725895e-01 
 1.48032173e-08  0.00000000e+00  1.13910526e-01 
 1.69104311e-08  0.00000000e+00  8.19643088e-02 
 2.02483423e-08  0.00000000e+00  4.80772412e-02 
 2.39702100e-08  0.00000000e+00  2.58584423e-02 
 2.69699326e-08  0.00000000e+00  1.59236732e-02 
 2.97101303e-08  0.00000000e+00  9.94021196e-03 
 3.25372965e-08  0.00000000e+00  6.38570328e-03 
 3.60008173e-08  0.00000000e+00  3.40552012e-03 
 4.11476276e-08  0.00000000e+00  1.54148177e-03 
 4.72714605e-08  0.00000000e+00  3.74706025e-04 
 5.91669676e-08  0.00000000e+00  1.20214756e-04 
 7.88825333e-08  0.00000000e+00 -1.04472116e-04 
 1.16383103e-07  0.00000000e+00  1.09055609e-04 
 1.73708567e-07  0.00000000e+00 -1.08021715e-04 
 2.48789829e-07  0.00000000e+00  1.07346365e-04 
 2.50100000e-07  0.00000000e+00 -1.06996341e-04 
 2.50110000e-07  1.80000000e-01  2.13077326e-03 
 2.50130000e-07  5.40000000e-01  5.49381666e-03 
 2.50170000e-07  1.26000000e+00  9.15059335e-03 
 2.50200000e-07  1.80000000e+00  1.07894499e-02 
 2.50200530e-07  1.80000000e+00  1.06522705e-02 
 2.50201589e-07  1.80000000e+00  1.03784080e-02 
 2.50203709e-07  1.80000000e+00  9.83998849e-03 
 2.50207947e-07  1.80000000e+00  9.00874565e-03 
 2.50216425e-07  1.80000000e+00  7.93147105e-03 
 2.50233379e-07  1.80000000e+00  6.19588599e-03 
 2.50267289e-07  1.80000000e+00  3.81377033e-03 
 2.50335107e-07  1.80000000e+00  1.73010441e-03 
 2.50412506e-07  1.80000000e+00  3.47495678e-05 
 2.50567304e-07  1.80000000e+00 -1.08574670e-03 
 2.50716518e-07  1.80000000e+00 -1.23381667e-03 
 2.51014945e-07  1.80000000e+00 -3.51629997e-04 
 2.51339591e-07  1.80000000e+00  7.94896721e-04 
 2.51860227e-07  1.80000000e+00  2.44887454e-03 
 2.52428527e-07  1.80000000e+00  1.38435007e-03 
 2.53221006e-07  1.80000000e+00  6.32378757e-04 
 2.54044642e-07  1.80000000e+00  3.03347645e-04 
 2.55122845e-07  1.80000000e+00 -2.46622525e-04 
 2.55874487e-07  1.80000000e+00 -7.14081625e-05 
 2.56731311e-07  1.80000000e+00  6.42586067e-04 
 2.57737832e-07  1.80000000e+00  4.11707130e-04 
 2.58848134e-07  1.80000000e+00  5.70417854e-04 
 2.60171705e-07  1.80000000e+00  4.70369808e-04 
 2.62413647e-07  1.80000000e+00  4.99450121e-04 
 2.64466401e-07  1.80000000e+00  3.07489445e-04 
 2.68072143e-07  1.80000000e+00  2.57791869e-04 
 2.72834344e-07  1.80000000e+00  8.27262100e-05 
 2.82358745e-07  1.80000000e+00  8.30316865e-05 
 2.98908232e-07  1.80000000e+00 -2.49560716e-05 
 3.27178404e-07  1.80000000e+00  4.57815013e-05 
 3.83718749e-07  1.80000000e+00 -3.64229354e-05 
 4.96799439e-07  1.80000000e+00  4.12507732e-05 
 5.00000000e-07  1.80000000e+00 -3.72038238e-05 
 5.00010000e-07  1.62000000e+00 -8.52914478e-04 
 5.00030000e-07  1.26000000e+00 -2.20322790e-03 
 5.00070000e-07  5.40000000e-01 -3.66151955e-03 
 5.00100000e-07  0.00000000e+00 -4.56887664e-03 
 5.00104158e-07  0.00000000e+00 -4.30395856e-03 
 5.00112473e-07  0.00000000e+00 -3.71908253e-03 
 5.00129103e-07  0.00000000e+00 -3.06291326e-03 
 5.00162363e-07  0.00000000e+00 -2.43772528e-03 
 5.00228885e-07  0.00000000e+00 -1.49474380e-03 
 5.00361927e-07  0.00000000e+00 -6.93855057e-04 
 5.00537369e-07  0.00000000e+00 -2.33647668e-04 
 5.00888254e-07  0.00000000e+00  1.80027348e-04 
 5.01501660e-07  0.00000000e+00 -5.74269543e-04 
 5.02193377e-07  0.00000000e+00 -7.53799349e-03 
 5.02817270e-07  0.00000000e+00 -1.43347414e-02 
 5.03503815e-07  0.00000000e+00  9.00137899e-03 
 5.04212056e-07  0.00000000e+00  6.63156661e-02 
 5.05147530e-07  0.00000000e+00  1.50190688e-01 
 5.06118436e-07  0.00000000e+00  2.37350936e-01 
 5.07100163e-07  0.00000000e+00  3.23088788e-01 
 5.08378602e-07  0.00000000e+00  4.30435056e-01 
 5.09806715e-07  0.00000000e+00  5.44983888e-01 
 5.11739359e-07  0.00000000e+00  6.96833999e-01 
 5.14069273e-07  0.00000000e+00  8.58988173e-01 
 5.15916021e-07  0.00000000e+00  9.75713450e-01 
 5.17904941e-07  0.00000000e+00  1.07878804e+00 
 5.19990837e-07  0.00000000e+00  1.22455262e+00 
 5.22394338e-07  0.00000000e+00  1.44915462e+00 
 5.25104289e-07  0.00000000e+00  1.65243170e+00 
 5.27934976e-07  0.00000000e+00  1.75092831e+00 
 5.33188598e-07  0.00000000e+00  1.79902166e+00 
 5.41574717e-07  0.00000000e+00  1.80069792e+00 
 5.51295939e-07  0.00000000e+00  1.79958361e+00 
 5.70738383e-07  0.00000000e+00  1.80046613e+00 
 6.09623271e-07  0.00000000e+00  1.79958468e+00 
 6.73426884e-07  0.00000000e+00  1.80043039e+00 
 7.50100000e-07  9.52912066e-13  1.79958483e+00 
 7.50110000e-07  1.80000000e-01  1.80038972e+00 
 7.50130000e-07  5.40000000e-01  1.80204078e+00 
 7.50170000e-07  1.26000000e+00  1.80491775e+00 
 7.50200000e-07  1.80000000e+00  1.80683774e+00 
 7.50200764e-07  1.80000000e+00  1.80685084e+00 
 7.50202291e-07  1.80000000e+00  1.80682377e+00 
 7.50205347e-07  1.80000000e+00  1.80662949e+00 
 7.50211457e-07  1.80000000e+00  1.80626869e+00 
 7.50223678e-07  1.80000000e+00  1.80589898e+00 
 7.50248119e-07  1.80000000e+00  1.80553584e+00 
 7.50297002e-07  1.80000000e+00  1.80499024e+00 
 7.50394768e-07  1.80000000e+00  1.80424299e+00 
 7.50590301e-07  1.80000000e+00  1.80322066e+00 
 7.50976737e-07  1.80000000e+00  1.80243615e+00 
 7.51389291e-07  1.80000000e+00  1.80362707e+00 
 7.51911065e-07  1.80000000e+00  1.80473283e+00 
 7.52517653e-07  1.80000000e+00  1.80267144e+00 
 7.53315830e-07  1.80000000e+00  1.80097631e+00 
 7.54225160e-07  1.80000000e+00  1.80010642e+00 
 7.55413822e-07  1.80000000e+00  1.80006592e+00 
 7.56518610e-07  1.80000000e+00  1.80112168e+00 
 7.57521782e-07  1.80000000e+00  1.79973575e+00 
 7.58609274e-07  1.80000000e+00  1.80009261e+00 
 7.59815499e-07  1.80000000e+00  1.79991028e+00 
 7.61113417e-07  1.80000000e+00  1.80006178e+00 
 7.63557053e-07  1.80000000e+00  1.79994384e+00 
 7.66725086e-07  1.80000000e+00  1.80005784e+00 
 7.72289953e-07  1.80000000e+00  1.79995699e+00 
 7.83419687e-07  1.80000000e+00  1.80005793e+00 
 8.03445957e-07  1.80000000e+00  1.79995889e+00 
 8.42147601e-07  1.80000000e+00  1.80005531e+00 
 9.15407238e-07  1.80000000e+00  1.79995691e+00 
 1.00000000e-06  1.80000000e+00  1.80005259e+00 
 1.00001000e-06  1.62000000e+00  1.79888142e+00 
 1.00003000e-06  1.26000000e+00  1.79680903e+00 
 1.00007000e-06  5.40000000e-01  1.79434960e+00 
 1.00010000e-06  0.00000000e+00  1.79305831e+00 
 1.00010418e-06  0.00000000e+00  1.79336032e+00 
 1.00011253e-06  0.00000000e+00  1.79411888e+00 
 1.00012924e-06  0.00000000e+00  1.79518619e+00 
 1.00016266e-06  0.00000000e+00  1.79631417e+00 
 1.00022951e-06  0.00000000e+00  1.79798745e+00 
 1.00036319e-06  0.00000000e+00  1.79965877e+00 
 1.00053915e-06  0.00000000e+00  1.80057223e+00 
 1.00089106e-06  0.00000000e+00  1.80117917e+00 
 1.00150822e-06  0.00000000e+00  1.80152411e+00 
 1.00219598e-06  0.00000000e+00  1.80080615e+00 
 1.00281647e-06  0.00000000e+00  1.79919303e+00 
 1.00346307e-06  0.00000000e+00  1.79827381e+00 
 1.00414690e-06  0.00000000e+00  1.79921831e+00 
 1.00499105e-06  0.00000000e+00  1.79887274e+00 
 1.00586585e-06  0.00000000e+00  1.79998708e+00 
 1.00671795e-06  0.00000000e+00  1.79619860e+00 
 1.00776717e-06  0.00000000e+00  1.79198882e+00 
 1.00888016e-06  0.00000000e+00  1.78929906e+00 
 1.00996567e-06  0.00000000e+00  1.78688071e+00 
 1.01100043e-06  0.00000000e+00  1.79055562e+00 
 1.01243327e-06  0.00000000e+00  1.79452415e+00 
 1.01412707e-06  0.00000000e+00  1.79714955e+00 
 1.01684049e-06  0.00000000e+00  1.79914482e+00 
 1.01885142e-06  0.00000000e+00  1.79991929e+00 
 1.02101105e-06  0.00000000e+00  1.79975024e+00 
 1.02261815e-06  0.00000000e+00  1.79889700e+00 
 1.02413966e-06  0.00000000e+00  1.79952826e+00 
 1.02558307e-06  0.00000000e+00  1.79856559e+00 
 1.02714247e-06  0.00000000e+00  1.79794171e+00 
 1.02886993e-06  0.00000000e+00  1.79885936e+00 
 1.03112804e-06  0.00000000e+00  1.79954992e+00 
 1.03349874e-06  0.00000000e+00  1.79975795e+00 
 1.03814695e-06  0.00000000e+00  1.79998316e+00 
 1.04457550e-06  0.00000000e+00  1.79993109e+00 
 1.05582986e-06  0.00000000e+00  1.80000588e+00 
 1.07395732e-06  0.00000000e+00  1.79994260e+00 
 1.09984701e-06  0.00000000e+00  1.80001851e+00 
 1.13934000e-06  0.00000000e+00  1.79995272e+00 
 1.21715211e-06  0.00000000e+00  1.80002794e+00 
 1.25010000e-06  0.00000000e+00  1.79995807e+00 
 1.25011000e-06  1.80000000e-01  1.80076088e+00 
 1.25013000e-06  5.40000000e-01  1.80245267e+00 
 1.25017000e-06  1.26000000e+00  1.80549543e+00 
 1.25020000e-06  1.80000000e+00  1.80759542e+00 
 1.25020075e-06  1.80000000e+00  1.80761393e+00 
 1.25020224e-06  1.80000000e+00  1.80759619e+00 
 1.25020522e-06  1.80000000e+00  1.80740715e+00 
 1.25021119e-06  1.80000000e+00  1.80703071e+00 
 1.25022312e-06  1.80000000e+00  1.80662637e+00 
 1.25024699e-06  1.80000000e+00  1.80621410e+00 
 1.25029472e-06  1.80000000e+00  1.80557120e+00 
 1.25039020e-06  1.80000000e+00  1.80466098e+00 
 1.25058114e-06  1.80000000e+00  1.80348193e+00 
 1.25092025e-06  1.80000000e+00  1.80250965e+00 
 1.25134744e-06  1.80000000e+00  1.80324367e+00 
 1.25187239e-06  1.80000000e+00  1.80435020e+00 
 1.25248261e-06  1.80000000e+00  1.80243938e+00 
 1.25324038e-06  1.80000000e+00  1.80093664e+00 
 1.25411594e-06  1.80000000e+00  1.80044013e+00 
 1.25531294e-06  1.80000000e+00  1.79975742e+00 
 1.25620812e-06  1.80000000e+00  1.79885214e+00 
 1.25715656e-06  1.80000000e+00  1.79839864e+00 
 1.25824118e-06  1.80000000e+00  1.79857716e+00 
 1.25979237e-06  1.80000000e+00  1.79892125e+00 
 1.26123671e-06  1.80000000e+00  1.79918460e+00 
 1.26376383e-06  1.80000000e+00  1.79950107e+00 
 1.26672623e-06  1.80000000e+00  1.79971931e+00 
 1.27221341e-06  1.80000000e+00  1.79991394e+00 
 1.28318777e-06  1.80000000e+00  1.80000002e+00 
 1.30280736e-06  1.80000000e+00  1.80000122e+00 
 1.34204655e-06  1.80000000e+00  1.79999824e+00 
 1.41662988e-06  1.80000000e+00  1.80000168e+00 
 1.50000000e-06  1.80000000e+00  1.79999811e+00 
 1.50001000e-06  1.62000000e+00  1.79878974e+00 
 1.50003000e-06  1.26000000e+00  1.79661518e+00 
 1.50007000e-06  5.40000000e-01  1.79394220e+00 
 1.50010000e-06  0.00000000e+00  1.79249803e+00 
 1.50010418e-06  0.00000000e+00  1.79278148e+00 
 1.50011255e-06  0.00000000e+00  1.79352391e+00 
 1.50012927e-06  0.00000000e+00  1.79461626e+00 
 1.50016273e-06  0.00000000e+00  1.79581627e+00 
 1.50022964e-06  0.00000000e+00  1.79764826e+00 
 1.50036347e-06  0.00000000e+00  1.79950427e+00 
 1.50053234e-06  0.00000000e+00  1.80048797e+00 
 1.50087008e-06  0.00000000e+00  1.80116871e+00 
 1.50144996e-06  0.00000000e+00  1.80143525e+00 
 1.50221480e-06  0.00000000e+00  1.80033504e+00 
 1.50288430e-06  0.00000000e+00  1.79896066e+00 
 1.50355757e-06  0.00000000e+00  1.79893947e+00 
 1.50426392e-06  0.00000000e+00  1.79975862e+00 
 1.50524601e-06  0.00000000e+00  1.79999469e+00 
 1.50619895e-06  0.00000000e+00  1.79994725e+00 
 1.50717937e-06  0.00000000e+00  1.79994577e+00 
 1.50862621e-06  0.00000000e+00  1.79989886e+00 
 1.51000824e-06  0.00000000e+00  1.79987476e+00 
 1.51130148e-06  0.00000000e+00  1.79995634e+00 
 1.51268737e-06  0.00000000e+00  1.79990117e+00 
 1.51421118e-06  0.00000000e+00  1.79994973e+00 
 1.51588585e-06  0.00000000e+00  1.79989501e+00 
 1.51744259e-06  0.00000000e+00  1.79995570e+00 
 1.51948868e-06  0.00000000e+00  1.79990192e+00 
 1.52169523e-06  0.00000000e+00  1.79996496e+00 
 1.52556484e-06  0.00000000e+00  1.79991309e+00 
 1.53141700e-06  0.00000000e+00  1.79998064e+00 
 1.54165930e-06  0.00000000e+00  1.79993182e+00 
 1.56065771e-06  0.00000000e+00  1.80000210e+00 
 1.59414226e-06  0.00000000e+00  1.79995248e+00 
 1.65796483e-06  0.00000000e+00  1.80001917e+00 
 1.75010000e-06  0.00000000e+00  1.79996399e+00 
 1.75011000e-06  1.80000000e-01  1.80069028e+00 
 1.75013000e-06  5.40000000e-01  1.80225418e+00 
 1.75017000e-06  1.26000000e+00  1.80522992e+00 
 1.75020000e-06  1.80000000e+00  1.80733440e+00 
 1.75020075e-06  1.80000000e+00  1.80735255e+00 
 1.75020224e-06  1.80000000e+00  1.80733514e+00 
 1.75020522e-06  1.80000000e+00  1.80715067e+00 
 1.75021118e-06  1.80000000e+00  1.80678615e+00 
 1.75022311e-06  1.80000000e+00  1.80639988e+00 
 1.75024697e-06  1.80000000e+00  1.80601425e+00 
 1.75029469e-06  1.80000000e+00  1.80541224e+00 
 1.75039013e-06  1.80000000e+00  1.80455531e+00 
 1.75058101e-06  1.80000000e+00  1.80343300e+00 
 1.75091930e-06  1.80000000e+00  1.80250275e+00 
 1.75134569e-06  1.80000000e+00  1.80325437e+00 
 1.75186969e-06  1.80000000e+00  1.80438012e+00 
 1.75247995e-06  1.80000000e+00  1.80247812e+00 
 1.75323616e-06  1.80000000e+00  1.80096714e+00 
 1.75411094e-06  1.80000000e+00  1.80052381e+00 
 1.75529086e-06  1.80000000e+00  1.79997586e+00 
 1.75619219e-06  1.80000000e+00  1.79906296e+00 
 1.75714329e-06  1.80000000e+00  1.79840800e+00 
 1.75818250e-06  1.80000000e+00  1.79849623e+00 
 1.75930509e-06  1.80000000e+00  1.79877825e+00 
 1.76052045e-06  1.80000000e+00  1.79901072e+00 
 1.76295116e-06  1.80000000e+00  1.79940145e+00 
 1.76557971e-06  1.80000000e+00  1.79962275e+00 
 1.77019714e-06  1.80000000e+00  1.79986976e+00 
 1.77853910e-06  1.80000000e+00  1.79997175e+00 
 1.79522302e-06  1.80000000e+00  1.80001556e+00 
 1.82859086e-06  1.80000000e+00  1.79998591e+00 
 1.89348924e-06  1.80000000e+00  1.80001333e+00 
 2.00000000e-06  1.80000000e+00  1.79998671e+00 
 2.00001000e-06  1.62000000e+00  1.79878278e+00 
 2.00003000e-06  1.26000000e+00  1.79662150e+00 
 2.00007000e-06  5.40000000e-01  1.79395794e+00 
 2.00010000e-06  3.67639252e-12  1.79251009e+00 
 2.00010418e-06  0.00000000e+00  1.79279352e+00 
 2.00011255e-06  0.00000000e+00  1.79353514e+00 
 2.00012927e-06  0.00000000e+00  1.79462512e+00 
 2.00016273e-06  0.00000000e+00  1.79582286e+00 
 2.00022964e-06  0.00000000e+00  1.79765288e+00 
 2.00036347e-06  0.00000000e+00  1.79950788e+00 
 2.00053230e-06  0.00000000e+00  1.80049019e+00 
 2.00086995e-06  0.00000000e+00  1.80116928e+00 
 2.00144980e-06  0.00000000e+00  1.80142969e+00 
 2.00221471e-06  0.00000000e+00  1.80032442e+00 
 2.00288281e-06  0.00000000e+00  1.79896770e+00 
 2.00355910e-06  0.00000000e+00  1.79892743e+00 
 2.00426735e-06  0.00000000e+00  1.79965427e+00 
 2.00525017e-06  0.00000000e+00  1.79996699e+00 
 2.00603283e-06  0.00000000e+00  1.79997474e+00 
 2.00685703e-06  0.00000000e+00  1.79994812e+00 
 2.00784967e-06  0.00000000e+00  1.79998262e+00 
 2.00892875e-06  0.00000000e+00  1.79990611e+00 
 2.00991824e-06  0.00000000e+00  1.79995249e+00 
 2.01095550e-06  0.00000000e+00  1.79989008e+00 
 2.01236505e-06  0.00000000e+00  1.79994723e+00 
 2.01397811e-06  0.00000000e+00  1.79991198e+00 
 2.01627548e-06  0.00000000e+00  1.80003730e+00 
 2.01849063e-06  0.00000000e+00  1.80020719e+00 
 2.02052651e-06  0.00000000e+00  1.80015470e+00 
 2.02214966e-06  0.00000000e+00  1.79930201e+00 
 2.02369830e-06  0.00000000e+00  1.79921422e+00 
 2.02529804e-06  0.00000000e+00  1.79916901e+00 
 2.02696739e-06  0.00000000e+00  1.79799907e+00 
 2.02890399e-06  0.00000000e+00  1.79868216e+00 
 2.03082378e-06  0.00000000e+00  1.79949932e+00 
 2.03342489e-06  0.00000000e+00  1.79969454e+00 
 2.03795002e-06  0.00000000e+00  1.80001837e+00 
 2.04535108e-06  0.00000000e+00  1.79989265e+00 
 2.05946210e-06  0.00000000e+00  1.80004434e+00 
 2.08107107e-06  0.00000000e+00  1.79990648e+00 
 2.12216004e-06  0.00000000e+00  1.80005878e+00 
 2.17374964e-06  0.00000000e+00  1.79991770e+00 
 2.23603235e-06  0.00000000e+00  1.80006145e+00 
 2.25010000e-06  0.00000000e+00  1.79991327e+00 
 2.25011000e-06  1.80000000e-01  1.80064433e+00 
 2.25013000e-06  5.40000000e-01  1.80221783e+00 
 2.25017000e-06  1.26000000e+00  1.80518890e+00 
 2.25020000e-06  1.80000000e+00  1.80727948e+00 
 2.25020075e-06  1.80000000e+00  1.80729761e+00 
 2.25020224e-06  1.80000000e+00  1.80728033e+00 
 2.25020522e-06  1.80000000e+00  1.80709703e+00 
 2.25021119e-06  1.80000000e+00  1.80673556e+00 
 2.25022312e-06  1.80000000e+00  1.80635395e+00 
 2.25024698e-06  1.80000000e+00  1.80598089e+00 
 2.25029471e-06  1.80000000e+00  1.80540257e+00 
 2.25039017e-06  1.80000000e+00  1.80456149e+00 
 2.25058109e-06  1.80000000e+00  1.80343241e+00 
 2.25091991e-06  1.80000000e+00  1.80249634e+00 
 2.25134558e-06  1.80000000e+00  1.80325031e+00 
 2.25186919e-06  1.80000000e+00  1.80436546e+00 
 2.25247920e-06  1.80000000e+00  1.80243719e+00 
 2.25323541e-06  1.80000000e+00  1.80083143e+00 
 2.25411124e-06  1.80000000e+00  1.80011407e+00 
 2.25526879e-06  1.80000000e+00  1.79988795e+00 
 2.25615900e-06  1.80000000e+00  1.79988574e+00 
 2.25710224e-06  1.80000000e+00  1.79985788e+00 
 2.25817853e-06  1.80000000e+00  1.79982297e+00 
 2.25974095e-06  1.80000000e+00  1.79990314e+00 
 2.26120756e-06  1.80000000e+00  1.79991915e+00 
 2.26373564e-06  1.80000000e+00  1.80003927e+00 
 2.26664042e-06  1.80000000e+00  1.80006665e+00 
 2.27199304e-06  1.80000000e+00  1.80017205e+00 
 2.27612683e-06  1.80000000e+00  1.79978914e+00 
 2.28062645e-06  1.80000000e+00  1.80013530e+00 
 2.28607751e-06  1.80000000e+00  1.79986632e+00 
 2.29198610e-06  1.80000000e+00  1.80012624e+00 
 2.30212796e-06  1.80000000e+00  1.79988269e+00 
 2.31522620e-06  1.80000000e+00  1.80012164e+00 
 2.33645625e-06  1.80000000e+00  1.79967774e+00 
 2.35931386e-06  1.80000000e+00  1.79984921e+00 
 2.37413260e-06  1.80000000e+00  1.79980839e+00 
 2.38777354e-06  1.80000000e+00  1.80020008e+00 
 2.40171411e-06  1.80000000e+00  1.79982140e+00 
 2.41652593e-06  1.80000000e+00  1.80015478e+00 
 2.43846441e-06  1.80000000e+00  1.79985759e+00 
 2.46255879e-06  1.80000000e+00  1.80013118e+00 
 2.49733456e-06  1.80000000e+00  1.79987523e+00 
 2.50000000e-06  1.80000000e+00  1.80006453e+00 
 2.50001000e-06  1.62000000e+00  1.79883113e+00 
 2.50003000e-06  1.26000000e+00  1.79665304e+00 
 2.50007000e-06  5.40000000e-01  1.79400247e+00 
 2.50010000e-06  3.67639252e-12  1.79254618e+00 
 2.50010416e-06  0.00000000e+00  1.79282869e+00 
 2.50011248e-06  0.00000000e+00  1.79356636e+00 
 2.50012913e-06  0.00000000e+00  1.79464637e+00 
 2.50016242e-06  0.00000000e+00  1.79583299e+00 
 2.50022901e-06  0.00000000e+00  1.79765202e+00 
 2.50036218e-06  0.00000000e+00  1.79950653e+00 
 2.50053058e-06  0.00000000e+00  1.80049502e+00 
 2.50086738e-06  0.00000000e+00  1.80117038e+00 
 2.50144369e-06  0.00000000e+00  1.80143957e+00 
 2.50221349e-06  0.00000000e+00  1.80033661e+00 
 2.50288600e-06  0.00000000e+00  1.79895282e+00 
 2.50356056e-06  0.00000000e+00  1.79893752e+00 
 2.50426806e-06  0.00000000e+00  1.79975903e+00 
 2.50525146e-06  0.00000000e+00  1.79999272e+00 
 2.50620896e-06  0.00000000e+00  1.79995025e+00 
 2.50719518e-06  0.00000000e+00  1.79994378e+00 
 2.50866388e-06  0.00000000e+00  1.79989806e+00 
 2.51004453e-06  0.00000000e+00  1.79987592e+00 
 2.51133569e-06  0.00000000e+00  1.79995735e+00 
 2.51269999e-06  0.00000000e+00  1.79989834e+00 
 2.51421416e-06  0.00000000e+00  1.79995130e+00 
 2.51589316e-06  0.00000000e+00  1.79989341e+00 
 2.51747557e-06  0.00000000e+00  1.79995672e+00 
 2.51975569e-06  0.00000000e+00  1.79990116e+00 
 2.52210473e-06  0.00000000e+00  1.79996666e+00 
 2.52647396e-06  0.00000000e+00  1.79991345e+00 
 2.53305881e-06  0.00000000e+00  1.79998354e+00 
 2.54455395e-06  0.00000000e+00  1.79993300e+00 
 2.56628340e-06  0.00000000e+00  1.80000525e+00 
 2.60411601e-06  0.00000000e+00  1.79995323e+00 
 2.67689178e-06  0.00000000e+00  1.80002132e+00 
 2.75010000e-06  0.00000000e+00  1.79996299e+00 
 2.75011000e-06  1.80000000e-01  1.80068772e+00 
 2.75013000e-06  5.40000000e-01  1.80224744e+00 
 2.75017000e-06  1.26000000e+00  1.80520740e+00 
 2.75020000e-06  1.80000000e+00  1.80729328e+00 
 2.75020075e-06  1.80000000e+00  1.80731117e+00 
 2.75020224e-06  1.80000000e+00  1.80729363e+00 
 2.75020522e-06  1.80000000e+00  1.80711070e+00 
 2.75021118e-06  1.80000000e+00  1.80675128e+00 
 2.75022311e-06  1.80000000e+00  1.80637218e+00 
 2.75024697e-06  1.80000000e+00  1.80599571e+00 
 2.75029469e-06  1.80000000e+00  1.80540461e+00 
 2.75039012e-06  1.80000000e+00  1.80455512e+00 
 2.75058098e-06  1.80000000e+00  1.80343296e+00 
 2.75091916e-06  1.80000000e+00  1.80250296e+00 
 2.75134488e-06  1.80000000e+00  1.80325611e+00 
 2.75186843e-06  1.80000000e+00  1.80438403e+00 
 2.75247836e-06  1.80000000e+00  1.80248461e+00 
 2.75323422e-06  1.80000000e+00  1.80096752e+00 
 2.75410830e-06  1.80000000e+00  1.80052334e+00 
 2.75528678e-06  1.80000000e+00  1.79997900e+00 
 2.75618733e-06  1.80000000e+00  1.79907435e+00 
 2.75713760e-06  1.80000000e+00  1.79841439e+00 
 2.75817814e-06  1.80000000e+00  1.79849505e+00 
 2.75930137e-06  1.80000000e+00  1.79877836e+00 
 2.76051403e-06  1.80000000e+00  1.79900667e+00 
 2.76293936e-06  1.80000000e+00  1.79940083e+00 
 2.76556283e-06  1.80000000e+00  1.79961938e+00 
 2.77017082e-06  1.80000000e+00  1.79987032e+00 
 2.77846978e-06  1.80000000e+00  1.79996971e+00 
 2.79506769e-06  1.80000000e+00  1.80001716e+00 
 2.82826352e-06  1.80000000e+00  1.79998437e+00 
 2.89271731e-06  1.80000000e+00  1.80001491e+00 
 3.00000000e-06  1.80000000e+00  1.79998517e+00 
 3.00001000e-06  1.62000000e+00  1.79878625e+00 
 3.00003000e-06  1.26000000e+00  1.79664046e+00 
 3.00007000e-06  5.40000000e-01  1.79398421e+00 
 3.00010000e-06  3.67639252e-12  1.79253019e+00 
 3.00010418e-06  0.00000000e+00  1.79281416e+00 
 3.00011255e-06  0.00000000e+00  1.79355398e+00 
 3.00012927e-06  0.00000000e+00  1.79463509e+00 
 3.00016273e-06  0.00000000e+00  1.79582367e+00 
 3.00022964e-06  0.00000000e+00  1.79764723e+00 
 3.00036346e-06  0.00000000e+00  1.79950512e+00 
 3.00053229e-06  0.00000000e+00  1.80049178e+00 
 3.00086996e-06  0.00000000e+00  1.80117049e+00 
 3.00144933e-06  0.00000000e+00  1.80143124e+00 
 3.00221321e-06  0.00000000e+00  1.80032668e+00 
 3.00288035e-06  0.00000000e+00  1.79896478e+00 
 3.00355614e-06  0.00000000e+00  1.79892134e+00 
 3.00426394e-06  0.00000000e+00  1.79965199e+00 
 3.00524642e-06  0.00000000e+00  1.79996425e+00 
 3.00602924e-06  0.00000000e+00  1.79997835e+00 
 3.00685331e-06  0.00000000e+00  1.79994805e+00 
 3.00784536e-06  0.00000000e+00  1.79998510e+00 
 3.00892403e-06  0.00000000e+00  1.79990420e+00 
 3.01001145e-06  0.00000000e+00  1.79995416e+00 
 3.01101959e-06  0.00000000e+00  1.79988842e+00 
 3.01245986e-06  0.00000000e+00  1.79995079e+00 
 3.01410972e-06  0.00000000e+00  1.79991641e+00 
 3.01671038e-06  0.00000000e+00  1.80006974e+00 
 3.01867638e-06  0.00000000e+00  1.80027226e+00 
 3.02078322e-06  0.00000000e+00  1.80000495e+00 
 3.02212168e-06  0.00000000e+00  1.79917485e+00 
 3.02350559e-06  0.00000000e+00  1.79921094e+00 
 3.02483313e-06  0.00000000e+00  1.79946163e+00 
 3.02631641e-06  0.00000000e+00  1.79817515e+00 
 3.02822212e-06  0.00000000e+00  1.79828050e+00 
 3.02995812e-06  0.00000000e+00  1.79920511e+00 
 3.03278441e-06  0.00000000e+00  1.79960937e+00 
 3.03604384e-06  0.00000000e+00  1.79994403e+00 
 3.04147582e-06  0.00000000e+00  1.79990612e+00 
 3.04757597e-06  0.00000000e+00  1.80005485e+00 
 3.05421757e-06  0.00000000e+00  1.80018001e+00 
 3.05830938e-06  0.00000000e+00  1.79955485e+00 
 3.06282597e-06  0.00000000e+00  1.80031603e+00 
 3.06713461e-06  0.00000000e+00  1.79966579e+00 
 3.07233983e-06  0.00000000e+00  1.80027316e+00 
 3.07861372e-06  0.00000000e+00  1.79970253e+00 
 3.08482083e-06  0.00000000e+00  1.80023960e+00 
 3.09147288e-06  0.00000000e+00  1.79973200e+00 
 3.10322133e-06  0.00000000e+00  1.80022562e+00 
 3.11541727e-06  0.00000000e+00  1.79974862e+00 
 3.13452922e-06  0.00000000e+00  1.80022002e+00 
 3.15945954e-06  0.00000000e+00  1.79975935e+00 
 3.19462687e-06  0.00000000e+00  1.80021946e+00 
 3.23544530e-06  0.00000000e+00  1.79976652e+00 
 3.25010000e-06  0.00000000e+00  1.80021533e+00 
 3.25011000e-06  1.80000000e-01  1.80094292e+00 
 3.25013000e-06  5.40000000e-01  1.80240850e+00 
 3.25017000e-06  1.26000000e+00  1.80523522e+00 
 3.25020000e-06  1.80000000e+00  1.80731445e+00 
 3.25020075e-06  1.80000000e+00  1.80733214e+00 
 3.25020224e-06  1.80000000e+00  1.80731632e+00 
 3.25020522e-06  1.80000000e+00  1.80713572e+00 
 3.25021119e-06  1.80000000e+00  1.80676645e+00 
 3.25022312e-06  1.80000000e+00  1.80636608e+00 
 3.25024699e-06  1.80000000e+00  1.80597139e+00 
 3.25029472e-06  1.80000000e+00  1.80537986e+00 
 3.25039018e-06  1.80000000e+00  1.80455586e+00 
 3.25058110e-06  1.80000000e+00  1.80344808e+00 
 3.25091996e-06  1.80000000e+00  1.80250758e+00 
 3.25134534e-06  1.80000000e+00  1.80325358e+00 
 3.25186855e-06  1.80000000e+00  1.80434404e+00 
 3.25247835e-06  1.80000000e+00  1.80237039e+00 
 3.25323451e-06  1.80000000e+00  1.80069265e+00 
 3.25410988e-06  1.80000000e+00  1.80001083e+00 
 3.25523076e-06  1.80000000e+00  1.79992233e+00 
 3.25615549e-06  1.80000000e+00  1.79995561e+00 
 3.25711445e-06  1.80000000e+00  1.79994034e+00 
 3.25818376e-06  1.80000000e+00  1.79992485e+00 
 3.25975715e-06  1.80000000e+00  1.79997292e+00 
 3.26129487e-06  1.80000000e+00  1.79995475e+00 
 3.26377324e-06  1.80000000e+00  1.79999447e+00 
 3.26674333e-06  1.80000000e+00  1.79997593e+00 
 3.27206927e-06  1.80000000e+00  1.80000955e+00 
 3.28272115e-06  1.80000000e+00  1.79998685e+00 
 3.30166428e-06  1.80000000e+00  1.80001289e+00 
 3.33922841e-06  1.80000000e+00  1.79998697e+00 
 3.40997757e-06  1.80000000e+00  1.80001290e+00 
 3.50000000e-06  1.80000000e+00  1.79998695e+00 
 3.50001000e-06  1.62000000e+00  1.79879217e+00 
 3.50003000e-06  1.26000000e+00  1.79663223e+00 
 3.50007000e-06  5.40000000e-01  1.79397101e+00 
 3.50010000e-06  3.67639252e-12  1.79254963e+00 
 3.50010418e-06  0.00000000e+00  1.79283046e+00 
 3.50011255e-06  0.00000000e+00  1.79358182e+00 
 3.50012927e-06  0.00000000e+00  1.79470994e+00 
 3.50016273e-06  0.00000000e+00  1.79590691e+00 
 3.50022964e-06  0.00000000e+00  1.79769533e+00 
 3.50036346e-06  0.00000000e+00  1.79948405e+00 
 3.50053237e-06  0.00000000e+00  1.80045478e+00 
 3.50087019e-06  0.00000000e+00  1.80111866e+00 
 3.50144928e-06  0.00000000e+00  1.80153725e+00 
 3.50221333e-06  0.00000000e+00  1.80084382e+00 
 3.50283172e-06  0.00000000e+00  1.79921755e+00 
 3.50356593e-06  0.00000000e+00  1.79801417e+00 
 3.50422947e-06  0.00000000e+00  1.79834132e+00 
 3.50523904e-06  0.00000000e+00  1.79877982e+00 
 3.50619445e-06  0.00000000e+00  1.79918906e+00 
 3.50716535e-06  0.00000000e+00  1.79941075e+00 
 3.50853615e-06  0.00000000e+00  1.79961507e+00 
 3.50995885e-06  0.00000000e+00  1.79971412e+00 
 3.51126124e-06  0.00000000e+00  1.79984800e+00 
 3.51277109e-06  0.00000000e+00  1.79984862e+00 
 3.51433454e-06  0.00000000e+00  1.79992505e+00 
 3.51601223e-06  0.00000000e+00  1.79989128e+00 
 3.51787256e-06  0.00000000e+00  1.79995561e+00 
 3.51980033e-06  0.00000000e+00  1.79991134e+00 
 3.52365585e-06  0.00000000e+00  1.79997200e+00 
 3.53021006e-06  0.00000000e+00  1.79992920e+00 
 3.54068484e-06  0.00000000e+00  1.79998980e+00 
 3.56094371e-06  0.00000000e+00  1.79994861e+00 
 3.59430429e-06  0.00000000e+00  1.80000867e+00 
 3.66102544e-06  0.00000000e+00  1.79996430e+00 
 3.75010000e-06  0.00000000e+00  1.80001950e+00 
 3.75011000e-06  1.80000000e-01  1.80070637e+00 
 3.75013000e-06  5.40000000e-01  1.80225968e+00 
 3.75017000e-06  1.26000000e+00  1.80521049e+00 
 3.75020000e-06  1.80000000e+00  1.80726384e+00 
 3.75020076e-06  1.80000000e+00  1.80728435e+00 
 3.75020229e-06  1.80000000e+00  1.80727121e+00 
 3.75020534e-06  1.80000000e+00  1.80708910e+00 
 3.75021145e-06  1.80000000e+00  1.80671950e+00 
 3.75022367e-06  1.80000000e+00  1.80632484e+00 
 3.75024810e-06  1.80000000e+00  1.80593336e+00 
 3.75029697e-06  1.80000000e+00  1.80534120e+00 
 3.75039470e-06  1.80000000e+00  1.80451847e+00 
 3.75059017e-06  1.80000000e+00  1.80340345e+00 
 3.75093623e-06  1.80000000e+00  1.80251125e+00 
 3.75136044e-06  1.80000000e+00  1.80332543e+00 
 3.75188016e-06  1.80000000e+00  1.80434956e+00 
 3.75248721e-06  1.80000000e+00  1.80236117e+00 
 3.75325421e-06  1.80000000e+00  1.80068308e+00 
 3.75413156e-06  1.80000000e+00  1.79982558e+00 
 3.75531036e-06  1.80000000e+00  1.79966840e+00 
 3.75623082e-06  1.80000000e+00  1.80008529e+00 
 3.75719708e-06  1.80000000e+00  1.80046033e+00 
 3.75822573e-06  1.80000000e+00  1.80093027e+00 
 3.75933665e-06  1.80000000e+00  1.80124340e+00 
 3.76056413e-06  1.80000000e+00  1.80115027e+00 
 3.76184203e-06  1.80000000e+00  1.80090360e+00 
 3.76324149e-06  1.80000000e+00  1.80070221e+00 
 3.76536604e-06  1.80000000e+00  1.80049710e+00 
 3.76769151e-06  1.80000000e+00  1.80030180e+00 
 3.77129041e-06  1.80000000e+00  1.80015923e+00 
 3.77697307e-06  1.80000000e+00  1.80003693e+00 
 3.78833840e-06  1.80000000e+00  1.80000573e+00 
 3.81106904e-06  1.80000000e+00  1.79999292e+00 
 3.85653034e-06  1.80000000e+00  1.80000713e+00 
 3.94745293e-06  1.80000000e+00  1.79999260e+00 
 4.00000000e-06  1.80000000e+00  1.80000727e+00 
 4.00001000e-06  1.62000000e+00  1.79880369e+00 
 4.00003000e-06  1.26000000e+00  1.79663132e+00 
 4.00007000e-06  5.40000000e-01  1.79397475e+00 
 4.00010000e-06  0.00000000e+00  1.79255387e+00 
 4.00010416e-06  0.00000000e+00  1.79283311e+00 
 4.00011249e-06  0.00000000e+00  1.79358240e+00 
 4.00012914e-06  0.00000000e+00  1.79471011e+00 
 4.00016245e-06  0.00000000e+00  1.79590498e+00 
 4.00022906e-06  0.00000000e+00  1.79768817e+00 
 4.00036229e-06  0.00000000e+00  1.79947307e+00 
 4.00053067e-06  0.00000000e+00  1.80044628e+00 
 4.00086744e-06  0.00000000e+00  1.80111132e+00 
 4.00144406e-06  0.00000000e+00  1.80154307e+00 
 4.00221361e-06  0.00000000e+00  1.80086999e+00 
 4.00288122e-06  0.00000000e+00  1.79913913e+00 
 4.00355846e-06  0.00000000e+00  1.79828586e+00 
 4.00426679e-06  0.00000000e+00  1.79908719e+00 
 4.00513395e-06  0.00000000e+00  1.79802800e+00 
 4.00589709e-06  0.00000000e+00  1.79907100e+00 
 4.00672818e-06  0.00000000e+00  1.79994291e+00 
 4.00780271e-06  0.00000000e+00  1.80062395e+00 
 4.00878757e-06  0.00000000e+00  1.80067484e+00 
 4.00974603e-06  0.00000000e+00  1.80032373e+00 
 4.01076599e-06  0.00000000e+00  1.80027401e+00 
 4.01207969e-06  0.00000000e+00  1.80006444e+00 
 4.01370698e-06  0.00000000e+00  1.80009400e+00 
 4.01490708e-06  0.00000000e+00  1.79999562e+00 
 4.01628109e-06  0.00000000e+00  1.80009504e+00 
 4.01766776e-06  0.00000000e+00  1.80014448e+00 
 4.01926260e-06  0.00000000e+00  1.80045223e+00 
 4.02095931e-06  0.00000000e+00  1.79988287e+00 
 4.02258690e-06  0.00000000e+00  1.79898879e+00 
 4.02412341e-06  0.00000000e+00  1.79951654e+00 
 4.02561844e-06  0.00000000e+00  1.79862908e+00 
 4.02718600e-06  0.00000000e+00  1.79792545e+00 
 4.02894721e-06  0.00000000e+00  1.79891735e+00 
 4.03119627e-06  0.00000000e+00  1.79952764e+00 
 4.03359912e-06  0.00000000e+00  1.79979429e+00 
 4.03818101e-06  0.00000000e+00  1.79994880e+00 
 4.04451240e-06  0.00000000e+00  1.79996178e+00 
 4.05102595e-06  0.00000000e+00  1.79999405e+00 
 4.05713965e-06  0.00000000e+00  1.80029060e+00 
 4.06239086e-06  0.00000000e+00  1.79978389e+00 
 4.06559896e-06  0.00000000e+00  1.79958600e+00 
 4.06834531e-06  0.00000000e+00  1.80007134e+00 
 4.07132566e-06  0.00000000e+00  1.79984949e+00 
 4.07728635e-06  0.00000000e+00  1.80007205e+00 
 4.08465401e-06  0.00000000e+00  1.79989578e+00 
 4.09726261e-06  0.00000000e+00  1.80006061e+00 
 4.11707484e-06  0.00000000e+00  1.79991005e+00 
 4.13942195e-06  0.00000000e+00  1.80006021e+00 
 4.16466778e-06  0.00000000e+00  1.79991632e+00 
 4.19173276e-06  0.00000000e+00  1.80004637e+00 
 4.21922373e-06  0.00000000e+00  1.79995653e+00 
 4.24159759e-06  0.00000000e+00  1.80001029e+00 
 4.25010000e-06  6.67038446e-12  1.80003131e+00 
 4.25011000e-06  1.80000000e-01  1.80075070e+00 
 4.25013000e-06  5.40000000e-01  1.80231578e+00 
 4.25017000e-06  1.26000000e+00  1.80526366e+00 
 4.25020000e-06  1.80000000e+00  1.80730853e+00 
 4.25020075e-06  1.80000000e+00  1.80732797e+00 
 4.25020224e-06  1.80000000e+00  1.80731500e+00 
 4.25020522e-06  1.80000000e+00  1.80713713e+00 
 4.25021119e-06  1.80000000e+00  1.80676929e+00 
 4.25022312e-06  1.80000000e+00  1.80636797e+00 
 4.25024699e-06  1.80000000e+00  1.80596969e+00 
 4.25029473e-06  1.80000000e+00  1.80537193e+00 
 4.25039021e-06  1.80000000e+00  1.80454052e+00 
 4.25058116e-06  1.80000000e+00  1.80343005e+00 
 4.25091713e-06  1.80000000e+00  1.80249397e+00 
 4.25134380e-06  1.80000000e+00  1.80323695e+00 
 4.25186818e-06  1.80000000e+00  1.80433749e+00 
 4.25247742e-06  1.80000000e+00  1.80236816e+00 
 4.25323363e-06  1.80000000e+00  1.80068999e+00 
 4.25410844e-06  1.80000000e+00  1.80001206e+00 
 4.25524858e-06  1.80000000e+00  1.79991473e+00 
 4.25616556e-06  1.80000000e+00  1.79995049e+00 
 4.25712686e-06  1.80000000e+00  1.79993693e+00 
 4.25818815e-06  1.80000000e+00  1.79992419e+00 
 4.25979230e-06  1.80000000e+00  1.79997464e+00 
 4.26128935e-06  1.80000000e+00  1.79995408e+00 
 4.26381316e-06  1.80000000e+00  1.79999521e+00 
 4.26674819e-06  1.80000000e+00  1.79997532e+00 
 4.27209409e-06  1.80000000e+00  1.80001017e+00 
 4.28278589e-06  1.80000000e+00  1.79998631e+00 
 4.30169507e-06  1.80000000e+00  1.80001347e+00 
 4.33951344e-06  1.80000000e+00  1.79998638e+00 
 4.38768792e-06  1.80000000e+00  1.80001345e+00 
 4.45079578e-06  1.80000000e+00  1.79998643e+00 
 4.50000000e-06  1.80000000e+00  1.80001341e+00 
 4.50001000e-06  1.62000000e+00  1.79880987e+00 
 4.50003000e-06  1.26000000e+00  1.79663650e+00 
 4.50007000e-06  5.40000000e-01  1.79397525e+00 
 4.50010000e-06  0.00000000e+00  1.79255130e+00 
 4.50010416e-06  0.00000000e+00  1.79283090e+00 
 4.50011249e-06  0.00000000e+00  1.79358066e+00 
 4.50012915e-06  0.00000000e+00  1.79470729e+00 
 4.50016246e-06  0.00000000e+00  1.79590114e+00 
 4.50022908e-06  0.00000000e+00  1.79768676e+00 
 4.50036232e-06  0.00000000e+00  1.79947573e+00 
 4.50053044e-06  0.00000000e+00  1.80044891e+00 
 4.50086669e-06  0.00000000e+00  1.80111434e+00 
 4.50144216e-06  0.00000000e+00  1.80153554e+00 
 4.50221230e-06  0.00000000e+00  1.80084867e+00 
 4.50283859e-06  0.00000000e+00  1.79920591e+00 
 4.50350407e-06  0.00000000e+00  1.79805453e+00 
 4.50419485e-06  0.00000000e+00  1.79833961e+00 
 4.50515381e-06  0.00000000e+00  1.79875920e+00 
 4.50612352e-06  0.00000000e+00  1.79916880e+00 
 4.50705843e-06  0.00000000e+00  1.79939127e+00 
 4.50855056e-06  0.00000000e+00  1.79961240e+00 
 4.50991023e-06  0.00000000e+00  1.79970591e+00 
 4.51120248e-06  0.00000000e+00  1.79983924e+00 
 4.51259895e-06  0.00000000e+00  1.79983950e+00 
 4.51392098e-06  0.00000000e+00  1.79991214e+00 
 4.51544906e-06  0.00000000e+00  1.79988120e+00 
 4.51703828e-06  0.00000000e+00  1.79994443e+00 
 4.51878163e-06  0.00000000e+00  1.79990321e+00 
 4.52226832e-06  0.00000000e+00  1.79996458e+00 
 4.52924170e-06  0.00000000e+00  1.79992572e+00 
 4.54114063e-06  0.00000000e+00  1.79998787e+00 
 4.56493850e-06  0.00000000e+00  1.79994974e+00 
 4.60980370e-06  0.00000000e+00  1.80001035e+00 
 4.69953410e-06  0.00000000e+00  1.79996674e+00 
 4.75010000e-06  6.67038446e-12  1.80001900e+00 
 4.75011000e-06  1.80000000e-01  1.80070606e+00 
 4.75013000e-06  5.40000000e-01  1.80225962e+00 
 4.75017000e-06  1.26000000e+00  1.80520830e+00 
 4.75020000e-06  1.80000000e+00  1.80725456e+00 
 4.75020076e-06  1.80000000e+00  1.80727487e+00 
 4.75020229e-06  1.80000000e+00  1.80726147e+00 
 4.75020534e-06  1.80000000e+00  1.80707948e+00 
 4.75021145e-06  1.80000000e+00  1.80671100e+00 
 4.75022367e-06  1.80000000e+00  1.80631768e+00 
 4.75024810e-06  1.80000000e+00  1.80592754e+00 
 4.75029696e-06  1.80000000e+00  1.80533761e+00 
 4.75039469e-06  1.80000000e+00  1.80451728e+00 
 4.75059014e-06  1.80000000e+00  1.80340359e+00 
 4.75093423e-06  1.80000000e+00  1.80251134e+00 
 4.75135959e-06  1.80000000e+00  1.80332195e+00 
 4.75187977e-06  1.80000000e+00  1.80435018e+00 
 4.75248668e-06  1.80000000e+00  1.80236305e+00 
 4.75325339e-06  1.80000000e+00  1.80068362e+00 
 4.75412974e-06  1.80000000e+00  1.79982622e+00 
 4.75530767e-06  1.80000000e+00  1.79966971e+00 
 4.75622940e-06  1.80000000e+00  1.80009092e+00 
 4.75719652e-06  1.80000000e+00  1.80046166e+00 
 4.75822260e-06  1.80000000e+00  1.80092826e+00 
 4.75933556e-06  1.80000000e+00  1.80124414e+00 
 4.76057207e-06  1.80000000e+00  1.80114695e+00 
 4.76185007e-06  1.80000000e+00  1.80090191e+00 
 4.76325118e-06  1.80000000e+00  1.80069931e+00 
 4.76537911e-06  1.80000000e+00  1.80049616e+00 
 4.76769911e-06  1.80000000e+00  1.80029999e+00 
 4.77133063e-06  1.80000000e+00  1.80015868e+00 
 4.77705502e-06  1.80000000e+00  1.80003500e+00 
 4.78850380e-06  1.80000000e+00  1.80000655e+00 
 4.81140137e-06  1.80000000e+00  1.79999202e+00 
 4.85682417e-06  1.80000000e+00  1.80000804e+00 
 4.94766977e-06  1.80000000e+00  1.79999170e+00 
 5.00000000e-06  1.80000000e+00  1.80000824e+00 
 5.00001000e-06  1.62000000e+00  1.79880570e+00 
 5.00003000e-06  1.26000000e+00  1.79663679e+00 
 5.00007000e-06  5.40000000e-01  1.79398027e+00 
 5.00010000e-06  0.00000000e+00  1.79255717e+00 
 5.00010416e-06  0.00000000e+00  1.79283712e+00 
 5.00011249e-06  0.00000000e+00  1.79358728e+00 
 5.00012914e-06  0.00000000e+00  1.79471404e+00 
 5.00016245e-06  0.00000000e+00  1.79590763e+00 
 5.00022906e-06  0.00000000e+00  1.79769015e+00 
 5.00036229e-06  0.00000000e+00  1.79947383e+00 
 5.00053029e-06  0.00000000e+00  1.80044494e+00 
 5.00086629e-06  0.00000000e+00  1.80110937e+00 
 5.00144172e-06  0.00000000e+00  1.80154351e+00 
 5.00221245e-06  0.00000000e+00  1.80087189e+00 
 5.00288027e-06  0.00000000e+00  1.79914230e+00 
 5.00356197e-06  0.00000000e+00  1.79828390e+00 
 5.00427429e-06  0.00000000e+00  1.79908103e+00 
 5.00524031e-06  0.00000000e+00  1.79804259e+00 
 5.00601887e-06  0.00000000e+00  1.79921949e+00 
 5.00684112e-06  0.00000000e+00  1.79998948e+00 
 5.00781162e-06  0.00000000e+00  1.80065665e+00 
 5.00871538e-06  0.00000000e+00  1.80067045e+00 
 5.00968886e-06  0.00000000e+00  1.80035740e+00 
 5.01065728e-06  0.00000000e+00  1.80027335e+00 
 5.01191315e-06  0.00000000e+00  1.80008915e+00 
 5.01360443e-06  0.00000000e+00  1.80008761e+00 
 5.01479162e-06  0.00000000e+00  1.80000258e+00 
 5.01618367e-06  0.00000000e+00  1.80008457e+00 
 5.01765287e-06  0.00000000e+00  1.80013900e+00 
 5.01926726e-06  0.00000000e+00  1.80044833e+00 
 5.02110277e-06  0.00000000e+00  1.79984649e+00 
 5.02260935e-06  0.00000000e+00  1.79898892e+00 
 5.02416881e-06  0.00000000e+00  1.79949705e+00 
 5.02562987e-06  0.00000000e+00  1.79868444e+00 
 5.02718463e-06  0.00000000e+00  1.79792752e+00 
 5.02893602e-06  0.00000000e+00  1.79892604e+00 
 5.03116037e-06  0.00000000e+00  1.79956009e+00 
 5.03354174e-06  0.00000000e+00  1.79995081e+00 
 5.03604823e-06  0.00000000e+00  1.80074119e+00 
 5.03888628e-06  0.00000000e+00  1.79931117e+00 
 5.04112080e-06  0.00000000e+00  1.79980305e+00 
 5.04336850e-06  0.00000000e+00  1.79956547e+00 
 5.04593008e-06  0.00000000e+00  1.80011531e+00 
 5.04831097e-06  0.00000000e+00  1.79977816e+00 
 5.05307273e-06  0.00000000e+00  1.80010365e+00 
 5.05906454e-06  0.00000000e+00  1.79985369e+00 
 5.07104816e-06  0.00000000e+00  1.80008388e+00 
 5.08543300e-06  0.00000000e+00  1.79988023e+00 
 5.09950845e-06  0.00000000e+00  1.80007458e+00 
 5.11546685e-06  0.00000000e+00  1.79990012e+00 
 5.13961847e-06  0.00000000e+00  1.80006838e+00 
 5.18792172e-06  0.00000000e+00  1.79991274e+00 
 5.25010000e-06  6.67038446e-12  1.80007012e+00 
 5.25011000e-06  1.80000000e-01  1.80083099e+00 
 5.25013000e-06  5.40000000e-01  1.80243532e+00 
 5.25017000e-06  1.26000000e+00  1.80536175e+00 
 5.25020000e-06  1.80000000e+00  1.80738195e+00 
 5.25020076e-06  1.80000000e+00  1.80739929e+00 
 5.25020229e-06  1.80000000e+00  1.80737881e+00 
 5.25020534e-06  1.80000000e+00  1.80718717e+00 
 5.25021145e-06  1.80000000e+00  1.80682021e+00 
 5.25022366e-06  1.80000000e+00  1.80643425e+00 
 5.25024808e-06  1.80000000e+00  1.80603735e+00 
 5.25029692e-06  1.80000000e+00  1.80541473e+00 
 5.25039460e-06  1.80000000e+00  1.80453236e+00 
 5.25058996e-06  1.80000000e+00  1.80338002e+00 
 5.25093663e-06  1.80000000e+00  1.80249200e+00 
 5.25136100e-06  1.80000000e+00  1.80331734e+00 
 5.25188064e-06  1.80000000e+00  1.80436424e+00 
 5.25248758e-06  1.80000000e+00  1.80243536e+00 
 5.25325528e-06  1.80000000e+00  1.80092568e+00 
 5.25413339e-06  1.80000000e+00  1.80044109e+00 
 5.25532147e-06  1.80000000e+00  1.79977035e+00 
 5.25622449e-06  1.80000000e+00  1.79885494e+00 
 5.25717941e-06  1.80000000e+00  1.79840374e+00 
 5.25824612e-06  1.80000000e+00  1.79858622e+00 
 5.25981450e-06  1.80000000e+00  1.79893092e+00 
 5.26126170e-06  1.80000000e+00  1.79918838e+00 
 5.26377350e-06  1.80000000e+00  1.79950629e+00 
 5.26675713e-06  1.80000000e+00  1.79971903e+00 
 5.27228210e-06  1.80000000e+00  1.79991867e+00 
 5.28333204e-06  1.80000000e+00  1.79999730e+00 
 5.30235770e-06  1.80000000e+00  1.80000422e+00 
 5.34040902e-06  1.80000000e+00  1.79999522e+00 
 5.41125516e-06  1.80000000e+00  1.80000476e+00 
 5.50000000e-06  1.80000000e+00  1.79999500e+00 
 5.50001000e-06  1.62000000e+00  1.79880189e+00 
 5.50003000e-06  1.26000000e+00  1.79666818e+00 
 5.50007000e-06  5.40000000e-01  1.79401131e+00 
 5.50010000e-06  0.00000000e+00  1.79254935e+00 
 5.50010418e-06  0.00000000e+00  1.79283159e+00 
 5.50011254e-06  0.00000000e+00  1.79357009e+00 
 5.50012927e-06  0.00000000e+00  1.79464625e+00 
 5.50016271e-06  0.00000000e+00  1.79582732e+00 
 5.50022961e-06  0.00000000e+00  1.79764592e+00 
 5.50036339e-06  0.00000000e+00  1.79950023e+00 
 5.50053223e-06  0.00000000e+00  1.80048945e+00 
 5.50086989e-06  0.00000000e+00  1.80116945e+00 
 5.50144951e-06  0.00000000e+00  1.80144117e+00 
 5.50221472e-06  0.00000000e+00  1.80033400e+00 
 5.50288420e-06  0.00000000e+00  1.79893588e+00 
 5.50355759e-06  0.00000000e+00  1.79892757e+00 
 5.50426401e-06  0.00000000e+00  1.79976216e+00 
 5.50523879e-06  0.00000000e+00  1.79999315e+00 
 5.50618991e-06  0.00000000e+00  1.79995351e+00 
 5.50715069e-06  0.00000000e+00  1.79994410e+00 
 5.50859007e-06  0.00000000e+00  1.79990192e+00 
 5.50997261e-06  0.00000000e+00  1.79987267e+00 
 5.51121806e-06  0.00000000e+00  1.79996436e+00 
 5.51248715e-06  0.00000000e+00  1.79989536e+00 
 5.51372673e-06  0.00000000e+00  1.79995637e+00 
 5.51519668e-06  0.00000000e+00  1.79988926e+00 
 5.51673873e-06  0.00000000e+00  1.79995863e+00 
 5.51841831e-06  0.00000000e+00  1.79989549e+00 
 5.52177747e-06  0.00000000e+00  1.79996866e+00 
 5.52849578e-06  0.00000000e+00  1.79991387e+00 
 5.53994955e-06  0.00000000e+00  1.79999311e+00 
 5.56285709e-06  0.00000000e+00  1.79994042e+00 
 5.60606609e-06  0.00000000e+00  1.80001730e+00 
 5.68715485e-06  0.00000000e+00  1.79995829e+00 
 5.75010000e-06  6.67038446e-12  1.80002666e+00 
 5.75011000e-06  1.80000000e-01  1.80070227e+00 
 5.75013000e-06  5.40000000e-01  1.80224004e+00 
 5.75017000e-06  1.26000000e+00  1.80519770e+00 
 5.75020000e-06  1.80000000e+00  1.80725242e+00 
 5.75020076e-06  1.80000000e+00  1.80727136e+00 
 5.75020229e-06  1.80000000e+00  1.80725365e+00 
 5.75020534e-06  1.80000000e+00  1.80706637e+00 
 5.75021145e-06  1.80000000e+00  1.80670722e+00 
 5.75022367e-06  1.80000000e+00  1.80633544e+00 
 5.75024810e-06  1.80000000e+00  1.80596107e+00 
 5.75029696e-06  1.80000000e+00  1.80536929e+00 
 5.75039469e-06  1.80000000e+00  1.80452013e+00 
 5.75059014e-06  1.80000000e+00  1.80338811e+00 
 5.75093613e-06  1.80000000e+00  1.80250212e+00 
 5.75136096e-06  1.80000000e+00  1.80332703e+00 
 5.75188056e-06  1.80000000e+00  1.80437586e+00 
 5.75248751e-06  1.80000000e+00  1.80244949e+00 
 5.75325517e-06  1.80000000e+00  1.80094028e+00 
 5.75413180e-06  1.80000000e+00  1.80050700e+00 
 5.75530974e-06  1.80000000e+00  1.79997002e+00 
 5.75622860e-06  1.80000000e+00  1.79905713e+00 
 5.75719382e-06  1.80000000e+00  1.79840813e+00 
 5.75821943e-06  1.80000000e+00  1.79850043e+00 
 5.75933203e-06  1.80000000e+00  1.79878259e+00 
 5.76056565e-06  1.80000000e+00  1.79901018e+00 
 5.76299593e-06  1.80000000e+00  1.79940627e+00 
 5.76567329e-06  1.80000000e+00  1.79962386e+00 
 5.77032757e-06  1.80000000e+00  1.79987602e+00 
 5.77886378e-06  1.80000000e+00  1.79997039e+00 
 5.79593619e-06  1.80000000e+00  1.80001856e+00 
 5.82924808e-06  1.80000000e+00  1.79998281e+00 
 5.89498255e-06  1.80000000e+00  1.80001649e+00 
 6.00000000e-06  1.80000000e+00  1.79998354e+00 
 6.00001000e-06  1.62000000e+00  1.79879191e+00 
 6.00003000e-06  1.26000000e+00  1.79666259e+00 
 6.00007000e-06  5.40000000e-01  1.79401146e+00 
 6.00010000e-06  0.00000000e+00  1.79255032e+00 
 6.00010418e-06  0.00000000e+00  1.79283286e+00 
 6.00011254e-06  0.00000000e+00  1.79357144e+00 
 6.00012927e-06  0.00000000e+00  1.79464672e+00 
 6.00016271e-06  0.00000000e+00  1.79582674e+00 
 6.00022961e-06  0.00000000e+00  1.79764558e+00 
 6.00036340e-06  0.00000000e+00  1.79950182e+00 
 6.00053219e-06  0.00000000e+00  1.80049126e+00 
 6.00086977e-06  0.00000000e+00  1.80117027e+00 
 6.00144936e-06  0.00000000e+00  1.80143674e+00 
 6.00221462e-06  0.00000000e+00  1.80032614e+00 
 6.00288249e-06  0.00000000e+00  1.79894478e+00 
 6.00355982e-06  0.00000000e+00  1.79891295e+00 
 6.00426882e-06  0.00000000e+00  1.79965942e+00 
 6.00525101e-06  0.00000000e+00  1.79996353e+00 
 6.00603190e-06  0.00000000e+00  1.79998566e+00 
 6.00685531e-06  0.00000000e+00  1.79994699e+00 
 6.00784780e-06  0.00000000e+00  1.79999032e+00 
 6.00866759e-06  0.00000000e+00  1.79990523e+00 
 6.00957856e-06  0.00000000e+00  1.79996183e+00 
 6.01057928e-06  0.00000000e+00  1.79988768e+00 
 6.01175021e-06  0.00000000e+00  1.79995029e+00 
 6.01354815e-06  0.00000000e+00  1.79990080e+00 
 6.01580984e-06  0.00000000e+00  1.80002330e+00 
 6.01813816e-06  0.00000000e+00  1.80016223e+00 
 6.02062488e-06  0.00000000e+00  1.80015182e+00 
 6.02240220e-06  0.00000000e+00  1.79926514e+00 
 6.02408494e-06  0.00000000e+00  1.79932803e+00 
 6.02574503e-06  0.00000000e+00  1.79867553e+00 
 6.02754970e-06  0.00000000e+00  1.79796052e+00 
 6.02949009e-06  0.00000000e+00  1.79897883e+00 
 6.03185793e-06  0.00000000e+00  1.79959167e+00 
 6.03435706e-06  0.00000000e+00  1.79973773e+00 
 6.03931148e-06  0.00000000e+00  1.80000126e+00 
 6.04558717e-06  0.00000000e+00  1.79993329e+00 
 6.05238125e-06  0.00000000e+00  1.80018157e+00 
 6.05717219e-06  0.00000000e+00  1.79971443e+00 
 6.06204295e-06  0.00000000e+00  1.80020220e+00 
 6.06768341e-06  0.00000000e+00  1.79977345e+00 
 6.07374701e-06  0.00000000e+00  1.80017624e+00 
 6.08057877e-06  0.00000000e+00  1.79979459e+00 
 6.08810667e-06  0.00000000e+00  1.80015350e+00 
 6.09539921e-06  0.00000000e+00  1.79981840e+00 
 6.10998428e-06  0.00000000e+00  1.80014324e+00 
 6.12560255e-06  0.00000000e+00  1.79983166e+00 
 6.15070898e-06  0.00000000e+00  1.80014088e+00 
 6.18965211e-06  0.00000000e+00  1.79984059e+00 
 6.24561097e-06  0.00000000e+00  1.80014280e+00 
 6.25010000e-06  6.67038446e-12  1.79985647e+00 
 6.25011000e-06  1.80000000e-01  1.80058445e+00 
 6.25013000e-06  5.40000000e-01  1.80216275e+00 
 6.25017000e-06  1.26000000e+00  1.80513223e+00 
 6.25020000e-06  1.80000000e+00  1.80719295e+00 
 6.25020075e-06  1.80000000e+00  1.80721240e+00 
 6.25020224e-06  1.80000000e+00  1.80720038e+00 
 6.25020522e-06  1.80000000e+00  1.80702852e+00 
 6.25021119e-06  1.80000000e+00  1.80667022e+00 
 6.25022312e-06  1.80000000e+00  1.80627783e+00 
 6.25024698e-06  1.80000000e+00  1.80589941e+00 
 6.25029471e-06  1.80000000e+00  1.80533481e+00 
 6.25039017e-06  1.80000000e+00  1.80453901e+00 
 6.25058109e-06  1.80000000e+00  1.80344729e+00 
 6.25091933e-06  1.80000000e+00  1.80251069e+00 
 6.25134546e-06  1.80000000e+00  1.80325924e+00 
 6.25186945e-06  1.80000000e+00  1.80434872e+00 
 6.25247846e-06  1.80000000e+00  1.80237346e+00 
 6.25323595e-06  1.80000000e+00  1.80069239e+00 
 6.25411105e-06  1.80000000e+00  1.80001542e+00 
 6.25524384e-06  1.80000000e+00  1.79991997e+00 
 6.25616427e-06  1.80000000e+00  1.79995541e+00 
 6.25712480e-06  1.80000000e+00  1.79994254e+00 
 6.25819640e-06  1.80000000e+00  1.79992431e+00 
 6.25976720e-06  1.80000000e+00  1.79997466e+00 
 6.26129646e-06  1.80000000e+00  1.79995471e+00 
 6.26377471e-06  1.80000000e+00  1.79999546e+00 
 6.26675478e-06  1.80000000e+00  1.79997563e+00 
 6.27211085e-06  1.80000000e+00  1.80001019e+00 
 6.28282301e-06  1.80000000e+00  1.79998634e+00 
 6.30161079e-06  1.80000000e+00  1.80001337e+00 
 6.33907104e-06  1.80000000e+00  1.79998646e+00 
 6.40993412e-06  1.80000000e+00  1.80001338e+00 
 6.50000000e-06  1.80000000e+00  1.79998646e+00 
 6.50001000e-06  1.62000000e+00  1.79879602e+00 
 6.50003000e-06  1.26000000e+00  1.79664792e+00 
 6.50007000e-06  5.40000000e-01  1.79398980e+00 
 6.50010000e-06  0.00000000e+00  1.79256403e+00 
 6.50010418e-06  0.00000000e+00  1.79284659e+00 
 6.50011255e-06  0.00000000e+00  1.79360004e+00 
 6.50012927e-06  0.00000000e+00  1.79472491e+00 
 6.50016273e-06  0.00000000e+00  1.79591386e+00 
 6.50022965e-06  0.00000000e+00  1.79769500e+00 
 6.50036347e-06  0.00000000e+00  1.79948176e+00 
 6.50053236e-06  0.00000000e+00  1.80045512e+00 
 6.50087012e-06  0.00000000e+00  1.80112026e+00 
 6.50144934e-06  0.00000000e+00  1.80153453e+00 
 6.50221340e-06  0.00000000e+00  1.80084240e+00 
 6.50283642e-06  0.00000000e+00  1.79920405e+00 
 6.50350019e-06  0.00000000e+00  1.79805449e+00 
 6.50418933e-06  0.00000000e+00  1.79833873e+00 
 6.50514717e-06  0.00000000e+00  1.79875911e+00 
 6.50611278e-06  0.00000000e+00  1.79916870e+00 
 6.50705876e-06  0.00000000e+00  1.79939102e+00 
 6.50853713e-06  0.00000000e+00  1.79961419e+00 
 6.50989514e-06  0.00000000e+00  1.79969806e+00 
 6.51125897e-06  0.00000000e+00  1.79984313e+00 
 6.51280332e-06  0.00000000e+00  1.79984458e+00 
 6.51418878e-06  0.00000000e+00  1.79991712e+00 
 6.51569870e-06  0.00000000e+00  1.79988290e+00 
 6.51721424e-06  0.00000000e+00  1.79994639e+00 
 6.51898865e-06  0.00000000e+00  1.79990324e+00 
 6.52253747e-06  0.00000000e+00  1.79996591e+00 
 6.52846015e-06  0.00000000e+00  1.79992375e+00 
 6.54030552e-06  0.00000000e+00  1.79998805e+00 
 6.56231558e-06  0.00000000e+00  1.79994791e+00 
 6.60342090e-06  0.00000000e+00  1.80001019e+00 
 6.68563154e-06  0.00000000e+00  1.79996526e+00 
 6.75010000e-06  6.67038446e-12  1.80001980e+00 
 6.75011000e-06  1.80000000e-01  1.80070621e+00 
 6.75013000e-06  5.40000000e-01  1.80225830e+00 
 6.75017000e-06  1.26000000e+00  1.80520073e+00 
 6.75020000e-06  1.80000000e+00  1.80723553e+00 
 6.75020076e-06  1.80000000e+00  1.80725553e+00 
 6.75020229e-06  1.80000000e+00  1.80724168e+00 
 6.75020534e-06  1.80000000e+00  1.80705972e+00 
 6.75021145e-06  1.80000000e+00  1.80669299e+00 
 6.75022367e-06  1.80000000e+00  1.80630265e+00 
 6.75024810e-06  1.80000000e+00  1.80591705e+00 
 6.75029696e-06  1.80000000e+00  1.80533478e+00 
 6.75039469e-06  1.80000000e+00  1.80452040e+00 
 6.75059015e-06  1.80000000e+00  1.80340579e+00 
 6.75093612e-06  1.80000000e+00  1.80251143e+00 
 6.75136114e-06  1.80000000e+00  1.80332976e+00 
 6.75188090e-06  1.80000000e+00  1.80435029e+00 
 6.75248769e-06  1.80000000e+00  1.80235987e+00 
 6.75325578e-06  1.80000000e+00  1.80067950e+00 
 6.75413272e-06  1.80000000e+00  1.79982664e+00 
 6.75531088e-06  1.80000000e+00  1.79966612e+00 
 6.75623341e-06  1.80000000e+00  1.80008369e+00 
 6.75720133e-06  1.80000000e+00  1.80046198e+00 
 6.75822890e-06  1.80000000e+00  1.80092901e+00 
 6.75933836e-06  1.80000000e+00  1.80124488e+00 
 6.76056632e-06  1.80000000e+00  1.80114896e+00 
 6.76184058e-06  1.80000000e+00  1.80090547e+00 
 6.76324098e-06  1.80000000e+00  1.80070052e+00 
 6.76536491e-06  1.80000000e+00  1.80049919e+00 
 6.76768579e-06  1.80000000e+00  1.80030034e+00 
 6.77129788e-06  1.80000000e+00  1.80016088e+00 
 6.77699395e-06  1.80000000e+00  1.80003478e+00 
 6.78838610e-06  1.80000000e+00  1.80000761e+00 
 6.81117040e-06  1.80000000e+00  1.79999105e+00 
 6.85569781e-06  1.80000000e+00  1.80000902e+00 
 6.94475263e-06  1.80000000e+00  1.79999072e+00 
 7.00000000e-06  1.80000000e+00  1.80000920e+00 
 7.00001000e-06  1.62000000e+00  1.79880896e+00 
 7.00003000e-06  1.26000000e+00  1.79664623e+00 
 7.00007000e-06  5.40000000e-01  1.79399290e+00 
 7.00010000e-06  0.00000000e+00  1.79256794e+00 
 7.00010416e-06  0.00000000e+00  1.79284854e+00 
 7.00011249e-06  0.00000000e+00  1.79359921e+00 
 7.00012914e-06  0.00000000e+00  1.79472275e+00 
 7.00016245e-06  0.00000000e+00  1.79590949e+00 
 7.00022906e-06  0.00000000e+00  1.79768646e+00 
 7.00036229e-06  0.00000000e+00  1.79946961e+00 
 7.00053068e-06  0.00000000e+00  1.80044612e+00 
 7.00086745e-06  0.00000000e+00  1.80111265e+00 
 7.00144403e-06  0.00000000e+00  1.80154350e+00 
 7.00221361e-06  0.00000000e+00  1.80086792e+00 
 7.00288076e-06  0.00000000e+00  1.79913728e+00 
 7.00355845e-06  0.00000000e+00  1.79828187e+00 
 7.00426705e-06  0.00000000e+00  1.79908187e+00 
 7.00513467e-06  0.00000000e+00  1.79805242e+00 
 7.00589531e-06  0.00000000e+00  1.79903614e+00 
 7.00672473e-06  0.00000000e+00  1.79996006e+00 
 7.00780386e-06  0.00000000e+00  1.80060167e+00 
 7.00878474e-06  0.00000000e+00  1.80070447e+00 
 7.00974212e-06  0.00000000e+00  1.80030799e+00 
 7.01079071e-06  0.00000000e+00  1.80028953e+00 
 7.01204216e-06  0.00000000e+00  1.80004700e+00 
 7.01384906e-06  0.00000000e+00  1.80009739e+00 
 7.01519817e-06  0.00000000e+00  1.79997441e+00 
 7.01665873e-06  0.00000000e+00  1.80010516e+00 
 7.01810333e-06  0.00000000e+00  1.80015214e+00 
 7.01976273e-06  0.00000000e+00  1.80047280e+00 
 7.02134031e-06  0.00000000e+00  1.79989416e+00 
 7.02245623e-06  0.00000000e+00  1.79924001e+00 
 7.02359829e-06  0.00000000e+00  1.79892348e+00 
 7.02475138e-06  0.00000000e+00  1.80002555e+00 
 7.02606445e-06  0.00000000e+00  1.79874123e+00 
 7.02745264e-06  0.00000000e+00  1.79819204e+00 
 7.02888637e-06  0.00000000e+00  1.79925928e+00 
 7.03093474e-06  0.00000000e+00  1.79870596e+00 
 7.03231606e-06  0.00000000e+00  1.79985825e+00 
 7.03391660e-06  0.00000000e+00  1.79960756e+00 
 7.03576558e-06  0.00000000e+00  1.79981784e+00 
 7.03773089e-06  0.00000000e+00  1.79969861e+00 
 7.04166151e-06  0.00000000e+00  1.79995637e+00 
 7.04572424e-06  0.00000000e+00  1.79988612e+00 
 7.05043091e-06  0.00000000e+00  1.80004150e+00 
 7.05751541e-06  0.00000000e+00  1.79988991e+00 
 7.06912484e-06  0.00000000e+00  1.80005821e+00 
 7.08991037e-06  0.00000000e+00  1.79989703e+00 
 7.12791823e-06  0.00000000e+00  1.80007150e+00 
 7.19345016e-06  0.00000000e+00  1.79990636e+00 
 7.25010000e-06  6.67038446e-12  1.80007908e+00 
 7.25011000e-06  1.80000000e-01  1.80056490e+00 
 7.25013000e-06  5.40000000e-01  1.80208604e+00 
 7.25017000e-06  1.26000000e+00  1.80519257e+00 
 7.25020000e-06  1.80000000e+00  1.80721343e+00 
 7.25020076e-06  1.80000000e+00  1.80723806e+00 
 7.25020229e-06  1.80000000e+00  1.80722995e+00 
 7.25020534e-06  1.80000000e+00  1.80705168e+00 
 7.25021144e-06  1.80000000e+00  1.80669634e+00 
 7.25022364e-06  1.80000000e+00  1.80632518e+00 
 7.25024803e-06  1.80000000e+00  1.80595210e+00 
 7.25029683e-06  1.80000000e+00  1.80536384e+00 
 7.25039442e-06  1.80000000e+00  1.80451744e+00 
 7.25058960e-06  1.80000000e+00  1.80338344e+00 
 7.25094054e-06  1.80000000e+00  1.80249382e+00 
 7.25136351e-06  1.80000000e+00  1.80333315e+00 
 7.25188360e-06  1.80000000e+00  1.80436604e+00 
 7.25248992e-06  1.80000000e+00  1.80243285e+00 
 7.25326085e-06  1.80000000e+00  1.80092358e+00 
 7.25413946e-06  1.80000000e+00  1.80042897e+00 
 7.25531761e-06  1.80000000e+00  1.79974894e+00 
 7.25624543e-06  1.80000000e+00  1.79882219e+00 
 7.25721854e-06  1.80000000e+00  1.79840318e+00 
 7.25829945e-06  1.80000000e+00  1.79860569e+00 
 7.25986265e-06  1.80000000e+00  1.79894398e+00 
 7.26138916e-06  1.80000000e+00  1.79921210e+00 
 7.26383637e-06  1.80000000e+00  1.79951277e+00 
 7.26694973e-06  1.80000000e+00  1.79973133e+00 
 7.27254138e-06  1.80000000e+00  1.79992285e+00 
 7.28372469e-06  1.80000000e+00  1.79999845e+00 
 7.30280206e-06  1.80000000e+00  1.80000334e+00 
 7.34084601e-06  1.80000000e+00  1.79999605e+00 
 7.41056034e-06  1.80000000e+00  1.80000390e+00 
 7.50000000e-06  1.80000000e+00  1.79999582e+00 
 7.50001000e-06  1.62000000e+00  1.79880918e+00 
 7.50003000e-06  1.26000000e+00  1.79668103e+00 
 7.50007000e-06  5.40000000e-01  1.79402422e+00 
 7.50010000e-06  0.00000000e+00  1.79256268e+00 
 7.50010418e-06  0.00000000e+00  1.79283963e+00 
 7.50011254e-06  0.00000000e+00  1.79357358e+00 
 7.50012926e-06  0.00000000e+00  1.79465113e+00 
 7.50016270e-06  0.00000000e+00  1.79582823e+00 
 7.50022959e-06  0.00000000e+00  1.79764384e+00 
 7.50036336e-06  0.00000000e+00  1.79949840e+00 
 7.50053215e-06  0.00000000e+00  1.80049048e+00 
 7.50086973e-06  0.00000000e+00  1.80117078e+00 
 7.50149649e-06  0.00000000e+00  1.80138817e+00 
 7.50217962e-06  0.00000000e+00  1.80035494e+00 
 7.50280339e-06  0.00000000e+00  1.79905455e+00 
 7.50344820e-06  0.00000000e+00  1.79882490e+00 
 7.50413291e-06  0.00000000e+00  1.79966251e+00 
 7.50511678e-06  0.00000000e+00  1.79998297e+00 
 7.50600572e-06  0.00000000e+00  1.79994867e+00 
 7.50700732e-06  0.00000000e+00  1.79994097e+00 
 7.50826143e-06  0.00000000e+00  1.79993864e+00 
 7.50972859e-06  0.00000000e+00  1.79985032e+00 
 7.51114550e-06  0.00000000e+00  1.79997386e+00 
 7.51283212e-06  0.00000000e+00  1.79990416e+00 
 7.51438245e-06  0.00000000e+00  1.79996353e+00 
 7.51606700e-06  0.00000000e+00  1.79989734e+00 
 7.51780051e-06  0.00000000e+00  1.79996788e+00 
 7.51969386e-06  0.00000000e+00  1.79990280e+00 
 7.52348057e-06  0.00000000e+00  1.79997763e+00 
 7.52972814e-06  0.00000000e+00  1.79991763e+00 
 7.54041944e-06  0.00000000e+00  1.79999672e+00 
 7.56139895e-06  0.00000000e+00  1.79993945e+00 
 7.59985539e-06  0.00000000e+00  1.80001792e+00 
 7.67155080e-06  0.00000000e+00  1.79995622e+00 
 7.75010000e-06  0.00000000e+00  1.80002804e+00 
 7.75011000e-06  1.80000000e-01  1.80069840e+00 
 7.75013000e-06  5.40000000e-01  1.80223406e+00 
 7.75017000e-06  1.26000000e+00  1.80519284e+00 
 7.75020000e-06  1.80000000e+00  1.80723679e+00 
 7.75020076e-06  1.80000000e+00  1.80725650e+00 
 7.75020229e-06  1.80000000e+00  1.80724053e+00 
 7.75020534e-06  1.80000000e+00  1.80705520e+00 
 7.75021144e-06  1.80000000e+00  1.80669747e+00 
 7.75022365e-06  1.80000000e+00  1.80632700e+00 
 7.75024806e-06  1.80000000e+00  1.80595494e+00 
 7.75029689e-06  1.80000000e+00  1.80536808e+00 
 7.75039454e-06  1.80000000e+00  1.80452320e+00 
 7.75058984e-06  1.80000000e+00  1.80339047e+00 
 7.75094017e-06  1.80000000e+00  1.80250267e+00 
 7.75136362e-06  1.80000000e+00  1.80334328e+00 
 7.75188360e-06  1.80000000e+00  1.80437848e+00 
 7.75248992e-06  1.80000000e+00  1.80244712e+00 
 7.75326058e-06  1.80000000e+00  1.80094051e+00 
 7.75413904e-06  1.80000000e+00  1.80049841e+00 
 7.75530818e-06  1.80000000e+00  1.79994838e+00 
 7.75626278e-06  1.80000000e+00  1.79900825e+00 
 7.75724997e-06  1.80000000e+00  1.79839814e+00 
 7.75826945e-06  1.80000000e+00  1.79852149e+00 
 7.75940200e-06  1.80000000e+00  1.79879996e+00 
 7.76065065e-06  1.80000000e+00  1.79903118e+00 
 7.76304908e-06  1.80000000e+00  1.79941230e+00 
 7.76585592e-06  1.80000000e+00  1.79963935e+00 
 7.77063581e-06  1.80000000e+00  1.79988394e+00 
 7.77978544e-06  1.80000000e+00  1.79997718e+00 
 7.79799077e-06  1.80000000e+00  1.80001620e+00 
 7.83131846e-06  1.80000000e+00  1.79998468e+00 
 7.89781991e-06  1.80000000e+00  1.80001481e+00 
 8.00000000e-06  1.80000000e+00  1.79998517e+00 
 8.00001000e-06  1.62000000e+00  1.79879867e+00 
 8.00003000e-06  1.26000000e+00  1.79667459e+00 
 8.00007000e-06  5.40000000e-01  1.79402439e+00 
 8.00010000e-06  0.00000000e+00  1.79256331e+00 
 8.00010418e-06  0.00000000e+00  1.79284223e+00 
 8.00011254e-06  0.00000000e+00  1.79357767e+00 
 8.00012926e-06  0.00000000e+00  1.79465297e+00 
 8.00016270e-06  0.00000000e+00  1.79582804e+00 
 8.00022959e-06  0.00000000e+00  1.79764297e+00 
 8.00036336e-06  0.00000000e+00  1.79949984e+00 
 8.00053210e-06  0.00000000e+00  1.80049244e+00 
 8.00086959e-06  0.00000000e+00  1.80117178e+00 
 8.00149608e-06  0.00000000e+00  1.80138339e+00 
 8.00217940e-06  0.00000000e+00  1.80034760e+00 
 8.00280180e-06  0.00000000e+00  1.79906361e+00 
 8.00345044e-06  0.00000000e+00  1.79881897e+00 
 8.00413737e-06  0.00000000e+00  1.79955864e+00 
 8.00499153e-06  0.00000000e+00  1.79992300e+00 
 8.00587907e-06  0.00000000e+00  1.79998343e+00 
 8.00668617e-06  0.00000000e+00  1.79992911e+00 
 8.00785071e-06  0.00000000e+00  1.80000166e+00 
 8.00889903e-06  0.00000000e+00  1.79990179e+00 
 8.00986607e-06  0.00000000e+00  1.79997031e+00 
 8.01097012e-06  0.00000000e+00  1.79989129e+00 
 8.01224245e-06  0.00000000e+00  1.79996207e+00 
 8.01410800e-06  0.00000000e+00  1.79989183e+00 
 8.01643279e-06  0.00000000e+00  1.79996675e+00 
 8.01888955e-06  0.00000000e+00  1.79990125e+00 
 8.02165836e-06  0.00000000e+00  1.79997578e+00 
 8.02428145e-06  0.00000000e+00  1.79991076e+00 
 8.02729326e-06  0.00000000e+00  1.79998346e+00 
 8.03331688e-06  0.00000000e+00  1.79992220e+00 
 8.04303255e-06  0.00000000e+00  1.79999821e+00 
 8.06068885e-06  0.00000000e+00  1.79993968e+00 
 8.09600145e-06  0.00000000e+00  1.80001672e+00 
 8.16662666e-06  0.00000000e+00  1.79995648e+00 
 8.25010000e-06  0.00000000e+00  1.80002747e+00 
 8.25011000e-06  1.80000000e-01  1.80070081e+00 
 8.25013000e-06  5.40000000e-01  1.80223976e+00 
 8.25017000e-06  1.26000000e+00  1.80519832e+00 
 8.25020000e-06  1.80000000e+00  1.80724132e+00 
 8.25020076e-06  1.80000000e+00  1.80726058e+00 
 8.25020229e-06  1.80000000e+00  1.80724343e+00 
 8.25020534e-06  1.80000000e+00  1.80705600e+00 
 8.25021144e-06  1.80000000e+00  1.80669744e+00 
 8.25022364e-06  1.80000000e+00  1.80632815e+00 
 8.25024805e-06  1.80000000e+00  1.80595792e+00 
 8.25029686e-06  1.80000000e+00  1.80537482e+00 
 8.25039449e-06  1.80000000e+00  1.80453136e+00 
 8.25058974e-06  1.80000000e+00  1.80339593e+00 
 8.25098024e-06  1.80000000e+00  1.80253358e+00 
 8.25138921e-06  1.80000000e+00  1.80345372e+00 
 8.25189487e-06  1.80000000e+00  1.80429780e+00 
 8.25250490e-06  1.80000000e+00  1.80224950e+00 
 8.25329697e-06  1.80000000e+00  1.80059509e+00 
 8.25418174e-06  1.80000000e+00  1.80002591e+00 
 8.25525806e-06  1.80000000e+00  1.79991308e+00 
 8.25644828e-06  1.80000000e+00  1.79991299e+00 
 8.25783913e-06  1.80000000e+00  1.79994270e+00 
 8.25941540e-06  1.80000000e+00  1.79995236e+00 
 8.26125880e-06  1.80000000e+00  1.79998350e+00 
 8.26400231e-06  1.80000000e+00  1.79997466e+00 
 8.26674323e-06  1.80000000e+00  1.80000184e+00 
 8.27190033e-06  1.80000000e+00  1.79998591e+00 
 8.28221451e-06  1.80000000e+00  1.80001085e+00 
 8.29892843e-06  1.80000000e+00  1.79998885e+00 
 8.33227230e-06  1.80000000e+00  1.80001095e+00 
 8.39108829e-06  1.80000000e+00  1.79998886e+00 
 8.50000000e-06  1.80000000e+00  1.80001098e+00 
 8.50001000e-06  1.62000000e+00  1.79880611e+00 
 8.50003000e-06  1.26000000e+00  1.79665980e+00 
 8.50007000e-06  5.40000000e-01  1.79401878e+00 
 8.50010000e-06  0.00000000e+00  1.79256229e+00 
 8.50010417e-06  0.00000000e+00  1.79284330e+00 
 8.50011250e-06  0.00000000e+00  1.79358235e+00 
 8.50012916e-06  0.00000000e+00  1.79465965e+00 
 8.50016249e-06  0.00000000e+00  1.79583166e+00 
 8.50022915e-06  0.00000000e+00  1.79763886e+00 
 8.50036246e-06  0.00000000e+00  1.79949428e+00 
 8.50062909e-06  0.00000000e+00  1.80085171e+00 
 8.50109097e-06  0.00000000e+00  1.80147753e+00 
 8.50178906e-06  0.00000000e+00  1.80101466e+00 
 8.50269852e-06  0.00000000e+00  1.79839588e+00 
 8.50336260e-06  0.00000000e+00  1.80426342e+00 
 8.50415485e-06  0.00000000e+00  1.82237649e+00 
 8.50498675e-06  0.00000000e+00  1.81499683e+00 
 8.50588903e-06  0.00000000e+00  1.76705169e+00 
 8.50697864e-06  0.00000000e+00  1.70018068e+00 
 8.50836475e-06  0.00000000e+00  1.61678982e+00 
 8.51007374e-06  0.00000000e+00  1.51212296e+00 
 8.51231371e-06  0.00000000e+00  1.37481643e+00 
 8.51410200e-06  0.00000000e+00  1.26457691e+00 
 8.51596982e-06  0.00000000e+00  1.14988555e+00 
 8.51836065e-06  0.00000000e+00  1.00419663e+00 
 8.52086263e-06  0.00000000e+00  8.55315475e-01 
 8.52366070e-06  0.00000000e+00  6.97145163e-01 
 8.52796379e-06  0.00000000e+00  4.88900924e-01 
 8.53312308e-06  0.00000000e+00  2.85905979e-01 
 8.53685266e-06  0.00000000e+00  1.81040280e-01 
 8.54017331e-06  0.00000000e+00  1.10476012e-01 
 8.54299684e-06  0.00000000e+00  7.37774787e-02 
 8.54548279e-06  0.00000000e+00  4.90635712e-02 
 8.54750841e-06  0.00000000e+00  3.70337500e-02 
 8.54956640e-06  0.00000000e+00  2.62855786e-02 
 8.55150806e-06  0.00000000e+00  1.99608682e-02 
 8.55336742e-06  0.00000000e+00  1.45762595e-02 
 8.55590423e-06  0.00000000e+00  9.95798213e-03 
 8.55876164e-06  0.00000000e+00  6.15502133e-03 
 8.56148453e-06  0.00000000e+00  4.08102068e-03 
 8.56676279e-06  0.00000000e+00  1.65166623e-03 
 8.57353571e-06  0.00000000e+00  5.67090378e-04 
 8.58099015e-06  0.00000000e+00  1.63855887e-04 
 8.59042142e-06  0.00000000e+00  8.30965307e-05 
 8.60673932e-06  0.00000000e+00  4.00821960e-05 
 8.63602530e-06  0.00000000e+00  5.01823636e-05 
 8.65231787e-06  0.00000000e+00  3.65387470e-05 
 8.67126483e-06  0.00000000e+00  3.87548393e-05 
 8.69202330e-06  0.00000000e+00  3.61679611e-05 
 8.73318743e-06  0.00000000e+00  2.91884676e-05 
 8.75010000e-06  0.00000000e+00  3.43366491e-05 
 8.75011000e-06  1.80000000e-01  1.10121119e-03 
 8.75013000e-06  5.40000000e-01  2.88012267e-03 
 8.75017000e-06  1.26000000e+00  4.78237281e-03 
 8.75020000e-06  1.80000000e+00  5.96917541e-03 
 8.75020076e-06  1.80000000e+00  5.96554952e-03 
 8.75020229e-06  1.80000000e+00  5.90482668e-03 
 8.75020535e-06  1.80000000e+00  5.67034470e-03 
 8.75021146e-06  1.80000000e+00  5.28744475e-03 
 8.75022368e-06  1.80000000e+00  4.86185236e-03 
 8.75024812e-06  1.80000000e+00  4.33994182e-03 
 8.75029701e-06  1.80000000e+00  3.53598686e-03 
 8.75039477e-06  1.80000000e+00  2.50660451e-03 
 8.75059031e-06  1.80000000e+00  1.53647343e-03 
 8.75097679e-06  1.80000000e+00  1.27748409e-03 
 8.75138591e-06  1.80000000e+00  2.23582212e-03 
 8.75191147e-06  1.80000000e+00  3.06108726e-03 
 8.75252104e-06  1.80000000e+00  1.70535847e-03 
 8.75332469e-06  1.80000000e+00  1.08788295e-03 
 8.75420753e-06  1.80000000e+00  9.76263378e-05 
 8.75541939e-06  1.80000000e+00 -2.09906225e-03 
 8.75639268e-06  1.80000000e+00 -9.54335174e-04 
 8.75740467e-06  1.80000000e+00 -7.37312920e-05 
 8.75850411e-06  1.80000000e+00  1.68395781e-04 
 8.76007621e-06  1.80000000e+00  4.83855159e-04 
 8.76171143e-06  1.80000000e+00  6.14064521e-04 
 8.76408752e-06  1.80000000e+00  5.99396019e-04 
 8.76755491e-06  1.80000000e+00  5.16744195e-04 
 8.77388991e-06  1.80000000e+00  3.39113834e-04 
 8.78610625e-06  1.80000000e+00  1.74431836e-04 
 8.80659363e-06  1.80000000e+00  8.12870583e-05 
 8.84671041e-06  1.80000000e+00  5.92168788e-05 
 8.91811359e-06  1.80000000e+00  2.57267662e-05 
 9.00000000e-06  1.80000000e+00  3.15569239e-05 
