 0.00000000e+00  1.12739648e-04 
 1.00000000e-12  6.69740190e-03 
 2.00000000e-12  7.52276479e-03 
 4.00000000e-12  7.78181076e-03 
 8.00000000e-12  7.40295130e-03 
 1.60000000e-11  7.47873732e-03 
 3.20000000e-11  7.24823347e-03 
 6.40000000e-11  8.72504487e-03 
 1.00000000e-10  1.11852907e-02 
 1.01502810e-10  3.80690834e-03 
 1.04508430e-10  2.17558923e-03 
 1.10519669e-10  3.31836447e-03 
 1.22542148e-10  2.20793402e-03 
 1.46587106e-10  2.92896690e-03 
 1.94677022e-10  1.76556881e-03 
 2.90856854e-10  2.24609901e-03 
 4.45340862e-10  1.13332721e-03 
 7.21183568e-10  1.77965661e-03 
 1.20324829e-09  6.22206948e-04 
 1.65764447e-09  1.36515628e-03 
 2.29652145e-09  5.28506468e-04 
 3.01769376e-09  1.33105076e-03 
 3.71762657e-09  4.36990018e-04 
 4.63044233e-09  1.33179782e-03 
 5.37160626e-09  3.07743614e-04 
 6.15570052e-09  9.83232938e-04 
 6.84643786e-09 -3.97985551e-06 
 7.67890148e-09  8.06821575e-04 
 8.63441974e-09 -1.12058361e-04 
 9.64681261e-09  7.28589789e-04 
 1.07874958e-08 -2.01697316e-04 
 1.20601012e-08  5.39776834e-04 
 1.32464914e-08 -3.21196428e-04 
 1.46516054e-08  5.66805888e-04 
 1.61478803e-08 -2.70461723e-04 
 1.73092426e-08  5.30889364e-04 
 1.86323601e-08 -3.39517323e-04 
 2.00295135e-08  5.14658678e-04 
 2.15569746e-08 -3.40391446e-04 
 2.32687782e-08  5.16536937e-04 
 2.58759908e-08 -3.36722658e-04 
 2.86441973e-08  5.12714547e-04 
 3.11455703e-08 -3.44505377e-04 
 3.42185689e-08  5.48359539e-04 
 3.71797929e-08 -2.16955285e-04 
 3.97332245e-08  5.98795545e-04 
 4.08772755e-08 -3.41311207e-04 
 4.20104433e-08  5.40891662e-04 
 4.32155539e-08 -3.24853762e-04 
 4.46353063e-08  5.24377078e-04 
 4.66825948e-08 -3.23492956e-04 
 4.94680654e-08  5.28949288e-04 
 5.33573583e-08 -3.08230764e-04 
 5.70713365e-08  5.29881448e-04 
 6.20287252e-08 -3.09548716e-04 
 6.66689565e-08  5.30715537e-04 
 7.47761455e-08 -3.10463996e-04 
 8.67809001e-08  5.29656856e-04 
 1.07579089e-07 -3.12263260e-04 
 1.32798394e-07  5.27835966e-04 
 1.70136646e-07 -3.13336139e-04 
 2.18652175e-07  5.26775106e-04 
 2.50100000e-07 -3.14568551e-04 
 2.50110000e-07 -7.88226938e-03 
 2.50130000e-07 -8.47007785e-03 
 2.50170000e-07 -6.89382302e-03 
 2.50200000e-07 -6.93430617e-03 
 2.50200523e-07 -9.68643675e-04 
 2.50201569e-07  1.15425205e-03 
 2.50203661e-07  1.19291001e-04 
 2.50207845e-07  6.29437255e-04 
 2.50216212e-07  2.79661759e-04 
 2.50232947e-07  6.78545745e-04 
 2.50266418e-07  3.40180521e-04 
 2.50333359e-07  6.12804236e-04 
 2.50415261e-07  2.82823551e-04 
 2.50579065e-07  5.64269910e-04 
 2.50754962e-07  2.77724333e-04 
 2.51079938e-07  6.51050981e-04 
 2.51466844e-07  3.50755022e-04 
 2.52029636e-07  5.96425990e-04 
 2.52633258e-07  1.31775595e-04 
 2.53380322e-07  3.19121222e-04 
 2.54347030e-07  2.78598221e-05 
 2.55207271e-07  3.34897893e-04 
 2.56071274e-07 -2.04561667e-06 
 2.56959147e-07  2.77484595e-04 
 2.57903411e-07 -2.23800872e-05 
 2.58851235e-07  2.69300310e-04 
 2.60285218e-07 -3.61742580e-05 
 2.62475122e-07  2.53818107e-04 
 2.64887856e-07 -4.17649002e-05 
 2.68836674e-07  2.53235934e-04 
 2.74183429e-07 -4.21577813e-05 
 2.84876940e-07  2.52469306e-04 
 3.06263962e-07 -4.35106325e-05 
 3.48192858e-07  2.49365441e-04 
 4.32050652e-07 -5.07914618e-05 
 5.00000000e-07  2.40324470e-04 
 5.00010000e-07  3.82442257e-03 
 5.00030000e-07  3.67667041e-03 
 5.00070000e-07  4.45173148e-03 
 5.00100000e-07  5.33327165e-03 
 5.00104240e-07  1.34829223e-03 
 5.00112721e-07  8.95278769e-04 
 5.00129681e-07  1.15986853e-03 
 5.00163603e-07  7.34303224e-04 
 5.00231447e-07  9.62197149e-04 
 5.00367133e-07  5.39153108e-04 
 5.00555260e-07  7.97618266e-04 
 5.00931514e-07  4.54892535e-04 
 5.01445650e-07  6.77682845e-04 
 5.01995639e-07  1.53658658e-04 
 5.02583589e-07  4.25598008e-04 
 5.03316390e-07  7.30349643e-05 
 5.04010156e-07  3.29465141e-04 
 5.04936857e-07 -3.26108805e-05 
 5.05791331e-07  2.77135759e-04 
 5.06837592e-07 -4.85049049e-05 
 5.08099228e-07  2.71480253e-04 
 5.09667608e-07 -4.79046190e-05 
 5.11849741e-07  2.77214524e-04 
 5.14330851e-07 -4.63061157e-05 
 5.16288568e-07  2.69328801e-04 
 5.18410855e-07 -3.54898086e-05 
 5.21052006e-07  2.95545703e-04 
 5.23879549e-07 -5.12019338e-05 
 5.26707212e-07  2.75953341e-04 
 5.29455167e-07 -5.12794875e-05 
 5.32604487e-07  2.57440198e-04 
 5.35913307e-07 -6.42397626e-05 
 5.39868018e-07  2.49974169e-04 
 5.44774262e-07 -6.73116642e-05 
 5.51206092e-07  2.48526908e-04 
 5.61667942e-07 -6.81344700e-05 
 5.78509704e-07  2.47392675e-04 
 6.12193230e-07 -6.99674305e-05 
 6.72571403e-07  2.44549715e-04 
 7.50100000e-07 -7.30666422e-05 
 7.50110000e-07 -3.74328424e-03 
 7.50130000e-07 -4.08059539e-03 
 7.50170000e-07 -3.36195649e-03 
 7.50200000e-07 -3.36531330e-03 
 7.50200745e-07 -3.32825146e-04 
 7.50202235e-07  6.32982346e-04 
 7.50205214e-07 -2.65075363e-07 
 7.50211173e-07  4.52993154e-04 
 7.50223091e-07  1.24783691e-04 
 7.50246927e-07  4.89704088e-04 
 7.50294600e-07  1.92869958e-04 
 7.50389945e-07  5.05634598e-04 
 7.50580634e-07  2.13436427e-04 
 7.50958579e-07  6.11248245e-04 
 7.51482324e-07  3.23455875e-04 
 7.52141266e-07  5.67893963e-04 
 7.52794747e-07  6.13821325e-05 
 7.53542935e-07  3.04543248e-04 
 7.54583347e-07 -1.47870120e-05 
 7.55333682e-07  2.95124791e-04 
 7.56189107e-07 -4.61050609e-05 
 7.56941901e-07  2.60598449e-04 
 7.57788695e-07 -6.05655305e-05 
 7.58811320e-07  2.55968274e-04 
 7.59934240e-07 -6.86062010e-05 
 7.62180080e-07  2.43955383e-04 
 7.64679449e-07 -7.38962333e-05 
 7.68745167e-07  2.43611365e-04 
 7.74141910e-07 -7.39245702e-05 
 7.84935395e-07  2.43307733e-04 
 8.06522366e-07 -7.42758254e-05 
 8.49696307e-07  2.42648298e-04 
 9.36044189e-07 -7.51821344e-05 
 1.00000000e-06  2.41890141e-04 
 1.00001000e-06  3.81118407e-03 
 1.00003000e-06  3.65153075e-03 
 1.00007000e-06  4.44269796e-03 
 1.00010000e-06  5.31247832e-03 
 1.00010421e-06  1.33831653e-03 
 1.00011264e-06  8.81349645e-04 
 1.00012950e-06  1.14872917e-03 
 1.00016321e-06  7.23465579e-04 
 1.00023062e-06  9.53169106e-04 
 1.00036546e-06  5.30359312e-04 
 1.00055280e-06  7.88791340e-04 
 1.00092749e-06  4.45441642e-04 
 1.00144078e-06  6.70358032e-04 
 1.00199016e-06  1.44124981e-04 
 1.00257351e-06  4.16662948e-04 
 1.00322520e-06  7.40039066e-05 
 1.00390482e-06  3.32473326e-04 
 1.00468587e-06 -3.56915323e-05 
 1.00551781e-06  2.72182841e-04 
 1.00638252e-06 -4.84570414e-05 
 1.00733708e-06  2.75068196e-04 
 1.00818691e-06 -4.97049450e-05 
 1.00909911e-06  2.62366235e-04 
 1.01004083e-06 -6.54270982e-05 
 1.01127151e-06  2.49434557e-04 
 1.01297625e-06 -6.65911235e-05 
 1.01533582e-06  2.67947085e-04 
 1.01799929e-06 -4.59019349e-05 
 1.02019931e-06  2.85655561e-04 
 1.02208986e-06 -1.78818022e-07 
 1.02378074e-06  3.21631646e-04 
 1.02552808e-06 -1.32057454e-05 
 1.02736725e-06  3.01546546e-04 
 1.02954914e-06 -2.77837275e-05 
 1.03162380e-06  2.90696843e-04 
 1.03460165e-06 -3.38601186e-05 
 1.03862166e-06  2.81906839e-04 
 1.04534901e-06 -4.37142925e-05 
 1.05260180e-06  2.63982003e-04 
 1.05934833e-06 -6.08077076e-05 
 1.06469547e-06  2.54431650e-04 
 1.07001885e-06 -4.40220877e-05 
 1.07378025e-06  2.63715354e-04 
 1.07734957e-06 -7.52443307e-05 
 1.08109643e-06  2.55896041e-04 
 1.08577781e-06 -7.44543500e-05 
 1.09260349e-06  2.47192961e-04 
 1.10012125e-06 -8.27899761e-05 
 1.10652197e-06  2.42303046e-04 
 1.11492039e-06 -8.25194987e-05 
 1.12408987e-06  2.40382630e-04 
 1.14110287e-06 -8.31189307e-05 
 1.16995987e-06  2.38516504e-04 
 1.21696918e-06 -8.55434193e-05 
 1.25010000e-06  2.35213256e-04 
 1.25011000e-06 -3.75145030e-03 
 1.25013000e-06 -4.10674225e-03 
 1.25017000e-06 -3.36664117e-03 
 1.25020000e-06 -3.38087370e-03 
 1.25020076e-06 -3.35606118e-04 
 1.25020228e-06  6.19011658e-04 
 1.25020531e-06 -1.90372999e-05 
 1.25021138e-06  4.43312978e-04 
 1.25022351e-06  1.08205777e-04 
 1.25024778e-06  4.82742596e-04 
 1.25029632e-06  1.78949367e-04 
 1.25039339e-06  5.00485345e-04 
 1.25058754e-06  2.00097936e-04 
 1.25092769e-06  5.96147640e-04 
 1.25147220e-06  3.10239562e-04 
 1.25210783e-06  5.66830217e-04 
 1.25277057e-06  5.26947670e-05 
 1.25351209e-06  2.95634956e-04 
 1.25454624e-06 -3.34490614e-05 
 1.25528699e-06  2.82170126e-04 
 1.25613147e-06 -7.03631043e-05 
 1.25704549e-06  2.49067373e-04 
 1.25799215e-06 -7.50443730e-05 
 1.25926368e-06  2.45696880e-04 
 1.26121691e-06 -8.76033724e-05 
 1.26336220e-06  2.35934772e-04 
 1.26671401e-06 -8.89127406e-05 
 1.27095614e-06  2.35319840e-04 
 1.27944039e-06 -8.95416120e-05 
 1.29640890e-06  2.33842962e-04 
 1.32688598e-06 -9.20288753e-05 
 1.38784014e-06  2.29850674e-04 
 1.50000000e-06 -9.63693500e-05 
 1.50001000e-06  3.77858277e-03 
 1.50003000e-06  3.64040312e-03 
 1.50007000e-06  4.42417314e-03 
 1.50010000e-06  5.30724954e-03 
 1.50010426e-06  1.32528238e-03 
 1.50011277e-06  8.71220344e-04 
 1.50012981e-06  1.13303867e-03 
 1.50016387e-06  7.09605378e-04 
 1.50023200e-06  9.35213890e-04 
 1.50036826e-06  5.14413072e-04 
 1.50054895e-06  7.72158138e-04 
 1.50091031e-06  4.29401302e-04 
 1.50142018e-06  6.61084063e-04 
 1.50197053e-06  1.35709970e-04 
 1.50252065e-06  3.95414491e-04 
 1.50322722e-06  4.53028914e-05 
 1.50387101e-06  3.05779825e-04 
 1.50464434e-06 -4.76549068e-05 
 1.50547218e-06  2.51977268e-04 
 1.50637929e-06 -7.16644995e-05 
 1.50761496e-06  2.52124858e-04 
 1.50884770e-06 -6.02306195e-05 
 1.51018087e-06  2.47446681e-04 
 1.51166900e-06 -6.91745816e-05 
 1.51316399e-06  2.40329792e-04 
 1.51464562e-06 -9.14583017e-05 
 1.51621154e-06  2.25992610e-04 
 1.51780431e-06 -9.23085427e-05 
 1.51960631e-06  2.24246830e-04 
 1.52321030e-06 -9.24227646e-05 
 1.53041829e-06  2.23886828e-04 
 1.54257279e-06 -9.23823268e-05 
 1.56688179e-06  2.23811492e-04 
 1.61549981e-06 -9.23485258e-05 
 1.71273583e-06  2.23958109e-04 
 1.75010000e-06 -9.21483876e-05 
 1.75011000e-06 -3.76416144e-03 
 1.75013000e-06 -4.10197941e-03 
 1.75017000e-06 -3.37855482e-03 
 1.75020000e-06 -3.37320331e-03 
 1.75020074e-06 -3.52439405e-04 
 1.75020223e-06  6.05206312e-04 
 1.75020521e-06 -2.41934884e-05 
 1.75021117e-06  4.27320080e-04 
 1.75022309e-06  1.01977044e-04 
 1.75024692e-06  4.66719784e-04 
 1.75029459e-06  1.73129629e-04 
 1.75038993e-06  4.85110415e-04 
 1.75058061e-06  1.94055287e-04 
 1.75091429e-06  5.77484048e-04 
 1.75146053e-06  3.08087819e-04 
 1.75208688e-06  5.57486117e-04 
 1.75275878e-06  5.39099931e-05 
 1.75349628e-06  2.84923566e-04 
 1.75452456e-06 -3.18718442e-05 
 1.75529494e-06  2.77142933e-04 
 1.75617785e-06 -5.49157009e-05 
 1.75693526e-06  2.51532264e-04 
 1.75778381e-06 -6.23075010e-05 
 1.75880070e-06  2.47211658e-04 
 1.75994021e-06 -8.01222724e-05 
 1.76106649e-06  2.31766484e-04 
 1.76281019e-06 -8.58015298e-05 
 1.76454992e-06  2.23346873e-04 
 1.76714280e-06 -9.03188111e-05 
 1.77018926e-06  2.22252686e-04 
 1.77480247e-06 -9.01316629e-05 
 1.78388830e-06  2.22143022e-04 
 1.79621858e-06 -9.00593121e-05 
 1.82071598e-06  2.22125898e-04 
 1.86971079e-06 -8.99872593e-05 
 1.96205806e-06  2.22204959e-04 
 2.00000000e-06 -8.99055221e-05 
 2.00001000e-06  3.77556744e-03 
 2.00003000e-06  3.63421548e-03 
 2.00007000e-06  4.42688168e-03 
 2.00010000e-06  5.30273589e-03 
 2.00010426e-06  1.32462247e-03 
 2.00011277e-06  8.70450912e-04 
 2.00012980e-06  1.13232745e-03 
 2.00016387e-06  7.09177640e-04 
 2.00023199e-06  9.34916755e-04 
 2.00036824e-06  5.14765784e-04 
 2.00054882e-06  7.72809966e-04 
 2.00090998e-06  4.30277064e-04 
 2.00141923e-06  6.61091583e-04 
 2.00196928e-06  1.34166213e-04 
 2.00255807e-06  3.96294679e-04 
 2.00320672e-06  5.92049790e-05 
 2.00388675e-06  3.16273084e-04 
 2.00465337e-06 -4.54378429e-05 
 2.00549133e-06  2.60762672e-04 
 2.00626122e-06 -4.95929528e-05 
 2.00706071e-06  2.66224257e-04 
 2.00786634e-06 -5.85475229e-05 
 2.00873541e-06  2.50206923e-04 
 2.00963941e-06 -7.13057447e-05 
 2.01095420e-06  2.36123011e-04 
 2.01227730e-06 -7.77327521e-05 
 2.01417163e-06  2.52572348e-04 
 2.01622707e-06 -5.68907552e-05 
 2.01829765e-06  2.53410708e-04 
 2.02024508e-06 -3.11745567e-05 
 2.02191805e-06  3.12407389e-04 
 2.02371190e-06 -1.85664956e-07 
 2.02548779e-06  2.98148934e-04 
 2.02727775e-06 -1.93998615e-05 
 2.02929697e-06  2.84580340e-04 
 2.03136540e-06 -2.97901033e-05 
 2.03444506e-06  2.77938840e-04 
 2.03853309e-06 -3.82505196e-05 
 2.04670915e-06  2.67558853e-04 
 2.06138604e-06 -5.12682185e-05 
 2.08775254e-06  2.55478657e-04 
 2.13357235e-06 -5.70509420e-05 
 2.18334426e-06  2.53683326e-04 
 2.25010000e-06 -6.68265955e-05 
 2.25011000e-06 -3.74593771e-03 
 2.25013000e-06 -4.08516775e-03 
 2.25017000e-06 -3.35767767e-03 
 2.25020000e-06 -3.34618523e-03 
 2.25020075e-06 -3.26867558e-04 
 2.25020224e-06  6.29531100e-04 
 2.25020522e-06  5.44495049e-07 
 2.25021118e-06  4.51795714e-04 
 2.25022310e-06  1.26824439e-04 
 2.25024694e-06  4.91535158e-04 
 2.25029462e-06  1.98264674e-04 
 2.25038998e-06  5.10184343e-04 
 2.25058070e-06  2.19044060e-04 
 2.25091421e-06  6.01903615e-04 
 2.25145885e-06  3.31666772e-04 
 2.25208556e-06  5.79915560e-04 
 2.25275651e-06  7.62580018e-05 
 2.25349508e-06  3.05871681e-04 
 2.25452101e-06 -1.20340779e-05 
 2.25527844e-06  2.92701142e-04 
 2.25615355e-06 -5.01311955e-05 
 2.25703868e-06  2.57939875e-04 
 2.25796684e-06 -5.52618193e-05 
 2.25930829e-06  2.53926411e-04 
 2.26106567e-06 -6.78480557e-05 
 2.26330456e-06  2.43764238e-04 
 2.26649592e-06 -7.02737677e-05 
 2.27083539e-06  2.42220998e-04 
 2.27951433e-06 -7.24899975e-05 
 2.29683241e-06  2.37822199e-04 
 2.32649573e-06 -7.93494422e-05 
 2.38582236e-06  2.28353234e-04 
 2.44743352e-06 -8.74787523e-05 
 2.50000000e-06  2.24412427e-04 
 2.50001000e-06  3.78908785e-03 
 2.50003000e-06  3.62403713e-03 
 2.50007000e-06  4.44095254e-03 
 2.50010000e-06  5.29402152e-03 
 2.50010421e-06  1.32784917e-03 
 2.50011263e-06  8.72433745e-04 
 2.50012948e-06  1.13629250e-03 
 2.50016317e-06  7.11860979e-04 
 2.50023056e-06  9.38824537e-04 
 2.50036533e-06  5.17542071e-04 
 2.50054492e-06  7.75347608e-04 
 2.50090411e-06  4.31131970e-04 
 2.50141350e-06  6.66108426e-04 
 2.50196320e-06  1.39346479e-04 
 2.50251556e-06  3.97572162e-04 
 2.50322208e-06  4.75518378e-05 
 2.50386600e-06  3.08418080e-04 
 2.50463730e-06 -4.55800730e-05 
 2.50546394e-06  2.54422555e-04 
 2.50637043e-06 -6.98788715e-05 
 2.50759842e-06  2.54263528e-04 
 2.50882984e-06 -5.91636669e-05 
 2.51016505e-06  2.49216448e-04 
 2.51165811e-06 -6.70159234e-05 
 2.51314028e-06  2.42934820e-04 
 2.51458337e-06 -8.95501465e-05 
 2.51612372e-06  2.27976047e-04 
 2.51766976e-06 -9.04423585e-05 
 2.51944262e-06  2.26129397e-04 
 2.52298833e-06 -9.06051462e-05 
 2.52990810e-06  2.25645223e-04 
 2.54242661e-06 -9.07726824e-05 
 2.56746362e-06  2.25201943e-04 
 2.61753766e-06 -9.13627937e-05 
 2.71768573e-06  2.24428898e-04 
 2.75010000e-06 -9.18231865e-05 
 2.75011000e-06 -3.76388130e-03 
 2.75013000e-06 -4.10163236e-03 
 2.75017000e-06 -3.37617445e-03 
 2.75020000e-06 -3.36400038e-03 
 2.75020074e-06 -3.48797278e-04 
 2.75020223e-06  6.04957686e-04 
 2.75020521e-06 -2.25210551e-05 
 2.75021117e-06  4.27889014e-04 
 2.75022309e-06  1.03323621e-04 
 2.75024692e-06  4.67304051e-04 
 2.75029459e-06  1.74194031e-04 
 2.75038993e-06  4.85358493e-04 
 2.75058061e-06  1.94565227e-04 
 2.75091418e-06  5.77608851e-04 
 2.75145772e-06  3.08814020e-04 
 2.75208467e-06  5.57798015e-04 
 2.75275513e-06  5.53964519e-05 
 2.75349333e-06  2.84985233e-04 
 2.75451783e-06 -3.12690083e-05 
 2.75528649e-06  2.77199386e-04 
 2.75617009e-06 -5.41527373e-05 
 2.75692785e-06  2.51561462e-04 
 2.75777740e-06 -6.16747938e-05 
 2.75878933e-06  2.47344965e-04 
 2.75992245e-06 -7.93901041e-05 
 2.76103673e-06  2.31757386e-04 
 2.76279023e-06 -8.51113805e-05 
 2.76449690e-06  2.23347822e-04 
 2.76710170e-06 -8.96947456e-05 
 2.77010389e-06  2.22162091e-04 
 2.77470225e-06 -8.95152605e-05 
 2.78342404e-06  2.22007017e-04 
 2.79530268e-06 -8.94957895e-05 
 2.81813503e-06  2.21896747e-04 
 2.86379974e-06 -8.95734105e-05 
 2.94845966e-06  2.21758901e-04 
 3.00000000e-06 -8.96548775e-05 
 3.00001000e-06  3.77193413e-03 
 3.00003000e-06  3.62870184e-03 
 3.00007000e-06  4.42991184e-03 
 3.00010000e-06  5.29858322e-03 
 3.00010426e-06  1.32383642e-03 
 3.00011277e-06  8.69862859e-04 
 3.00012980e-06  1.13156456e-03 
 3.00016386e-06  7.08742864e-04 
 3.00023199e-06  9.34390460e-04 
 3.00036823e-06  5.14639269e-04 
 3.00054882e-06  7.72525614e-04 
 3.00091000e-06  4.30276311e-04 
 3.00141883e-06  6.61026476e-04 
 3.00196848e-06  1.34366276e-04 
 3.00255725e-06  3.96056407e-04 
 3.00320614e-06  5.87851954e-05 
 3.00388615e-06  3.15110944e-04 
 3.00465289e-06 -4.75213472e-05 
 3.00549058e-06  2.59441245e-04 
 3.00633908e-06 -4.88356385e-05 
 3.00711990e-06  2.65606345e-04 
 3.00794473e-06 -5.97475623e-05 
 3.00883016e-06  2.48642953e-04 
 3.00972969e-06 -7.33586923e-05 
 3.01099185e-06  2.35649241e-04 
 3.01249300e-06 -7.30877644e-05 
 3.01478521e-06  2.52818871e-04 
 3.01630545e-06 -6.01592249e-05 
 3.01803246e-06  2.53543334e-04 
 3.01984006e-06 -2.87618046e-05 
 3.02129168e-06  3.10156130e-04 
 3.02273141e-06 -6.87689740e-06 
 3.02444106e-06  2.99709632e-04 
 3.02606917e-06 -2.66175885e-05 
 3.02757826e-06  2.80650663e-04 
 3.02954174e-06 -3.91705520e-05 
 3.03184890e-06  2.70283567e-04 
 3.03448576e-06 -4.63429100e-05 
 3.03877734e-06  2.61517214e-04 
 3.04482802e-06 -5.50520168e-05 
 3.05466251e-06  2.53415575e-04 
 3.07085176e-06 -6.03332247e-05 
 3.08627381e-06  2.50170417e-04 
 3.10370971e-06 -5.16533696e-05 
 3.11760428e-06  3.11257715e-04 
 3.12737058e-06 -6.42213646e-05 
 3.13416320e-06  2.71800235e-04 
 3.13885191e-06 -6.38656030e-05 
 3.14406040e-06  2.65381335e-04 
 3.15225571e-06 -6.46441287e-05 
 3.16035972e-06  2.60338459e-04 
 3.17334035e-06 -6.88337199e-05 
 3.18910627e-06  2.53848845e-04 
 3.21127871e-06 -7.38774237e-05 
 3.24437680e-06  2.48568608e-04 
 3.25010000e-06 -7.54601528e-05 
 3.25011000e-06 -3.75348819e-03 
 3.25013000e-06 -4.09075324e-03 
 3.25017000e-06 -3.36084980e-03 
 3.25020000e-06 -3.34343159e-03 
 3.25020075e-06 -3.28630978e-04 
 3.25020224e-06  6.24729201e-04 
 3.25020522e-06 -2.16756866e-06 
 3.25021118e-06  4.47794085e-04 
 3.25022310e-06  1.22983095e-04 
 3.25024694e-06  4.86573734e-04 
 3.25029463e-06  1.93043620e-04 
 3.25039000e-06  5.04983038e-04 
 3.25058074e-06  2.15204227e-04 
 3.25091386e-06  5.98639736e-04 
 3.25145716e-06  3.28950127e-04 
 3.25208391e-06  5.77530552e-04 
 3.25275409e-06  7.53283945e-05 
 3.25349303e-06  3.05544925e-04 
 3.25451657e-06 -1.04035802e-05 
 3.25529868e-06  2.95113988e-04 
 3.25619664e-06 -4.84703900e-05 
 3.25708707e-06  2.56847611e-04 
 3.25802820e-06 -5.68639057e-05 
 3.25940130e-06  2.51305927e-04 
 3.26113210e-06 -6.93620292e-05 
 3.26341255e-06  2.42312286e-04 
 3.26664874e-06 -7.07960639e-05 
 3.27108157e-06  2.41930962e-04 
 3.27994724e-06 -7.10537871e-05 
 3.29706276e-06  2.41314700e-04 
 3.32660306e-06 -7.17773986e-05 
 3.38568366e-06  2.40355246e-04 
 3.49350884e-06 -7.28336122e-05 
 3.50000000e-06  2.39709337e-04 
 3.50001000e-06  3.80107179e-03 
 3.50003000e-06  3.63444884e-03 
 3.50007000e-06  4.45612344e-03 
 3.50010000e-06  5.30416236e-03 
 3.50010421e-06  1.34133658e-03 
 3.50011263e-06  8.85801772e-04 
 3.50012948e-06  1.15052039e-03 
 3.50016317e-06  7.27598341e-04 
 3.50023056e-06  9.55238615e-04 
 3.50036533e-06  5.33972743e-04 
 3.50054491e-06  7.90942050e-04 
 3.50090409e-06  4.47069036e-04 
 3.50141298e-06  6.80880719e-04 
 3.50196247e-06  1.53261313e-04 
 3.50255787e-06  4.13563584e-04 
 3.50320339e-06  7.58607517e-05 
 3.50388257e-06  3.28109546e-04 
 3.50465906e-06 -3.24828664e-05 
 3.50550153e-06  2.69317568e-04 
 3.50636434e-06 -5.26331605e-05 
 3.50757835e-06  2.68078547e-04 
 3.50880218e-06 -4.58071591e-05 
 3.51007766e-06  2.66519962e-04 
 3.51148214e-06 -5.11637943e-05 
 3.51303064e-06  2.56424145e-04 
 3.51461918e-06 -7.50587701e-05 
 3.51606338e-06  2.43555808e-04 
 3.51759819e-06 -7.45615360e-05 
 3.51937354e-06  2.41664308e-04 
 3.52266044e-06 -7.44982200e-05 
 3.52769007e-06  2.41272447e-04 
 3.53774932e-06 -7.44696469e-05 
 3.55786783e-06  2.41065959e-04 
 3.59810486e-06 -7.49831797e-05 
 3.65477300e-06  2.37776917e-04 
 3.70620481e-06 -7.23847249e-05 
 3.74288328e-06  2.33176764e-04 
 3.75010000e-06 -7.36709862e-05 
 3.75011000e-06 -3.74608699e-03 
 3.75013000e-06 -4.08410716e-03 
 3.75017000e-06 -3.35830644e-03 
 3.75020000e-06 -3.34255102e-03 
 3.75020074e-06 -3.30589669e-04 
 3.75020223e-06  6.21166568e-04 
 3.75020521e-06 -4.94028112e-06 
 3.75021117e-06  4.44351924e-04 
 3.75022309e-06  1.19951390e-04 
 3.75024692e-06  4.82918777e-04 
 3.75029459e-06  1.89458176e-04 
 3.75038993e-06  4.99665298e-04 
 3.75058060e-06  2.08693916e-04 
 3.75091413e-06  5.91162142e-04 
 3.75145673e-06  3.22600641e-04 
 3.75208379e-06  5.71135025e-04 
 3.75275357e-06  6.94049906e-05 
 3.75349246e-06  2.98273034e-04 
 3.75451530e-06 -1.75243328e-05 
 3.75528122e-06  2.90284983e-04 
 3.75616332e-06 -4.04542381e-05 
 3.75691983e-06  2.64679639e-04 
 3.75776669e-06 -4.80058848e-05 
 3.75878389e-06  2.60331021e-04 
 3.75991946e-06 -6.58211500e-05 
 3.76104777e-06  2.44655675e-04 
 3.76278819e-06 -7.17095027e-05 
 3.76452381e-06  2.36040477e-04 
 3.76711540e-06 -7.65137806e-05 
 3.77015258e-06  2.34516834e-04 
 3.77475905e-06 -7.70595277e-05 
 3.78380264e-06  2.32048257e-04 
 3.79608189e-06 -8.26335976e-05 
 3.81617804e-06  2.24393964e-04 
 3.83786676e-06 -8.81652489e-05 
 3.86747509e-06  2.21896210e-04 
 3.92669175e-06 -8.93155751e-05 
 4.00000000e-06  2.21386297e-04 
 4.00001000e-06  3.78292251e-03 
 4.00003000e-06  3.61588685e-03 
 4.00007000e-06  4.44165212e-03 
 4.00010000e-06  5.28695874e-03 
 4.00010421e-06  1.32515152e-03 
 4.00011264e-06  8.69423799e-04 
 4.00012948e-06  1.13349884e-03 
 4.00016318e-06  7.09043120e-04 
 4.00023056e-06  9.36384209e-04 
 4.00036534e-06  5.15429329e-04 
 4.00054487e-06  7.73830799e-04 
 4.00090393e-06  4.29637221e-04 
 4.00141300e-06  6.63775260e-04 
 4.00196261e-06  1.35219883e-04 
 4.00255123e-06  3.96492761e-04 
 4.00320056e-06  5.87808568e-05 
 4.00388003e-06  3.16723241e-04 
 4.00464642e-06 -4.59615819e-05 
 4.00548389e-06  2.60999238e-04 
 4.00625392e-06 -5.01884891e-05 
 4.00705320e-06  2.67653850e-04 
 4.00786218e-06 -5.89826027e-05 
 4.00873906e-06  2.50618452e-04 
 4.00963518e-06 -7.40533805e-05 
 4.01087941e-06  2.37962417e-04 
 4.01235282e-06 -7.13210906e-05 
 4.01409360e-06  2.44557810e-04 
 4.01577811e-06 -6.37135907e-05 
 4.01744436e-06  2.51122564e-04 
 4.01937102e-06 -3.01021782e-05 
 4.02092845e-06  3.39808276e-04 
 4.02248947e-06  3.31312999e-05 
 4.02431767e-06  3.42683021e-04 
 4.02604822e-06  1.09478473e-05 
 4.02765222e-06  3.34312383e-04 
 4.02975388e-06  4.89208511e-05 
 4.03117248e-06  2.73807306e-04 
 4.03263060e-06 -3.03599894e-05 
 4.03428956e-06  2.65815894e-04 
 4.03606537e-06 -3.87698523e-05 
 4.03835845e-06  2.65603293e-04 
 4.04207999e-06 -4.30610639e-05 
 4.04701969e-06  2.64241118e-04 
 4.05528575e-06 -4.32602063e-05 
 4.06422183e-06  2.63228588e-04 
 4.07845054e-06 -5.21474668e-05 
 4.09287461e-06  2.50256648e-04 
 4.12172276e-06 -6.79713610e-05 
 4.14551844e-06  2.40116951e-04 
 4.17112808e-06 -7.03955564e-05 
 4.20052202e-06  2.39248703e-04 
 4.25010000e-06 -7.11776852e-05 
 4.25011000e-06 -3.75151122e-03 
 4.25013000e-06 -4.09040373e-03 
 4.25017000e-06 -3.35897878e-03 
 4.25020000e-06 -3.33997422e-03 
 4.25020075e-06 -3.27050961e-04 
 4.25020224e-06  6.24789912e-04 
 4.25020522e-06 -1.36339040e-06 
 4.25021118e-06  4.48277391e-04 
 4.25022310e-06  1.23540193e-04 
 4.25024694e-06  4.86754925e-04 
 4.25029462e-06  1.93105024e-04 
 4.25038999e-06  5.04088328e-04 
 4.25058073e-06  2.13702601e-04 
 4.25091321e-06  5.96354859e-04 
 4.25145639e-06  3.27127433e-04 
 4.25208255e-06  5.75504221e-04 
 4.25275273e-06  7.35512948e-05 
 4.25349161e-06  3.03306417e-04 
 4.25451392e-06 -1.23316393e-05 
 4.25529502e-06  2.93051134e-04 
 4.25619298e-06 -5.03758064e-05 
 4.25708200e-06  2.54640567e-04 
 4.25802197e-06 -5.88724912e-05 
 4.25939662e-06  2.49350882e-04 
 4.26112044e-06 -7.10737543e-05 
 4.26341330e-06  2.40313038e-04 
 4.26662586e-06 -7.24928168e-05 
 4.27105616e-06  2.40093726e-04 
 4.27991677e-06 -7.25075350e-05 
 4.29684079e-06  2.39869016e-04 
 4.32615784e-06 -7.27168653e-05 
 4.38479193e-06  2.39522240e-04 
 4.49065290e-06 -7.31049911e-05 
 4.50000000e-06  2.39273524e-04 
 4.50001000e-06  3.79930842e-03 
 4.50003000e-06  3.63253897e-03 
 4.50007000e-06  4.45717687e-03 
 4.50010000e-06  5.30261985e-03 
 4.50010421e-06  1.34019416e-03 
 4.50011264e-06  8.85746463e-04 
 4.50012950e-06  1.14934218e-03 
 4.50016321e-06  7.26891368e-04 
 4.50023064e-06  9.53678203e-04 
 4.50036550e-06  5.33232544e-04 
 4.50054480e-06  7.89649030e-04 
 4.50090341e-06  4.46755042e-04 
 4.50141177e-06  6.80145614e-04 
 4.50196095e-06  1.53631748e-04 
 4.50255594e-06  4.12562355e-04 
 4.50320170e-06  7.54563111e-05 
 4.50388084e-06  3.27086406e-04 
 4.50465953e-06 -3.24259927e-05 
 4.50550063e-06  2.68661922e-04 
 4.50636433e-06 -5.24375704e-05 
 4.50757806e-06  2.67872695e-04 
 4.50879655e-06 -4.60080696e-05 
 4.51000557e-06  2.65684538e-04 
 4.51130684e-06 -5.05487530e-05 
 4.51276585e-06  2.55625038e-04 
 4.51414184e-06 -7.39417304e-05 
 4.51556863e-06  2.42350051e-04 
 4.51705497e-06 -7.41564030e-05 
 4.51878143e-06  2.40637330e-04 
 4.52220624e-06 -7.41434732e-05 
 4.52729172e-06  2.40328227e-04 
 4.53746267e-06 -7.40843961e-05 
 4.55780458e-06  2.40235083e-04 
 4.59848839e-06 -7.41327290e-05 
 4.67985602e-06  2.40138363e-04 
 4.75010000e-06 -7.41945491e-05 
 4.75011000e-06 -3.74659849e-03 
 4.75013000e-06 -4.08419828e-03 
 4.75017000e-06 -3.35626850e-03 
 4.75020000e-06 -3.33775396e-03 
 4.75020074e-06 -3.27784526e-04 
 4.75020223e-06  6.22813543e-04 
 4.75020521e-06 -2.42984511e-06 
 4.75021117e-06  4.46329897e-04 
 4.75022308e-06  1.21952080e-04 
 4.75024690e-06  4.84444838e-04 
 4.75029455e-06  1.90662441e-04 
 4.75038985e-06  5.01389493e-04 
 4.75058044e-06  2.11446775e-04 
 4.75091180e-06  5.93865859e-04 
 4.75145583e-06  3.26120994e-04 
 4.75207890e-06  5.74938856e-04 
 4.75275090e-06  7.31703105e-05 
 4.75348819e-06  3.01614754e-04 
 4.75450632e-06 -1.49872430e-05 
 4.75527282e-06  2.92921690e-04 
 4.75615993e-06 -4.53423551e-05 
 4.75692128e-06  2.56234490e-04 
 4.75776943e-06 -5.97454080e-05 
 4.75878507e-06  2.51629252e-04 
 4.75991799e-06 -6.74569349e-05 
 4.76218383e-06  2.39202046e-04 
 4.76464772e-06 -7.29004665e-05 
 4.76871609e-06  2.38912000e-04 
 4.77401268e-06 -7.27955448e-05 
 4.78460587e-06  2.38787009e-04 
 4.80579224e-06 -7.27866908e-05 
 4.84654937e-06  2.38726830e-04 
 4.92806362e-06 -7.28125724e-05 
 5.00000000e-06  2.38691484e-04 
 5.00001000e-06  3.79755056e-03 
 5.00003000e-06  3.63003198e-03 
 5.00007000e-06  4.45722826e-03 
 5.00010000e-06  5.30094073e-03 
 5.00010421e-06  1.34089979e-03 
 5.00011263e-06  8.84921073e-04 
 5.00012948e-06  1.14962169e-03 
 5.00016317e-06  7.26879289e-04 
 5.00023055e-06  9.54463500e-04 
 5.00036531e-06  5.33137875e-04 
 5.00054443e-06  7.90388914e-04 
 5.00090267e-06  4.46423988e-04 
 5.00141100e-06  6.80834393e-04 
 5.00196014e-06  1.52938377e-04 
 5.00255378e-06  4.12888918e-04 
 5.00321077e-06  7.53850754e-05 
 5.00389790e-06  3.30123710e-04 
 5.00467273e-06 -3.22241322e-05 
 5.00551021e-06  2.71571373e-04 
 5.00641514e-06 -4.49983185e-05 
 5.00732804e-06  2.73574269e-04 
 5.00809089e-06 -5.08795140e-05 
 5.00897181e-06  2.59448835e-04 
 5.00995687e-06 -6.54256947e-05 
 5.01110322e-06  2.46380380e-04 
 5.01296697e-06 -6.50902584e-05 
 5.01547206e-06  2.66110221e-04 
 5.01804238e-06 -4.37686447e-05 
 5.02024124e-06  3.05350498e-04 
 5.02197554e-06 -1.46442647e-05 
 5.02360342e-06  2.88461148e-04 
 5.02529751e-06 -3.65302825e-05 
 5.02704837e-06  2.68152447e-04 
 5.02902937e-06 -5.15723670e-05 
 5.03106853e-06  2.60267941e-04 
 5.03409351e-06 -5.27577013e-05 
 5.03809381e-06  2.57973861e-04 
 5.04474601e-06 -5.79506493e-05 
 5.05597594e-06  2.45446612e-04 
 5.07330241e-06 -7.38983667e-05 
 5.09207813e-06  2.38514931e-04 
 5.11414433e-06 -7.46332426e-05 
 5.14455120e-06  2.38540168e-04 
 5.18525747e-06 -7.40184625e-05 
 5.25010000e-06  2.39058193e-04 
 5.25011000e-06 -3.74394211e-03 
 5.25013000e-06 -4.09911149e-03 
 5.25017000e-06 -3.35100712e-03 
 5.25020000e-06 -3.34754607e-03 
 5.25020076e-06 -3.17558557e-04 
 5.25020228e-06  6.26205738e-04 
 5.25020531e-06 -5.85851539e-06 
 5.25021138e-06  4.53147482e-04 
 5.25022351e-06  1.19472329e-04 
 5.25024779e-06  4.91257966e-04 
 5.25029633e-06  1.87744278e-04 
 5.25039342e-06  5.07355622e-04 
 5.25058760e-06  2.08529192e-04 
 5.25092817e-06  6.04584253e-04 
 5.25146600e-06  3.19877974e-04 
 5.25209852e-06  5.76496843e-04 
 5.25275935e-06  6.47216763e-05 
 5.25350044e-06  3.06415082e-04 
 5.25452575e-06 -1.86701309e-05 
 5.25530715e-06  2.96538721e-04 
 5.25620392e-06 -5.68839531e-05 
 5.25709554e-06  2.58692674e-04 
 5.25803799e-06 -6.51056138e-05 
 5.25942070e-06  2.53087123e-04 
 5.26116757e-06 -7.75695693e-05 
 5.26345141e-06  2.44360039e-04 
 5.26671378e-06 -7.87500536e-05 
 5.27116570e-06  2.44203117e-04 
 5.28006954e-06 -7.86613920e-05 
 5.29720971e-06  2.44160473e-04 
 5.32675641e-06 -7.85864283e-05 
 5.38584980e-06  2.44236698e-04 
 5.49330960e-06 -7.84525203e-05 
 5.50000000e-06  2.44257560e-04 
 5.50001000e-06  3.79797783e-03 
 5.50003000e-06  3.63092934e-03 
 5.50007000e-06  4.45747771e-03 
 5.50010000e-06  5.30136548e-03 
 5.50010421e-06  1.34025708e-03 
 5.50011264e-06  8.85418501e-04 
 5.50012948e-06  1.14928016e-03 
 5.50016318e-06  7.27165242e-04 
 5.50023056e-06  9.54053389e-04 
 5.50036534e-06  5.33705871e-04 
 5.50054491e-06  7.90010601e-04 
 5.50090405e-06  4.46945655e-04 
 5.50141327e-06  6.79910965e-04 
 5.50196306e-06  1.52870800e-04 
 5.50255792e-06  4.12441718e-04 
 5.50320366e-06  7.57408313e-05 
 5.50388275e-06  3.27831672e-04 
 5.50465968e-06 -3.07436214e-05 
 5.50550099e-06  2.69455071e-04 
 5.50641325e-06 -5.32254996e-05 
 5.50760428e-06  2.68149121e-04 
 5.50886490e-06 -4.66643063e-05 
 5.51005918e-06  2.66008441e-04 
 5.51131402e-06 -5.07848809e-05 
 5.51273524e-06  2.54754388e-04 
 5.51409672e-06 -7.43304676e-05 
 5.51550740e-06  2.42201248e-04 
 5.51702344e-06 -7.45004422e-05 
 5.51876429e-06  2.40619874e-04 
 5.52209581e-06 -7.44333497e-05 
 5.52706139e-06  2.40354043e-04 
 5.53699256e-06 -7.43586936e-05 
 5.55685489e-06  2.40297688e-04 
 5.59565157e-06 -7.43485098e-05 
 5.67324494e-06  2.40287720e-04 
 5.75010000e-06 -7.43355137e-05 
 5.75011000e-06 -3.74641245e-03 
 5.75013000e-06 -4.08366565e-03 
 5.75017000e-06 -3.35521537e-03 
 5.75020000e-06 -3.33549486e-03 
 5.75020074e-06 -3.26399076e-04 
 5.75020223e-06  6.23082412e-04 
 5.75020521e-06 -1.86282738e-06 
 5.75021117e-06  4.46926511e-04 
 5.75022309e-06  1.22392977e-04 
 5.75024692e-06  4.84662716e-04 
 5.75029459e-06  1.90721166e-04 
 5.75038993e-06  5.00988559e-04 
 5.75058060e-06  2.10953379e-04 
 5.75091404e-06  5.94218646e-04 
 5.75145632e-06  3.25951728e-04 
 5.75207987e-06  5.75126056e-04 
 5.75275079e-06  7.32660931e-05 
 5.75348804e-06  3.01540630e-04 
 5.75451061e-06 -1.50919264e-05 
 5.75527909e-06  2.92357793e-04 
 5.75616589e-06 -4.54431638e-05 
 5.75692844e-06  2.56249173e-04 
 5.75777831e-06 -5.97324337e-05 
 5.75878957e-06  2.51533228e-04 
 5.75991923e-06 -6.75996192e-05 
 5.76217855e-06  2.39268168e-04 
 5.76464951e-06 -7.29260858e-05 
 5.76871173e-06  2.38980315e-04 
 5.77401736e-06 -7.28195571e-05 
 5.78462861e-06  2.38859669e-04 
 5.80585112e-06 -7.28042040e-05 
 5.84667269e-06  2.38810903e-04 
 5.92831584e-06 -7.28140008e-05 
 6.00000000e-06  2.38789695e-04 
 6.00001000e-06  3.79645229e-03 
 6.00003000e-06  3.62876882e-03 
 6.00007000e-06  4.45695953e-03 
 6.00010000e-06  5.29933711e-03 
 6.00010421e-06  1.34000947e-03 
 6.00011264e-06  8.84326952e-04 
 6.00012948e-06  1.14915918e-03 
 6.00016318e-06  7.26630581e-04 
 6.00023056e-06  9.54385161e-04 
 6.00036534e-06  5.33544263e-04 
 6.00054484e-06  7.90609755e-04 
 6.00090386e-06  4.46903605e-04 
 6.00141307e-06  6.80332389e-04 
 6.00196284e-06  1.52467659e-04 
 6.00255635e-06  4.13238959e-04 
 6.00320625e-06  7.58714478e-05 
 6.00388794e-06  3.30086418e-04 
 6.00465887e-06 -3.34979207e-05 
 6.00549340e-06  2.71548044e-04 
 6.00634622e-06 -4.36510969e-05 
 6.00725160e-06  2.73211084e-04 
 6.00800673e-06 -5.18226352e-05 
 6.00886079e-06  2.59453309e-04 
 6.00987224e-06 -6.46972224e-05 
 6.01099132e-06  2.47220677e-04 
 6.01288967e-06 -6.56577128e-05 
 6.01534654e-06  2.65265532e-04 
 6.01810302e-06 -4.36522304e-05 
 6.02033708e-06  2.99088682e-04 
 6.02215449e-06 -2.19006773e-05 
 6.02387731e-06  2.80383898e-04 
 6.02579936e-06 -4.56130319e-05 
 6.02754848e-06  2.62863270e-04 
 6.02971782e-06 -5.59806448e-05 
 6.03190733e-06  2.57365898e-04 
 6.03458519e-06 -5.96063319e-05 
 6.03849073e-06  2.48678442e-04 
 6.04404812e-06 -7.11007864e-05 
 6.05300878e-06  2.39376223e-04 
 6.06249553e-06 -7.44332219e-05 
 6.07421711e-06  2.39257321e-04 
 6.08995478e-06 -7.42813210e-05 
 6.11729666e-06  2.39281915e-04 
 6.16797355e-06 -7.40627106e-05 
 6.24945996e-06  2.39533688e-04 
 6.25010000e-06 -7.31611838e-05 
 6.25011000e-06 -3.75253712e-03 
 6.25013000e-06 -4.09109168e-03 
 6.25017000e-06 -3.35952805e-03 
 6.25020000e-06 -3.33730967e-03 
 6.25020075e-06 -3.26405594e-04 
 6.25020224e-06  6.24087525e-04 
 6.25020522e-06 -1.49569550e-06 
 6.25021118e-06  4.47745446e-04 
 6.25022310e-06  1.23199635e-04 
 6.25024694e-06  4.85886627e-04 
 6.25029462e-06  1.92064210e-04 
 6.25038998e-06  5.02653925e-04 
 6.25058070e-06  2.12502565e-04 
 6.25091328e-06  5.95165179e-04 
 6.25145626e-06  3.26041456e-04 
 6.25208142e-06  5.74546596e-04 
 6.25275159e-06  7.27667338e-05 
 6.25349010e-06  3.01764805e-04 
 6.25451225e-06 -1.35911928e-05 
 6.25529735e-06  2.92084165e-04 
 6.25619934e-06 -5.15112759e-05 
 6.25708975e-06  2.53736099e-04 
 6.25803251e-06 -5.97180268e-05 
 6.25942596e-06  2.48117652e-04 
 6.26114939e-06 -7.21329110e-05 
 6.26344677e-06  2.39360328e-04 
 6.26668409e-06 -7.33711286e-05 
 6.27115323e-06  2.39191901e-04 
 6.28009152e-06 -7.32935194e-05 
 6.29688203e-06  2.39126947e-04 
 6.32606169e-06 -7.32497914e-05 
 6.38399647e-06  2.39149455e-04 
 6.48776030e-06 -7.31873224e-05 
 6.50000000e-06  2.39151010e-04 
 6.50001000e-06  3.79732495e-03 
 6.50003000e-06  3.63056654e-03 
 6.50007000e-06  4.45740320e-03 
 6.50010000e-06  5.30087659e-03 
 6.50010421e-06  1.34014694e-03 
 6.50011263e-06  8.85165018e-04 
 6.50012948e-06  1.14928998e-03 
 6.50016317e-06  7.27120072e-04 
 6.50023056e-06  9.54246325e-04 
 6.50036533e-06  5.33775051e-04 
 6.50054490e-06  7.90175236e-04 
 6.50090404e-06  4.46947235e-04 
 6.50141293e-06  6.80182401e-04 
 6.50196242e-06  1.53114411e-04 
 6.50255696e-06  4.12675936e-04 
 6.50320252e-06  7.53564876e-05 
 6.50388134e-06  3.27018818e-04 
 6.50465883e-06 -3.30437463e-05 
 6.50549977e-06  2.68274042e-04 
 6.50636399e-06 -5.32467957e-05 
 6.50757183e-06  2.66945328e-04 
 6.50879882e-06 -4.60961238e-05 
 6.51008505e-06  2.67660442e-04 
 6.51150768e-06 -5.18299768e-05 
 6.51302859e-06  2.52625409e-04 
 6.51464036e-06 -7.57111017e-05 
 6.51611216e-06  2.42539581e-04 
 6.51786163e-06 -7.49748173e-05 
 6.51979957e-06  2.41021501e-04 
 6.52300872e-06 -7.47067743e-05 
 6.52786936e-06  2.40736185e-04 
 6.53653140e-06 -7.46038720e-05 
 6.55260363e-06  2.40658600e-04 
 6.58191536e-06 -7.45891860e-05 
 6.63873285e-06  2.40629671e-04 
 6.74600489e-06 -7.45872728e-05 
 6.75010000e-06  2.40553048e-04 
 6.75011000e-06 -3.73756770e-03 
 6.75013000e-06 -4.09151938e-03 
 6.75017000e-06 -3.34651023e-03 
 6.75020000e-06 -3.34369262e-03 
 6.75020076e-06 -3.16538747e-04 
 6.75020228e-06  6.25095274e-04 
 6.75020531e-06 -5.96668401e-06 
 6.75021138e-06  4.52506071e-04 
 6.75022352e-06  1.18940522e-04 
 6.75024779e-06  4.90122098e-04 
 6.75029635e-06  1.86507966e-04 
 6.75039345e-06  5.05658929e-04 
 6.75058766e-06  2.07155703e-04 
 6.75092648e-06  6.03062244e-04 
 6.75146573e-06  3.20157947e-04 
 6.75210340e-06  5.76127021e-04 
 6.75276200e-06  6.46959487e-05 
 6.75350537e-06  3.06008615e-04 
 6.75452986e-06 -1.97103734e-05 
 6.75529783e-06  2.97006201e-04 
 6.75617229e-06 -5.05603665e-05 
 6.75692825e-06  2.61325817e-04 
 6.75777346e-06 -6.47743051e-05 
 6.75878721e-06  2.56659567e-04 
 6.75991957e-06 -7.26600669e-05 
 6.76218430e-06  2.44405514e-04 
 6.76465127e-06 -7.79899886e-05 
 6.76871594e-06  2.44130013e-04 
 6.77401607e-06 -7.78881163e-05 
 6.78461633e-06  2.44011491e-04 
 6.80581684e-06 -7.78744359e-05 
 6.84734681e-06  2.43962020e-04 
 6.93040675e-06 -7.78869208e-05 
 7.00000000e-06  2.43939228e-04 
 7.00001000e-06  3.79611055e-03 
 7.00003000e-06  3.62823295e-03 
 7.00007000e-06  4.45711575e-03 
 7.00010000e-06  5.29877970e-03 
 7.00010421e-06  1.33981875e-03 
 7.00011264e-06  8.84261103e-04 
 7.00012948e-06  1.14903156e-03 
 7.00016318e-06  7.26717844e-04 
 7.00023056e-06  9.54408890e-04 
 7.00036534e-06  5.33688768e-04 
 7.00054486e-06  7.90556788e-04 
 7.00090390e-06  4.46996064e-04 
 7.00141279e-06  6.80355717e-04 
 7.00196228e-06  1.52690267e-04 
 7.00255545e-06  4.13163520e-04 
 7.00320517e-06  7.63608004e-05 
 7.00388660e-06  3.30872560e-04 
 7.00465746e-06 -3.15499150e-05 
 7.00549194e-06  2.71925231e-04 
 7.00639487e-06 -4.40802903e-05 
 7.00728922e-06  2.73773781e-04 
 7.00804487e-06 -5.04597864e-05 
 7.00891520e-06  2.59550757e-04 
 7.00990985e-06 -6.50332451e-05 
 7.01104680e-06  2.46364706e-04 
 7.01292408e-06 -6.59349455e-05 
 7.01540993e-06  2.63832277e-04 
 7.01825443e-06 -4.36108435e-05 
 7.02048887e-06  2.92262474e-04 
 7.02234947e-06 -2.99231547e-05 
 7.02412330e-06  2.73525671e-04 
 7.02601831e-06 -4.87146288e-05 
 7.02784532e-06  2.58566640e-04 
 7.03000243e-06 -6.42947780e-05 
 7.03223488e-06  2.46089527e-04 
 7.03492045e-06 -7.26734801e-05 
 7.03890532e-06  2.39399718e-04 
 7.04414357e-06 -7.43465034e-05 
 7.05048108e-06  2.39492469e-04 
 7.05901529e-06 -7.37856434e-05 
 7.07571289e-06  2.39412202e-04 
 7.10141273e-06 -7.37358046e-05 
 7.15028752e-06  2.39434835e-04 
 7.21894908e-06 -7.35989570e-05 
 7.25010000e-06  2.39480839e-04 
 7.25011000e-06 -3.74361443e-03 
 7.25013000e-06 -4.09865031e-03 
 7.25017000e-06 -3.35030133e-03 
 7.25020000e-06 -3.34484577e-03 
 7.25020076e-06 -3.16179166e-04 
 7.25020228e-06  6.26616125e-04 
 7.25020531e-06 -5.06541442e-06 
 7.25021138e-06  4.53732474e-04 
 7.25022351e-06  1.20102459e-04 
 7.25024779e-06  4.91516559e-04 
 7.25029633e-06  1.87953270e-04 
 7.25039342e-06  5.07353828e-04 
 7.25058760e-06  2.08974965e-04 
 7.25093315e-06  6.06756573e-04 
 7.25146776e-06  3.20430352e-04 
 7.25211145e-06  5.74701511e-04 
 7.25276591e-06  6.29921052e-05 
 7.25351174e-06  3.06808952e-04 
 7.25453764e-06 -1.79942850e-05 
 7.25530462e-06  2.96722081e-04 
 7.25617403e-06 -5.66904935e-05 
 7.25706633e-06  2.59295699e-04 
 7.25800346e-06 -6.48605609e-05 
 7.25932310e-06  2.54085495e-04 
 7.26114036e-06 -7.73870862e-05 
 7.26334869e-06  2.44843276e-04 
 7.26662660e-06 -7.85939084e-05 
 7.27095205e-06  2.44656098e-04 
 7.27960294e-06 -7.85285750e-05 
 7.29690269e-06  2.44572605e-04 
 7.32612268e-06 -7.85181936e-05 
 7.38456265e-06  2.44556624e-04 
 7.49422862e-06 -7.84968890e-05 
 7.50000000e-06  2.44513373e-04 
 7.50001000e-06  3.79790744e-03 
 7.50003000e-06  3.63118097e-03 
 7.50007000e-06  4.45825007e-03 
 7.50010000e-06  5.30174692e-03 
 7.50010421e-06  1.34082908e-03 
 7.50011264e-06  8.85779808e-04 
 7.50012948e-06  1.14937493e-03 
 7.50016318e-06  7.27347182e-04 
 7.50023057e-06  9.53896734e-04 
 7.50036535e-06  5.33639364e-04 
 7.50054521e-06  7.89483926e-04 
 7.50090492e-06  4.47035051e-04 
 7.50140935e-06  6.80658643e-04 
 7.50195251e-06  1.56120813e-04 
 7.50254307e-06  4.12963751e-04 
 7.50318882e-06  7.72662793e-05 
 7.50386549e-06  3.28842747e-04 
 7.50464894e-06 -3.06846745e-05 
 7.50548581e-06  2.69412482e-04 
 7.50640124e-06 -5.34769003e-05 
 7.50759870e-06  2.66973777e-04 
 7.50885155e-06 -4.61274553e-05 
 7.51015437e-06  2.65669861e-04 
 7.51159612e-06 -5.07927345e-05 
 7.51312060e-06  2.54889087e-04 
 7.51453718e-06 -7.41867957e-05 
 7.51602054e-06  2.42331554e-04 
 7.51756968e-06 -7.42325970e-05 
 7.51935811e-06  2.40560989e-04 
 7.52270922e-06 -7.41365685e-05 
 7.52762417e-06  2.40239942e-04 
 7.53745408e-06 -7.40466758e-05 
 7.55693539e-06  2.40168974e-04 
 7.59424230e-06 -7.40421816e-05 
 7.66885611e-06  2.40140066e-04 
 7.75010000e-06 -7.40436104e-05 
 7.75011000e-06 -3.74631720e-03 
 7.75013000e-06 -4.08383289e-03 
 7.75017000e-06 -3.35540528e-03 
 7.75020000e-06 -3.33398611e-03 
 7.75020074e-06 -3.25886167e-04 
 7.75020223e-06  6.22940436e-04 
 7.75020521e-06 -1.72414310e-06 
 7.75021117e-06  4.46926665e-04 
 7.75022309e-06  1.22471042e-04 
 7.75024692e-06  4.84431513e-04 
 7.75029459e-06  1.90549934e-04 
 7.75038992e-06  5.00605689e-04 
 7.75058058e-06  2.11113889e-04 
 7.75091896e-06  5.96146672e-04 
 7.75145784e-06  3.26294697e-04 
 7.75208930e-06  5.73954716e-04 
 7.75275503e-06  7.20869146e-05 
 7.75349570e-06  3.01778776e-04 
 7.75451720e-06 -1.44777360e-05 
 7.75526821e-06  2.92190328e-04 
 7.75613261e-06 -4.56368056e-05 
 7.75688012e-06  2.56527091e-04 
 7.75771826e-06 -5.97044895e-05 
 7.75872714e-06  2.51925695e-04 
 7.75985768e-06 -6.74570036e-05 
 7.76211878e-06  2.39476340e-04 
 7.76457459e-06 -7.29749403e-05 
 7.76863175e-06  2.39171252e-04 
 7.77390932e-06 -7.28760460e-05 
 7.78446446e-06  2.39051860e-04 
 7.80557475e-06 -7.28628764e-05 
 7.84779531e-06  2.39001224e-04 
 7.93223645e-06 -7.28770067e-05 
 8.00000000e-06  2.38977526e-04 
 8.00001000e-06  3.79700110e-03 
 8.00003000e-06  3.62977131e-03 
 8.00007000e-06  4.45791567e-03 
 8.00010000e-06  5.30025664e-03 
 8.00010421e-06  1.34063569e-03 
 8.00011264e-06  8.84770779e-04 
 8.00012948e-06  1.14897500e-03 
 8.00016318e-06  7.26952118e-04 
 8.00023057e-06  9.53927993e-04 
 8.00036535e-06  5.33653645e-04 
 8.00054514e-06  7.89755820e-04 
 8.00090471e-06  4.47066626e-04 
 8.00140918e-06  6.80557424e-04 
 8.00195230e-06  1.55783282e-04 
 8.00254157e-06  4.13262647e-04 
 8.00319113e-06  7.72427055e-05 
 8.00387005e-06  3.30252714e-04 
 8.00464556e-06 -3.38255796e-05 
 8.00547957e-06  2.70972094e-04 
 8.00632711e-06 -4.38715559e-05 
 8.00725346e-06  2.74024541e-04 
 8.00802083e-06 -4.89576465e-05 
 8.00891170e-06  2.60585536e-04 
 8.00985037e-06 -6.23562822e-05 
 8.01100620e-06  2.47826742e-04 
 8.01278708e-06 -6.88671620e-05 
 8.01553467e-06  2.49659829e-04 
 8.01863068e-06 -6.78090954e-05 
 8.02099633e-06  2.41015305e-04 
 8.02361724e-06 -7.27613566e-05 
 8.02675255e-06  2.40510370e-04 
 8.03014183e-06 -7.41114269e-05 
 8.03538960e-06  2.40490973e-04 
 8.04227233e-06 -7.43534245e-05 
 8.05295835e-06  2.40544192e-04 
 8.06957100e-06 -7.44046145e-05 
 8.09635819e-06  2.40549872e-04 
 8.14476602e-06 -7.44315672e-05 
 8.22316795e-06  2.40541072e-04 
 8.25010000e-06 -7.44478787e-05 
 8.25011000e-06 -3.75142979e-03 
 8.25013000e-06 -4.08422517e-03 
 8.25017000e-06 -3.34749888e-03 
 8.25020000e-06 -3.33501734e-03 
 8.25020074e-06 -3.27132835e-04 
 8.25020223e-06  6.18783341e-04 
 8.25020521e-06 -7.19353978e-06 
 8.25021117e-06  4.44086670e-04 
 8.25022308e-06  1.20086449e-04 
 8.25024691e-06  4.84625640e-04 
 8.25029457e-06  1.90514303e-04 
 8.25038989e-06  5.01477887e-04 
 8.25058052e-06  2.11003000e-04 
 8.25096178e-06  6.07504870e-04 
 8.25147228e-06  3.14792720e-04 
 8.25214124e-06  5.52420054e-04 
 8.25278130e-06  5.05834520e-05 
 8.25353811e-06  2.82175676e-04 
 8.25456805e-06 -3.68339561e-05 
 8.25556671e-06  2.59982276e-04 
 8.25695425e-06 -6.23027635e-05 
 8.25852925e-06  2.53845231e-04 
 8.26002517e-06 -6.97537177e-05 
 8.26251620e-06  2.40607327e-04 
 8.26518889e-06 -7.44852079e-05 
 8.26951717e-06  2.40741585e-04 
 8.27608920e-06 -7.44974168e-05 
 8.28923327e-06  2.40691753e-04 
 8.31552140e-06 -7.45153925e-05 
 8.36748419e-06  2.40654327e-04 
 8.47140976e-06 -7.45371061e-05 
 8.50000000e-06  2.40636104e-04 
