 1.00000000e-12  1.78200000e+00  3.36629477e-01 
 1.02772000e-12  1.78150104e+00  3.41563845e-01 
 1.08316000e-12  1.78050312e+00  3.48324871e-01 
 1.19404001e-12  1.77850728e+00  3.56339995e-01 
 1.33849011e-12  1.77590718e+00  3.66654112e-01 
 1.62739030e-12  1.77070697e+00  3.85182376e-01 
 2.20519068e-12  1.76030657e+00  4.10938426e-01 
 3.06311564e-12  1.74486392e+00  4.31168989e-01 
 3.96375798e-12  1.72865236e+00  4.41065445e-01 
 5.17277068e-12  1.70689013e+00  4.46104503e-01 
 6.88235129e-12  1.67611768e+00  4.46887197e-01 
 1.00111672e-11  1.61979899e+00  4.42936903e-01 
 1.36599873e-11  1.55412023e+00  4.38104366e-01 
 2.02969800e-11  1.43465436e+00  4.33107284e-01 
 2.72007456e-11  1.31038658e+00  4.31216906e-01 
 3.60591727e-11  1.15093489e+00  4.30103783e-01 
 4.69471380e-11  9.54951517e-01  4.29529917e-01 
 6.50141539e-11  6.29745230e-01  4.28651317e-01 
 8.51176136e-11  2.67882956e-01  4.28101134e-01 
 1.00000000e-10  0.00000000e+00  4.27791827e-01 
 1.01244409e-10  0.00000000e+00  4.28027048e-01 
 1.03733227e-10  0.00000000e+00  4.28376600e-01 
 1.08710864e-10  0.00000000e+00  4.28913121e-01 
 1.18666137e-10  0.00000000e+00  4.29487774e-01 
 1.38576684e-10  0.00000000e+00  4.30437524e-01 
 1.78397776e-10  0.00000000e+00  4.32341647e-01 
 2.58039962e-10  0.00000000e+00  4.36432844e-01 
 4.09828370e-10  0.00000000e+00  4.44153762e-01 
 5.74572985e-10  0.00000000e+00  4.52168414e-01 
 8.42478731e-10  0.00000000e+00  4.65871576e-01 
 1.20479388e-09  0.00000000e+00  4.79251360e-01 
 1.66189720e-09  0.00000000e+00  4.88544764e-01 
 2.39880553e-09  0.00000000e+00  4.90623745e-01 
 3.11362704e-09  0.00000000e+00  4.81769803e-01 
 3.74812206e-09  0.00000000e+00  4.63644548e-01 
 4.53041816e-09  0.00000000e+00  4.31402094e-01 
 5.35451112e-09  0.00000000e+00  3.94849911e-01 
 6.27100025e-09  0.00000000e+00  3.58572219e-01 
 7.67707847e-09  0.00000000e+00  3.06272898e-01 
 8.94728670e-09  0.00000000e+00  2.62336808e-01 
 9.98775535e-09  0.00000000e+00  2.29919201e-01 
 1.09891089e-08  0.00000000e+00  2.00167020e-01 
 1.18545014e-08  0.00000000e+00  1.76864749e-01 
 1.27919328e-08  0.00000000e+00  1.54033215e-01 
 1.46667958e-08  0.00000000e+00  1.16316318e-01 
 1.69860858e-08  0.00000000e+00  8.09535496e-02 
 1.99631856e-08  0.00000000e+00  5.04360333e-02 
 2.35650125e-08  0.00000000e+00  2.77292505e-02 
 2.64802115e-08  0.00000000e+00  1.73257547e-02 
 2.91745138e-08  0.00000000e+00  1.09149153e-02 
 3.19517911e-08  0.00000000e+00  7.06199937e-03 
 3.55594158e-08  0.00000000e+00  3.67812901e-03 
 3.99907248e-08  0.00000000e+00  1.88873916e-03 
 4.59514889e-08  0.00000000e+00  5.03517753e-04 
 5.69433101e-08  0.00000000e+00  1.51965733e-04 
 7.39887535e-08  0.00000000e+00 -1.13584230e-04 
 1.08079640e-07  0.00000000e+00  1.17252544e-04 
 1.64366199e-07  0.00000000e+00 -1.15120028e-04 
 2.33650154e-07  0.00000000e+00  1.14213066e-04 
 2.50100000e-07  0.00000000e+00 -1.14418592e-04 
 2.50110000e-07  1.80000000e-01  2.13461477e-03 
 2.50130000e-07  5.40000000e-01  5.49790702e-03 
 2.50170000e-07  1.26000000e+00  9.15136864e-03 
 2.50200000e-07  1.80000000e+00  1.07908674e-02 
 2.50200530e-07  1.80000000e+00  1.06541900e-02 
 2.50201589e-07  1.80000000e+00  1.03810186e-02 
 2.50203708e-07  1.80000000e+00  9.84280621e-03 
 2.50207945e-07  1.80000000e+00  9.01149481e-03 
 2.50216419e-07  1.80000000e+00  7.93399434e-03 
 2.50233369e-07  1.80000000e+00  6.19871228e-03 
 2.50267267e-07  1.80000000e+00  3.81539379e-03 
 2.50335063e-07  1.80000000e+00  1.73182790e-03 
 2.50412422e-07  1.80000000e+00  3.62145225e-05 
 2.50567139e-07  1.80000000e+00 -1.08465932e-03 
 2.50716291e-07  1.80000000e+00 -1.23381748e-03 
 2.51014595e-07  1.80000000e+00 -3.52110687e-04 
 2.51339153e-07  1.80000000e+00  7.93299886e-04 
 2.51859910e-07  1.80000000e+00  2.44963741e-03 
 2.52428268e-07  1.80000000e+00  1.38415049e-03 
 2.53220303e-07  1.80000000e+00  6.32226936e-04 
 2.54043919e-07  1.80000000e+00  3.02726156e-04 
 2.55121894e-07  1.80000000e+00 -2.45863620e-04 
 2.55873441e-07  1.80000000e+00 -7.31760366e-05 
 2.56730259e-07  1.80000000e+00  6.42865434e-04 
 2.57736270e-07  1.80000000e+00  4.11594092e-04 
 2.58844917e-07  1.80000000e+00  5.70635888e-04 
 2.60169300e-07  1.80000000e+00  4.70192072e-04 
 2.62408088e-07  1.80000000e+00  5.00036314e-04 
 2.64461994e-07  1.80000000e+00  3.07430235e-04 
 2.68060612e-07  1.80000000e+00  2.58431913e-04 
 2.72819198e-07  1.80000000e+00  8.26345619e-05 
 2.82336368e-07  1.80000000e+00  8.34179229e-05 
 2.98856516e-07  1.80000000e+00 -2.52406052e-05 
 3.27096077e-07  1.80000000e+00  4.60962658e-05 
 3.83575198e-07  1.80000000e+00 -3.67354798e-05 
 4.96533442e-07  1.80000000e+00  4.15594315e-05 
 5.00000000e-07  1.80000000e+00 -3.75456587e-05 
 5.00010000e-07  1.62000000e+00 -8.52934141e-04 
 5.00030000e-07  1.26000000e+00 -2.20312879e-03 
 5.00070000e-07  5.40000000e-01 -3.66151034e-03 
 5.00100000e-07  0.00000000e+00 -4.56880700e-03 
 5.00104158e-07  0.00000000e+00 -4.30394754e-03 
 5.00112473e-07  0.00000000e+00 -3.71910077e-03 
 5.00129103e-07  0.00000000e+00 -3.06290868e-03 
 5.00162364e-07  0.00000000e+00 -2.43774435e-03 
 5.00228885e-07  0.00000000e+00 -1.49475648e-03 
 5.00361928e-07  0.00000000e+00 -6.93884309e-04 
 5.00537370e-07  0.00000000e+00 -2.33669161e-04 
 5.00888256e-07  0.00000000e+00  1.79978781e-04 
 5.01501665e-07  0.00000000e+00 -5.74206752e-04 
 5.02193379e-07  0.00000000e+00 -7.53893233e-03 
 5.02817269e-07  0.00000000e+00 -1.43349090e-02 
 5.03503813e-07  0.00000000e+00  9.00034793e-03 
 5.04212054e-07  0.00000000e+00  6.63163845e-02 
 5.05147525e-07  0.00000000e+00  1.50189854e-01 
 5.06118408e-07  0.00000000e+00  2.37349236e-01 
 5.07100132e-07  0.00000000e+00  3.23085651e-01 
 5.08378537e-07  0.00000000e+00  4.30430453e-01 
 5.09806640e-07  0.00000000e+00  5.44977511e-01 
 5.11739252e-07  0.00000000e+00  6.96826499e-01 
 5.14069224e-07  0.00000000e+00  8.58984306e-01 
 5.15915954e-07  0.00000000e+00  9.75708531e-01 
 5.17904881e-07  0.00000000e+00  1.07878360e+00 
 5.19990844e-07  0.00000000e+00  1.22455335e+00 
 5.22394372e-07  0.00000000e+00  1.44915655e+00 
 5.25104351e-07  0.00000000e+00  1.65243492e+00 
 5.27935057e-07  0.00000000e+00  1.75092937e+00 
 5.33188709e-07  0.00000000e+00  1.79902228e+00 
 5.41574877e-07  0.00000000e+00  1.80069747e+00 
 5.51296090e-07  0.00000000e+00  1.79958405e+00 
 5.70738517e-07  0.00000000e+00  1.80046569e+00 
 6.09623370e-07  0.00000000e+00  1.79958510e+00 
 6.73426065e-07  0.00000000e+00  1.80042997e+00 
 7.50100000e-07  9.52912066e-13  1.79958526e+00 
 7.50110000e-07  1.80000000e-01  1.80038980e+00 
 7.50130000e-07  5.40000000e-01  1.80204069e+00 
 7.50170000e-07  1.26000000e+00  1.80491772e+00 
 7.50200000e-07  1.80000000e+00  1.80683767e+00 
 7.50200764e-07  1.80000000e+00  1.80685078e+00 
 7.50202291e-07  1.80000000e+00  1.80682373e+00 
 7.50205347e-07  1.80000000e+00  1.80662946e+00 
 7.50211457e-07  1.80000000e+00  1.80626868e+00 
 7.50223678e-07  1.80000000e+00  1.80589899e+00 
 7.50248119e-07  1.80000000e+00  1.80553589e+00 
 7.50297002e-07  1.80000000e+00  1.80499030e+00 
 7.50394768e-07  1.80000000e+00  1.80424303e+00 
 7.50590300e-07  1.80000000e+00  1.80322066e+00 
 7.50976737e-07  1.80000000e+00  1.80243615e+00 
 7.51389291e-07  1.80000000e+00  1.80362708e+00 
 7.51911065e-07  1.80000000e+00  1.80473284e+00 
 7.52517653e-07  1.80000000e+00  1.80267145e+00 
 7.53315828e-07  1.80000000e+00  1.80097632e+00 
 7.54225158e-07  1.80000000e+00  1.80010643e+00 
 7.55413819e-07  1.80000000e+00  1.80006591e+00 
 7.56518610e-07  1.80000000e+00  1.80112165e+00 
 7.57521779e-07  1.80000000e+00  1.79973577e+00 
 7.58609272e-07  1.80000000e+00  1.80009260e+00 
 7.59815502e-07  1.80000000e+00  1.79991028e+00 
 7.61113422e-07  1.80000000e+00  1.80006178e+00 
 7.63557060e-07  1.80000000e+00  1.79994384e+00 
 7.66725093e-07  1.80000000e+00  1.80005785e+00 
 7.72289961e-07  1.80000000e+00  1.79995700e+00 
 7.83419698e-07  1.80000000e+00  1.80005796e+00 
 8.03446272e-07  1.80000000e+00  1.79995889e+00 
 8.42148438e-07  1.80000000e+00  1.80005532e+00 
 9.15409791e-07  1.80000000e+00  1.79995691e+00 
 1.00000000e-06  1.80000000e+00  1.80005257e+00 
 1.00001000e-06  1.62000000e+00  1.79888141e+00 
 1.00003000e-06  1.26000000e+00  1.79680903e+00 
 1.00007000e-06  5.40000000e-01  1.79434962e+00 
 1.00010000e-06  0.00000000e+00  1.79305832e+00 
 1.00010418e-06  0.00000000e+00  1.79336033e+00 
 1.00011253e-06  0.00000000e+00  1.79411888e+00 
 1.00012924e-06  0.00000000e+00  1.79518616e+00 
 1.00016266e-06  0.00000000e+00  1.79631411e+00 
 1.00022951e-06  0.00000000e+00  1.79798740e+00 
 1.00036319e-06  0.00000000e+00  1.79965875e+00 
 1.00053915e-06  0.00000000e+00  1.80057222e+00 
 1.00089106e-06  0.00000000e+00  1.80117915e+00 
 1.00150822e-06  0.00000000e+00  1.80152408e+00 
 1.00219598e-06  0.00000000e+00  1.80080613e+00 
 1.00281647e-06  0.00000000e+00  1.79919304e+00 
 1.00346307e-06  0.00000000e+00  1.79827381e+00 
 1.00414690e-06  0.00000000e+00  1.79921829e+00 
 1.00499105e-06  0.00000000e+00  1.79887275e+00 
 1.00586585e-06  0.00000000e+00  1.79998708e+00 
 1.00671795e-06  0.00000000e+00  1.79619860e+00 
 1.00776717e-06  0.00000000e+00  1.79198882e+00 
 1.00888016e-06  0.00000000e+00  1.78929907e+00 
 1.00996567e-06  0.00000000e+00  1.78688071e+00 
 1.01100043e-06  0.00000000e+00  1.79055561e+00 
 1.01243327e-06  0.00000000e+00  1.79452415e+00 
 1.01412707e-06  0.00000000e+00  1.79714955e+00 
 1.01684049e-06  0.00000000e+00  1.79914481e+00 
 1.01885142e-06  0.00000000e+00  1.79991928e+00 
 1.02101106e-06  0.00000000e+00  1.79975023e+00 
 1.02261816e-06  0.00000000e+00  1.79889700e+00 
 1.02413968e-06  0.00000000e+00  1.79952831e+00 
 1.02558309e-06  0.00000000e+00  1.79856558e+00 
 1.02714249e-06  0.00000000e+00  1.79794166e+00 
 1.02886996e-06  0.00000000e+00  1.79885935e+00 
 1.03112807e-06  0.00000000e+00  1.79954992e+00 
 1.03349877e-06  0.00000000e+00  1.79975795e+00 
 1.03814699e-06  0.00000000e+00  1.79998316e+00 
 1.04457555e-06  0.00000000e+00  1.79993108e+00 
 1.05582992e-06  0.00000000e+00  1.80000588e+00 
 1.07395619e-06  0.00000000e+00  1.79994260e+00 
 1.09984733e-06  0.00000000e+00  1.80001851e+00 
 1.13933771e-06  0.00000000e+00  1.79995272e+00 
 1.21716765e-06  0.00000000e+00  1.80002793e+00 
 1.25010000e-06  0.00000000e+00  1.79995807e+00 
 1.25011000e-06  1.80000000e-01  1.80076088e+00 
 1.25013000e-06  5.40000000e-01  1.80245265e+00 
 1.25017000e-06  1.26000000e+00  1.80549546e+00 
 1.25020000e-06  1.80000000e+00  1.80759556e+00 
 1.25020075e-06  1.80000000e+00  1.80761407e+00 
 1.25020224e-06  1.80000000e+00  1.80759633e+00 
 1.25020522e-06  1.80000000e+00  1.80740730e+00 
 1.25021119e-06  1.80000000e+00  1.80703089e+00 
 1.25022312e-06  1.80000000e+00  1.80662660e+00 
 1.25024699e-06  1.80000000e+00  1.80621439e+00 
 1.25029472e-06  1.80000000e+00  1.80557143e+00 
 1.25039020e-06  1.80000000e+00  1.80466090e+00 
 1.25058114e-06  1.80000000e+00  1.80348170e+00 
 1.25092025e-06  1.80000000e+00  1.80250974e+00 
 1.25134744e-06  1.80000000e+00  1.80324373e+00 
 1.25187239e-06  1.80000000e+00  1.80435019e+00 
 1.25248261e-06  1.80000000e+00  1.80243944e+00 
 1.25324038e-06  1.80000000e+00  1.80093667e+00 
 1.25411594e-06  1.80000000e+00  1.80043997e+00 
 1.25531295e-06  1.80000000e+00  1.79975691e+00 
 1.25620820e-06  1.80000000e+00  1.79885267e+00 
 1.25715670e-06  1.80000000e+00  1.79839963e+00 
 1.25824135e-06  1.80000000e+00  1.79857742e+00 
 1.25979253e-06  1.80000000e+00  1.79892081e+00 
 1.26123706e-06  1.80000000e+00  1.79918460e+00 
 1.26376399e-06  1.80000000e+00  1.79950086e+00 
 1.26672676e-06  1.80000000e+00  1.79971932e+00 
 1.27221414e-06  1.80000000e+00  1.79991377e+00 
 1.28318890e-06  1.80000000e+00  1.79999993e+00 
 1.30280921e-06  1.80000000e+00  1.80000003e+00 
 1.32273017e-06  1.80000000e+00  1.79993817e+00 
 1.34144127e-06  1.80000000e+00  1.80074738e+00 
 1.35443111e-06  1.80000000e+00  1.79990061e+00 
 1.36535007e-06  1.80000000e+00  1.80008249e+00 
 1.37596882e-06  1.80000000e+00  1.79992858e+00 
 1.38478192e-06  1.80000000e+00  1.80006536e+00 
 1.39236251e-06  1.80000000e+00  1.79993915e+00 
 1.40086992e-06  1.80000000e+00  1.80005602e+00 
 1.41028965e-06  1.80000000e+00  1.79994664e+00 
 1.42912911e-06  1.80000000e+00  1.80005137e+00 
 1.45067543e-06  1.80000000e+00  1.79994979e+00 
 1.48693624e-06  1.80000000e+00  1.80004920e+00 
 1.50000000e-06  1.80000000e+00  1.79995273e+00 
 1.50001000e-06  1.62000000e+00  1.79874242e+00 
 1.50003000e-06  1.26000000e+00  1.79655179e+00 
 1.50007000e-06  5.40000000e-01  1.79388221e+00 
 1.50010000e-06  0.00000000e+00  1.79247986e+00 
 1.50010418e-06  0.00000000e+00  1.79276024e+00 
 1.50011255e-06  0.00000000e+00  1.79351514e+00 
 1.50012927e-06  0.00000000e+00  1.79465984e+00 
 1.50016273e-06  0.00000000e+00  1.79587560e+00 
 1.50022964e-06  0.00000000e+00  1.79768393e+00 
 1.50036347e-06  0.00000000e+00  1.79948336e+00 
 1.50053235e-06  0.00000000e+00  1.80045100e+00 
 1.50087011e-06  0.00000000e+00  1.80111274e+00 
 1.50144945e-06  0.00000000e+00  1.80153358e+00 
 1.50221468e-06  0.00000000e+00  1.80084737e+00 
 1.50283494e-06  0.00000000e+00  1.79921311e+00 
 1.50357128e-06  0.00000000e+00  1.79801224e+00 
 1.50423523e-06  0.00000000e+00  1.79834230e+00 
 1.50524618e-06  0.00000000e+00  1.79878216e+00 
 1.50625538e-06  0.00000000e+00  1.79920591e+00 
 1.50721751e-06  0.00000000e+00  1.79942011e+00 
 1.50858685e-06  0.00000000e+00  1.79961852e+00 
 1.51002146e-06  0.00000000e+00  1.79971995e+00 
 1.51134804e-06  0.00000000e+00  1.79984833e+00 
 1.51282875e-06  0.00000000e+00  1.79985409e+00 
 1.51441343e-06  0.00000000e+00  1.79992260e+00 
 1.51610714e-06  0.00000000e+00  1.79989545e+00 
 1.51779046e-06  0.00000000e+00  1.79995200e+00 
 1.52022262e-06  0.00000000e+00  1.79991572e+00 
 1.52293154e-06  0.00000000e+00  1.79996766e+00 
 1.52795654e-06  0.00000000e+00  1.79992940e+00 
 1.53579597e-06  0.00000000e+00  1.79998325e+00 
 1.54975743e-06  0.00000000e+00  1.79994645e+00 
 1.57624659e-06  0.00000000e+00  1.80000211e+00 
 1.62336443e-06  0.00000000e+00  1.79996385e+00 
 1.71438514e-06  0.00000000e+00  1.80001571e+00 
 1.75010000e-06  0.00000000e+00  1.79997064e+00 
 1.75011000e-06  1.80000000e-01  1.80069964e+00 
 1.75013000e-06  5.40000000e-01  1.80227327e+00 
 1.75017000e-06  1.26000000e+00  1.80523893e+00 
 1.75020000e-06  1.80000000e+00  1.80733126e+00 
 1.75020075e-06  1.80000000e+00  1.80735166e+00 
 1.75020224e-06  1.80000000e+00  1.80733989e+00 
 1.75020522e-06  1.80000000e+00  1.80716136e+00 
 1.75021118e-06  1.80000000e+00  1.80678906e+00 
 1.75022311e-06  1.80000000e+00  1.80638328e+00 
 1.75024697e-06  1.80000000e+00  1.80598213e+00 
 1.75029469e-06  1.80000000e+00  1.80538088e+00 
 1.75039013e-06  1.80000000e+00  1.80455033e+00 
 1.75058100e-06  1.80000000e+00  1.80344550e+00 
 1.75091926e-06  1.80000000e+00  1.80251285e+00 
 1.75134567e-06  1.80000000e+00  1.80325791e+00 
 1.75186969e-06  1.80000000e+00  1.80435479e+00 
 1.75247995e-06  1.80000000e+00  1.80238823e+00 
 1.75323614e-06  1.80000000e+00  1.80071381e+00 
 1.75411172e-06  1.80000000e+00  1.79983438e+00 
 1.75528722e-06  1.80000000e+00  1.79966191e+00 
 1.75619059e-06  1.80000000e+00  1.80007358e+00 
 1.75714294e-06  1.80000000e+00  1.80044769e+00 
 1.75817889e-06  1.80000000e+00  1.80091705e+00 
 1.75929980e-06  1.80000000e+00  1.80124018e+00 
 1.76051648e-06  1.80000000e+00  1.80115682e+00 
 1.76180608e-06  1.80000000e+00  1.80090832e+00 
 1.76320233e-06  1.80000000e+00  1.80070620e+00 
 1.76538161e-06  1.80000000e+00  1.80049443e+00 
 1.76771210e-06  1.80000000e+00  1.80030086e+00 
 1.77126202e-06  1.80000000e+00  1.80015908e+00 
 1.77683061e-06  1.80000000e+00  1.80003952e+00 
 1.78796781e-06  1.80000000e+00  1.80000512e+00 
 1.81024221e-06  1.80000000e+00  1.79999381e+00 
 1.85479100e-06  1.80000000e+00  1.80000621e+00 
 1.94388859e-06  1.80000000e+00  1.79999358e+00 
 2.00000000e-06  1.80000000e+00  1.80000630e+00 
 2.00001000e-06  1.62000000e+00  1.79879590e+00 
 2.00003000e-06  1.26000000e+00  1.79660159e+00 
 2.00007000e-06  5.40000000e-01  1.79393676e+00 
 2.00010000e-06  3.67639252e-12  1.79252582e+00 
 2.00010416e-06  0.00000000e+00  1.79280367e+00 
 2.00011248e-06  0.00000000e+00  1.79355458e+00 
 2.00012913e-06  0.00000000e+00  1.79469399e+00 
 2.00016242e-06  0.00000000e+00  1.79589944e+00 
 2.00022900e-06  0.00000000e+00  1.79769266e+00 
 2.00036217e-06  0.00000000e+00  1.79947846e+00 
 2.00053052e-06  0.00000000e+00  1.80044576e+00 
 2.00086722e-06  0.00000000e+00  1.80110767e+00 
 2.00144384e-06  0.00000000e+00  1.80154551e+00 
 2.00221481e-06  0.00000000e+00  1.80087321e+00 
 2.00287993e-06  0.00000000e+00  1.79914604e+00 
 2.00355687e-06  0.00000000e+00  1.79829199e+00 
 2.00426413e-06  0.00000000e+00  1.79909332e+00 
 2.00522936e-06  0.00000000e+00  1.79800020e+00 
 2.00609840e-06  0.00000000e+00  1.79938195e+00 
 2.00688195e-06  0.00000000e+00  1.79996199e+00 
 2.00784178e-06  0.00000000e+00  1.80072641e+00 
 2.00887734e-06  0.00000000e+00  1.80057420e+00 
 2.00983538e-06  0.00000000e+00  1.80037468e+00 
 2.01085178e-06  0.00000000e+00  1.80020335e+00 
 2.01224384e-06  0.00000000e+00  1.80009998e+00 
 2.01382237e-06  0.00000000e+00  1.80002508e+00 
 2.01600620e-06  0.00000000e+00  1.80004946e+00 
 2.01758273e-06  0.00000000e+00  1.80012864e+00 
 2.01931284e-06  0.00000000e+00  1.80042372e+00 
 2.02123903e-06  0.00000000e+00  1.79990386e+00 
 2.02259581e-06  0.00000000e+00  1.79904088e+00 
 2.02387539e-06  0.00000000e+00  1.79930108e+00 
 2.02518560e-06  0.00000000e+00  1.79936218e+00 
 2.02659895e-06  0.00000000e+00  1.79811897e+00 
 2.02826267e-06  0.00000000e+00  1.79830023e+00 
 2.02996590e-06  0.00000000e+00  1.79918470e+00 
 2.03263674e-06  0.00000000e+00  1.79965757e+00 
 2.03601403e-06  0.00000000e+00  1.79992457e+00 
 2.04276862e-06  0.00000000e+00  1.79994337e+00 
 2.04951992e-06  0.00000000e+00  1.79999806e+00 
 2.05672446e-06  0.00000000e+00  1.80003509e+00 
 2.06346641e-06  0.00000000e+00  1.80045464e+00 
 2.06683117e-06  0.00000000e+00  1.79878962e+00 
 2.06989768e-06  0.00000000e+00  1.80062840e+00 
 2.07320531e-06  0.00000000e+00  1.79940159e+00 
 2.07813264e-06  0.00000000e+00  1.80042970e+00 
 2.08382845e-06  0.00000000e+00  1.79958756e+00 
 2.09212692e-06  0.00000000e+00  1.80033009e+00 
 2.10350012e-06  0.00000000e+00  1.79966036e+00 
 2.11935614e-06  0.00000000e+00  1.80029010e+00 
 2.14401685e-06  0.00000000e+00  1.79969457e+00 
 2.17865897e-06  0.00000000e+00  1.80027632e+00 
 2.23155617e-06  0.00000000e+00  1.79971193e+00 
 2.25010000e-06  0.00000000e+00  1.80026030e+00 
 2.25011000e-06  1.80000000e-01  1.80107940e+00 
 2.25013000e-06  5.40000000e-01  1.80263763e+00 
 2.25017000e-06  1.26000000e+00  1.80545006e+00 
 2.25020000e-06  1.80000000e+00  1.80749036e+00 
 2.25020075e-06  1.80000000e+00  1.80750779e+00 
 2.25020224e-06  1.80000000e+00  1.80748984e+00 
 2.25020522e-06  1.80000000e+00  1.80730096e+00 
 2.25021119e-06  1.80000000e+00  1.80692576e+00 
 2.25022312e-06  1.80000000e+00  1.80652263e+00 
 2.25024699e-06  1.80000000e+00  1.80610543e+00 
 2.25029473e-06  1.80000000e+00  1.80546437e+00 
 2.25039020e-06  1.80000000e+00  1.80457131e+00 
 2.25058115e-06  1.80000000e+00  1.80342512e+00 
 2.25091966e-06  1.80000000e+00  1.80248363e+00 
 2.25134547e-06  1.80000000e+00  1.80323096e+00 
 2.25186916e-06  1.80000000e+00  1.80435655e+00 
 2.25247913e-06  1.80000000e+00  1.80245484e+00 
 2.25323533e-06  1.80000000e+00  1.80094234e+00 
 2.25411102e-06  1.80000000e+00  1.80044989e+00 
 2.25530237e-06  1.80000000e+00  1.79977288e+00 
 2.25619073e-06  1.80000000e+00  1.79886089e+00 
 2.25713367e-06  1.80000000e+00  1.79839686e+00 
 2.25820154e-06  1.80000000e+00  1.79857245e+00 
 2.25976449e-06  1.80000000e+00  1.79892116e+00 
 2.26117522e-06  1.80000000e+00  1.79917749e+00 
 2.26373620e-06  1.80000000e+00  1.79950193e+00 
 2.26662794e-06  1.80000000e+00  1.79971413e+00 
 2.27207708e-06  1.80000000e+00  1.79991280e+00 
 2.28297535e-06  1.80000000e+00  1.79999877e+00 
 2.30229719e-06  1.80000000e+00  1.80000231e+00 
 2.34094087e-06  1.80000000e+00  1.79999717e+00 
 2.41464607e-06  1.80000000e+00  1.80000276e+00 
 2.50000000e-06  1.80000000e+00  1.79999703e+00 
 2.50001000e-06  1.62000000e+00  1.79879905e+00 
 2.50003000e-06  1.26000000e+00  1.79664027e+00 
 2.50007000e-06  5.40000000e-01  1.79397105e+00 
 2.50010000e-06  3.67639252e-12  1.79252125e+00 
 2.50010418e-06  0.00000000e+00  1.79279682e+00 
 2.50011255e-06  0.00000000e+00  1.79353279e+00 
 2.50012927e-06  0.00000000e+00  1.79462585e+00 
 2.50016273e-06  0.00000000e+00  1.79582467e+00 
 2.50022964e-06  0.00000000e+00  1.79765659e+00 
 2.50036346e-06  0.00000000e+00  1.79950671e+00 
 2.50053234e-06  0.00000000e+00  1.80048850e+00 
 2.50087009e-06  0.00000000e+00  1.80116791e+00 
 2.50144951e-06  0.00000000e+00  1.80143705e+00 
 2.50221331e-06  0.00000000e+00  1.80033532e+00 
 2.50288240e-06  0.00000000e+00  1.79895513e+00 
 2.50355516e-06  0.00000000e+00  1.79893357e+00 
 2.50426116e-06  0.00000000e+00  1.79975904e+00 
 2.50523715e-06  0.00000000e+00  1.79999296e+00 
 2.50618739e-06  0.00000000e+00  1.79994910e+00 
 2.50715719e-06  0.00000000e+00  1.79994527e+00 
 2.50858989e-06  0.00000000e+00  1.79990252e+00 
 2.50997137e-06  0.00000000e+00  1.79986837e+00 
 2.51126526e-06  0.00000000e+00  1.79995926e+00 
 2.51266422e-06  0.00000000e+00  1.79990056e+00 
 2.51419194e-06  0.00000000e+00  1.79995200e+00 
 2.51586145e-06  0.00000000e+00  1.79989407e+00 
 2.51744225e-06  0.00000000e+00  1.79995719e+00 
 2.51963088e-06  0.00000000e+00  1.79990095e+00 
 2.52192397e-06  0.00000000e+00  1.79996679e+00 
 2.52609630e-06  0.00000000e+00  1.79991263e+00 
 2.53235723e-06  0.00000000e+00  1.79998314e+00 
 2.54329172e-06  0.00000000e+00  1.79993176e+00 
 2.56372500e-06  0.00000000e+00  1.80000469e+00 
 2.59936150e-06  0.00000000e+00  1.79995209e+00 
 2.66748730e-06  0.00000000e+00  1.80002112e+00 
 2.75010000e-06  0.00000000e+00  1.79996263e+00 
 2.75011000e-06  1.80000000e-01  1.80068095e+00 
 2.75013000e-06  5.40000000e-01  1.80224491e+00 
 2.75017000e-06  1.26000000e+00  1.80522099e+00 
 2.75020000e-06  1.80000000e+00  1.80730345e+00 
 2.75020075e-06  1.80000000e+00  1.80732333e+00 
 2.75020224e-06  1.80000000e+00  1.80730927e+00 
 2.75020522e-06  1.80000000e+00  1.80712750e+00 
 2.75021118e-06  1.80000000e+00  1.80676565e+00 
 2.75022311e-06  1.80000000e+00  1.80638271e+00 
 2.75024697e-06  1.80000000e+00  1.80599831e+00 
 2.75029469e-06  1.80000000e+00  1.80539910e+00 
 2.75039012e-06  1.80000000e+00  1.80454877e+00 
 2.75058098e-06  1.80000000e+00  1.80343276e+00 
 2.75091917e-06  1.80000000e+00  1.80250392e+00 
 2.75134489e-06  1.80000000e+00  1.80325597e+00 
 2.75186842e-06  1.80000000e+00  1.80438329e+00 
 2.75247836e-06  1.80000000e+00  1.80248408e+00 
 2.75323421e-06  1.80000000e+00  1.80096819e+00 
 2.75410853e-06  1.80000000e+00  1.80052441e+00 
 2.75528920e-06  1.80000000e+00  1.79998134e+00 
 2.75619001e-06  1.80000000e+00  1.79907183e+00 
 2.75714045e-06  1.80000000e+00  1.79840798e+00 
 2.75817856e-06  1.80000000e+00  1.79849242e+00 
 2.75930181e-06  1.80000000e+00  1.79877884e+00 
 2.76052055e-06  1.80000000e+00  1.79900906e+00 
 2.76295802e-06  1.80000000e+00  1.79940322e+00 
 2.76558184e-06  1.80000000e+00  1.79962149e+00 
 2.77020497e-06  1.80000000e+00  1.79987106e+00 
 2.77854425e-06  1.80000000e+00  1.79997063e+00 
 2.79522280e-06  1.80000000e+00  1.80001668e+00 
 2.82857990e-06  1.80000000e+00  1.79998484e+00 
 2.89332622e-06  1.80000000e+00  1.80001450e+00 
 3.00000000e-06  1.80000000e+00  1.79998561e+00 
 3.00001000e-06  1.62000000e+00  1.79878896e+00 
 3.00003000e-06  1.26000000e+00  1.79663854e+00 
 3.00007000e-06  5.40000000e-01  1.79397680e+00 
 3.00010000e-06  3.67639252e-12  1.79252505e+00 
 3.00010418e-06  0.00000000e+00  1.79280284e+00 
 3.00011255e-06  0.00000000e+00  1.79354020e+00 
 3.00012927e-06  0.00000000e+00  1.79463022e+00 
 3.00016273e-06  0.00000000e+00  1.79582672e+00 
 3.00022964e-06  0.00000000e+00  1.79765721e+00 
 3.00036346e-06  0.00000000e+00  1.79950866e+00 
 3.00053229e-06  0.00000000e+00  1.80049045e+00 
 3.00086996e-06  0.00000000e+00  1.80116873e+00 
 3.00144933e-06  0.00000000e+00  1.80143207e+00 
 3.00221321e-06  0.00000000e+00  1.80032689e+00 
 3.00288068e-06  0.00000000e+00  1.79896363e+00 
 3.00355653e-06  0.00000000e+00  1.79891869e+00 
 3.00426446e-06  0.00000000e+00  1.79965491e+00 
 3.00524720e-06  0.00000000e+00  1.79996521e+00 
 3.00603026e-06  0.00000000e+00  1.79997821e+00 
 3.00685451e-06  0.00000000e+00  1.79994772e+00 
 3.00784698e-06  0.00000000e+00  1.79998495e+00 
 3.00892595e-06  0.00000000e+00  1.79990419e+00 
 3.01001159e-06  0.00000000e+00  1.79995412e+00 
 3.01102079e-06  0.00000000e+00  1.79988817e+00 
 3.01245935e-06  0.00000000e+00  1.79995094e+00 
 3.01411097e-06  0.00000000e+00  1.79991610e+00 
 3.01671120e-06  0.00000000e+00  1.80007011e+00 
 3.01867686e-06  0.00000000e+00  1.80027215e+00 
 3.02078374e-06  0.00000000e+00  1.80000498e+00 
 3.02212267e-06  0.00000000e+00  1.79917468e+00 
 3.02350682e-06  0.00000000e+00  1.79921637e+00 
 3.02483490e-06  0.00000000e+00  1.79946552e+00 
 3.02631827e-06  0.00000000e+00  1.79818870e+00 
 3.02822841e-06  0.00000000e+00  1.79832305e+00 
 3.02996237e-06  0.00000000e+00  1.79929170e+00 
 3.03279251e-06  0.00000000e+00  1.79967144e+00 
 3.03606013e-06  0.00000000e+00  1.79995648e+00 
 3.04259535e-06  0.00000000e+00  1.79991621e+00 
 3.05464383e-06  0.00000000e+00  1.80001827e+00 
 3.06917849e-06  0.00000000e+00  1.79992635e+00 
 3.09109375e-06  0.00000000e+00  1.80003063e+00 
 3.12634027e-06  0.00000000e+00  1.79993728e+00 
 3.16349705e-06  0.00000000e+00  1.80003898e+00 
 3.23693199e-06  0.00000000e+00  1.79994389e+00 
 3.25010000e-06  0.00000000e+00  1.80004249e+00 
 3.25011000e-06  1.80000000e-01  1.80071134e+00 
 3.25013000e-06  5.40000000e-01  1.80224795e+00 
 3.25017000e-06  1.26000000e+00  1.80522114e+00 
 3.25020000e-06  1.80000000e+00  1.80728948e+00 
 3.25020076e-06  1.80000000e+00  1.80730954e+00 
 3.25020229e-06  1.80000000e+00  1.80729365e+00 
 3.25020534e-06  1.80000000e+00  1.80710573e+00 
 3.25021145e-06  1.80000000e+00  1.80674038e+00 
 3.25022366e-06  1.80000000e+00  1.80636024e+00 
 3.25024809e-06  1.80000000e+00  1.80597516e+00 
 3.25029694e-06  1.80000000e+00  1.80537204e+00 
 3.25039465e-06  1.80000000e+00  1.80451828e+00 
 3.25059006e-06  1.80000000e+00  1.80338889e+00 
 3.25093564e-06  1.80000000e+00  1.80250163e+00 
 3.25135996e-06  1.80000000e+00  1.80331849e+00 
 3.25187997e-06  1.80000000e+00  1.80436997e+00 
 3.25248704e-06  1.80000000e+00  1.80244563e+00 
 3.25325369e-06  1.80000000e+00  1.80093646e+00 
 3.25413164e-06  1.80000000e+00  1.80044729e+00 
 3.25532526e-06  1.80000000e+00  1.79977089e+00 
 3.25623109e-06  1.80000000e+00  1.79885352e+00 
 3.25718808e-06  1.80000000e+00  1.79840487e+00 
 3.25826865e-06  1.80000000e+00  1.79859038e+00 
 3.25982677e-06  1.80000000e+00  1.79893395e+00 
 3.26129286e-06  1.80000000e+00  1.79919564e+00 
 3.26379082e-06  1.80000000e+00  1.79950758e+00 
 3.26681112e-06  1.80000000e+00  1.79972374e+00 
 3.27235776e-06  1.80000000e+00  1.79991890e+00 
 3.28345103e-06  1.80000000e+00  1.79999872e+00 
 3.30273502e-06  1.80000000e+00  1.80000279e+00 
 3.34130300e-06  1.80000000e+00  1.79999660e+00 
 3.41319280e-06  1.80000000e+00  1.80000334e+00 
 3.50000000e-06  1.80000000e+00  1.79999640e+00 
 3.50001000e-06  1.62000000e+00  1.79880004e+00 
 3.50003000e-06  1.26000000e+00  1.79665312e+00 
 3.50007000e-06  5.40000000e-01  1.79399131e+00 
 3.50010000e-06  3.67639252e-12  1.79253562e+00 
 3.50010418e-06  0.00000000e+00  1.79281474e+00 
 3.50011254e-06  0.00000000e+00  1.79355218e+00 
 3.50012926e-06  0.00000000e+00  1.79463623e+00 
 3.50016271e-06  0.00000000e+00  1.79582549e+00 
 3.50022960e-06  0.00000000e+00  1.79765018e+00 
 3.50036338e-06  0.00000000e+00  1.79950217e+00 
 3.50053222e-06  0.00000000e+00  1.80048862e+00 
 3.50086990e-06  0.00000000e+00  1.80116869e+00 
 3.50144921e-06  0.00000000e+00  1.80143921e+00 
 3.50221363e-06  0.00000000e+00  1.80033610e+00 
 3.50288254e-06  0.00000000e+00  1.79894772e+00 
 3.50355544e-06  0.00000000e+00  1.79892597e+00 
 3.50426146e-06  0.00000000e+00  1.79975929e+00 
 3.50524376e-06  0.00000000e+00  1.79999590e+00 
 3.50619470e-06  0.00000000e+00  1.79995264e+00 
 3.50716981e-06  0.00000000e+00  1.79994530e+00 
 3.50861562e-06  0.00000000e+00  1.79990185e+00 
 3.50999651e-06  0.00000000e+00  1.79987316e+00 
 3.51128023e-06  0.00000000e+00  1.79995975e+00 
 3.51264599e-06  0.00000000e+00  1.79989762e+00 
 3.51417481e-06  0.00000000e+00  1.79995275e+00 
 3.51583337e-06  0.00000000e+00  1.79989202e+00 
 3.51764916e-06  0.00000000e+00  1.79995884e+00 
 3.51966465e-06  0.00000000e+00  1.79989964e+00 
 3.52359135e-06  0.00000000e+00  1.79997090e+00 
 3.52962052e-06  0.00000000e+00  1.79991687e+00 
 3.54167887e-06  0.00000000e+00  1.79999334e+00 
 3.56454164e-06  0.00000000e+00  1.79994229e+00 
 3.60548389e-06  0.00000000e+00  1.80001596e+00 
 3.68686862e-06  0.00000000e+00  1.79995949e+00 
 3.75010000e-06  0.00000000e+00  1.80002547e+00 
 3.75011000e-06  1.80000000e-01  1.80069923e+00 
 3.75013000e-06  5.40000000e-01  1.80223928e+00 
 3.75017000e-06  1.26000000e+00  1.80520848e+00 
 3.75020000e-06  1.80000000e+00  1.80727520e+00 
 3.75020076e-06  1.80000000e+00  1.80729502e+00 
 3.75020229e-06  1.80000000e+00  1.80727871e+00 
 3.75020534e-06  1.80000000e+00  1.80709115e+00 
 3.75021145e-06  1.80000000e+00  1.80672825e+00 
 3.75022367e-06  1.80000000e+00  1.80635165e+00 
 3.75024810e-06  1.80000000e+00  1.80597075e+00 
 3.75029697e-06  1.80000000e+00  1.80537106e+00 
 3.75039470e-06  1.80000000e+00  1.80451792e+00 
 3.75059017e-06  1.80000000e+00  1.80338805e+00 
 3.75093625e-06  1.80000000e+00  1.80250195e+00 
 3.75136046e-06  1.80000000e+00  1.80332319e+00 
 3.75188018e-06  1.80000000e+00  1.80437454e+00 
 3.75248722e-06  1.80000000e+00  1.80245031e+00 
 3.75325424e-06  1.80000000e+00  1.80094321e+00 
 3.75413073e-06  1.80000000e+00  1.80051186e+00 
 3.75530848e-06  1.80000000e+00  1.79996928e+00 
 3.75622646e-06  1.80000000e+00  1.79903493e+00 
 3.75719101e-06  1.80000000e+00  1.79839479e+00 
 3.75821886e-06  1.80000000e+00  1.79850315e+00 
 3.75932969e-06  1.80000000e+00  1.79878291e+00 
 3.76055521e-06  1.80000000e+00  1.79901538e+00 
 3.76299235e-06  1.80000000e+00  1.79940585e+00 
 3.76565820e-06  1.80000000e+00  1.79962705e+00 
 3.77031192e-06  1.80000000e+00  1.79987361e+00 
 3.77878148e-06  1.80000000e+00  1.79997239e+00 
 3.79572061e-06  1.80000000e+00  1.80001610e+00 
 3.82928550e-06  1.80000000e+00  1.79998528e+00 
 3.89429186e-06  1.80000000e+00  1.80001404e+00 
 4.00000000e-06  1.80000000e+00  1.79998601e+00 
 4.00001000e-06  1.62000000e+00  1.79879127e+00 
 4.00003000e-06  1.26000000e+00  1.79665041e+00 
 4.00007000e-06  5.40000000e-01  1.79399434e+00 
 4.00010000e-06  0.00000000e+00  1.79253811e+00 
 4.00010418e-06  0.00000000e+00  1.79281811e+00 
 4.00011254e-06  0.00000000e+00  1.79355594e+00 
 4.00012926e-06  0.00000000e+00  1.79463832e+00 
 4.00016271e-06  0.00000000e+00  1.79582616e+00 
 4.00022960e-06  0.00000000e+00  1.79765041e+00 
 4.00036337e-06  0.00000000e+00  1.79950386e+00 
 4.00053217e-06  0.00000000e+00  1.80049037e+00 
 4.00086975e-06  0.00000000e+00  1.80116946e+00 
 4.00144901e-06  0.00000000e+00  1.80143413e+00 
 4.00221353e-06  0.00000000e+00  1.80032695e+00 
 4.00288106e-06  0.00000000e+00  1.79895630e+00 
 4.00355730e-06  0.00000000e+00  1.79891482e+00 
 4.00426546e-06  0.00000000e+00  1.79965631e+00 
 4.00524799e-06  0.00000000e+00  1.79996564e+00 
 4.00603015e-06  0.00000000e+00  1.79998155e+00 
 4.00685399e-06  0.00000000e+00  1.79994784e+00 
 4.00784617e-06  0.00000000e+00  1.79998631e+00 
 4.00892495e-06  0.00000000e+00  1.79990272e+00 
 4.00992844e-06  0.00000000e+00  1.79995636e+00 
 4.01097653e-06  0.00000000e+00  1.79988707e+00 
 4.01233347e-06  0.00000000e+00  1.79995104e+00 
 4.01405967e-06  0.00000000e+00  1.79991442e+00 
 4.01669458e-06  0.00000000e+00  1.80007432e+00 
 4.01868284e-06  0.00000000e+00  1.80027672e+00 
 4.02081247e-06  0.00000000e+00  1.79997117e+00 
 4.02231556e-06  0.00000000e+00  1.79905555e+00 
 4.02380288e-06  0.00000000e+00  1.79948040e+00 
 4.02518858e-06  0.00000000e+00  1.79887370e+00 
 4.02677374e-06  0.00000000e+00  1.79793091e+00 
 4.02842391e-06  0.00000000e+00  1.79866817e+00 
 4.03063850e-06  0.00000000e+00  1.79951821e+00 
 4.03289189e-06  0.00000000e+00  1.79968736e+00 
 4.03739867e-06  0.00000000e+00  1.80000406e+00 
 4.04396284e-06  0.00000000e+00  1.79989786e+00 
 4.05278808e-06  0.00000000e+00  1.79999229e+00 
 4.06095382e-06  0.00000000e+00  1.79987436e+00 
 4.07047405e-06  0.00000000e+00  1.80009390e+00 
 4.08187594e-06  0.00000000e+00  1.79994538e+00 
 4.09020630e-06  0.00000000e+00  1.79998540e+00 
 4.09746654e-06  0.00000000e+00  1.79999673e+00 
 4.10494375e-06  0.00000000e+00  1.79997465e+00 
 4.11197096e-06  0.00000000e+00  1.79998960e+00 
 4.11978061e-06  0.00000000e+00  1.79998263e+00 
 4.13539993e-06  0.00000000e+00  1.79998954e+00 
 4.15503939e-06  0.00000000e+00  1.79998744e+00 
 4.18345512e-06  0.00000000e+00  1.79999204e+00 
 4.21226821e-06  0.00000000e+00  1.79999165e+00 
 4.24713164e-06  0.00000000e+00  1.80000375e+00 
 4.25010000e-06  6.67038446e-12  1.80017276e+00 
 4.25011000e-06  1.80000000e-01  1.80087548e+00 
 4.25013000e-06  5.40000000e-01  1.80242216e+00 
 4.25017000e-06  1.26000000e+00  1.80534806e+00 
 4.25020000e-06  1.80000000e+00  1.80739058e+00 
 4.25020076e-06  1.80000000e+00  1.80740955e+00 
 4.25020229e-06  1.80000000e+00  1.80739526e+00 
 4.25020534e-06  1.80000000e+00  1.80722012e+00 
 4.25021145e-06  1.80000000e+00  1.80686144e+00 
 4.25022366e-06  1.80000000e+00  1.80646753e+00 
 4.25024808e-06  1.80000000e+00  1.80607833e+00 
 4.25029693e-06  1.80000000e+00  1.80547295e+00 
 4.25039463e-06  1.80000000e+00  1.80460531e+00 
 4.25059002e-06  1.80000000e+00  1.80343423e+00 
 4.25093391e-06  1.80000000e+00  1.80249556e+00 
 4.25135911e-06  1.80000000e+00  1.80327000e+00 
 4.25187932e-06  1.80000000e+00  1.80428614e+00 
 4.25248630e-06  1.80000000e+00  1.80231895e+00 
 4.25325255e-06  1.80000000e+00  1.80074321e+00 
 4.25413004e-06  1.80000000e+00  1.80008812e+00 
 4.25532123e-06  1.80000000e+00  1.79979534e+00 
 4.25623142e-06  1.80000000e+00  1.79962367e+00 
 4.25719117e-06  1.80000000e+00  1.79950744e+00 
 4.25826776e-06  1.80000000e+00  1.79914068e+00 
 4.25985463e-06  1.80000000e+00  1.79882796e+00 
 4.26132775e-06  1.80000000e+00  1.79891060e+00 
 4.26387049e-06  1.80000000e+00  1.79937055e+00 
 4.26687304e-06  1.80000000e+00  1.79951956e+00 
 4.27241709e-06  1.80000000e+00  1.79981155e+00 
 4.27714157e-06  1.80000000e+00  1.79990886e+00 
 4.28318600e-06  1.80000000e+00  1.80000092e+00 
 4.29220965e-06  1.80000000e+00  1.79997146e+00 
 4.31025695e-06  1.80000000e+00  1.80002670e+00 
 4.33585583e-06  1.80000000e+00  1.79997273e+00 
 4.38049353e-06  1.80000000e+00  1.80002724e+00 
 4.42713220e-06  1.80000000e+00  1.79997241e+00 
 4.50000000e-06  1.80000000e+00  1.80002752e+00 
 4.50001000e-06  1.62000000e+00  1.79881635e+00 
 4.50003000e-06  1.26000000e+00  1.79665237e+00 
 4.50007000e-06  5.40000000e-01  1.79399566e+00 
 4.50010000e-06  0.00000000e+00  1.79253956e+00 
 4.50010417e-06  0.00000000e+00  1.79281345e+00 
 4.50011250e-06  0.00000000e+00  1.79354519e+00 
 4.50012916e-06  0.00000000e+00  1.79462751e+00 
 4.50016248e-06  0.00000000e+00  1.79581014e+00 
 4.50022912e-06  0.00000000e+00  1.79763085e+00 
 4.50036241e-06  0.00000000e+00  1.79948629e+00 
 4.50053055e-06  0.00000000e+00  1.80047973e+00 
 4.50086683e-06  0.00000000e+00  1.80116455e+00 
 4.50144276e-06  0.00000000e+00  1.80144484e+00 
 4.50221250e-06  0.00000000e+00  1.80034169e+00 
 4.50288388e-06  0.00000000e+00  1.79894715e+00 
 4.50355809e-06  0.00000000e+00  1.79892733e+00 
 4.50426523e-06  0.00000000e+00  1.79976172e+00 
 4.50524690e-06  0.00000000e+00  1.79999459e+00 
 4.50620226e-06  0.00000000e+00  1.79995290e+00 
 4.50717090e-06  0.00000000e+00  1.79994344e+00 
 4.50863055e-06  0.00000000e+00  1.79989869e+00 
 4.51000956e-06  0.00000000e+00  1.79987812e+00 
 4.51125681e-06  0.00000000e+00  1.79996192e+00 
 4.51252477e-06  0.00000000e+00  1.79989463e+00 
 4.51379904e-06  0.00000000e+00  1.79995520e+00 
 4.51531062e-06  0.00000000e+00  1.79988950e+00 
 4.51693360e-06  0.00000000e+00  1.79995859e+00 
 4.51865567e-06  0.00000000e+00  1.79989635e+00 
 4.52209980e-06  0.00000000e+00  1.79996910e+00 
 4.52898806e-06  0.00000000e+00  1.79991499e+00 
 4.54064809e-06  0.00000000e+00  1.79999345e+00 
 4.56396815e-06  0.00000000e+00  1.79994116e+00 
 4.60777148e-06  0.00000000e+00  1.80001727e+00 
 4.68973231e-06  0.00000000e+00  1.79995870e+00 
 4.75010000e-06  6.67038446e-12  1.80002639e+00 
 4.75011000e-06  1.80000000e-01  1.80069700e+00 
 4.75013000e-06  5.40000000e-01  1.80223579e+00 
 4.75017000e-06  1.26000000e+00  1.80520292e+00 
 4.75020000e-06  1.80000000e+00  1.80725975e+00 
 4.75020076e-06  1.80000000e+00  1.80728003e+00 
 4.75020229e-06  1.80000000e+00  1.80726483e+00 
 4.75020534e-06  1.80000000e+00  1.80707874e+00 
 4.75021145e-06  1.80000000e+00  1.80671741e+00 
 4.75022367e-06  1.80000000e+00  1.80634274e+00 
 4.75024810e-06  1.80000000e+00  1.80596476e+00 
 4.75029696e-06  1.80000000e+00  1.80536991e+00 
 4.75039469e-06  1.80000000e+00  1.80452047e+00 
 4.75059015e-06  1.80000000e+00  1.80338938e+00 
 4.75093426e-06  1.80000000e+00  1.80250137e+00 
 4.75135960e-06  1.80000000e+00  1.80331963e+00 
 4.75187978e-06  1.80000000e+00  1.80437642e+00 
 4.75248668e-06  1.80000000e+00  1.80245356e+00 
 4.75325342e-06  1.80000000e+00  1.80094426e+00 
 4.75412940e-06  1.80000000e+00  1.80051221e+00 
 4.75530534e-06  1.80000000e+00  1.79997086e+00 
 4.75622478e-06  1.80000000e+00  1.79903805e+00 
 4.75719020e-06  1.80000000e+00  1.79839608e+00 
 4.75821532e-06  1.80000000e+00  1.79850216e+00 
 4.75932534e-06  1.80000000e+00  1.79878282e+00 
 4.76055434e-06  1.80000000e+00  1.79901434e+00 
 4.76299177e-06  1.80000000e+00  1.79940661e+00 
 4.76565768e-06  1.80000000e+00  1.79962617e+00 
 4.77031070e-06  1.80000000e+00  1.79987442e+00 
 4.77878627e-06  1.80000000e+00  1.79997164e+00 
 4.79573739e-06  1.80000000e+00  1.80001691e+00 
 4.82913523e-06  1.80000000e+00  1.79998447e+00 
 4.89457616e-06  1.80000000e+00  1.80001484e+00 
 5.00000000e-06  1.80000000e+00  1.79998520e+00 
 5.00001000e-06  1.62000000e+00  1.79879434e+00 
 5.00003000e-06  1.26000000e+00  1.79665990e+00 
 5.00007000e-06  5.40000000e-01  1.79400673e+00 
 5.00010000e-06  0.00000000e+00  1.79254889e+00 
 5.00010418e-06  0.00000000e+00  1.79282696e+00 
 5.00011254e-06  0.00000000e+00  1.79356274e+00 
 5.00012927e-06  0.00000000e+00  1.79464273e+00 
 5.00016272e-06  0.00000000e+00  1.79582477e+00 
 5.00022962e-06  0.00000000e+00  1.79764587e+00 
 5.00036341e-06  0.00000000e+00  1.79950068e+00 
 5.00053183e-06  0.00000000e+00  1.80048886e+00 
 5.00086866e-06  0.00000000e+00  1.80116880e+00 
 5.00144682e-06  0.00000000e+00  1.80143732e+00 
 5.00221232e-06  0.00000000e+00  1.80033052e+00 
 5.00287982e-06  0.00000000e+00  1.79895611e+00 
 5.00356032e-06  0.00000000e+00  1.79891349e+00 
 5.00427234e-06  0.00000000e+00  1.79966015e+00 
 5.00525433e-06  0.00000000e+00  1.79996355e+00 
 5.00603369e-06  0.00000000e+00  1.79998319e+00 
 5.00685694e-06  0.00000000e+00  1.79994685e+00 
 5.00785020e-06  0.00000000e+00  1.79998808e+00 
 5.00873188e-06  0.00000000e+00  1.79990455e+00 
 5.00969963e-06  0.00000000e+00  1.79996010e+00 
 5.01067252e-06  0.00000000e+00  1.79988779e+00 
 5.01191156e-06  0.00000000e+00  1.79995057e+00 
 5.01362831e-06  0.00000000e+00  1.79990414e+00 
 5.01583230e-06  0.00000000e+00  1.80002978e+00 
 5.01809798e-06  0.00000000e+00  1.80017275e+00 
 5.02038540e-06  0.00000000e+00  1.80018318e+00 
 5.02205883e-06  0.00000000e+00  1.79935671e+00 
 5.02362139e-06  0.00000000e+00  1.79915362e+00 
 5.02523778e-06  0.00000000e+00  1.79926068e+00 
 5.02694224e-06  0.00000000e+00  1.79803701e+00 
 5.02898115e-06  0.00000000e+00  1.79865176e+00 
 5.03086434e-06  0.00000000e+00  1.79949826e+00 
 5.03363031e-06  0.00000000e+00  1.79963437e+00 
 5.03790374e-06  0.00000000e+00  1.79995966e+00 
 5.04396124e-06  0.00000000e+00  1.79989066e+00 
 5.05029215e-06  0.00000000e+00  1.80006320e+00 
 5.05775942e-06  0.00000000e+00  1.80002713e+00 
 5.06291068e-06  0.00000000e+00  1.79988661e+00 
 5.06805465e-06  0.00000000e+00  1.80004418e+00 
 5.07431900e-06  0.00000000e+00  1.79993109e+00 
 5.08071914e-06  0.00000000e+00  1.80002552e+00 
 5.08713421e-06  0.00000000e+00  1.79994472e+00 
 5.09485585e-06  0.00000000e+00  1.80000890e+00 
 5.10287605e-06  0.00000000e+00  1.79996283e+00 
 5.11794728e-06  0.00000000e+00  1.80000249e+00 
 5.13450294e-06  0.00000000e+00  1.79997322e+00 
 5.16076496e-06  0.00000000e+00  1.80000174e+00 
 5.20305497e-06  0.00000000e+00  1.79998060e+00 
 5.25010000e-06  6.67038446e-12  1.80000366e+00 
 5.25011000e-06  1.80000000e-01  1.80074016e+00 
 5.25013000e-06  5.40000000e-01  1.80231892e+00 
 5.25017000e-06  1.26000000e+00  1.80525731e+00 
 5.25020000e-06  1.80000000e+00  1.80729443e+00 
 5.25020075e-06  1.80000000e+00  1.80731366e+00 
 5.25020224e-06  1.80000000e+00  1.80730030e+00 
 5.25020522e-06  1.80000000e+00  1.80712208e+00 
 5.25021119e-06  1.80000000e+00  1.80675520e+00 
 5.25022312e-06  1.80000000e+00  1.80635711e+00 
 5.25024698e-06  1.80000000e+00  1.80596546e+00 
 5.25029472e-06  1.80000000e+00  1.80537940e+00 
 5.25039018e-06  1.80000000e+00  1.80455946e+00 
 5.25058110e-06  1.80000000e+00  1.80345109e+00 
 5.25091956e-06  1.80000000e+00  1.80250926e+00 
 5.25134538e-06  1.80000000e+00  1.80325750e+00 
 5.25187196e-06  1.80000000e+00  1.80434560e+00 
 5.25247967e-06  1.80000000e+00  1.80236904e+00 
 5.25323926e-06  1.80000000e+00  1.80068783e+00 
 5.25411430e-06  1.80000000e+00  1.80001513e+00 
 5.25524718e-06  1.80000000e+00  1.79991974e+00 
 5.25617165e-06  1.80000000e+00  1.79995490e+00 
 5.25713429e-06  1.80000000e+00  1.79994177e+00 
 5.25821114e-06  1.80000000e+00  1.79992525e+00 
 5.25977783e-06  1.80000000e+00  1.79997439e+00 
 5.26132127e-06  1.80000000e+00  1.79995461e+00 
 5.26378609e-06  1.80000000e+00  1.79999549e+00 
 5.26679464e-06  1.80000000e+00  1.79997552e+00 
 5.27216430e-06  1.80000000e+00  1.80001034e+00 
 5.28290363e-06  1.80000000e+00  1.79998621e+00 
 5.30176230e-06  1.80000000e+00  1.80001354e+00 
 5.33923350e-06  1.80000000e+00  1.79998630e+00 
 5.41061300e-06  1.80000000e+00  1.80001350e+00 
 5.50000000e-06  1.80000000e+00  1.79998634e+00 
 5.50001000e-06  1.62000000e+00  1.79879396e+00 
 5.50003000e-06  1.26000000e+00  1.79664261e+00 
 5.50007000e-06  5.40000000e-01  1.79398614e+00 
 5.50010000e-06  0.00000000e+00  1.79256208e+00 
 5.50010418e-06  0.00000000e+00  1.79284473e+00 
 5.50011255e-06  0.00000000e+00  1.79359889e+00 
 5.50012927e-06  0.00000000e+00  1.79472443e+00 
 5.50016273e-06  0.00000000e+00  1.79591250e+00 
 5.50022965e-06  0.00000000e+00  1.79769398e+00 
 5.50036347e-06  0.00000000e+00  1.79948089e+00 
 5.50053235e-06  0.00000000e+00  1.80045500e+00 
 5.50087009e-06  0.00000000e+00  1.80112032e+00 
 5.50144964e-06  0.00000000e+00  1.80153475e+00 
 5.50221450e-06  0.00000000e+00  1.80084150e+00 
 5.50283823e-06  0.00000000e+00  1.79920002e+00 
 5.50350252e-06  0.00000000e+00  1.79805463e+00 
 5.50419211e-06  0.00000000e+00  1.79833949e+00 
 5.50515058e-06  0.00000000e+00  1.79876060e+00 
 5.50611669e-06  0.00000000e+00  1.79917111e+00 
 5.50706500e-06  0.00000000e+00  1.79939263e+00 
 5.50854681e-06  0.00000000e+00  1.79961112e+00 
 5.50990582e-06  0.00000000e+00  1.79970480e+00 
 5.51119503e-06  0.00000000e+00  1.79983889e+00 
 5.51257414e-06  0.00000000e+00  1.79983797e+00 
 5.51385286e-06  0.00000000e+00  1.79991132e+00 
 5.51534098e-06  0.00000000e+00  1.79987914e+00 
 5.51685961e-06  0.00000000e+00  1.79994356e+00 
 5.51856325e-06  0.00000000e+00  1.79990132e+00 
 5.52197055e-06  0.00000000e+00  1.79996435e+00 
 5.52878513e-06  0.00000000e+00  1.79992434e+00 
 5.54034793e-06  0.00000000e+00  1.79998786e+00 
 5.56347353e-06  0.00000000e+00  1.79994850e+00 
 5.60696389e-06  0.00000000e+00  1.80001061e+00 
 5.69394459e-06  0.00000000e+00  1.79996580e+00 
 5.75010000e-06  6.67038446e-12  1.80001968e+00 
 5.75011000e-06  1.80000000e-01  1.80070662e+00 
 5.75013000e-06  5.40000000e-01  1.80225952e+00 
 5.75017000e-06  1.26000000e+00  1.80520239e+00 
 5.75020000e-06  1.80000000e+00  1.80724071e+00 
 5.75020076e-06  1.80000000e+00  1.80726082e+00 
 5.75020229e-06  1.80000000e+00  1.80724701e+00 
 5.75020534e-06  1.80000000e+00  1.80706439e+00 
 5.75021145e-06  1.80000000e+00  1.80669618e+00 
 5.75022367e-06  1.80000000e+00  1.80630500e+00 
 5.75024810e-06  1.80000000e+00  1.80591908e+00 
 5.75029696e-06  1.80000000e+00  1.80533632e+00 
 5.75039469e-06  1.80000000e+00  1.80452130e+00 
 5.75059015e-06  1.80000000e+00  1.80340606e+00 
 5.75093611e-06  1.80000000e+00  1.80251119e+00 
 5.75136096e-06  1.80000000e+00  1.80332825e+00 
 5.75188055e-06  1.80000000e+00  1.80435016e+00 
 5.75248751e-06  1.80000000e+00  1.80236037e+00 
 5.75325515e-06  1.80000000e+00  1.80068062e+00 
 5.75413203e-06  1.80000000e+00  1.79982744e+00 
 5.75530929e-06  1.80000000e+00  1.79966578e+00 
 5.75623032e-06  1.80000000e+00  1.80008176e+00 
 5.75719714e-06  1.80000000e+00  1.80045942e+00 
 5.75822556e-06  1.80000000e+00  1.80092815e+00 
 5.75933560e-06  1.80000000e+00  1.80124446e+00 
 5.76056158e-06  1.80000000e+00  1.80115004e+00 
 5.76184229e-06  1.80000000e+00  1.80090539e+00 
 5.76324032e-06  1.80000000e+00  1.80070093e+00 
 5.76536237e-06  1.80000000e+00  1.80049922e+00 
 5.76768814e-06  1.80000000e+00  1.80030044e+00 
 5.77129049e-06  1.80000000e+00  1.80016089e+00 
 5.77698043e-06  1.80000000e+00  1.80003515e+00 
 5.78836032e-06  1.80000000e+00  1.80000735e+00 
 5.81112008e-06  1.80000000e+00  1.79999128e+00 
 5.85615913e-06  1.80000000e+00  1.80000878e+00 
 5.94623723e-06  1.80000000e+00  1.79999099e+00 
 6.00000000e-06  1.80000000e+00  1.80000896e+00 
 6.00001000e-06  1.62000000e+00  1.79880688e+00 
 6.00003000e-06  1.26000000e+00  1.79664135e+00 
 6.00007000e-06  5.40000000e-01  1.79398982e+00 
 6.00010000e-06  0.00000000e+00  1.79256653e+00 
 6.00010416e-06  0.00000000e+00  1.79284726e+00 
 6.00011249e-06  0.00000000e+00  1.79359866e+00 
 6.00012914e-06  0.00000000e+00  1.79472291e+00 
 6.00016245e-06  0.00000000e+00  1.79590857e+00 
 6.00022905e-06  0.00000000e+00  1.79768534e+00 
 6.00036227e-06  0.00000000e+00  1.79946859e+00 
 6.00053064e-06  0.00000000e+00  1.80044584e+00 
 6.00086738e-06  0.00000000e+00  1.80111261e+00 
 6.00144424e-06  0.00000000e+00  1.80154374e+00 
 6.00221472e-06  0.00000000e+00  1.80086704e+00 
 6.00288266e-06  0.00000000e+00  1.79913334e+00 
 6.00356102e-06  0.00000000e+00  1.79828359e+00 
 6.00427019e-06  0.00000000e+00  1.79908371e+00 
 6.00513867e-06  0.00000000e+00  1.79804576e+00 
 6.00589793e-06  0.00000000e+00  1.79904787e+00 
 6.00672667e-06  0.00000000e+00  1.79995899e+00 
 6.00781055e-06  0.00000000e+00  1.80060879e+00 
 6.00879008e-06  0.00000000e+00  1.80069323e+00 
 6.00969604e-06  0.00000000e+00  1.80032026e+00 
 6.01078823e-06  0.00000000e+00  1.80028231e+00 
 6.01199540e-06  0.00000000e+00  1.80005976e+00 
 6.01389331e-06  0.00000000e+00  1.80009784e+00 
 6.01524762e-06  0.00000000e+00  1.79998112e+00 
 6.01672846e-06  0.00000000e+00  1.80011316e+00 
 6.01812180e-06  0.00000000e+00  1.80019447e+00 
 6.01973984e-06  0.00000000e+00  1.80041685e+00 
 6.02117051e-06  0.00000000e+00  1.79980364e+00 
 6.02234732e-06  0.00000000e+00  1.79912800e+00 
 6.02359436e-06  0.00000000e+00  1.79908826e+00 
 6.02483900e-06  0.00000000e+00  1.79971063e+00 
 6.02615297e-06  0.00000000e+00  1.79837567e+00 
 6.02785525e-06  0.00000000e+00  1.79811438e+00 
 6.02947649e-06  0.00000000e+00  1.79903552e+00 
 6.03219428e-06  0.00000000e+00  1.79972902e+00 
 6.03475235e-06  0.00000000e+00  1.80059902e+00 
 6.03791715e-06  0.00000000e+00  1.79957903e+00 
 6.04001409e-06  0.00000000e+00  1.79975114e+00 
 6.04209826e-06  0.00000000e+00  1.79945765e+00 
 6.04398091e-06  0.00000000e+00  1.80006944e+00 
 6.04638174e-06  0.00000000e+00  1.79972944e+00 
 6.04984571e-06  0.00000000e+00  1.80012396e+00 
 6.05401542e-06  0.00000000e+00  1.79981247e+00 
 6.06051444e-06  0.00000000e+00  1.80012090e+00 
 6.06961008e-06  0.00000000e+00  1.79983175e+00 
 6.08500720e-06  0.00000000e+00  1.80012155e+00 
 6.10840514e-06  0.00000000e+00  1.79984412e+00 
 6.14614130e-06  0.00000000e+00  1.80012769e+00 
 6.20704929e-06  0.00000000e+00  1.79985331e+00 
 6.25010000e-06  6.67038446e-12  1.80013142e+00 
 6.25011000e-06  1.80000000e-01  1.80064889e+00 
 6.25013000e-06  5.40000000e-01  1.80216738e+00 
 6.25017000e-06  1.26000000e+00  1.80524117e+00 
 6.25020000e-06  1.80000000e+00  1.80726690e+00 
 6.25020076e-06  1.80000000e+00  1.80729076e+00 
 6.25020229e-06  1.80000000e+00  1.80728126e+00 
 6.25020534e-06  1.80000000e+00  1.80710067e+00 
 6.25021145e-06  1.80000000e+00  1.80674239e+00 
 6.25022365e-06  1.80000000e+00  1.80636861e+00 
 6.25024807e-06  1.80000000e+00  1.80599134e+00 
 6.25029690e-06  1.80000000e+00  1.80539541e+00 
 6.25039457e-06  1.80000000e+00  1.80453670e+00 
 6.25058991e-06  1.80000000e+00  1.80339063e+00 
 6.25093669e-06  1.80000000e+00  1.80249602e+00 
 6.25136127e-06  1.80000000e+00  1.80332219e+00 
 6.25188108e-06  1.80000000e+00  1.80436731e+00 
 6.25248788e-06  1.80000000e+00  1.80243768e+00 
 6.25325609e-06  1.80000000e+00  1.80092602e+00 
 6.25413457e-06  1.80000000e+00  1.80044400e+00 
 6.25532111e-06  1.80000000e+00  1.79977406e+00 
 6.25622581e-06  1.80000000e+00  1.79885031e+00 
 6.25718187e-06  1.80000000e+00  1.79840050e+00 
 6.25824882e-06  1.80000000e+00  1.79858657e+00 
 6.25981754e-06  1.80000000e+00  1.79893235e+00 
 6.26126775e-06  1.80000000e+00  1.79919088e+00 
 6.26377655e-06  1.80000000e+00  1.79950681e+00 
 6.26676586e-06  1.80000000e+00  1.79972031e+00 
 6.27229558e-06  1.80000000e+00  1.79991867e+00 
 6.28335503e-06  1.80000000e+00  1.79999772e+00 
 6.30232602e-06  1.80000000e+00  1.80000384e+00 
 6.34026802e-06  1.80000000e+00  1.79999561e+00 
 6.41073238e-06  1.80000000e+00  1.80000436e+00 
 6.50000000e-06  1.80000000e+00  1.79999543e+00 
 6.50001000e-06  1.62000000e+00  1.79880707e+00 
 6.50003000e-06  1.26000000e+00  1.79667620e+00 
 6.50007000e-06  5.40000000e-01  1.79402106e+00 
 6.50010000e-06  0.00000000e+00  1.79256054e+00 
 6.50010418e-06  0.00000000e+00  1.79283755e+00 
 6.50011254e-06  0.00000000e+00  1.79357228e+00 
 6.50012927e-06  0.00000000e+00  1.79465034e+00 
 6.50016271e-06  0.00000000e+00  1.79582614e+00 
 6.50022960e-06  0.00000000e+00  1.79764175e+00 
 6.50036339e-06  0.00000000e+00  1.79949581e+00 
 6.50053223e-06  0.00000000e+00  1.80048908e+00 
 6.50086992e-06  0.00000000e+00  1.80117065e+00 
 6.50144920e-06  0.00000000e+00  1.80144258e+00 
 6.50221362e-06  0.00000000e+00  1.80033640e+00 
 6.50288246e-06  0.00000000e+00  1.79893689e+00 
 6.50355527e-06  0.00000000e+00  1.79892019e+00 
 6.50426121e-06  0.00000000e+00  1.79976013e+00 
 6.50523797e-06  0.00000000e+00  1.79999480e+00 
 6.50618673e-06  0.00000000e+00  1.79995299e+00 
 6.50714816e-06  0.00000000e+00  1.79994417e+00 
 6.50858717e-06  0.00000000e+00  1.79990940e+00 
 6.50997186e-06  0.00000000e+00  1.79986544e+00 
 6.51125833e-06  0.00000000e+00  1.79996408e+00 
 6.51263780e-06  0.00000000e+00  1.79989649e+00 
 6.51391073e-06  0.00000000e+00  1.79995606e+00 
 6.51540272e-06  0.00000000e+00  1.79988966e+00 
 6.51691661e-06  0.00000000e+00  1.79995931e+00 
 6.51862729e-06  0.00000000e+00  1.79989583e+00 
 6.52204865e-06  0.00000000e+00  1.79996956e+00 
 6.52889136e-06  0.00000000e+00  1.79991424e+00 
 6.54049607e-06  0.00000000e+00  1.79999389e+00 
 6.56370550e-06  0.00000000e+00  1.79994046e+00 
 6.60734761e-06  0.00000000e+00  1.80001779e+00 
 6.68907220e-06  0.00000000e+00  1.79995808e+00 
 6.75010000e-06  6.67038446e-12  1.80002699e+00 
 6.75011000e-06  1.80000000e-01  1.80069802e+00 
 6.75013000e-06  5.40000000e-01  1.80223543e+00 
 6.75017000e-06  1.26000000e+00  1.80519465e+00 
 6.75020000e-06  1.80000000e+00  1.80724096e+00 
 6.75020076e-06  1.80000000e+00  1.80726079e+00 
 6.75020229e-06  1.80000000e+00  1.80724484e+00 
 6.75020534e-06  1.80000000e+00  1.80705867e+00 
 6.75021145e-06  1.80000000e+00  1.80669943e+00 
 6.75022367e-06  1.80000000e+00  1.80632832e+00 
 6.75024810e-06  1.80000000e+00  1.80595577e+00 
 6.75029696e-06  1.80000000e+00  1.80536856e+00 
 6.75039469e-06  1.80000000e+00  1.80452360e+00 
 6.75059015e-06  1.80000000e+00  1.80339016e+00 
 6.75093614e-06  1.80000000e+00  1.80250165e+00 
 6.75136116e-06  1.80000000e+00  1.80332808e+00 
 6.75188092e-06  1.80000000e+00  1.80437645e+00 
 6.75248771e-06  1.80000000e+00  1.80244973e+00 
 6.75325583e-06  1.80000000e+00  1.80093905e+00 
 6.75413244e-06  1.80000000e+00  1.80050830e+00 
 6.75530952e-06  1.80000000e+00  1.79997177e+00 
 6.75622998e-06  1.80000000e+00  1.79905070e+00 
 6.75719641e-06  1.80000000e+00  1.79840319e+00 
 6.75822209e-06  1.80000000e+00  1.79850007e+00 
 6.75933623e-06  1.80000000e+00  1.79878312e+00 
 6.76057363e-06  1.80000000e+00  1.79901305e+00 
 6.76300198e-06  1.80000000e+00  1.79940736e+00 
 6.76568600e-06  1.80000000e+00  1.79962553e+00 
 6.77034405e-06  1.80000000e+00  1.79987638e+00 
 6.77892258e-06  1.80000000e+00  1.79997107e+00 
 6.79607964e-06  1.80000000e+00  1.80001824e+00 
 6.82932689e-06  1.80000000e+00  1.79998312e+00 
 6.89562757e-06  1.80000000e+00  1.80001620e+00 
 7.00000000e-06  1.80000000e+00  1.79998382e+00 
 7.00001000e-06  1.62000000e+00  1.79879554e+00 
 7.00003000e-06  1.26000000e+00  1.79666898e+00 
 7.00007000e-06  5.40000000e-01  1.79402071e+00 
 7.00010000e-06  0.00000000e+00  1.79256066e+00 
 7.00010418e-06  0.00000000e+00  1.79283976e+00 
 7.00011254e-06  0.00000000e+00  1.79357609e+00 
 7.00012927e-06  0.00000000e+00  1.79465186e+00 
 7.00016271e-06  0.00000000e+00  1.79582570e+00 
 7.00022960e-06  0.00000000e+00  1.79764073e+00 
 7.00036339e-06  0.00000000e+00  1.79949717e+00 
 7.00053218e-06  0.00000000e+00  1.80049094e+00 
 7.00086978e-06  0.00000000e+00  1.80117148e+00 
 7.00144903e-06  0.00000000e+00  1.80143798e+00 
 7.00221353e-06  0.00000000e+00  1.80032821e+00 
 7.00288076e-06  0.00000000e+00  1.79894587e+00 
 7.00355747e-06  0.00000000e+00  1.79890730e+00 
 7.00426596e-06  0.00000000e+00  1.79965795e+00 
 7.00524799e-06  0.00000000e+00  1.79996479e+00 
 7.00602923e-06  0.00000000e+00  1.79998687e+00 
 7.00685264e-06  0.00000000e+00  1.79994517e+00 
 7.00784462e-06  0.00000000e+00  1.79999162e+00 
 7.00869846e-06  0.00000000e+00  1.79990428e+00 
 7.00964172e-06  0.00000000e+00  1.79996196e+00 
 7.01062427e-06  0.00000000e+00  1.79988714e+00 
 7.01183429e-06  0.00000000e+00  1.79995082e+00 
 7.01358443e-06  0.00000000e+00  1.79989822e+00 
 7.01606596e-06  0.00000000e+00  1.80002476e+00 
 7.01835009e-06  0.00000000e+00  1.80016261e+00 
 7.02069182e-06  0.00000000e+00  1.80019295e+00 
 7.02243167e-06  0.00000000e+00  1.79934003e+00 
 7.02407313e-06  0.00000000e+00  1.79921563e+00 
 7.02577594e-06  0.00000000e+00  1.79898640e+00 
 7.02754591e-06  0.00000000e+00  1.79796105e+00 
 7.02950484e-06  0.00000000e+00  1.79884974e+00 
 7.03172993e-06  0.00000000e+00  1.79958633e+00 
 7.03417689e-06  0.00000000e+00  1.79964787e+00 
 7.03877241e-06  0.00000000e+00  1.80000128e+00 
 7.04490982e-06  0.00000000e+00  1.79987812e+00 
 7.05108836e-06  0.00000000e+00  1.80013496e+00 
 7.05877899e-06  0.00000000e+00  1.79992815e+00 
 7.06440266e-06  0.00000000e+00  1.79995350e+00 
 7.07045108e-06  0.00000000e+00  1.80000647e+00 
 7.07834394e-06  0.00000000e+00  1.79995975e+00 
 7.08635790e-06  0.00000000e+00  1.79999991e+00 
 7.09534236e-06  0.00000000e+00  1.79996276e+00 
 7.10394025e-06  0.00000000e+00  1.80000158e+00 
 7.12113602e-06  0.00000000e+00  1.79996822e+00 
 7.14544038e-06  0.00000000e+00  1.80000562e+00 
 7.18492603e-06  0.00000000e+00  1.79997381e+00 
 7.25010000e-06  6.67038446e-12  1.80001047e+00 
 7.25011000e-06  1.80000000e-01  1.80069829e+00 
 7.25013000e-06  5.40000000e-01  1.80224240e+00 
 7.25017000e-06  1.26000000e+00  1.80518845e+00 
 7.25020000e-06  1.80000000e+00  1.80722748e+00 
 7.25020075e-06  1.80000000e+00  1.80724719e+00 
 7.25020224e-06  1.80000000e+00  1.80723465e+00 
 7.25020522e-06  1.80000000e+00  1.80705816e+00 
 7.25021119e-06  1.80000000e+00  1.80669549e+00 
 7.25022312e-06  1.80000000e+00  1.80630447e+00 
 7.25024698e-06  1.80000000e+00  1.80592403e+00 
 7.25029471e-06  1.80000000e+00  1.80535587e+00 
 7.25039017e-06  1.80000000e+00  1.80455273e+00 
 7.25058108e-06  1.80000000e+00  1.80344954e+00 
 7.25092398e-06  1.80000000e+00  1.80250646e+00 
 7.25134833e-06  1.80000000e+00  1.80327078e+00 
 7.25187265e-06  1.80000000e+00  1.80434519e+00 
 7.25248089e-06  1.80000000e+00  1.80236220e+00 
 7.25324123e-06  1.80000000e+00  1.80068036e+00 
 7.25411653e-06  1.80000000e+00  1.80000952e+00 
 7.25524409e-06  1.80000000e+00  1.79992129e+00 
 7.25628177e-06  1.80000000e+00  1.79995274e+00 
 7.25725260e-06  1.80000000e+00  1.79993723e+00 
 7.25841244e-06  1.80000000e+00  1.79992858e+00 
 7.25992529e-06  1.80000000e+00  1.79997356e+00 
 7.26171193e-06  1.80000000e+00  1.79995797e+00 
 7.26402115e-06  1.80000000e+00  1.79999484e+00 
 7.26745495e-06  1.80000000e+00  1.79997783e+00 
 7.27308131e-06  1.80000000e+00  1.80000985e+00 
 7.28433404e-06  1.80000000e+00  1.79998732e+00 
 7.30395988e-06  1.80000000e+00  1.80001246e+00 
 7.34134420e-06  1.80000000e+00  1.79998729e+00 
 7.41122603e-06  1.80000000e+00  1.80001252e+00 
 7.50000000e-06  1.80000000e+00  1.79998732e+00 
 7.50001000e-06  1.62000000e+00  1.79879757e+00 
 7.50003000e-06  1.26000000e+00  1.79665217e+00 
 7.50007000e-06  5.40000000e-01  1.79399799e+00 
 7.50010000e-06  0.00000000e+00  1.79257297e+00 
 7.50010418e-06  0.00000000e+00  1.79285611e+00 
 7.50011254e-06  0.00000000e+00  1.79361052e+00 
 7.50012927e-06  0.00000000e+00  1.79473339e+00 
 7.50016272e-06  0.00000000e+00  1.79591514e+00 
 7.50022963e-06  0.00000000e+00  1.79769032e+00 
 7.50036344e-06  0.00000000e+00  1.79947677e+00 
 7.50053227e-06  0.00000000e+00  1.80045426e+00 
 7.50086993e-06  0.00000000e+00  1.80112135e+00 
 7.50149677e-06  0.00000000e+00  1.80151543e+00 
 7.50217988e-06  0.00000000e+00  1.80086624e+00 
 7.50276264e-06  0.00000000e+00  1.79936395e+00 
 7.50340358e-06  0.00000000e+00  1.79806296e+00 
 7.50407481e-06  0.00000000e+00  1.79826774e+00 
 7.50501603e-06  0.00000000e+00  1.79869580e+00 
 7.50591754e-06  0.00000000e+00  1.79910753e+00 
 7.50687494e-06  0.00000000e+00  1.79935332e+00 
 7.50815229e-06  0.00000000e+00  1.79958976e+00 
 7.50956618e-06  0.00000000e+00  1.79966863e+00 
 7.51107562e-06  0.00000000e+00  1.79984784e+00 
 7.51244606e-06  0.00000000e+00  1.79984053e+00 
 7.51387694e-06  0.00000000e+00  1.79992451e+00 
 7.51544107e-06  0.00000000e+00  1.79988523e+00 
 7.51705246e-06  0.00000000e+00  1.79995473e+00 
 7.51918802e-06  0.00000000e+00  1.79990781e+00 
 7.52198224e-06  0.00000000e+00  1.79997209e+00 
 7.52705614e-06  0.00000000e+00  1.79992340e+00 
 7.53572070e-06  0.00000000e+00  1.79998901e+00 
 7.55177017e-06  0.00000000e+00  1.79994230e+00 
 7.58133759e-06  0.00000000e+00  1.80000886e+00 
 7.63641031e-06  0.00000000e+00  1.79995981e+00 
 7.73773216e-06  0.00000000e+00  1.80002188e+00 
 7.75010000e-06  0.00000000e+00  1.79996528e+00 
 7.75011000e-06  1.80000000e-01  1.80069484e+00 
 7.75013000e-06  5.40000000e-01  1.80226520e+00 
 7.75017000e-06  1.26000000e+00  1.80519349e+00 
 7.75020000e-06  1.80000000e+00  1.80722887e+00 
 7.75020075e-06  1.80000000e+00  1.80724805e+00 
 7.75020224e-06  1.80000000e+00  1.80723466e+00 
 7.75020522e-06  1.80000000e+00  1.80705738e+00 
 7.75021118e-06  1.80000000e+00  1.80669480e+00 
 7.75022311e-06  1.80000000e+00  1.80630477e+00 
 7.75024697e-06  1.80000000e+00  1.80592563e+00 
 7.75029468e-06  1.80000000e+00  1.80535807e+00 
 7.75039011e-06  1.80000000e+00  1.80455617e+00 
 7.75058097e-06  1.80000000e+00  1.80345382e+00 
 7.75092356e-06  1.80000000e+00  1.80251254e+00 
 7.75134811e-06  1.80000000e+00  1.80327968e+00 
 7.75187244e-06  1.80000000e+00  1.80436404e+00 
 7.75248076e-06  1.80000000e+00  1.80239123e+00 
 7.75324063e-06  1.80000000e+00  1.80069934e+00 
 7.75411597e-06  1.80000000e+00  1.79983268e+00 
 7.75528659e-06  1.80000000e+00  1.79967201e+00 
 7.75621706e-06  1.80000000e+00  1.80009413e+00 
 7.75718931e-06  1.80000000e+00  1.80046958e+00 
 7.75821204e-06  1.80000000e+00  1.80093688e+00 
 7.75932096e-06  1.80000000e+00  1.80124584e+00 
 7.76055322e-06  1.80000000e+00  1.80114753e+00 
 7.76182844e-06  1.80000000e+00  1.80090218e+00 
 7.76323029e-06  1.80000000e+00  1.80069948e+00 
 7.76535859e-06  1.80000000e+00  1.80049662e+00 
 7.76766830e-06  1.80000000e+00  1.80030021e+00 
 7.77132857e-06  1.80000000e+00  1.80015868e+00 
 7.77707864e-06  1.80000000e+00  1.80003392e+00 
 7.78857879e-06  1.80000000e+00  1.80000708e+00 
 7.81157910e-06  1.80000000e+00  1.79999144e+00 
 7.85432729e-06  1.80000000e+00  1.80000867e+00 
 7.93982367e-06  1.80000000e+00  1.79999106e+00 
 8.00000000e-06  1.80000000e+00  1.80000891e+00 
 8.00001000e-06  1.62000000e+00  1.79880912e+00 
 8.00003000e-06  1.26000000e+00  1.79664883e+00 
 8.00007000e-06  5.40000000e-01  1.79400030e+00 
 8.00010000e-06  0.00000000e+00  1.79257636e+00 
 8.00010416e-06  0.00000000e+00  1.79285748e+00 
 8.00011249e-06  0.00000000e+00  1.79360903e+00 
 8.00012914e-06  0.00000000e+00  1.79473057e+00 
 8.00016244e-06  0.00000000e+00  1.79591019e+00 
 8.00022903e-06  0.00000000e+00  1.79768138e+00 
 8.00036223e-06  0.00000000e+00  1.79946426e+00 
 8.00053055e-06  0.00000000e+00  1.80044498e+00 
 8.00086718e-06  0.00000000e+00  1.80111359e+00 
 8.00149246e-06  0.00000000e+00  1.80152692e+00 
 8.00217810e-06  0.00000000e+00  1.80089315e+00 
 8.00279958e-06  0.00000000e+00  1.79930481e+00 
 8.00344848e-06  0.00000000e+00  1.79824381e+00 
 8.00413508e-06  0.00000000e+00  1.79905261e+00 
 8.00496652e-06  0.00000000e+00  1.79810050e+00 
 8.00583625e-06  0.00000000e+00  1.79894079e+00 
 8.00671066e-06  0.00000000e+00  1.80001301e+00 
 8.00765016e-06  0.00000000e+00  1.80054626e+00 
 8.00875595e-06  0.00000000e+00  1.80073020e+00 
 8.00975979e-06  0.00000000e+00  1.80027820e+00 
 8.01079114e-06  0.00000000e+00  1.80029967e+00 
 8.01216538e-06  0.00000000e+00  1.80003683e+00 
 8.01383343e-06  0.00000000e+00  1.80009210e+00 
 8.01514503e-06  0.00000000e+00  1.79994229e+00 
 8.01662784e-06  0.00000000e+00  1.80001766e+00 
 8.01826416e-06  0.00000000e+00  1.79991525e+00 
 8.01999361e-06  0.00000000e+00  1.79998883e+00 
 8.02214750e-06  0.00000000e+00  1.79991820e+00 
 8.02430170e-06  0.00000000e+00  1.79999576e+00 
 8.02743990e-06  0.00000000e+00  1.79993942e+00 
 8.03029006e-06  0.00000000e+00  1.79999229e+00 
 8.03495243e-06  0.00000000e+00  1.79997771e+00 
 8.03940388e-06  0.00000000e+00  1.80018314e+00 
 8.04660176e-06  0.00000000e+00  1.79967243e+00 
 8.05061437e-06  0.00000000e+00  1.80024100e+00 
 8.05531202e-06  0.00000000e+00  1.79968320e+00 
 8.06229859e-06  0.00000000e+00  1.80014550e+00 
 8.06887556e-06  0.00000000e+00  1.79980234e+00 
 8.07586250e-06  0.00000000e+00  1.80014390e+00 
 8.08696909e-06  0.00000000e+00  1.79981946e+00 
 8.10475111e-06  0.00000000e+00  1.80014146e+00 
 8.12937275e-06  0.00000000e+00  1.79983232e+00 
 8.17256563e-06  0.00000000e+00  1.80014351e+00 
 8.23490098e-06  0.00000000e+00  1.79984110e+00 
 8.25010000e-06  0.00000000e+00  1.80014076e+00 
 8.25011000e-06  1.80000000e-01  1.80079339e+00 
 8.25013000e-06  5.40000000e-01  1.80233583e+00 
 8.25017000e-06  1.26000000e+00  1.80530452e+00 
 8.25020000e-06  1.80000000e+00  1.80732258e+00 
 8.25020075e-06  1.80000000e+00  1.80734295e+00 
 8.25020224e-06  1.80000000e+00  1.80732952e+00 
 8.25020522e-06  1.80000000e+00  1.80714833e+00 
 8.25021118e-06  1.80000000e+00  1.80678989e+00 
 8.25022311e-06  1.80000000e+00  1.80641165e+00 
 8.25024697e-06  1.80000000e+00  1.80603081e+00 
 8.25029469e-06  1.80000000e+00  1.80543505e+00 
 8.25039013e-06  1.80000000e+00  1.80457206e+00 
 8.25058100e-06  1.80000000e+00  1.80342956e+00 
 8.25096274e-06  1.80000000e+00  1.80251494e+00 
 8.25137217e-06  1.80000000e+00  1.80337751e+00 
 8.25187835e-06  1.80000000e+00  1.80431254e+00 
 8.25249166e-06  1.80000000e+00  1.80229206e+00 
 8.25326364e-06  1.80000000e+00  1.80063353e+00 
 8.25414468e-06  1.80000000e+00  1.80003608e+00 
 8.25521355e-06  1.80000000e+00  1.79991020e+00 
 8.25639216e-06  1.80000000e+00  1.79991111e+00 
 8.25778286e-06  1.80000000e+00  1.79993959e+00 
 8.25938473e-06  1.80000000e+00  1.79995133e+00 
 8.26116764e-06  1.80000000e+00  1.79998195e+00 
 8.26394286e-06  1.80000000e+00  1.79997436e+00 
 8.26659671e-06  1.80000000e+00  1.80000105e+00 
 8.27172653e-06  1.80000000e+00  1.79998597e+00 
 8.28198615e-06  1.80000000e+00  1.80001056e+00 
 8.29786634e-06  1.80000000e+00  1.79998910e+00 
 8.32962672e-06  1.80000000e+00  1.80001074e+00 
 8.38455306e-06  1.80000000e+00  1.79998909e+00 
 8.49440574e-06  1.80000000e+00  1.80001074e+00 
 8.50000000e-06  1.80000000e+00  1.79998898e+00 
 8.50001000e-06  1.62000000e+00  1.79879723e+00 
 8.50003000e-06  1.26000000e+00  1.79666526e+00 
 8.50007000e-06  5.40000000e-01  1.79402037e+00 
 8.50010000e-06  0.00000000e+00  1.79256580e+00 
 8.50010418e-06  0.00000000e+00  1.79284530e+00 
 8.50011254e-06  0.00000000e+00  1.79358467e+00 
 8.50012925e-06  0.00000000e+00  1.79466608e+00 
 8.50016268e-06  0.00000000e+00  1.79584033e+00 
 8.50022953e-06  0.00000000e+00  1.79764991e+00 
 8.50036324e-06  0.00000000e+00  1.79950125e+00 
 8.50063066e-06  0.00000000e+00  1.80085511e+00 
 8.50109336e-06  0.00000000e+00  1.80148018e+00 
 8.50179443e-06  0.00000000e+00  1.80100398e+00 
 8.50270500e-06  0.00000000e+00  1.79841708e+00 
 8.50336933e-06  0.00000000e+00  1.80437552e+00 
 8.50416170e-06  0.00000000e+00  1.82250803e+00 
 8.50499176e-06  0.00000000e+00  1.81491183e+00 
 8.50589550e-06  0.00000000e+00  1.76676369e+00 
 8.50698958e-06  0.00000000e+00  1.69963948e+00 
 8.50837833e-06  0.00000000e+00  1.61607596e+00 
 8.51010291e-06  0.00000000e+00  1.51045425e+00 
 8.51232625e-06  0.00000000e+00  1.37415782e+00 
 8.51413510e-06  0.00000000e+00  1.26265575e+00 
 8.51601085e-06  0.00000000e+00  1.14748285e+00 
 8.51838130e-06  0.00000000e+00  1.00306173e+00 
 8.52087874e-06  0.00000000e+00  8.54477430e-01 
 8.52368590e-06  0.00000000e+00  6.95897340e-01 
 8.52798518e-06  0.00000000e+00  4.87998422e-01 
 8.53313103e-06  0.00000000e+00  2.85618810e-01 
 8.53685632e-06  0.00000000e+00  1.80908685e-01 
 8.54016949e-06  0.00000000e+00  1.10521337e-01 
 8.54300449e-06  0.00000000e+00  7.36768921e-02 
 8.54546230e-06  0.00000000e+00  4.92094004e-02 
 8.54744665e-06  0.00000000e+00  3.72206104e-02 
 8.54949018e-06  0.00000000e+00  2.63717021e-02 
 8.55148200e-06  0.00000000e+00  1.98229879e-02 
 8.55357047e-06  0.00000000e+00  1.39246669e-02 
 8.55659737e-06  0.00000000e+00  8.81596996e-03 
 8.56029092e-06  0.00000000e+00  4.67841151e-03 
 8.56459600e-06  0.00000000e+00  2.44417624e-03 
 8.56900715e-06  0.00000000e+00  1.11454048e-03 
 8.57540546e-06  0.00000000e+00  4.58988568e-04 
 8.58479669e-06  0.00000000e+00  7.00413396e-05 
 8.59567997e-06  0.00000000e+00  8.25448860e-05 
 8.60843501e-06  0.00000000e+00  2.28427033e-05 
 8.62548021e-06  0.00000000e+00  6.42578561e-05 
 8.64568082e-06  0.00000000e+00  2.29056416e-05 
 8.66897676e-06  0.00000000e+00  5.27115558e-05 
 8.70033748e-06  0.00000000e+00  2.05619233e-05 
 8.73813249e-06  0.00000000e+00  4.26647817e-05 
 8.75010000e-06  0.00000000e+00  2.20686353e-05 
 8.75011000e-06  1.80000000e-01  1.08048469e-03 
 8.75013000e-06  5.40000000e-01  2.85191516e-03 
 8.75017000e-06  1.26000000e+00  4.75974964e-03 
 8.75020000e-06  1.80000000e+00  5.94941122e-03 
 8.75020076e-06  1.80000000e+00  5.94667462e-03 
 8.75020229e-06  1.80000000e+00  5.88794444e-03 
 8.75020535e-06  1.80000000e+00  5.65577109e-03 
 8.75021146e-06  1.80000000e+00  5.27452745e-03 
 8.75022368e-06  1.80000000e+00  4.85086175e-03 
 8.75024812e-06  1.80000000e+00  4.33095517e-03 
 8.75029701e-06  1.80000000e+00  3.53045832e-03 
 8.75039478e-06  1.80000000e+00  2.50583173e-03 
 8.75059033e-06  1.80000000e+00  1.54222444e-03 
 8.75097677e-06  1.80000000e+00  1.28125143e-03 
 8.75138591e-06  1.80000000e+00  2.24538982e-03 
 8.75191150e-06  1.80000000e+00  3.02575885e-03 
 8.75252105e-06  1.80000000e+00  1.68519383e-03 
 8.75332473e-06  1.80000000e+00  1.05267474e-03 
 8.75420768e-06  1.80000000e+00  8.65830627e-05 
 8.75541817e-06  1.80000000e+00 -2.12184572e-03 
 8.75638846e-06  1.80000000e+00 -9.59734706e-04 
 8.75739817e-06  1.80000000e+00 -9.60936119e-05 
 8.75849478e-06  1.80000000e+00  1.67908868e-04 
 8.76006725e-06  1.80000000e+00  4.67049549e-04 
 8.76169286e-06  1.80000000e+00  6.18324508e-04 
 8.76407202e-06  1.80000000e+00  5.87825271e-04 
 8.76751997e-06  1.80000000e+00  5.26123205e-04 
 8.77381934e-06  1.80000000e+00  3.32126027e-04 
 8.78602588e-06  1.80000000e+00  1.85543095e-04 
 8.80641134e-06  1.80000000e+00  7.35283301e-05 
 8.84648191e-06  1.80000000e+00  6.95183344e-05 
 8.91774637e-06  1.80000000e+00  1.74802367e-05 
 9.00000000e-06  1.80000000e+00  4.14726452e-05 
