 0.00000000e+00  1.26789620e-04 
 1.00000000e-12  6.64998743e-03 
 2.00000000e-12  7.46823908e-03 
 4.00000000e-12  7.74308728e-03 
 8.00000000e-12  7.39620300e-03 
 1.60000000e-11  7.49659823e-03 
 3.20000000e-11  7.33909938e-03 
 6.40000000e-11  9.07094330e-03 
 1.00000000e-10  1.15406873e-02 
 1.01502797e-10  4.22435063e-03 
 1.04508390e-10  2.57064540e-03 
 1.10519577e-10  3.66623370e-03 
 1.22541951e-10  2.55774231e-03 
 1.46586699e-10  3.21440392e-03 
 1.94676195e-10  2.01727749e-03 
 2.90855187e-10  2.42421120e-03 
 4.40083940e-10  1.32385879e-03 
 7.34065126e-10  1.85333834e-03 
 1.08266287e-09  7.83975810e-04 
 1.60974963e-09  1.44558067e-03 
 2.19764955e-09  6.82727990e-04 
 2.78288154e-09  1.40594036e-03 
 3.47564997e-09  6.20325857e-04 
 4.23110735e-09  1.40953141e-03 
 4.88680019e-09  3.31775867e-04 
 5.59826443e-09  9.82570840e-04 
 6.32106342e-09  1.04770409e-05 
 6.98851858e-09  8.32196298e-04 
 7.86637545e-09 -6.53991569e-05 
 8.79342587e-09  7.32935330e-04 
 9.83175352e-09 -2.07506649e-04 
 1.09902469e-08  5.22841700e-04 
 1.23367388e-08 -2.77627779e-04 
 1.37025203e-08  5.80519771e-04 
 1.50160034e-08 -2.80178531e-04 
 1.61402920e-08  4.98780507e-04 
 1.73437195e-08 -3.13845519e-04 
 1.86683417e-08  5.01720304e-04 
 2.02644680e-08 -3.18354681e-04 
 2.27135931e-08  4.95479491e-04 
 2.47775920e-08 -2.99881519e-04 
 2.72264181e-08  6.14336212e-04 
 2.96361080e-08 -1.67234799e-04 
 3.11817394e-08  4.60470584e-04 
 3.25767186e-08 -2.68125370e-04 
 3.38301312e-08  4.94924241e-04 
 3.51071890e-08 -2.90763593e-04 
 3.71077049e-08  5.02951941e-04 
 3.95528154e-08 -2.91039987e-04 
 4.34412768e-08  5.20044986e-04 
 4.75522389e-08 -2.84658892e-04 
 5.21972744e-08  5.18224593e-04 
 5.78186555e-08 -2.83902764e-04 
 6.65564039e-08  5.17731947e-04 
 7.85134501e-08 -2.85658026e-04 
 9.48734322e-08  5.15740596e-04 
 1.18844918e-07 -2.88079662e-04 
 1.50564934e-07  5.14176667e-04 
 1.96915373e-07 -2.89820280e-04 
 2.50100000e-07  5.11075630e-04 
 2.50110000e-07 -7.90328092e-03 
 2.50130000e-07 -8.65974253e-03 
 2.50170000e-07 -7.02691181e-03 
 2.50200000e-07 -6.84317596e-03 
 2.50200520e-07 -9.58473881e-04 
 2.50201560e-07  1.13348515e-03 
 2.50203641e-07  1.46242686e-04 
 2.50207802e-07  6.50165882e-04 
 2.50216124e-07  3.07763264e-04 
 2.50232769e-07  7.20343944e-04 
 2.50266057e-07  3.44724256e-04 
 2.50332634e-07  6.53021192e-04 
 2.50409368e-07  2.93052662e-04 
 2.50562836e-07  6.12889003e-04 
 2.50727168e-07  3.10062310e-04 
 2.51055833e-07  7.27786643e-04 
 2.51400384e-07  3.85880232e-04 
 2.51882647e-07  6.54978230e-04 
 2.52434016e-07  1.11488580e-04 
 2.53050671e-07  3.54014893e-04 
 2.53889511e-07  2.27560361e-05 
 2.54626559e-07  3.68000208e-04 
 2.55442550e-07 -1.48031782e-05 
 2.56218394e-07  3.01694059e-04 
 2.57075436e-07 -3.41531404e-05 
 2.57916840e-07  2.92175195e-04 
 2.59289464e-07 -4.98772230e-05 
 2.61224012e-07  2.74836771e-04 
 2.63447449e-07 -5.57391034e-05 
 2.66979088e-07  2.73909827e-04 
 2.71994012e-07 -5.63360469e-05 
 2.82023860e-07  2.72662206e-04 
 3.02083556e-07 -5.85783825e-05 
 3.41133652e-07  2.68015753e-04 
 4.19233845e-07 -6.77124904e-05 
 5.00000000e-07  2.57099331e-04 
 5.00010000e-07  3.81296505e-03 
 5.00030000e-07  3.72848548e-03 
 5.00070000e-07  4.62845206e-03 
 5.00100000e-07  5.47954303e-03 
 5.00104225e-07  1.50743929e-03 
 5.00112674e-07  1.02548913e-03 
 5.00129574e-07  1.28607240e-03 
 5.00163372e-07  8.42449208e-04 
 5.00230969e-07  1.05169039e-03 
 5.00366163e-07  6.07720660e-04 
 5.00553239e-07  8.70593634e-04 
 5.00927391e-07  5.22145684e-04 
 5.01510358e-07  6.15222517e-04 
 5.02041261e-07  1.19564451e-04 
 5.02610885e-07  4.53480801e-04 
 5.03289789e-07  4.35919081e-05 
 5.04081492e-07  3.12344984e-04 
 5.04831024e-07 -4.37540763e-05 
 5.05644618e-07  2.86737856e-04 
 5.06669117e-07 -5.37870315e-05 
 5.07758309e-07  2.85620992e-04 
 5.09489412e-07 -4.66492003e-05 
 5.12225476e-07  3.21873626e-04 
 5.14058544e-07 -2.87006656e-05 
 5.16131866e-07  2.86578854e-04 
 5.18394951e-07 -5.46354745e-05 
 5.20764103e-07  2.67401386e-04 
 5.23507546e-07 -7.63056355e-05 
 5.28100444e-07  2.60595532e-04 
 5.34696542e-07 -7.89827193e-05 
 5.45897052e-07  2.60166853e-04 
 5.65387265e-07 -8.02743646e-05 
 5.98380226e-07  2.58506873e-04 
 6.58352587e-07 -8.27070031e-05 
 7.50100000e-07  2.55866715e-04 
 7.50110000e-07 -3.76385993e-03 
 7.50130000e-07 -4.18659707e-03 
 7.50170000e-07 -3.44474928e-03 
 7.50200000e-07 -3.29751469e-03 
 7.50200745e-07 -3.11832739e-04 
 7.50202234e-07  6.30877580e-04 
 7.50205212e-07  2.05403644e-05 
 7.50211168e-07  4.67085422e-04 
 7.50223080e-07  1.48377728e-04 
 7.50246904e-07  5.09948338e-04 
 7.50294553e-07  2.17754622e-04 
 7.50389851e-07  5.29651701e-04 
 7.50580447e-07  2.49936186e-04 
 7.50953899e-07  6.81812975e-04 
 7.51428807e-07  3.67837827e-04 
 7.51992399e-07  5.95759308e-04 
 7.52594346e-07  5.32543455e-05 
 7.53250293e-07  3.17267592e-04 
 7.54105210e-07 -6.69923924e-06 
 7.54724850e-07  3.05459389e-04 
 7.55451655e-07 -4.37051162e-05 
 7.56121401e-07  2.65862602e-04 
 7.56854081e-07 -6.03469556e-05 
 7.57765899e-07  2.61326290e-04 
 7.58758860e-07 -6.89626537e-05 
 7.60744781e-07  2.47875140e-04 
 7.62904073e-07 -7.56161979e-05 
 7.66529925e-07  2.47393336e-04 
 7.71126048e-07 -7.56083785e-05 
 7.80318296e-07  2.47184812e-04 
 7.98702791e-07 -7.58163438e-05 
 8.35471781e-07  2.46781789e-04 
 9.09009760e-07 -7.63557065e-05 
 1.00000000e-06  2.46256373e-04 
 1.00001000e-06  3.80069256e-03 
 1.00003000e-06  3.70626580e-03 
 1.00007000e-06  4.61959862e-03 
 1.00010000e-06  5.46342793e-03 
 1.00010420e-06  1.49950423e-03 
 1.00011259e-06  1.01424858e-03 
 1.00012937e-06  1.27815382e-03 
 1.00016294e-06  8.34523917e-04 
 1.00023007e-06  1.04589195e-03 
 1.00036433e-06  6.00985902e-04 
 1.00055041e-06  8.64313894e-04 
 1.00092255e-06  5.14431029e-04 
 1.00144819e-06  6.37805186e-04 
 1.00198130e-06  1.16666522e-04 
 1.00255153e-06  4.48821778e-04 
 1.00322087e-06  4.82323213e-05 
 1.00397067e-06  3.10804608e-04 
 1.00471786e-06 -5.03127420e-05 
 1.00540884e-06  2.88372928e-04 
 1.00612960e-06 -4.80157357e-05 
 1.00693729e-06  2.86808206e-04 
 1.00770447e-06 -6.06935143e-05 
 1.00852914e-06  2.68157683e-04 
 1.00971063e-06 -7.64558980e-05 
 1.01102915e-06  2.62746287e-04 
 1.01329499e-06 -5.75664619e-05 
 1.01571418e-06  2.87694976e-04 
 1.01764559e-06 -3.89925091e-05 
 1.01938590e-06  3.38090598e-04 
 1.02065974e-06  7.22544051e-06 
 1.02205253e-06  3.27583970e-04 
 1.02362485e-06 -1.17923884e-05 
 1.02517745e-06  3.09339966e-04 
 1.02702021e-06 -2.53244205e-05 
 1.02974347e-06  2.99941395e-04 
 1.03261593e-06 -3.46980812e-05 
 1.03836087e-06  2.88902472e-04 
 1.04749092e-06 -4.87921941e-05 
 1.06229984e-06  2.73781251e-04 
 1.08227932e-06 -6.21925165e-05 
 1.11448417e-06  2.64585867e-04 
 1.16711374e-06 -6.81398966e-05 
 1.23168122e-06  2.58372325e-04 
 1.25010000e-06 -7.36269457e-05 
 1.25011000e-06 -3.77425802e-03 
 1.25013000e-06 -4.17910819e-03 
 1.25017000e-06 -3.44797261e-03 
 1.25020000e-06 -3.27730003e-03 
 1.25020073e-06 -3.15996691e-04 
 1.25020219e-06  6.30448856e-04 
 1.25020511e-06  2.86644250e-05 
 1.25021096e-06  4.64227386e-04 
 1.25022265e-06  1.56358142e-04 
 1.25024602e-06  5.08615873e-04 
 1.25029278e-06  2.28114776e-04 
 1.25038629e-06  5.30395635e-04 
 1.25057331e-06  2.60430962e-04 
 1.25090266e-06  6.69760992e-04 
 1.25139727e-06  3.83993037e-04 
 1.25202194e-06  5.85516856e-04 
 1.25260584e-06  6.55093034e-05 
 1.25327611e-06  3.16205566e-04 
 1.25410288e-06  9.02870811e-06 
 1.25471403e-06  3.04187964e-04 
 1.25542348e-06 -3.65687150e-05 
 1.25625825e-06  2.61760746e-04 
 1.25710758e-06 -4.72398210e-05 
 1.25821374e-06  2.56760340e-04 
 1.25998836e-06 -6.17871273e-05 
 1.26193603e-06  2.45632007e-04 
 1.26488813e-06 -6.35965966e-05 
 1.26876145e-06  2.45010385e-04 
 1.27650809e-06 -6.43415916e-05 
 1.29200137e-06  2.43502156e-04 
 1.32298792e-06 -6.68569226e-05 
 1.38496102e-06  2.39928846e-04 
 1.50000000e-06 -6.98890638e-05 
 1.50001000e-06  3.78658739e-03 
 1.50003000e-06  3.71102530e-03 
 1.50007000e-06  4.61570988e-03 
 1.50010000e-06  5.47292693e-03 
 1.50010423e-06  1.50320004e-03 
 1.50011269e-06  1.01858637e-03 
 1.50012961e-06  1.28017980e-03 
 1.50016344e-06  8.37596129e-04 
 1.50023112e-06  1.04733574e-03 
 1.50036646e-06  6.02444412e-04 
 1.50054420e-06  8.66079696e-04 
 1.50089967e-06  5.16529861e-04 
 1.50139495e-06  6.65166268e-04 
 1.50190840e-06  1.29202321e-04 
 1.50245148e-06  4.47133995e-04 
 1.50311559e-06  5.74432249e-05 
 1.50377870e-06  3.21722876e-04 
 1.50453351e-06 -4.34363640e-05 
 1.50540369e-06  2.77300324e-04 
 1.50622420e-06 -5.47878542e-05 
 1.50750558e-06  2.86143580e-04 
 1.50884110e-06 -5.54105871e-05 
 1.51011805e-06  2.76821719e-04 
 1.51142284e-06 -6.14122334e-05 
 1.51305744e-06  2.53090474e-04 
 1.51457622e-06 -7.99702475e-05 
 1.51633401e-06  2.51356178e-04 
 1.51815886e-06 -8.15189067e-05 
 1.52180856e-06  2.50992286e-04 
 1.52877172e-06 -8.17179990e-05 
 1.54020892e-06  2.51016040e-04 
 1.56308331e-06 -8.16808711e-05 
 1.60883210e-06  2.51147678e-04 
 1.70032967e-06 -8.14232092e-05 
 1.75010000e-06  2.51386513e-04 
 1.75011000e-06 -3.76680523e-03 
 1.75013000e-06 -4.18856648e-03 
 1.75017000e-06 -3.43902748e-03 
 1.75020000e-06 -3.28492327e-03 
 1.75020074e-06 -3.10247305e-04 
 1.75020223e-06  6.25242232e-04 
 1.75020521e-06  1.86854747e-05 
 1.75021116e-06  4.63042229e-04 
 1.75022307e-06  1.46389308e-04 
 1.75024688e-06  5.06711849e-04 
 1.75029451e-06  2.16404690e-04 
 1.75038977e-06  5.27020753e-04 
 1.75058028e-06  2.48795397e-04 
 1.75091419e-06  6.70009494e-04 
 1.75140576e-06  3.71377554e-04 
 1.75204287e-06  5.76405198e-04 
 1.75261780e-06  5.27734118e-05 
 1.75330420e-06  3.12266461e-04 
 1.75414356e-06 -3.80092147e-06 
 1.75474783e-06  3.01283518e-04 
 1.75544549e-06 -4.25122828e-05 
 1.75613344e-06  2.62585401e-04 
 1.75686125e-06 -5.82674132e-05 
 1.75781301e-06  2.57942579e-04 
 1.75886766e-06 -6.76869960e-05 
 1.76097697e-06  2.44301169e-04 
 1.76314944e-06 -7.38431212e-05 
 1.76694778e-06  2.44090999e-04 
 1.77179741e-06 -7.37943254e-05 
 1.78149666e-06  2.44009834e-04 
 1.80089517e-06 -7.37714791e-05 
 1.83969218e-06  2.44011003e-04 
 1.91728621e-06 -7.37166842e-05 
 2.00000000e-06  2.44061899e-04 
 2.00001000e-06  3.79463620e-03 
 2.00003000e-06  3.69491848e-03 
 2.00007000e-06  4.62752540e-03 
 2.00010000e-06  5.45979430e-03 
 2.00010419e-06  1.50395486e-03 
 2.00011258e-06  1.01825294e-03 
 2.00012935e-06  1.28151743e-03 
 2.00016289e-06  8.38619489e-04 
 2.00022997e-06  1.04958194e-03 
 2.00036414e-06  6.04175526e-04 
 2.00054082e-06  8.67894022e-04 
 2.00089418e-06  5.17334250e-04 
 2.00138553e-06  6.70981981e-04 
 2.00189638e-06  1.31697040e-04 
 2.00243508e-06  4.48784294e-04 
 2.00309810e-06  6.27153258e-05 
 2.00375410e-06  3.27315747e-04 
 2.00453347e-06 -4.48851096e-05 
 2.00518845e-06  2.85807352e-04 
 2.00589771e-06 -4.81523954e-05 
 2.00674359e-06  2.87657342e-04 
 2.00747840e-06 -5.69976010e-05 
 2.00826452e-06  2.72467787e-04 
 2.00933099e-06 -7.20840436e-05 
 2.01036807e-06  2.59253235e-04 
 2.01227270e-06 -6.55057886e-05 
 2.01467214e-06  2.85970717e-04 
 2.01663705e-06 -4.90351056e-05 
 2.01869587e-06  3.31171300e-04 
 2.02019796e-06  4.22530543e-06 
 2.02159685e-06  3.23240496e-04 
 2.02284110e-06 -1.61048248e-05 
 2.02422713e-06  3.02025431e-04 
 2.02574555e-06 -3.29431214e-05 
 2.02800883e-06  2.88601748e-04 
 2.03014404e-06 -4.42689043e-05 
 2.03415450e-06  2.69811677e-04 
 2.03888295e-06 -6.52066925e-05 
 2.04330756e-06  2.56922683e-04 
 2.04836511e-06 -7.29340652e-05 
 2.05320785e-06  2.82689784e-04 
 2.05765386e-06 -8.89177262e-05 
 2.06190971e-06  2.57377769e-04 
 2.06623354e-06 -8.74302820e-05 
 2.07098078e-06  2.52313709e-04 
 2.07677455e-06 -9.35727312e-05 
 2.08295406e-06  2.44782735e-04 
 2.08885928e-06 -9.39477402e-05 
 2.09610130e-06  2.43405605e-04 
 2.11054617e-06 -9.47792257e-05 
 2.13265295e-06  2.40564484e-04 
 2.17301377e-06 -1.00008711e-04 
 2.24345950e-06  2.34341717e-04 
 2.25010000e-06 -1.02300355e-04 
 2.25011000e-06 -3.80532132e-03 
 2.25013000e-06 -4.20982852e-03 
 2.25017000e-06 -3.47403072e-03 
 2.25020000e-06 -3.29595817e-03 
 2.25020073e-06 -3.40863465e-04 
 2.25020219e-06  6.00678812e-04 
 2.25020512e-06  8.37571615e-07 
 2.25021096e-06  4.35983884e-04 
 2.25022266e-06  1.29511894e-04 
 2.25024604e-06  4.82438699e-04 
 2.25029282e-06  2.03503872e-04 
 2.25038636e-06  5.05495580e-04 
 2.25057346e-06  2.34933411e-04 
 2.25090199e-06  6.43705361e-04 
 2.25139431e-06  3.58598217e-04 
 2.25202206e-06  5.59108589e-04 
 2.25260348e-06  4.03677117e-05 
 2.25328219e-06  2.85726486e-04 
 2.25412477e-06 -2.28210690e-05 
 2.25472007e-06  2.69472794e-04 
 2.25540544e-06 -6.78364252e-05 
 2.25623501e-06  2.34867519e-04 
 2.25717012e-06 -7.27296077e-05 
 2.25818083e-06  2.31377549e-04 
 2.26020224e-06 -8.70474447e-05 
 2.26208359e-06  2.20353421e-04 
 2.26523446e-06 -8.77844975e-05 
 2.26905100e-06  2.20271892e-04 
 2.27668408e-06 -8.76275124e-05 
 2.29195024e-06  2.20457432e-04 
 2.32248257e-06 -8.71668314e-05 
 2.38354721e-06  2.21191161e-04 
 2.48479902e-06 -8.63385299e-05 
 2.50000000e-06  2.21576410e-04 
 2.50001000e-06  3.77688705e-03 
 2.50003000e-06  3.67756479e-03 
 2.50007000e-06  4.61490429e-03 
 2.50010000e-06  5.44417854e-03 
 2.50010419e-06  1.48814501e-03 
 2.50011258e-06  1.00316460e-03 
 2.50012935e-06  1.26427047e-03 
 2.50016288e-06  8.20858652e-04 
 2.50022996e-06  1.03014609e-03 
 2.50036411e-06  5.86231970e-04 
 2.50054089e-06  8.49452437e-04 
 2.50089445e-06  5.00029638e-04 
 2.50138739e-06  6.53923829e-04 
 2.50189890e-06  1.16925342e-04 
 2.50240460e-06  4.24445737e-04 
 2.50302763e-06  3.83479015e-05 
 2.50367385e-06  3.08513406e-04 
 2.50454366e-06 -6.16542705e-05 
 2.50534567e-06  2.59670623e-04 
 2.50628339e-06 -7.08541138e-05 
 2.50760429e-06  2.72250856e-04 
 2.50903583e-06 -7.45137922e-05 
 2.51043875e-06  2.61628095e-04 
 2.51185508e-06 -8.23014161e-05 
 2.51315010e-06  2.35100165e-04 
 2.51456666e-06 -9.62321372e-05 
 2.51596324e-06  2.34136466e-04 
 2.51760210e-06 -9.79576692e-05 
 2.52087982e-06  2.33730997e-04 
 2.52588942e-06 -9.82348208e-05 
 2.53590864e-06  2.33723628e-04 
 2.55594707e-06 -9.82537963e-05 
 2.59602392e-06  2.33730689e-04 
 2.67617763e-06 -9.82270990e-05 
 2.75010000e-06  2.33761008e-04 
 2.75011000e-06 -3.78427298e-03 
 2.75013000e-06 -4.20689717e-03 
 2.75017000e-06 -3.45639089e-03 
 2.75020000e-06 -3.29631101e-03 
 2.75020074e-06 -3.26668758e-04 
 2.75020223e-06  6.05397944e-04 
 2.75020521e-06  4.06731573e-07 
 2.75021116e-06  4.44315997e-04 
 2.75022307e-06  1.29038023e-04 
 2.75024688e-06  4.89767426e-04 
 2.75029450e-06  2.00905148e-04 
 2.75038975e-06  5.10591083e-04 
 2.75058024e-06  2.31809776e-04 
 2.75091393e-06  6.52272922e-04 
 2.75140451e-06  3.54354842e-04 
 2.75197821e-06  5.80313241e-04 
 2.75257762e-06  4.15599949e-05 
 2.75322598e-06  2.98038218e-04 
 2.75406700e-06 -2.11460182e-05 
 2.75468317e-06  2.89376349e-04 
 2.75539823e-06 -4.85290434e-05 
 2.75605106e-06  2.59780762e-04 
 2.75677473e-06 -5.85746502e-05 
 2.75766963e-06  2.54375138e-04 
 2.75866453e-06 -7.78676525e-05 
 2.75968452e-06  2.37896633e-04 
 2.76117919e-06 -8.57574542e-05 
 2.76282998e-06  2.27714831e-04 
 2.76511101e-06 -9.10207625e-05 
 2.76792524e-06  2.26669832e-04 
 2.77213194e-06 -9.09075675e-05 
 2.78054535e-06  2.26568205e-04 
 2.79635015e-06 -9.08922195e-05 
 2.82795976e-06  2.26516957e-04 
 2.89117899e-06 -9.09065862e-05 
 3.00000000e-06  2.26494709e-04 
 3.00001000e-06  3.77534513e-03 
 3.00003000e-06  3.67395056e-03 
 3.00007000e-06  4.61584948e-03 
 3.00010000e-06  5.44106335e-03 
 3.00010419e-06  1.48754609e-03 
 3.00011258e-06  1.00225064e-03 
 3.00012935e-06  1.26362708e-03 
 3.00016290e-06  8.20104087e-04 
 3.00022999e-06  1.02987718e-03 
 3.00036417e-06  5.86297214e-04 
 3.00054089e-06  8.50128252e-04 
 3.00089434e-06  5.00452422e-04 
 3.00138585e-06  6.53486502e-04 
 3.00189665e-06  1.14604767e-04 
 3.00243342e-06  4.30092858e-04 
 3.00309384e-06  4.46806298e-05 
 3.00374962e-06  3.11388699e-04 
 3.00451654e-06 -6.02788276e-05 
 3.00514960e-06  2.82101127e-04 
 3.00584578e-06 -4.97200210e-05 
 3.00654348e-06  2.77763603e-04 
 3.00723047e-06 -6.62584051e-05 
 3.00796929e-06  2.63025475e-04 
 3.00888532e-06 -8.08315550e-05 
 3.00988473e-06  2.50001138e-04 
 3.01155141e-06 -7.23927300e-05 
 3.01316377e-06  2.67021605e-04 
 3.01461434e-06 -5.93925080e-05 
 3.01612661e-06  2.74685370e-04 
 3.01769349e-06 -1.27301866e-05 
 3.01889720e-06  3.38550259e-04 
 3.02006468e-06  7.77902366e-07 
 3.02151346e-06  3.25024115e-04 
 3.02288515e-06 -2.04875668e-05 
 3.02420404e-06  3.04235371e-04 
 3.02585470e-06 -3.48450964e-05 
 3.02806654e-06  2.92138618e-04 
 3.03033801e-06 -4.32520636e-05 
 3.03436858e-06  2.82412695e-04 
 3.04007010e-06 -5.29826614e-05 
 3.04924255e-06  2.74013573e-04 
 3.06446603e-06 -5.71020392e-05 
 3.08823467e-06  2.71463377e-04 
 3.11103234e-06 -6.60110606e-05 
 3.13754430e-06  2.54012786e-04 
 3.15954060e-06 -8.24209028e-05 
 3.18637893e-06  2.41548534e-04 
 3.20488610e-06 -9.08186011e-05 
 3.22510674e-06  2.36820908e-04 
 3.24286812e-06 -9.46199373e-05 
 3.25010000e-06  2.35013764e-04 
 3.25011000e-06 -3.78727104e-03 
 3.25013000e-06 -4.21126989e-03 
 3.25017000e-06 -3.45712261e-03 
 3.25020000e-06 -3.29363353e-03 
 3.25020074e-06 -3.24249255e-04 
 3.25020223e-06  6.08388042e-04 
 3.25020521e-06  3.51926422e-06 
 3.25021116e-06  4.47137666e-04 
 3.25022306e-06  1.32474288e-04 
 3.25024686e-06  4.93097184e-04 
 3.25029446e-06  2.04999568e-04 
 3.25038966e-06  5.14505472e-04 
 3.25058006e-06  2.36051013e-04 
 3.25091462e-06  6.55830224e-04 
 3.25140451e-06  3.56922588e-04 
 3.25197800e-06  5.81577326e-04 
 3.25257720e-06  4.26979460e-05 
 3.25322518e-06  2.97987817e-04 
 3.25406357e-06 -2.22441502e-05 
 3.25467010e-06  2.82224335e-04 
 3.25537807e-06 -6.65616360e-05 
 3.25617404e-06  2.43599278e-04 
 3.25699183e-06 -7.34448769e-05 
 3.25809755e-06  2.40753277e-04 
 3.25978994e-06 -8.67972780e-05 
 3.26174703e-06  2.28824231e-04 
 3.26450690e-06 -8.90631780e-05 
 3.26837367e-06  2.28412567e-04 
 3.27610720e-06 -8.93788893e-05 
 3.29157426e-06  2.27775286e-04 
 3.32250839e-06 -9.02065558e-05 
 3.38437665e-06  2.26809784e-04 
 3.50000000e-06 -9.09457947e-05 
 3.50001000e-06  3.76374458e-03 
 3.50003000e-06  3.68458510e-03 
 3.50007000e-06  4.60732260e-03 
 3.50010000e-06  5.45084846e-03 
 3.50010423e-06  1.48653812e-03 
 3.50011269e-06  1.00297013e-03 
 3.50012960e-06  1.26229241e-03 
 3.50016343e-06  8.20056780e-04 
 3.50023108e-06  1.02811932e-03 
 3.50036639e-06  5.85597278e-04 
 3.50054416e-06  8.48399320e-04 
 3.50089968e-06  5.00480674e-04 
 3.50139656e-06  6.48745015e-04 
 3.50191070e-06  1.15197953e-04 
 3.50241959e-06  4.23871153e-04 
 3.50304210e-06  3.64022320e-05 
 3.50369679e-06  3.05745714e-04 
 3.50456349e-06 -6.40713051e-05 
 3.50534792e-06  2.59831882e-04 
 3.50629492e-06 -7.02886887e-05 
 3.50742944e-06  2.72775760e-04 
 3.50872121e-06 -7.12032331e-05 
 3.50986808e-06  2.62688070e-04 
 3.51106152e-06 -7.66668425e-05 
 3.51249594e-06  2.38889109e-04 
 3.51407586e-06 -9.73383689e-05 
 3.51568759e-06  2.34934025e-04 
 3.51757901e-06 -9.83269823e-05 
 3.52102714e-06  2.34234748e-04 
 3.52603813e-06 -9.84622740e-05 
 3.53574323e-06  2.34161077e-04 
 3.55408183e-06 -9.85037292e-05 
 3.58804120e-06  2.34093084e-04 
 3.65595993e-06 -9.85617992e-05 
 3.75010000e-06  2.34039618e-04 
 3.75011000e-06 -3.78479024e-03 
 3.75013000e-06 -4.20709801e-03 
 3.75017000e-06 -3.45526060e-03 
 3.75020000e-06 -3.29128063e-03 
 3.75020074e-06 -3.24460269e-04 
 3.75020223e-06  6.05604645e-04 
 3.75020521e-06  1.56184467e-06 
 3.75021116e-06  4.44848104e-04 
 3.75022307e-06  1.29995568e-04 
 3.75024688e-06  4.90232133e-04 
 3.75029450e-06  2.01595011e-04 
 3.75038975e-06  5.10687710e-04 
 3.75058025e-06  2.31994571e-04 
 3.75091395e-06  6.52155528e-04 
 3.75140440e-06  3.54434466e-04 
 3.75197778e-06  5.80143780e-04 
 3.75257700e-06  4.18487962e-05 
 3.75322474e-06  2.97911456e-04 
 3.75406845e-06 -2.10794916e-05 
 3.75468542e-06  2.89033155e-04 
 3.75540063e-06 -4.84155266e-05 
 3.75605418e-06  2.59528689e-04 
 3.75677790e-06 -5.83644695e-05 
 3.75767476e-06  2.54012272e-04 
 3.75867364e-06 -7.77427645e-05 
 3.75970029e-06  2.37595967e-04 
 3.76118888e-06 -8.56374033e-05 
 3.76285657e-06  2.27403116e-04 
 3.76513875e-06 -9.08473715e-05 
 3.76797627e-06  2.26404644e-04 
 3.77220396e-06 -9.07401067e-05 
 3.78065934e-06  2.26302806e-04 
 3.79720174e-06 -9.07313692e-05 
 3.83028655e-06  2.26244371e-04 
 3.89645618e-06 -9.07583911e-05 
 4.00000000e-06  2.26209379e-04 
 4.00001000e-06  3.77316873e-03 
 4.00003000e-06  3.67106714e-03 
 4.00007000e-06  4.61725192e-03 
 4.00010000e-06  5.43882988e-03 
 4.00010419e-06  1.48703785e-03 
 4.00011258e-06  1.00189965e-03 
 4.00012935e-06  1.26318459e-03 
 4.00016290e-06  8.19891543e-04 
 4.00022999e-06  1.02962313e-03 
 4.00036417e-06  5.86256302e-04 
 4.00054089e-06  8.49983343e-04 
 4.00089432e-06  5.00464016e-04 
 4.00138585e-06  6.53358483e-04 
 4.00189669e-06  1.14513777e-04 
 4.00243336e-06  4.29852798e-04 
 4.00309369e-06  4.50863942e-05 
 4.00374955e-06  3.12175612e-04 
 4.00451616e-06 -5.75967298e-05 
 4.00514865e-06  2.81936472e-04 
 4.00584454e-06 -4.87297807e-05 
 4.00652876e-06  2.78641429e-04 
 4.00720310e-06 -6.60176064e-05 
 4.00793052e-06  2.62351891e-04 
 4.00888009e-06 -8.23318817e-05 
 4.00986067e-06  2.51342515e-04 
 4.01133099e-06 -7.14109969e-05 
 4.01253482e-06  2.57589317e-04 
 4.01382822e-06 -6.13353183e-05 
 4.01513809e-06  2.70522623e-04 
 4.01657967e-06 -4.52323713e-05 
 4.01797033e-06  3.28815073e-04 
 4.01899728e-06 -5.62403805e-06 
 4.02003941e-06  3.17647178e-04 
 4.02126088e-06 -2.00710268e-05 
 4.02242809e-06  2.97987674e-04 
 4.02363267e-06 -3.98321429e-05 
 4.02503740e-06  2.81891717e-04 
 4.02696918e-06 -5.21925706e-05 
 4.02907919e-06  2.73644201e-04 
 4.03250931e-06 -5.97119140e-05 
 4.03832861e-06  2.67627639e-04 
 4.04559042e-06 -4.77670336e-05 
 4.05405742e-06  3.17155678e-04 
 4.06200558e-06 -9.88223820e-06 
 4.06569228e-06  2.51647734e-04 
 4.06934604e-06 -3.34553693e-05 
 4.07349383e-06  2.57282419e-04 
 4.07843205e-06 -4.46684356e-05 
 4.08598976e-06  2.53789897e-04 
 4.09537267e-06 -5.59706879e-05 
 4.10953913e-06  2.46870897e-04 
 4.12937278e-06 -6.45372714e-05 
 4.15432214e-06  2.42701086e-04 
 4.18629183e-06 -6.80145687e-05 
 4.23414782e-06  2.41178423e-04 
 4.25010000e-06 -6.96456071e-05 
 4.25011000e-06 -3.77335127e-03 
 4.25013000e-06 -4.17838779e-03 
 4.25017000e-06 -3.44157828e-03 
 4.25020000e-06 -3.25747090e-03 
 4.25020073e-06 -3.08459745e-04 
 4.25020219e-06  6.28562307e-04 
 4.25020512e-06  3.09145924e-05 
 4.25021096e-06  4.64230046e-04 
 4.25022266e-06  1.57525173e-04 
 4.25024605e-06  5.07884028e-04 
 4.25029282e-06  2.27439399e-04 
 4.25038638e-06  5.26854204e-04 
 4.25057349e-06  2.56202056e-04 
 4.25090065e-06  6.63546063e-04 
 4.25139314e-06  3.79437569e-04 
 4.25201989e-06  5.79698543e-04 
 4.25260118e-06  6.17792869e-05 
 4.25327928e-06  3.10209595e-04 
 4.25412226e-06  4.30539351e-06 
 4.25473457e-06  2.96392488e-04 
 4.25544246e-06 -4.21844820e-05 
 4.25635439e-06  2.55210670e-04 
 4.25721031e-06 -5.21188594e-05 
 4.25832771e-06  2.49900198e-04 
 4.26034657e-06 -6.70743549e-05 
 4.26227393e-06  2.39700392e-04 
 4.26550898e-06 -6.77253111e-05 
 4.26944214e-06  2.39493346e-04 
 4.27730848e-06 -6.77852753e-05 
 4.29304115e-06  2.39282705e-04 
 4.32450648e-06 -6.80122540e-05 
 4.38743716e-06  2.38991112e-04 
 4.50000000e-06 -6.82418452e-05 
 4.50001000e-06  3.77927072e-03 
 4.50003000e-06  3.69858644e-03 
 4.50007000e-06  4.62344301e-03 
 4.50010000e-06  5.46412546e-03 
 4.50010423e-06  1.50113909e-03 
 4.50011269e-06  1.01903720e-03 
 4.50012961e-06  1.27795815e-03 
 4.50016345e-06  8.38093416e-04 
 4.50023114e-06  1.04572775e-03 
 4.50036650e-06  6.03692733e-04 
 4.50054385e-06  8.65112351e-04 
 4.50089855e-06  5.18225026e-04 
 4.50139287e-06  6.65468762e-04 
 4.50190554e-06  1.31686247e-04 
 4.50244775e-06  4.46574415e-04 
 4.50311149e-06  5.89178606e-05 
 4.50377223e-06  3.20496086e-04 
 4.50451285e-06 -4.29281511e-05 
 4.50536185e-06  2.77413189e-04 
 4.50618723e-06 -5.23164633e-05 
 4.50732477e-06  2.84997760e-04 
 4.50870222e-06 -5.23979383e-05 
 4.50994722e-06  2.78752424e-04 
 4.51121985e-06 -6.14015778e-05 
 4.51239540e-06  2.52762576e-04 
 4.51372614e-06 -7.78403099e-05 
 4.51505036e-06  2.51074974e-04 
 4.51658247e-06 -7.94957057e-05 
 4.51964669e-06  2.50597355e-04 
 4.52534035e-06 -7.97558921e-05 
 4.53643618e-06  2.50546153e-04 
 4.55862785e-06 -7.98083657e-05 
 4.60301118e-06  2.50490610e-04 
 4.69177784e-06 -7.98550535e-05 
 4.75010000e-06  2.50462122e-04 
 4.75011000e-06 -3.76693918e-03 
 4.75013000e-06 -4.18860280e-03 
 4.75017000e-06 -3.43509618e-03 
 4.75020000e-06 -3.26883452e-03 
 4.75020074e-06 -3.03900288e-04 
 4.75020223e-06  6.25146225e-04 
 4.75020521e-06  2.18371418e-05 
 4.75021116e-06  4.64138190e-04 
 4.75022306e-06  1.48908575e-04 
 4.75024687e-06  5.07802653e-04 
 4.75029448e-06  2.18164821e-04 
 4.75038970e-06  5.27524999e-04 
 4.75058014e-06  2.49800295e-04 
 4.75091179e-06  6.69668230e-04 
 4.75140372e-06  3.72366674e-04 
 4.75203993e-06  5.76736796e-04 
 4.75261450e-06  5.40489808e-05 
 4.75330039e-06  3.12382646e-04 
 4.75414341e-06 -2.88867812e-06 
 4.75474868e-06  3.01031957e-04 
 4.75544625e-06 -4.16446412e-05 
 4.75613645e-06  2.62381950e-04 
 4.75686608e-06 -5.73767439e-05 
 4.75781818e-06  2.57780293e-04 
 4.75886758e-06 -6.67259889e-05 
 4.76096639e-06  2.44018989e-04 
 4.76314511e-06 -7.29988271e-05 
 4.76693527e-06  2.43771682e-04 
 4.77178675e-06 -7.29563356e-05 
 4.78148970e-06  2.43671632e-04 
 4.80089561e-06 -7.29633228e-05 
 4.83970742e-06  2.43618505e-04 
 4.91733105e-06 -7.29899946e-05 
 5.00000000e-06  2.43590674e-04 
 5.00001000e-06  3.78824298e-03 
 5.00003000e-06  3.68565817e-03 
 5.00007000e-06  4.63306170e-03 
 5.00010000e-06  5.45349198e-03 
 5.00010419e-06  1.50289611e-03 
 5.00011258e-06  1.01836820e-03 
 5.00012934e-06  1.28015609e-03 
 5.00016288e-06  8.38934528e-04 
 5.00022995e-06  1.04861328e-03 
 5.00036410e-06  6.04661586e-04 
 5.00054030e-06  8.67003398e-04 
 5.00089269e-06  5.17915739e-04 
 5.00138285e-06  6.71556862e-04 
 5.00189275e-06  1.33107604e-04 
 5.00242955e-06  4.47628662e-04 
 5.00309219e-06  6.32830574e-05 
 5.00374529e-06  3.26714528e-04 
 5.00452419e-06 -4.37061688e-05 
 5.00517894e-06  2.86489413e-04 
 5.00588755e-06 -4.55035797e-05 
 5.00675577e-06  2.85716629e-04 
 5.00755500e-06 -5.75254118e-05 
 5.00839130e-06  2.66664725e-04 
 5.00955981e-06 -7.44538468e-05 
 5.01076312e-06  2.58995011e-04 
 5.01294149e-06 -5.82204180e-05 
 5.01553313e-06  2.84994317e-04 
 5.01746711e-06 -1.91115166e-05 
 5.01913110e-06  3.22006198e-04 
 5.02072302e-06 -2.66107146e-05 
 5.02235744e-06  2.91437276e-04 
 5.02400710e-06 -5.06979841e-05 
 5.02582752e-06  2.70517761e-04 
 5.02779320e-06 -6.50825619e-05 
 5.03054955e-06  2.59873486e-04 
 5.03418694e-06 -7.23353372e-05 
 5.03887388e-06  2.53036530e-04 
 5.04529714e-06 -7.17718301e-05 
 5.05279616e-06  2.53121231e-04 
 5.05788061e-06 -1.00048983e-04 
 5.06352533e-06  2.45977593e-04 
 5.06981066e-06 -1.04079447e-04 
 5.07651592e-06  2.36635096e-04 
 5.08245645e-06 -1.04749763e-04 
 5.09046312e-06  2.36068627e-04 
 5.09910141e-06 -1.03580178e-04 
 5.11581177e-06  2.35981845e-04 
 5.13686370e-06 -1.02545077e-04 
 5.17147759e-06  2.36434779e-04 
 5.23757936e-06 -1.01683455e-04 
 5.25010000e-06  2.36506608e-04 
 5.25011000e-06 -3.78547367e-03 
 5.25013000e-06 -4.20980945e-03 
 5.25017000e-06 -3.45619502e-03 
 5.25020000e-06 -3.28882976e-03 
 5.25020074e-06 -3.22423610e-04 
 5.25020223e-06  6.07798374e-04 
 5.25020521e-06  3.81462231e-06 
 5.25021116e-06  4.46680123e-04 
 5.25022306e-06  1.32196472e-04 
 5.25024686e-06  4.92071102e-04 
 5.25029447e-06  2.03662620e-04 
 5.25038969e-06  5.12347562e-04 
 5.25058012e-06  2.33647025e-04 
 5.25091299e-06  6.52728621e-04 
 5.25140432e-06  3.54682112e-04 
 5.25203191e-06  5.61340231e-04 
 5.25260938e-06  3.64150972e-05 
 5.25329599e-06  2.91111488e-04 
 5.25414318e-06 -2.55847175e-05 
 5.25473918e-06  2.74504293e-04 
 5.25542397e-06 -7.10514566e-05 
 5.25624558e-06  2.40974085e-04 
 5.25727091e-06 -7.57419352e-05 
 5.25823954e-06  2.36911237e-04 
 5.26017681e-06 -8.97848194e-05 
 5.26211317e-06  2.26238620e-04 
 5.26527672e-06 -9.07157597e-05 
 5.26915436e-06  2.26084880e-04 
 5.27690963e-06 -9.06828650e-05 
 5.29242019e-06  2.26032531e-04 
 5.32344130e-06 -9.06645174e-05 
 5.38548352e-06  2.26047171e-04 
 5.50000000e-06 -9.06326431e-05 
 5.50001000e-06  3.76143321e-03 
 5.50003000e-06  3.68138257e-03 
 5.50007000e-06  4.60875339e-03 
 5.50010000e-06  5.44821889e-03 
 5.50010423e-06  1.48547086e-03 
 5.50011269e-06  1.00313785e-03 
 5.50012961e-06  1.26107713e-03 
 5.50016344e-06  8.20295746e-04 
 5.50023111e-06  1.02714406e-03 
 5.50036645e-06  5.86083336e-04 
 5.50054419e-06  8.47648424e-04 
 5.50089968e-06  5.01068994e-04 
 5.50139661e-06  6.47931013e-04 
 5.50191089e-06  1.15568421e-04 
 5.50241995e-06  4.23045451e-04 
 5.50304222e-06  3.74465712e-05 
 5.50369733e-06  3.05534861e-04 
 5.50456379e-06 -6.11856996e-05 
 5.50537959e-06  2.58385487e-04 
 5.50630378e-06 -6.87495629e-05 
 5.50761393e-06  2.71769523e-04 
 5.50881946e-06 -7.05048743e-05 
 5.51016559e-06  2.60932236e-04 
 5.51150397e-06 -8.42941613e-05 
 5.51281736e-06  2.33330925e-04 
 5.51418225e-06 -9.55745623e-05 
 5.51572072e-06  2.32782826e-04 
 5.51745289e-06 -9.69011122e-05 
 5.52055488e-06  2.32654452e-04 
 5.52510289e-06 -9.70576189e-05 
 5.53373998e-06  2.32633208e-04 
 5.54978563e-06 -9.70997986e-05 
 5.57951010e-06  2.32596139e-04 
 5.63852976e-06 -9.71312446e-05 
 5.75010000e-06  2.32574345e-04 
 5.75011000e-06 -3.78442769e-03 
 5.75013000e-06 -4.20662494e-03 
 5.75017000e-06 -3.45451737e-03 
 5.75020000e-06 -3.28719663e-03 
 5.75020074e-06 -3.22933266e-04 
 5.75020223e-06  6.05233540e-04 
 5.75020521e-06  2.00459230e-06 
 5.75021116e-06  4.44865260e-04 
 5.75022307e-06  1.30215555e-04 
 5.75024688e-06  4.90070779e-04 
 5.75029451e-06  2.01507270e-04 
 5.75038976e-06  5.10275525e-04 
 5.75058026e-06  2.31821904e-04 
 5.75091383e-06  6.51911408e-04 
 5.75140492e-06  3.54519223e-04 
 5.75203752e-06  5.60162301e-04 
 5.75261298e-06  3.66835856e-05 
 5.75329703e-06  2.94940407e-04 
 5.75414044e-06 -1.97400455e-05 
 5.75474680e-06  2.86430432e-04 
 5.75544481e-06 -4.92444350e-05 
 5.75613573e-06  2.58211896e-04 
 5.75686584e-06 -5.72017599e-05 
 5.75783540e-06  2.50824285e-04 
 5.75888669e-06 -7.84887973e-05 
 5.75997894e-06  2.36422557e-04 
 5.76145321e-06 -8.62960733e-05 
 5.76343249e-06  2.26360523e-04 
 5.76550080e-06 -9.04591524e-05 
 5.76894300e-06  2.26047599e-04 
 5.77338598e-06 -9.04438711e-05 
 5.78227194e-06  2.25990662e-04 
 5.80004387e-06 -9.04499639e-05 
 5.83558772e-06  2.25946619e-04 
 5.90667541e-06 -9.04741025e-05 
 6.00000000e-06  2.25922107e-04 
 6.00001000e-06  3.77058131e-03 
 6.00003000e-06  3.66860159e-03 
 6.00007000e-06  4.61805498e-03 
 6.00010000e-06  5.43696110e-03 
 6.00010419e-06  1.48654671e-03 
 6.00011258e-06  1.00172672e-03 
 6.00012935e-06  1.26266692e-03 
 6.00016289e-06  8.19906819e-04 
 6.00022998e-06  1.02931521e-03 
 6.00036415e-06  5.86468138e-04 
 6.00054083e-06  8.49809148e-04 
 6.00089421e-06  5.00726329e-04 
 6.00138572e-06  6.53262151e-04 
 6.00189665e-06  1.14722485e-04 
 6.00243344e-06  4.29550329e-04 
 6.00309350e-06  4.43559409e-05 
 6.00374994e-06  3.10589197e-04 
 6.00451588e-06 -5.94201406e-05 
 6.00514764e-06  2.83689029e-04 
 6.00584277e-06 -4.71624380e-05 
 6.00653815e-06  2.76839621e-04 
 6.00725916e-06 -6.99282005e-05 
 6.00800620e-06  2.59340622e-04 
 6.00907716e-06 -8.29185593e-05 
 6.01013737e-06  2.54735960e-04 
 6.01204714e-06 -7.13414761e-05 
 6.01325788e-06  2.61704955e-04 
 6.01466398e-06 -5.53707510e-05 
 6.01608556e-06  2.67845748e-04 
 6.01758213e-06 -3.25512102e-05 
 6.01895042e-06  3.12183242e-04 
 6.02034039e-06 -3.27618173e-05 
 6.02189986e-06  2.81257374e-04 
 6.02336306e-06 -5.54389097e-05 
 6.02484998e-06  2.64385200e-04 
 6.02661288e-06 -6.52423519e-05 
 6.02903266e-06  2.59066513e-04 
 6.03159419e-06 -7.08942712e-05 
 6.03668916e-06  2.53464542e-04 
 6.04340882e-06 -7.32076566e-05 
 6.05091009e-06  2.50411305e-04 
 6.05903786e-06 -7.70045278e-05 
 6.06966372e-06  2.47825372e-04 
 6.08957981e-06 -8.00146383e-05 
 6.11207588e-06  2.41793509e-04 
 6.12946073e-06 -9.11832841e-05 
 6.14836571e-06  2.32308181e-04 
 6.17003416e-06 -9.47572646e-05 
 6.19516536e-06  2.31166206e-04 
 6.24542774e-06 -9.51523850e-05 
 6.25010000e-06  2.30778794e-04 
 6.25011000e-06 -3.78959330e-03 
 6.25013000e-06 -4.21343884e-03 
 6.25017000e-06 -3.45802523e-03 
 6.25020000e-06 -3.28959559e-03 
 6.25020074e-06 -3.24009045e-04 
 6.25020223e-06  6.05866409e-04 
 6.25020521e-06  2.28489983e-06 
 6.25021116e-06  4.45189256e-04 
 6.25022306e-06  1.30966601e-04 
 6.25024686e-06  4.90992382e-04 
 6.25029446e-06  2.03121591e-04 
 6.25038966e-06  5.12042827e-04 
 6.25058006e-06  2.33883910e-04 
 6.25091473e-06  6.53491845e-04 
 6.25140526e-06  3.54828677e-04 
 6.25204110e-06  5.58052354e-04 
 6.25261523e-06  3.51913520e-05 
 6.25330108e-06  2.92739136e-04 
 6.25414089e-06 -2.32743448e-05 
 6.25473695e-06  2.76415294e-04 
 6.25542651e-06 -6.98079703e-05 
 6.25627909e-06  2.41100881e-04 
 6.25720812e-06 -7.50868873e-05 
 6.25823295e-06  2.37313380e-04 
 6.26028262e-06 -8.97803394e-05 
 6.26217547e-06  2.26557628e-04 
 6.26540373e-06 -9.04631606e-05 
 6.26925692e-06  2.26373137e-04 
 6.27696330e-06 -9.04801237e-05 
 6.29237605e-06  2.26252979e-04 
 6.32320156e-06 -9.05695775e-05 
 6.38485258e-06  2.26135365e-04 
 6.50000000e-06 -9.06539732e-05 
 6.50001000e-06  3.76100209e-03 
 6.50003000e-06  3.68092050e-03 
 6.50007000e-06  4.60906358e-03 
 6.50010000e-06  5.44778833e-03 
 6.50010423e-06  1.48566893e-03 
 6.50011269e-06  1.00268553e-03 
 6.50012960e-06  1.26143496e-03 
 6.50016343e-06  8.19995697e-04 
 6.50023110e-06  1.02752849e-03 
 6.50036642e-06  5.85765665e-04 
 6.50054420e-06  8.47982010e-04 
 6.50089975e-06  5.00748129e-04 
 6.50139670e-06  6.48302238e-04 
 6.50191089e-06  1.15352012e-04 
 6.50241995e-06  4.23388504e-04 
 6.50304193e-06  3.63581572e-05 
 6.50369701e-06  3.04813152e-04 
 6.50456333e-06 -6.42974333e-05 
 6.50535132e-06  2.59001629e-04 
 6.50628773e-06 -7.07237920e-05 
 6.50742901e-06  2.72062810e-04 
 6.50873348e-06 -6.93582723e-05 
 6.50987865e-06  2.63333301e-04 
 6.51107253e-06 -7.80425086e-05 
 6.51218898e-06  2.36872906e-04 
 6.51349799e-06 -9.60193880e-05 
 6.51481343e-06  2.34099463e-04 
 6.51630127e-06 -9.75642859e-05 
 6.51927697e-06  2.33482594e-04 
 6.52522836e-06 -9.78333408e-05 
 6.53557587e-06  2.33420915e-04 
 6.55627089e-06 -9.78762852e-05 
 6.59766094e-06  2.33369201e-04 
 6.68044102e-06 -9.79142723e-05 
 6.75010000e-06  2.33344931e-04 
 6.75011000e-06 -3.78491079e-03 
 6.75013000e-06 -4.20710054e-03 
 6.75017000e-06 -3.45402878e-03 
 6.75020000e-06 -3.28615604e-03 
 6.75020074e-06 -3.22253172e-04 
 6.75020223e-06  6.05761670e-04 
 6.75020521e-06  2.65068548e-06 
 6.75021116e-06  4.45338943e-04 
 6.75022307e-06  1.30801587e-04 
 6.75024688e-06  4.90479930e-04 
 6.75029450e-06  2.01970193e-04 
 6.75038974e-06  5.10501766e-04 
 6.75058023e-06  2.32030137e-04 
 6.75091380e-06  6.51941282e-04 
 6.75140507e-06  3.54549363e-04 
 6.75204197e-06  5.58534056e-04 
 6.75261582e-06  3.64601164e-05 
 6.75330217e-06  2.94724205e-04 
 6.75414872e-06 -1.96092783e-05 
 6.75475506e-06  2.86238298e-04 
 6.75545211e-06 -4.93661484e-05 
 6.75614790e-06  2.58045857e-04 
 6.75688013e-06 -5.71294030e-05 
 6.75785864e-06  2.50265902e-04 
 6.75891565e-06 -7.85111616e-05 
 6.76005608e-06  2.36096714e-04 
 6.76150744e-06 -8.64395484e-05 
 6.76359473e-06  2.26159735e-04 
 6.76561533e-06 -9.04061365e-05 
 6.76923326e-06  2.25986960e-04 
 6.77377181e-06 -9.04014319e-05 
 6.78284891e-06  2.25936245e-04 
 6.80100311e-06 -9.04108825e-05 
 6.83731152e-06  2.25893459e-04 
 6.90992833e-06 -9.04363426e-05 
 7.00000000e-06  2.25868862e-04 
 7.00001000e-06  3.77020699e-03 
 7.00003000e-06  3.66825513e-03 
 7.00007000e-06  4.61821742e-03 
 7.00010000e-06  5.43666004e-03 
 7.00010419e-06  1.48647089e-03 
 7.00011258e-06  1.00162458e-03 
 7.00012935e-06  1.26266200e-03 
 7.00016289e-06  8.19853354e-04 
 7.00022998e-06  1.02932620e-03 
 7.00036414e-06  5.86388319e-04 
 7.00054085e-06  8.49788989e-04 
 7.00089426e-06  5.00653939e-04 
 7.00138576e-06  6.53230692e-04 
 7.00189658e-06  1.14670298e-04 
 7.00243336e-06  4.29574125e-04 
 7.00309314e-06  4.49214165e-05 
 7.00374946e-06  3.11475980e-04 
 7.00451537e-06 -5.72793428e-05 
 7.00514641e-06  2.83385434e-04 
 7.00584171e-06 -4.68217397e-05 
 7.00652535e-06  2.77596397e-04 
 7.00721575e-06 -6.76733952e-05 
 7.00794459e-06  2.59414849e-04 
 7.00899697e-06 -8.43126177e-05 
 7.00999888e-06  2.49638252e-04 
 7.01151237e-06 -7.12547101e-05 
 7.01298945e-06  2.59493581e-04 
 7.01435880e-06 -5.85237316e-05 
 7.01585341e-06  2.67349459e-04 
 7.01745359e-06 -4.60457699e-05 
 7.01929266e-06  3.04936966e-04 
 7.02052115e-06 -3.87858612e-05 
 7.02185560e-06  2.79535376e-04 
 7.02308549e-06 -5.15469922e-05 
 7.02439759e-06  2.69633767e-04 
 7.02587874e-06 -5.84653268e-05 
 7.02795061e-06  2.65605952e-04 
 7.03010414e-06 -6.41027253e-05 
 7.03391355e-06  2.54971053e-04 
 7.03827959e-06 -7.29745951e-05 
 7.04342805e-06  2.51147201e-04 
 7.04991011e-06 -7.44557759e-05 
 7.06287423e-06  2.49336801e-04 
 7.08146500e-06 -7.60113792e-05 
 7.10863160e-06  2.48232701e-04 
 7.13747137e-06 -7.63051317e-05 
 7.18462592e-06  2.48006386e-04 
 7.23375690e-06 -7.76882164e-05 
 7.25010000e-06  2.46773392e-04 
 7.25011000e-06 -3.77253053e-03 
 7.25013000e-06 -4.19604056e-03 
 7.25017000e-06 -3.43980428e-03 
 7.25020000e-06 -3.27057283e-03 
 7.25020074e-06 -3.05740724e-04 
 7.25020223e-06  6.23498821e-04 
 7.25020521e-06  2.04933009e-05 
 7.25021116e-06  4.62968554e-04 
 7.25022306e-06  1.47935981e-04 
 7.25024686e-06  5.07138425e-04 
 7.25029446e-06  2.18190759e-04 
 7.25038967e-06  5.27787988e-04 
 7.25058007e-06  2.50246644e-04 
 7.25091870e-06  6.72120249e-04 
 7.25140712e-06  3.71358387e-04 
 7.25197855e-06  5.96172460e-04 
 7.25257748e-06  5.66818870e-05 
 7.25322435e-06  3.12981206e-04 
 7.25406128e-06 -8.67081966e-06 
 7.25465973e-06  2.96829772e-04 
 7.25535670e-06 -5.25362333e-05 
 7.25618645e-06  2.58355557e-04 
 7.25702774e-06 -5.93107284e-05 
 7.25811283e-06  2.55616646e-04 
 7.25993053e-06 -7.30977012e-05 
 7.26184030e-06  2.43927341e-04 
 7.26472487e-06 -7.47578709e-05 
 7.26855593e-06  2.43678770e-04 
 7.27621806e-06 -7.48071471e-05 
 7.29154232e-06  2.43482810e-04 
 7.32112010e-06 -7.50058125e-05 
 7.38027566e-06  2.43111294e-04 
 7.49858679e-06 -7.59190851e-05 
 7.50000000e-06  2.42274828e-04 
 7.50001000e-06  3.78773071e-03 
 7.50003000e-06  3.68656192e-03 
 7.50007000e-06  4.63499864e-03 
 7.50010000e-06  5.45525999e-03 
 7.50010419e-06  1.50323499e-03 
 7.50011258e-06  1.01872212e-03 
 7.50012935e-06  1.27895568e-03 
 7.50016290e-06  8.36480090e-04 
 7.50022999e-06  1.04478421e-03 
 7.50036418e-06  6.01662767e-04 
 7.50054162e-06  8.63733235e-04 
 7.50089651e-06  5.15763273e-04 
 7.50140825e-06  6.58606425e-04 
 7.50192946e-06  1.27194600e-04 
 7.50246023e-06  4.37915203e-04 
 7.50307765e-06  4.81232117e-05 
 7.50375932e-06  3.17674418e-04 
 7.50455979e-06 -4.62297272e-05 
 7.50541575e-06  2.74248792e-04 
 7.50631762e-06 -5.54597207e-05 
 7.50757588e-06  2.87993695e-04 
 7.50906366e-06 -5.69952824e-05 
 7.51042236e-06  2.77604703e-04 
 7.51181489e-06 -6.94863494e-05 
 7.51310150e-06  2.50190766e-04 
 7.51450035e-06 -8.10606804e-05 
 7.51600166e-06  2.49347319e-04 
 7.51771483e-06 -8.26097702e-05 
 7.52086083e-06  2.49082298e-04 
 7.52538868e-06 -8.29064955e-05 
 7.53429433e-06  2.48885890e-04 
 7.55081588e-06 -8.33679945e-05 
 7.58186108e-06  2.47561796e-04 
 7.64395147e-06 -8.81180564e-05 
 7.72541438e-06  2.40939842e-04 
 7.75010000e-06 -9.14026575e-05 
 7.75011000e-06 -3.78582025e-03 
 7.75013000e-06 -4.19078137e-03 
 7.75017000e-06 -3.45705309e-03 
 7.75020000e-06 -3.26938992e-03 
 7.75020073e-06 -3.24885241e-04 
 7.75020219e-06  6.09455099e-04 
 7.75020511e-06  1.31400666e-05 
 7.75021096e-06  4.46006798e-04 
 7.75022265e-06  1.40609817e-04 
 7.75024602e-06  4.91339493e-04 
 7.75029277e-06  2.12722822e-04 
 7.75038628e-06  5.12325984e-04 
 7.75057328e-06  2.42558814e-04 
 7.75090567e-06  6.52168425e-04 
 7.75139572e-06  3.67796793e-04 
 7.75202708e-06  5.66097200e-04 
 7.75260549e-06  5.00473823e-05 
 7.75328690e-06  2.97367317e-04 
 7.75413088e-06 -7.89393650e-06 
 7.75473581e-06  2.88470980e-04 
 7.75543098e-06 -3.78766090e-05 
 7.75612555e-06  2.60065317e-04 
 7.75685657e-06 -4.55866863e-05 
 7.75783483e-06  2.52209338e-04 
 7.75889170e-06 -6.68587811e-05 
 7.76010194e-06  2.37831258e-04 
 7.76151316e-06 -7.49760314e-05 
 7.76369434e-06  2.27986052e-04 
 7.76568985e-06 -7.89024863e-05 
 7.76943893e-06  2.27843761e-04 
 7.77403983e-06 -7.89811209e-05 
 7.78324162e-06  2.27671094e-04 
 7.80164520e-06 -7.92030963e-05 
 7.83845237e-06  2.27307073e-04 
 7.91206669e-06 -7.96148136e-05 
 8.00000000e-06  2.26999939e-04 
 8.00001000e-06  3.77707547e-03 
 8.00003000e-06  3.67581352e-03 
 8.00007000e-06  4.62535702e-03 
 8.00010000e-06  5.44466913e-03 
 8.00010419e-06  1.49357880e-03 
 8.00011258e-06  1.00806829e-03 
 8.00012935e-06  1.26907177e-03 
 8.00016289e-06  8.25660151e-04 
 8.00022997e-06  1.03481578e-03 
 8.00036413e-06  5.91792948e-04 
 8.00054148e-06  8.54982313e-04 
 8.00089618e-06  5.06143911e-04 
 8.00140606e-06  6.48641842e-04 
 8.00192585e-06  1.15555095e-04 
 8.00248365e-06  4.34930390e-04 
 8.00314028e-06  4.40545442e-05 
 8.00382968e-06  3.08497623e-04 
 8.00461315e-06 -5.46567989e-05 
 8.00524861e-06  2.91200784e-04 
 8.00593743e-06 -4.19583272e-05 
 8.00660719e-06  2.82745593e-04 
 8.00738546e-06 -6.40342484e-05 
 8.00810519e-06  2.66314086e-04 
 8.00919621e-06 -7.81956410e-05 
 8.01024811e-06  2.58232387e-04 
 8.01192342e-06 -6.99283898e-05 
 8.01318846e-06  2.53824827e-04 
 8.01454625e-06 -7.06219430e-05 
 8.01599299e-06  2.63057477e-04 
 8.01753804e-06 -6.32191429e-05 
 8.01924781e-06  2.78291174e-04 
 8.02140588e-06 -5.43321516e-05 
 8.02439138e-06  2.74296762e-04 
 8.02712516e-06 -5.97265386e-05 
 8.03037349e-06  2.89932527e-04 
 8.03369024e-06 -5.45148869e-05 
 8.03667651e-06  2.56641888e-04 
 8.04006182e-06 -7.61508296e-05 
 8.04332356e-06  2.49197285e-04 
 8.04799983e-06 -7.67902829e-05 
 8.05269423e-06  2.49146353e-04 
 8.06208304e-06 -7.74198363e-05 
 8.07797513e-06  2.49057503e-04 
 8.10338925e-06 -7.77442874e-05 
 8.15074407e-06  2.48865633e-04 
 8.20095812e-06 -7.80419882e-05 
 8.25010000e-06  2.48773642e-04 
 8.25011000e-06 -3.77276495e-03 
 8.25013000e-06 -4.19079996e-03 
 8.25017000e-06 -3.42951605e-03 
 8.25020000e-06 -3.26985849e-03 
 8.25020074e-06 -3.07353483e-04 
 8.25020223e-06  6.17539832e-04 
 8.25020521e-06  1.37469655e-05 
 8.25021116e-06  4.58584352e-04 
 8.25022305e-06  1.44340528e-04 
 8.25024685e-06  5.05685855e-04 
 8.25029445e-06  2.16456596e-04 
 8.25038964e-06  5.26763728e-04 
 8.25058003e-06  2.48826347e-04 
 8.25096079e-06  6.79094641e-04 
 8.25142675e-06  3.57241024e-04 
 8.25198204e-06  5.82894769e-04 
 8.25258159e-06  4.11055353e-05 
 8.25321969e-06  2.94778779e-04 
 8.25404472e-06 -3.06866507e-05 
 8.25494690e-06  2.67716623e-04 
 8.25612224e-06 -6.07586942e-05 
 8.25752281e-06  2.60694727e-04 
 8.25884966e-06 -6.86694065e-05 
 8.26110534e-06  2.45732532e-04 
 8.26350992e-06 -7.49612843e-05 
 8.26728785e-06  2.45876638e-04 
 8.27291122e-06 -7.50392748e-05 
 8.28415798e-06  2.45829758e-04 
 8.30665148e-06 -7.50925308e-05 
 8.35163850e-06  2.45773391e-04 
 8.44161252e-06 -7.51412306e-05 
 8.50000000e-06  2.45745151e-04 
