 0.00000000e+00  6.34486230e-05 
 1.00000000e-12  3.88846981e-03 
 2.00000000e-12  4.23437538e-03 
 4.00000000e-12  4.34738637e-03 
 8.00000000e-12  4.20295401e-03 
 1.60000000e-11  4.08223903e-03 
 3.20000000e-11  4.00594689e-03 
 6.40000000e-11  5.30931073e-03 
 1.00000000e-10  7.90707190e-03 
 1.06400000e-10  2.96253521e-03 
 1.19200000e-10  2.30554555e-03 
 1.44800000e-10  2.40628994e-03 
 1.96000000e-10  1.67254005e-03 
 2.98400000e-10  1.62648114e-03 
 4.48189112e-10  1.14034103e-03 
 7.26310938e-10  1.18071119e-03 
 9.88387061e-10  8.31544519e-04 
 1.41218354e-09  1.04085848e-03 
 1.79574387e-09  8.36910066e-04 
 2.21532543e-09  1.08652673e-03 
 2.65912644e-09  7.01798339e-04 
 3.18019404e-09  1.05577244e-03 
 3.68004016e-09  5.53760276e-04 
 4.18296053e-09  7.52698497e-04 
 4.73746058e-09  2.24323479e-04 
 5.36355520e-09  5.42878354e-04 
 6.12208362e-09  1.73903403e-04 
 6.86865218e-09  4.55687344e-04 
 7.73157318e-09  4.62042427e-05 
 8.63804652e-09  2.86296373e-04 
 9.65073268e-09  2.91689770e-05 
 1.08328884e-08  4.02707492e-04 
 1.18179243e-08 -1.02019576e-05 
 1.26227890e-08  3.02258170e-04 
 1.34617480e-08 -2.74584817e-05 
 1.44198396e-08  2.96857767e-04 
 1.57248484e-08 -3.30125903e-05 
 1.74073060e-08  2.92435931e-04 
 1.98476725e-08 -3.84908407e-05 
 2.34241532e-08  2.82968957e-04 
 2.85641733e-08 -3.90132814e-05 
 3.36512321e-08  2.87757902e-04 
 3.83808766e-08 -4.49781480e-05 
 4.33690214e-08  2.84555492e-04 
 5.19593102e-08 -4.84156501e-05 
 6.02765068e-08  2.79474010e-04 
 7.40912933e-08 -5.25064704e-05 
 9.32683150e-08  2.73901350e-04 
 1.21245406e-07 -5.64853440e-05 
 1.70482216e-07  2.71150135e-04 
 2.48099811e-07 -5.93443563e-05 
 2.50100000e-07  2.68486978e-04 
 2.50110000e-07 -4.69438432e-03 
 2.50130000e-07 -5.31653622e-03 
 2.50170000e-07 -3.64584725e-03 
 2.50200000e-07 -3.57674324e-03 
 2.50206587e-07  4.96087784e-04 
 2.50219761e-07  6.72064083e-04 
 2.50246109e-07  6.06030002e-04 
 2.50298805e-07  5.75375526e-04 
 2.50393414e-07  4.77101223e-04 
 2.50515357e-07  4.76379250e-04 
 2.50692233e-07  4.99271004e-04 
 2.50924538e-07  5.29586494e-04 
 2.51317378e-07  4.31550018e-04 
 2.51727825e-07  3.81222782e-04 
 2.52158926e-07  1.81082794e-04 
 2.52761624e-07  2.06296474e-04 
 2.53523026e-07  1.49512174e-04 
 2.54052514e-07  1.95463355e-04 
 2.54664435e-07  1.00354671e-04 
 2.55327371e-07  1.59677410e-04 
 2.56152334e-07  9.00722794e-05 
 2.56955882e-07  1.42753684e-04 
 2.58328972e-07  7.49407081e-05 
 2.59784589e-07  1.35709908e-04 
 2.62534844e-07  7.40275867e-05 
 2.65859667e-07  1.35046378e-04 
 2.72509315e-07  7.32840447e-05 
 2.83699080e-07  1.33744607e-04 
 3.02186397e-07  7.12101494e-05 
 3.36517922e-07  1.29859864e-04 
 4.05180972e-07  6.35720159e-05 
 5.00000000e-07  1.19455505e-04 
 5.00010000e-07  2.46031148e-03 
 5.00030000e-07  2.25820457e-03 
 5.00070000e-07  3.11911645e-03 
 5.00100000e-07  3.96953645e-03 
 5.00108000e-07  1.20635341e-03 
 5.00124000e-07  8.57949028e-04 
 5.00156000e-07  9.34860182e-04 
 5.00220000e-07  6.15467462e-04 
 5.00344986e-07  6.78277049e-04 
 5.00517956e-07  4.84427219e-04 
 5.00863896e-07  6.56705185e-04 
 5.01310457e-07  2.51872353e-04 
 5.01817739e-07  3.17353696e-04 
 5.02305162e-07  1.69234839e-04 
 5.02772021e-07  2.37318327e-04 
 5.03341401e-07  6.11907913e-05 
 5.03933762e-07  1.81255893e-04 
 5.04594970e-07  3.96194771e-05 
 5.05509986e-07  1.74609938e-04 
 5.06429176e-07  4.32903568e-05 
 5.07760979e-07  1.84609784e-04 
 5.08981833e-07  4.44786912e-05 
 5.10308684e-07  1.94235771e-04 
 5.11658113e-07  7.69431788e-05 
 5.13193847e-07  1.90278092e-04 
 5.14681678e-07  4.28070576e-05 
 5.16262610e-07  1.77014602e-04 
 5.18524921e-07  2.51802503e-05 
 5.21013245e-07  1.58270498e-04 
 5.25009849e-07  1.93623531e-05 
 5.30998562e-07  1.56151081e-04 
 5.41624245e-07  1.90205720e-05 
 5.60217939e-07  1.55070731e-04 
 5.92918499e-07  1.76539185e-05 
 6.58319619e-07  1.52975631e-04 
 7.50100000e-07  1.55190765e-05 
 7.50110000e-07 -2.43021627e-03 
 7.50130000e-07 -2.78877543e-03 
 7.50170000e-07 -2.04754777e-03 
 7.50200000e-07 -1.94354844e-03 
 7.50208000e-07  3.37681585e-04 
 7.50224000e-07  4.35737113e-04 
 7.50256000e-07  4.12253452e-04 
 7.50320000e-07  4.43012567e-04 
 7.50448000e-07  3.67770568e-04 
 7.50697943e-07  4.89640431e-04 
 7.51019923e-07  4.45202491e-04 
 7.51566764e-07  4.19094543e-04 
 7.52059753e-07  1.83753463e-04 
 7.52583787e-07  1.77367042e-04 
 7.53358500e-07  1.16097125e-04 
 7.53867758e-07  1.57219841e-04 
 7.54450093e-07  8.28413932e-05 
 7.55025299e-07  1.29826850e-04 
 7.55630945e-07  7.12345048e-05 
 7.56456001e-07  1.19476146e-04 
 7.57319898e-07  5.87014234e-05 
 7.59047691e-07  1.11344848e-04 
 7.61341803e-07  5.63816773e-05 
 7.64936161e-07  1.11256630e-04 
 7.71879656e-07  5.63173908e-05 
 7.85766646e-07  1.11058256e-04 
 8.13540626e-07  5.60757663e-05 
 8.69088585e-07  1.10693836e-04 
 9.80184505e-07  5.56644211e-05 
 1.00000000e-06  1.10455634e-04 
 1.00001000e-06  2.45110715e-03 
 1.00003000e-06  2.23812187e-03 
 1.00007000e-06  3.11159473e-03 
 1.00010000e-06  3.95659360e-03 
 1.00010800e-06  1.19726912e-03 
 1.00012400e-06  8.50423815e-04 
 1.00015600e-06  9.27862086e-04 
 1.00022000e-06  6.10071977e-04 
 1.00034494e-06  6.72550420e-04 
 1.00051797e-06  4.79731721e-04 
 1.00086404e-06  6.50979055e-04 
 1.00131062e-06  2.45825991e-04 
 1.00181803e-06  3.10487732e-04 
 1.00230605e-06  1.66722495e-04 
 1.00278011e-06  2.34867407e-04 
 1.00332291e-06  5.56274768e-05 
 1.00390078e-06  1.80459003e-04 
 1.00448879e-06  4.77822699e-05 
 1.00521606e-06  1.79170291e-04 
 1.00584404e-06  3.46222900e-05 
 1.00650900e-06  1.62876149e-04 
 1.00748181e-06  2.26490449e-05 
 1.00837882e-06  1.63141893e-04 
 1.00977622e-06  4.12743083e-05 
 1.01133380e-06  1.78321707e-04 
 1.01279387e-06  7.61307561e-05 
 1.01390298e-06  2.19059289e-04 
 1.01496640e-06  8.29981233e-05 
 1.01611751e-06  2.06314574e-04 
 1.01716365e-06  6.84866862e-05 
 1.01825341e-06  1.93651547e-04 
 1.01944587e-06  5.93250190e-05 
 1.02116950e-06  1.87075847e-04 
 1.02294917e-06  5.43647083e-05 
 1.02618155e-06  1.81032763e-04 
 1.03132246e-06  4.64273566e-05 
 1.03917325e-06  1.71385340e-04 
 1.05325850e-06  3.52785574e-05 
 1.07952692e-06  1.59902050e-04 
 1.13206377e-06  2.71620087e-05 
 1.20939464e-06  1.54016534e-04 
 1.25010000e-06  2.20669261e-05 
 1.25011000e-06 -2.42988222e-03 
 1.25013000e-06 -2.79041625e-03 
 1.25017000e-06 -2.03869362e-03 
 1.25020000e-06 -1.93449987e-03 
 1.25020800e-06  3.42313086e-04 
 1.25022400e-06  4.40445657e-04 
 1.25025600e-06  4.17292068e-04 
 1.25032000e-06  4.47565094e-04 
 1.25044800e-06  3.72216418e-04 
 1.25069877e-06  4.94080870e-04 
 1.25101730e-06  4.48888249e-04 
 1.25150887e-06  4.37775021e-04 
 1.25202924e-06  1.93168656e-04 
 1.25252100e-06  1.85668422e-04 
 1.25326803e-06  1.20825580e-04 
 1.25378335e-06  1.64256392e-04 
 1.25437325e-06  8.07713221e-05 
 1.25496936e-06  1.30695078e-04 
 1.25560041e-06  7.47980746e-05 
 1.25644048e-06  1.22550170e-04 
 1.25776712e-06  6.01462060e-05 
 1.25929116e-06  1.14196613e-04 
 1.26198041e-06  5.91230185e-05 
 1.26539223e-06  1.13709985e-04 
 1.27221586e-06  5.86800446e-05 
 1.28586312e-06  1.12769523e-04 
 1.31315765e-06  5.72128516e-05 
 1.36774669e-06  1.10758338e-04 
 1.47692479e-06  5.56075337e-05 
 1.50000000e-06  1.10298381e-04 
 1.50001000e-06  2.44874034e-03 
 1.50003000e-06  2.23211270e-03 
 1.50007000e-06  3.11455138e-03 
 1.50010000e-06  3.95384943e-03 
 1.50010800e-06  1.19674081e-03 
 1.50012400e-06  8.49720649e-04 
 1.50015600e-06  9.27410500e-04 
 1.50022000e-06  6.09642506e-04 
 1.50034494e-06  6.72168289e-04 
 1.50051790e-06  4.79288550e-04 
 1.50086381e-06  6.51069048e-04 
 1.50131047e-06  2.46313548e-04 
 1.50181741e-06  3.10293166e-04 
 1.50230755e-06  1.63951232e-04 
 1.50277754e-06  2.29115183e-04 
 1.50333107e-06  5.54722094e-05 
 1.50391265e-06  1.75549090e-04 
 1.50455130e-06  4.00863110e-05 
 1.50549663e-06  1.81621721e-04 
 1.50638239e-06  4.45113337e-05 
 1.50718095e-06  1.75117958e-04 
 1.50804747e-06  3.57115079e-05 
 1.50888173e-06  1.52480667e-04 
 1.50981395e-06  1.88889316e-05 
 1.51086454e-06  1.49318473e-04 
 1.51199211e-06  1.76764552e-05 
 1.51424723e-06  1.48800413e-04 
 1.51875747e-06  1.75326609e-05 
 1.52770815e-06  1.48759835e-04 
 1.54560951e-06  1.75441380e-05 
 1.58141224e-06  1.48818142e-04 
 1.65301769e-06  1.77006128e-05 
 1.75010000e-06  1.49017036e-04 
 1.75011000e-06 -2.42180588e-03 
 1.75013000e-06 -2.79458467e-03 
 1.75017000e-06 -2.02875899e-03 
 1.75020000e-06 -1.93669374e-03 
 1.75020800e-06  3.39935458e-04 
 1.75022400e-06  4.37325340e-04 
 1.75025600e-06  4.13710837e-04 
 1.75032000e-06  4.43272703e-04 
 1.75044800e-06  3.67410194e-04 
 1.75069675e-06  4.89005747e-04 
 1.75101489e-06  4.45459090e-04 
 1.75156155e-06  4.19912569e-04 
 1.75205425e-06  1.84361726e-04 
 1.75257695e-06  1.77427912e-04 
 1.75334696e-06  1.15779254e-04 
 1.75385527e-06  1.57413759e-04 
 1.75443827e-06  8.25615915e-05 
 1.75500182e-06  1.29705710e-04 
 1.75560015e-06  7.14222186e-05 
 1.75646187e-06  1.19139658e-04 
 1.75737655e-06  5.82781911e-05 
 1.75920591e-06  1.10962779e-04 
 1.76147205e-06  5.61808282e-05 
 1.76522013e-06  1.10930635e-04 
 1.77249324e-06  5.61559625e-05 
 1.78703946e-06  1.10855714e-04 
 1.81613189e-06  5.61374208e-05 
 1.87431675e-06  1.10841027e-04 
 1.99068647e-06  5.61584089e-05 
 2.00000000e-06  1.10840648e-04 
 2.00001000e-06  2.44607462e-03 
 2.00003000e-06  2.22634703e-03 
 2.00007000e-06  3.11641597e-03 
 2.00010000e-06  3.95030692e-03 
 2.00010800e-06  1.19618181e-03 
 2.00012400e-06  8.49693060e-04 
 2.00015600e-06  9.27459217e-04 
 2.00022000e-06  6.10166806e-04 
 2.00034490e-06  6.72715866e-04 
 2.00051776e-06  4.80048297e-04 
 2.00086348e-06  6.51688359e-04 
 2.00131024e-06  2.46482654e-04 
 2.00181662e-06  3.10814714e-04 
 2.00230820e-06  1.66621151e-04 
 2.00278058e-06  2.34638852e-04 
 2.00332091e-06  5.63818798e-05 
 2.00389774e-06  1.80685996e-04 
 2.00448560e-06  4.98332582e-05 
 2.00520831e-06  1.79828136e-04 
 2.00583763e-06  3.63875096e-05 
 2.00650240e-06  1.62938784e-04 
 2.00747641e-06  2.29007665e-05 
 2.00836734e-06  1.62483427e-04 
 2.00976286e-06  4.18325657e-05 
 2.01132633e-06  1.78042260e-04 
 2.01278646e-06  7.36256682e-05 
 2.01389603e-06  2.09503636e-04 
 2.01496175e-06  7.25232950e-05 
 2.01611219e-06  1.94455483e-04 
 2.01715670e-06  5.63853568e-05 
 2.01824574e-06  1.80008464e-04 
 2.01943801e-06  4.54796095e-05 
 2.02135061e-06  1.71724957e-04 
 2.02307488e-06  3.93074142e-05 
 2.02652344e-06  1.64684969e-04 
 2.03175962e-06  3.08052291e-05 
 2.03974620e-06  1.56039204e-04 
 2.05430813e-06  2.34023863e-05 
 2.08125900e-06  1.51861330e-04 
 2.13516074e-06  2.05617960e-05 
 2.24160328e-06  1.46441049e-04 
 2.25010000e-06  1.80100939e-05 
 2.25011000e-06 -2.43453195e-03 
 2.25013000e-06 -2.79486962e-03 
 2.25017000e-06 -2.03775740e-03 
 2.25020000e-06 -1.92949148e-03 
 2.25020800e-06  3.39167861e-04 
 2.25022400e-06  4.36755558e-04 
 2.25025600e-06  4.13725443e-04 
 2.25032000e-06  4.43144990e-04 
 2.25044800e-06  3.67579181e-04 
 2.25069880e-06  4.89604961e-04 
 2.25101446e-06  4.44878349e-04 
 2.25150490e-06  4.33832010e-04 
 2.25202554e-06  1.89977929e-04 
 2.25251648e-06  1.81300440e-04 
 2.25326041e-06  1.16693639e-04 
 2.25377700e-06  1.59982971e-04 
 2.25436797e-06  7.69164265e-05 
 2.25495982e-06  1.26227911e-04 
 2.25558733e-06  7.10855712e-05 
 2.25643341e-06  1.18229089e-04 
 2.25772534e-06  5.65996901e-05 
 2.25925299e-06  1.09965398e-04 
 2.26189688e-06  5.57442254e-05 
 2.26529577e-06  1.09871340e-04 
 2.27209354e-06  5.59250441e-05 
 2.28568909e-06  1.10051466e-04 
 2.31288018e-06  5.62873753e-05 
 2.36726235e-06  1.10472597e-04 
 2.47602671e-06  5.67024038e-05 
 2.50000000e-06  1.10660217e-04 
 2.50001000e-06  2.44552482e-03 
 2.50003000e-06  2.22496285e-03 
 2.50007000e-06  3.11865775e-03 
 2.50010000e-06  3.94953773e-03 
 2.50010800e-06  1.19637929e-03 
 2.50012400e-06  8.49575957e-04 
 2.50015600e-06  9.27576996e-04 
 2.50022000e-06  6.10149312e-04 
 2.50034492e-06  6.72791553e-04 
 2.50051789e-06  4.79952652e-04 
 2.50086381e-06  6.51788379e-04 
 2.50131049e-06  2.46833361e-04 
 2.50181742e-06  3.11027564e-04 
 2.50230759e-06  1.64668044e-04 
 2.50277758e-06  2.29618413e-04 
 2.50333114e-06  5.61608610e-05 
 2.50391272e-06  1.76191807e-04 
 2.50455127e-06  4.08113050e-05 
 2.50549636e-06  1.82280993e-04 
 2.50638217e-06  4.52356809e-05 
 2.50718052e-06  1.75774688e-04 
 2.50804694e-06  3.64335422e-05 
 2.50888183e-06  1.53163693e-04 
 2.50981494e-06  1.95725588e-05 
 2.51086635e-06  1.49987281e-04 
 2.51199275e-06  1.83605793e-05 
 2.51424554e-06  1.49460752e-04 
 2.51875113e-06  1.82024513e-05 
 2.52768890e-06  1.49390314e-04 
 2.54556443e-06  1.81575433e-05 
 2.58131550e-06  1.49344103e-04 
 2.65281763e-06  1.81389842e-05 
 2.75010000e-06  1.49339091e-04 
 2.75011000e-06 -2.42148839e-03 
 2.75013000e-06 -2.79411864e-03 
 2.75017000e-06 -2.02528236e-03 
 2.75020000e-06 -1.92893882e-03 
 2.75020800e-06  3.41301330e-04 
 2.75022400e-06  4.38260492e-04 
 2.75025600e-06  4.14700708e-04 
 2.75032000e-06  4.43612277e-04 
 2.75044800e-06  3.67628747e-04 
 2.75069675e-06  4.89323109e-04 
 2.75101278e-06  4.46158475e-04 
 2.75150454e-06  4.35413479e-04 
 2.75202451e-06  1.91725280e-04 
 2.75251603e-06  1.81815964e-04 
 2.75325875e-06  1.15665842e-04 
 2.75377472e-06  1.61418247e-04 
 2.75436410e-06  8.46296004e-05 
 2.75489543e-06  1.30888245e-04 
 2.75548052e-06  7.25219865e-05 
 2.75626478e-06  1.21569271e-04 
 2.75711301e-06  5.98903888e-05 
 2.75878192e-06  1.11246214e-04 
 2.76088567e-06  5.66431648e-05 
 2.76412518e-06  1.11110193e-04 
 2.76992330e-06  5.66428943e-05 
 2.78151955e-06  1.11005635e-04 
 2.80471205e-06  5.66063220e-05 
 2.85109705e-06  1.10946315e-04 
 2.94386704e-06  5.65761354e-05 
 3.00000000e-06  1.10924816e-04 
 3.00001000e-06  2.44326879e-03 
 3.00003000e-06  2.22108286e-03 
 3.00007000e-06  3.11920435e-03 
 3.00010000e-06  3.94674264e-03 
 3.00010800e-06  1.19562582e-03 
 3.00012400e-06  8.49354892e-04 
 3.00015600e-06  9.27341681e-04 
 3.00022000e-06  6.10312778e-04 
 3.00034490e-06  6.72975298e-04 
 3.00051781e-06  4.80267349e-04 
 3.00086364e-06  6.51860558e-04 
 3.00131038e-06  2.46558399e-04 
 3.00181695e-06  3.11111681e-04 
 3.00230839e-06  1.66891900e-04 
 3.00278091e-06  2.34673609e-04 
 3.00332139e-06  5.66077626e-05 
 3.00389825e-06  1.80888829e-04 
 3.00448581e-06  5.01029921e-05 
 3.00520941e-06  1.80029651e-04 
 3.00583873e-06  3.66446039e-05 
 3.00650445e-06  1.63134873e-04 
 3.00747801e-06  2.31729877e-05 
 3.00836990e-06  1.62719460e-04 
 3.00976683e-06  4.21115034e-05 
 3.01132824e-06  1.78067354e-04 
 3.01278850e-06  7.02313749e-05 
 3.01389677e-06  1.98625419e-04 
 3.01496167e-06  6.05433886e-05 
 3.01611179e-06  1.82243810e-04 
 3.01715630e-06  4.35978213e-05 
 3.01824506e-06  1.66718703e-04 
 3.01943748e-06  3.18052837e-05 
 3.02134907e-06  1.58473656e-04 
 3.02307352e-06  2.64792039e-05 
 3.02652242e-06  1.53034133e-04 
 3.03175946e-06  2.14011370e-05 
 3.03975044e-06  1.50016415e-04 
 3.05432106e-06  2.06681460e-05 
 3.08128032e-06  1.48566822e-04 
 3.11960281e-06  1.78692811e-05 
 3.15534951e-06  1.47650295e-04 
 3.18430533e-06  1.91210934e-05 
 3.21224627e-06  1.47993230e-04 
 3.25010000e-06  1.94259727e-05 
 3.25011000e-06 -2.43328965e-03 
 3.25013000e-06 -2.79353383e-03 
 3.25017000e-06 -2.03451926e-03 
 3.25020000e-06 -1.92269125e-03 
 3.25020800e-06  3.41266223e-04 
 3.25022400e-06  4.38540194e-04 
 3.25025600e-06  4.15535725e-04 
 3.25032000e-06  4.44477381e-04 
 3.25044800e-06  3.68831259e-04 
 3.25069881e-06  4.90970668e-04 
 3.25101299e-06  4.46518283e-04 
 3.25150274e-06  4.35432094e-04 
 3.25202328e-06  1.92000586e-04 
 3.25251385e-06  1.82652679e-04 
 3.25325579e-06  1.18091073e-04 
 3.25377314e-06  1.61291975e-04 
 3.25436479e-06  7.83841736e-05 
 3.25495435e-06  1.27347500e-04 
 3.25557987e-06  7.25773034e-05 
 3.25642977e-06  1.19350336e-04 
 3.25770198e-06  5.80445676e-05 
 3.25923203e-06  1.10962394e-04 
 3.26185029e-06  5.70387915e-05 
 3.26524302e-06  1.10756607e-04 
 3.27202849e-06  5.70557490e-05 
 3.28559943e-06  1.10670368e-04 
 3.31274131e-06  5.70440991e-05 
 3.36702507e-06  1.10650697e-04 
 3.47559260e-06  5.70528133e-05 
 3.50000000e-06  1.10646902e-04 
 3.50001000e-06  2.44333951e-03 
 3.50003000e-06  2.22124083e-03 
 3.50007000e-06  3.12070990e-03 
 3.50010000e-06  3.94687845e-03 
 3.50010800e-06  1.19597956e-03 
 3.50012400e-06  8.49288808e-04 
 3.50015600e-06  9.27479410e-04 
 3.50022000e-06  6.10253202e-04 
 3.50034492e-06  6.72978576e-04 
 3.50051789e-06  4.80085847e-04 
 3.50086381e-06  6.51950510e-04 
 3.50131049e-06  2.46871496e-04 
 3.50181742e-06  3.11228705e-04 
 3.50230760e-06  1.64894298e-04 
 3.50277758e-06  2.29713482e-04 
 3.50333117e-06  5.62802217e-05 
 3.50391278e-06  1.76332380e-04 
 3.50455135e-06  4.09702258e-05 
 3.50549645e-06  1.82437192e-04 
 3.50638231e-06  4.54000126e-05 
 3.50718083e-06  1.75927802e-04 
 3.50804733e-06  3.65907886e-05 
 3.50888268e-06  1.53329186e-04 
 3.50981629e-06  1.97200120e-05 
 3.51086795e-06  1.50151859e-04 
 3.51199369e-06  1.85110140e-05 
 3.51424516e-06  1.49623587e-04 
 3.51874811e-06  1.83508522e-05 
 3.52767801e-06  1.49547831e-04 
 3.54553779e-06  1.82971721e-05 
 3.58125737e-06  1.49487024e-04 
 3.65269651e-06  1.82583835e-05 
 3.75010000e-06  1.49462626e-04 
 3.75011000e-06 -2.42137434e-03 
 3.75013000e-06 -2.79392965e-03 
 3.75017000e-06 -2.02386394e-03 
 3.75020000e-06 -1.92449837e-03 
 3.75020800e-06  3.42029191e-04 
 3.75022400e-06  4.38732646e-04 
 3.75025600e-06  4.15154082e-04 
 3.75032000e-06  4.43673408e-04 
 3.75044800e-06  3.67641923e-04 
 3.75069675e-06  4.89456228e-04 
 3.75101160e-06  4.46479366e-04 
 3.75150279e-06  4.35774565e-04 
 3.75202278e-06  1.92394218e-04 
 3.75251396e-06  1.81991384e-04 
 3.75325521e-06  1.15853825e-04 
 3.75377177e-06  1.61503804e-04 
 3.75436167e-06  8.48587282e-05 
 3.75489294e-06  1.30906662e-04 
 3.75547799e-06  7.28122675e-05 
 3.75626032e-06  1.21638558e-04 
 3.75710724e-06  6.01722291e-05 
 3.75877248e-06  1.11236418e-04 
 3.76087235e-06  5.68884338e-05 
 3.76410250e-06  1.11097378e-04 
 3.76986981e-06  5.68894027e-05 
 3.78140444e-06  1.10990903e-04 
 3.80447369e-06  5.68519304e-05 
 3.85061220e-06  1.10929068e-04 
 3.94288922e-06  5.68187158e-05 
 4.00000000e-06  1.10905143e-04 
 4.00001000e-06  2.44146853e-03 
 4.00003000e-06  2.21825689e-03 
 4.00007000e-06  3.12073738e-03 
 4.00010000e-06  3.94463150e-03 
 4.00010800e-06  1.19528371e-03 
 4.00012400e-06  8.49076702e-04 
 4.00015600e-06  9.27245341e-04 
 4.00022000e-06  6.10424105e-04 
 4.00034490e-06  6.73126145e-04 
 4.00051776e-06  4.80361907e-04 
 4.00086348e-06  6.51993364e-04 
 4.00131024e-06  2.46640067e-04 
 4.00181660e-06  3.11247279e-04 
 4.00230822e-06  1.67125547e-04 
 4.00278058e-06  2.34761604e-04 
 4.00332090e-06  5.67234459e-05 
 4.00389775e-06  1.80971060e-04 
 4.00448566e-06  5.02187107e-05 
 4.00520826e-06  1.80141544e-04 
 4.00583750e-06  3.67861214e-05 
 4.00650225e-06  1.63254838e-04 
 4.00747613e-06  2.32991368e-05 
 4.00836708e-06  1.62783232e-04 
 4.00976234e-06  4.21681009e-05 
 4.01132626e-06  1.77991577e-04 
 4.01278608e-06  6.62041152e-05 
 4.01389459e-06  1.87085794e-04 
 4.01496029e-06  4.84880880e-05 
 4.01611014e-06  1.70775248e-04 
 4.01715442e-06  3.23126046e-05 
 4.01824301e-06  1.55728583e-04 
 4.01943570e-06  2.10922366e-05 
 4.02134385e-06  1.48453212e-04 
 4.02306878e-06  1.64640979e-05 
 4.02651261e-06  1.43049050e-04 
 4.03175013e-06  1.20786175e-05 
 4.03974122e-06  1.43412240e-04 
 4.04814005e-06  2.96506296e-05 
 4.05401948e-06  1.23837167e-04 
 4.05961175e-06  2.27795549e-05 
 4.06542591e-06  1.23512300e-04 
 4.07176329e-06  2.57459096e-05 
 4.07871993e-06  1.42892581e-04 
 4.08588430e-06  3.66071843e-05 
 4.09406244e-06  1.73065278e-04 
 4.10187530e-06  2.56873883e-05 
 4.10734187e-06  1.43960944e-04 
 4.11271340e-06  2.22767271e-05 
 4.11821071e-06  1.46016934e-04 
 4.12486709e-06  2.10540000e-05 
 4.13387290e-06  1.46811113e-04 
 4.14500733e-06  2.06899778e-05 
 4.16091923e-06  1.47114748e-04 
 4.18263364e-06  2.05779169e-05 
 4.21694202e-06  1.47236496e-04 
 4.25010000e-06  2.05337141e-05 
 4.25011000e-06 -2.43351295e-03 
 4.25013000e-06 -2.79358028e-03 
 4.25017000e-06 -2.03335791e-03 
 4.25020000e-06 -1.91910977e-03 
 4.25020800e-06  3.42203507e-04 
 4.25022400e-06  4.39313749e-04 
 4.25025600e-06  4.16358970e-04 
 4.25032000e-06  4.45069659e-04 
 4.25044800e-06  3.69372294e-04 
 4.25069854e-06  4.91322419e-04 
 4.25101197e-06  4.46992222e-04 
 4.25150157e-06  4.35788068e-04 
 4.25202198e-06  1.92517468e-04 
 4.25251244e-06  1.82439486e-04 
 4.25325325e-06  1.18049583e-04 
 4.25377818e-06  1.61467061e-04 
 4.25437948e-06  7.86803279e-05 
 4.25496446e-06  1.27476751e-04 
 4.25558879e-06  7.28834463e-05 
 4.25645921e-06  1.19192268e-04 
 4.25767791e-06  5.84213579e-05 
 4.25925229e-06  1.11009405e-04 
 4.26182168e-06  5.72834596e-05 
 4.26530116e-06  1.10809051e-04 
 4.27226014e-06  5.72774662e-05 
 4.28617808e-06  1.10702448e-04 
 4.31401397e-06  5.72346271e-05 
 4.36968576e-06  1.10647058e-04 
 4.48102932e-06  5.72086863e-05 
 4.50000000e-06  1.10625098e-04 
 4.50001000e-06  2.44196998e-03 
 4.50003000e-06  2.21921898e-03 
 4.50007000e-06  3.12178979e-03 
 4.50010000e-06  3.94532498e-03 
 4.50010800e-06  1.19570058e-03 
 4.50012400e-06  8.49064551e-04 
 4.50015600e-06  9.27430316e-04 
 4.50022000e-06  6.10309751e-04 
 4.50034492e-06  6.73099998e-04 
 4.50051788e-06  4.80123771e-04 
 4.50086380e-06  6.52025081e-04 
 4.50131053e-06  2.46927865e-04 
 4.50181709e-06  3.11264027e-04 
 4.50231303e-06  1.64484789e-04 
 4.50278096e-06  2.29344601e-04 
 4.50333321e-06  5.64153115e-05 
 4.50391487e-06  1.76371145e-04 
 4.50455281e-06  4.11397198e-05 
 4.50549829e-06  1.82596858e-04 
 4.50638605e-06  4.54290084e-05 
 4.50718506e-06  1.76139892e-04 
 4.50805323e-06  3.65577551e-05 
 4.50888770e-06  1.53429970e-04 
 4.50982186e-06  1.97367685e-05 
 4.51087199e-06  1.50252601e-04 
 4.51199743e-06  1.85457076e-05 
 4.51424832e-06  1.49714807e-04 
 4.51875010e-06  1.83916750e-05 
 4.52771102e-06  1.49636651e-04 
 4.54563285e-06  1.83389438e-05 
 4.58147651e-06  1.49573994e-04 
 4.65316384e-06  1.82981575e-05 
 4.75010000e-06  1.49546930e-04 
 4.75011000e-06 -2.42128551e-03 
 4.75013000e-06 -2.79379045e-03 
 4.75017000e-06 -2.02313021e-03 
 4.75020000e-06 -1.92185294e-03 
 4.75020800e-06  3.42502266e-04 
 4.75022400e-06  4.39045489e-04 
 4.75025600e-06  4.15396500e-04 
 4.75032000e-06  4.43675874e-04 
 4.75044800e-06  3.67609905e-04 
 4.75069675e-06  4.89537312e-04 
 4.75101087e-06  4.46660510e-04 
 4.75150168e-06  4.36012146e-04 
 4.75202168e-06  1.92795490e-04 
 4.75251264e-06  1.82061533e-04 
 4.75325286e-06  1.15896037e-04 
 4.75377075e-06  1.61542962e-04 
 4.75436265e-06  8.49574498e-05 
 4.75489456e-06  1.30916380e-04 
 4.75548036e-06  7.29656311e-05 
 4.75626045e-06  1.21671418e-04 
 4.75710621e-06  6.03188450e-05 
 4.75877192e-06  1.11231225e-04 
 4.76087160e-06  5.70158108e-05 
 4.76410264e-06  1.11092579e-04 
 4.76986098e-06  5.70175197e-05 
 4.78137767e-06  1.10985613e-04 
 4.80441104e-06  5.69799796e-05 
 4.85047779e-06  1.10923372e-04 
 4.94261128e-06  5.69462482e-05 
 5.00000000e-06  1.10899015e-04 
 5.00001000e-06  2.44032855e-03 
 5.00003000e-06  2.21669002e-03 
 5.00007000e-06  3.12151956e-03 
 5.00010000e-06  3.94338331e-03 
 5.00010800e-06  1.19505316e-03 
 5.00012400e-06  8.48898321e-04 
 5.00015600e-06  9.27237170e-04 
 5.00022000e-06  6.10510182e-04 
 5.00034490e-06  6.73264469e-04 
 5.00051775e-06  4.80396850e-04 
 5.00086347e-06  6.52053924e-04 
 5.00131026e-06  2.46621179e-04 
 5.00181643e-06  3.11317178e-04 
 5.00231100e-06  1.67007115e-04 
 5.00278228e-06  2.34681308e-04 
 5.00332188e-06  5.67843558e-05 
 5.00389877e-06  1.81012497e-04 
 5.00448656e-06  5.02959851e-05 
 5.00520767e-06  1.80196786e-04 
 5.00583611e-06  3.68753342e-05 
 5.00650050e-06  1.63319024e-04 
 5.00747288e-06  2.33680341e-05 
 5.00836386e-06  1.62794500e-04 
 5.00975677e-06  4.21599389e-05 
 5.01132428e-06  1.77938163e-04 
 5.01278393e-06  6.21876661e-05 
 5.01389339e-06  1.76122717e-04 
 5.01496052e-06  3.83108775e-05 
 5.01611016e-06  1.62170612e-04 
 5.01715481e-06  2.33911353e-05 
 5.01824363e-06  1.46013067e-04 
 5.01943688e-06  1.10758382e-05 
 5.02134588e-06  1.40448080e-04 
 5.02307137e-06  1.01798120e-05 
 5.02651744e-06  1.39337137e-04 
 5.03175829e-06  1.39933085e-05 
 5.03723164e-06  1.64654273e-04 
 5.04110560e-06 -7.32584291e-06 
 5.04507020e-06  1.52411564e-04 
 5.04959543e-06 -3.55419697e-06 
 5.05441506e-06  1.42003464e-04 
 5.05974341e-06 -7.48373403e-06 
 5.06523650e-06  1.41353545e-04 
 5.07115338e-06  6.93066632e-06 
 5.07960265e-06  1.60835835e-04 
 5.08749840e-06  1.80139908e-05 
 5.09710153e-06  1.58343549e-04 
 5.10834398e-06  4.06885197e-05 
 5.11771337e-06  1.36056137e-04 
 5.12676501e-06  3.08427687e-05 
 5.13400459e-06  1.38170733e-04 
 5.14253922e-06  2.89909277e-05 
 5.15960848e-06  1.39270334e-04 
 5.17820293e-06  2.83660574e-05 
 5.21075886e-06  1.39710440e-04 
 5.25010000e-06  2.80836655e-05 
 5.25011000e-06 -2.42640781e-03 
 5.25013000e-06 -2.78685371e-03 
 5.25017000e-06 -2.02918551e-03 
 5.25020000e-06 -1.91364566e-03 
 5.25020800e-06  3.45503931e-04 
 5.25022400e-06  4.42210006e-04 
 5.25025600e-06  4.18586435e-04 
 5.25032000e-06  4.46154113e-04 
 5.25044800e-06  3.69800143e-04 
 5.25069853e-06  4.91394246e-04 
 5.25101141e-06  4.47300005e-04 
 5.25150069e-06  4.35953561e-04 
 5.25202107e-06  1.92975466e-04 
 5.25251137e-06  1.82552418e-04 
 5.25325142e-06  1.18240119e-04 
 5.25377498e-06  1.61428935e-04 
 5.25437496e-06  7.88011050e-05 
 5.25496006e-06  1.27386001e-04 
 5.25558379e-06  7.31040368e-05 
 5.25645284e-06  1.19197679e-04 
 5.25767247e-06  5.86091780e-05 
 5.25923995e-06  1.10933436e-04 
 5.26180699e-06  5.74620329e-05 
 5.26526885e-06  1.10729901e-04 
 5.27219257e-06  5.74582786e-05 
 5.28604001e-06  1.10621322e-04 
 5.31373488e-06  5.74122334e-05 
 5.36912462e-06  1.10560014e-04 
 5.47990411e-06  5.73797353e-05 
 5.50000000e-06  1.10534770e-04 
 5.50001000e-06  2.44116847e-03 
 5.50003000e-06  2.21820808e-03 
 5.50007000e-06  3.12244383e-03 
 5.50010000e-06  3.94459965e-03 
 5.50010800e-06  1.19559808e-03 
 5.50012400e-06  8.48914215e-04 
 5.50015600e-06  9.27427517e-04 
 5.50022000e-06  6.10281303e-04 
 5.50034492e-06  6.73211566e-04 
 5.50051788e-06  4.80103583e-04 
 5.50086380e-06  6.52102950e-04 
 5.50131053e-06  2.46837020e-04 
 5.50181710e-06  3.11374003e-04 
 5.50231295e-06  1.64569191e-04 
 5.50278092e-06  2.29460799e-04 
 5.50333319e-06  5.63673834e-05 
 5.50391487e-06  1.76438049e-04 
 5.50455280e-06  4.11104782e-05 
 5.50549821e-06  1.82720807e-04 
 5.50638597e-06  4.54031036e-05 
 5.50718454e-06  1.76272578e-04 
 5.50805267e-06  3.65450141e-05 
 5.50888716e-06  1.53553323e-04 
 5.50982172e-06  1.97076402e-05 
 5.51087231e-06  1.50357677e-04 
 5.51199731e-06  1.85238460e-05 
 5.51424731e-06  1.49815511e-04 
 5.51874731e-06  1.83715934e-05 
 5.52771951e-06  1.49736164e-04 
 5.54566392e-06  1.83188922e-05 
 5.58155274e-06  1.49672709e-04 
 5.65333036e-06  1.82773843e-05 
 5.75010000e-06  1.49644693e-04 
 5.75011000e-06 -2.42130755e-03 
 5.75013000e-06 -2.79384484e-03 
 5.75017000e-06 -2.02285077e-03 
 5.75020000e-06 -1.92044172e-03 
 5.75020800e-06  3.42741604e-04 
 5.75022400e-06  4.39247132e-04 
 5.75025600e-06  4.15573137e-04 
 5.75032000e-06  4.43709605e-04 
 5.75044800e-06  3.67623537e-04 
 5.75069675e-06  4.89587522e-04 
 5.75101039e-06  4.46780233e-04 
 5.75150093e-06  4.36167872e-04 
 5.75202090e-06  1.93069805e-04 
 5.75251173e-06  1.82164423e-04 
 5.75325126e-06  1.15964900e-04 
 5.75376935e-06  1.61546462e-04 
 5.75436141e-06  8.49913272e-05 
 5.75489317e-06  1.30897737e-04 
 5.75547896e-06  7.30766057e-05 
 5.75625827e-06  1.21724081e-04 
 5.75710346e-06  6.04337688e-05 
 5.75876730e-06  1.11223515e-04 
 5.76086510e-06  5.71028293e-05 
 5.76409148e-06  1.11081582e-04 
 5.76983544e-06  5.71052956e-05 
 5.78132336e-06  1.10974159e-04 
 5.80429921e-06  5.70678516e-05 
 5.85025090e-06  1.10911638e-04 
 5.94215429e-06  5.70338555e-05 
 6.00000000e-06  1.10886966e-04 
 6.00001000e-06  2.43968350e-03 
 6.00003000e-06  2.21590864e-03 
 6.00007000e-06  3.12198764e-03 
 6.00010000e-06  3.94281128e-03 
 6.00010800e-06  1.19496606e-03 
 6.00012400e-06  8.48799298e-04 
 6.00015600e-06  9.27288542e-04 
 6.00022000e-06  6.10491171e-04 
 6.00034489e-06  6.73390755e-04 
 6.00051780e-06  4.80367416e-04 
 6.00086362e-06  6.52098303e-04 
 6.00131040e-06  2.46446451e-04 
 6.00181679e-06  3.11452093e-04 
 6.00231109e-06  1.67045428e-04 
 6.00278256e-06  2.34766944e-04 
 6.00332235e-06  5.66973947e-05 
 6.00389927e-06  1.81102921e-04 
 6.00448676e-06  5.02462380e-05 
 6.00520886e-06  1.80287467e-04 
 6.00583735e-06  3.68220533e-05 
 6.00650276e-06  1.63404418e-04 
 6.00747474e-06  2.33352431e-05 
 6.00836671e-06  1.62934659e-04 
 6.00976123e-06  4.21854702e-05 
 6.01132543e-06  1.78018871e-04 
 6.01278498e-06  5.86720263e-05 
 6.01389379e-06  1.67248633e-04 
 6.01496045e-06  3.23060123e-05 
 6.01610986e-06  1.58683868e-04 
 6.01715551e-06  2.00472657e-05 
 6.01824443e-06  1.44656511e-04 
 6.01943852e-06  1.04427794e-05 
 6.02135195e-06  1.40102489e-04 
 6.02307730e-06  9.18438586e-06 
 6.02652801e-06  1.37760902e-04 
 6.03178447e-06  1.98155190e-05 
 6.03515563e-06  1.63009553e-04 
 6.03805756e-06 -3.63883671e-06 
 6.04128051e-06  1.49729810e-04 
 6.04501827e-06  2.41390589e-06 
 6.04889382e-06  1.48740600e-04 
 6.05484819e-06  1.04441021e-05 
 6.06125104e-06  1.53859781e-04 
 6.06807561e-06  1.48172788e-05 
 6.07654275e-06  1.54306774e-04 
 6.09329914e-06  1.68181981e-05 
 6.11235746e-06  1.55199559e-04 
 6.14202887e-06  2.99221985e-05 
 6.16391402e-06  1.41638816e-04 
 6.18360713e-06  2.59479726e-05 
 6.20397101e-06  1.42372393e-04 
 6.22524665e-06  2.52995462e-05 
 6.25010000e-06  1.42898620e-04 
 6.25011000e-06 -2.43122159e-03 
 6.25013000e-06 -2.80409748e-03 
 6.25017000e-06 -2.03010681e-03 
 6.25020000e-06 -1.92512525e-03 
 6.25020800e-06  3.39753913e-04 
 6.25022400e-06  4.37034409e-04 
 6.25025600e-06  4.14106404e-04 
 6.25032000e-06  4.43284691e-04 
 6.25044800e-06  3.67839197e-04 
 6.25069701e-06  4.90262901e-04 
 6.25101025e-06  4.46698712e-04 
 6.25150085e-06  4.35824439e-04 
 6.25202063e-06  1.92860136e-04 
 6.25251152e-06  1.82741893e-04 
 6.25325125e-06  1.18581476e-04 
 6.25378160e-06  1.61524648e-04 
 6.25438588e-06  7.86817858e-05 
 6.25496871e-06  1.27542989e-04 
 6.25559204e-06  7.30960435e-05 
 6.25646884e-06  1.19213065e-04 
 6.25766992e-06  5.86132743e-05 
 6.25925901e-06  1.11031285e-04 
 6.26181245e-06  5.74170955e-05 
 6.26532022e-06  1.10831509e-04 
 6.27233574e-06  5.74050703e-05 
 6.28636680e-06  1.10720979e-04 
 6.31442890e-06  5.73569128e-05 
 6.37055312e-06  1.10659341e-04 
 6.48280155e-06  5.73243696e-05 
 6.50000000e-06  1.10633315e-04 
 6.50001000e-06  2.44059734e-03 
 6.50003000e-06  2.21747915e-03 
 6.50007000e-06  3.12242823e-03 
 6.50010000e-06  3.94385114e-03 
 6.50010800e-06  1.19539521e-03 
 6.50012400e-06  8.48824297e-04 
 6.50015600e-06  9.27498687e-04 
 6.50022000e-06  6.10487123e-04 
 6.50034492e-06  6.73345109e-04 
 6.50051788e-06  4.80145262e-04 
 6.50086379e-06  6.52093006e-04 
 6.50131054e-06  2.46761271e-04 
 6.50181708e-06  3.11388304e-04 
 6.50231315e-06  1.64747261e-04 
 6.50278100e-06  2.29620776e-04 
 6.50333313e-06  5.63454901e-05 
 6.50391475e-06  1.76406799e-04 
 6.50455268e-06  4.11075350e-05 
 6.50549814e-06  1.82576158e-04 
 6.50638583e-06  4.55119874e-05 
 6.50718637e-06  1.76071059e-04 
 6.50805439e-06  3.66080377e-05 
 6.50889033e-06  1.53443105e-04 
 6.50982455e-06  1.98047620e-05 
 6.51087447e-06  1.50310997e-04 
 6.51199947e-06  1.86028951e-05 
 6.51424946e-06  1.49784128e-04 
 6.51874944e-06  1.84450195e-05 
 6.52766897e-06  1.49708112e-04 
 6.54550804e-06  1.83913684e-05 
 6.58118616e-06  1.49645591e-04 
 6.65254241e-06  1.83497012e-05 
 6.75010000e-06  1.49617926e-04 
 6.75011000e-06 -2.42123918e-03 
 6.75013000e-06 -2.79364045e-03 
 6.75017000e-06 -2.02247137e-03 
 6.75020000e-06 -1.91948249e-03 
 6.75020800e-06  3.43044148e-04 
 6.75022400e-06  4.39424731e-04 
 6.75025600e-06  4.15569603e-04 
 6.75032000e-06  4.43599849e-04 
 6.75044800e-06  3.67513484e-04 
 6.75069675e-06  4.89618823e-04 
 6.75101006e-06  4.46859854e-04 
 6.75150038e-06  4.36310863e-04 
 6.75202033e-06  1.93245568e-04 
 6.75251106e-06  1.82248655e-04 
 6.75325024e-06  1.15977526e-04 
 6.75376891e-06  1.61518727e-04 
 6.75436170e-06  8.49486882e-05 
 6.75489355e-06  1.30873709e-04 
 6.75547970e-06  7.31296329e-05 
 6.75625829e-06  1.21779725e-04 
 6.75710311e-06  6.05034363e-05 
 6.75876691e-06  1.11231462e-04 
 6.76086461e-06  5.71426257e-05 
 6.76409097e-06  1.11087469e-04 
 6.76983150e-06  5.71458218e-05 
 6.78131256e-06  1.10979426e-04 
 6.80427468e-06  5.71085311e-05 
 6.85019892e-06  1.10916865e-04 
 6.94204741e-06  5.70746744e-05 
 7.00000000e-06  1.10892268e-04 
 7.00001000e-06  2.43925489e-03 
 7.00003000e-06  2.21537566e-03 
 7.00007000e-06  3.12192113e-03 
 7.00010000e-06  3.94222972e-03 
 7.00010800e-06  1.19479589e-03 
 7.00012400e-06  8.48689783e-04 
 7.00015600e-06  9.27337825e-04 
 7.00022000e-06  6.10697496e-04 
 7.00034490e-06  6.73520241e-04 
 7.00051775e-06  4.80413108e-04 
 7.00086346e-06  6.52119919e-04 
 7.00131026e-06  2.46465407e-04 
 7.00181641e-06  3.11461760e-04 
 7.00231139e-06  1.67195923e-04 
 7.00278252e-06  2.34851835e-04 
 7.00332201e-06  5.67548836e-05 
 7.00389893e-06  1.81075288e-04 
 7.00448677e-06  5.02654638e-05 
 7.00520752e-06  1.80297850e-04 
 7.00583577e-06  3.68830941e-05 
 7.00650008e-06  1.63429623e-04 
 7.00747210e-06  2.33772853e-05 
 7.00836309e-06  1.62891825e-04 
 7.00975541e-06  4.21682646e-05 
 7.01132384e-06  1.78155271e-04 
 7.01278335e-06  5.61664419e-05 
 7.01389439e-06  1.61600390e-04 
 7.01496375e-06  3.11112298e-05 
 7.01611295e-06  1.57328776e-04 
 7.01715983e-06  1.85385102e-05 
 7.01824970e-06  1.43543418e-04 
 7.01944458e-06  9.03633654e-06 
 7.02136179e-06  1.38746208e-04 
 7.02309038e-06  8.09882107e-06 
 7.02494838e-06  1.37698427e-04 
 7.02706028e-06  9.35660280e-06 
 7.02969155e-06  1.45768956e-04 
 7.03262277e-06  3.75625148e-05 
 7.03532883e-06  1.45606729e-04 
 7.03815358e-06  1.28924649e-05 
 7.04079150e-06  1.46338032e-04 
 7.04407943e-06  1.65041076e-05 
 7.05037898e-06  1.47794770e-04 
 7.05842932e-06  1.80447871e-05 
 7.07340796e-06  1.48370470e-04 
 7.09463631e-06  1.88890513e-05 
 7.13444231e-06  1.49068511e-04 
 7.18134236e-06  2.13056433e-05 
 7.22597805e-06  1.51181390e-04 
 7.25010000e-06  1.90767109e-05 
 7.25011000e-06 -2.43333832e-03 
 7.25013000e-06 -2.79328424e-03 
 7.25017000e-06 -2.03225952e-03 
 7.25020000e-06 -1.91557219e-03 
 7.25020800e-06  3.43063174e-04 
 7.25022400e-06  4.40077291e-04 
 7.25025600e-06  4.16943638e-04 
 7.25032000e-06  4.45473103e-04 
 7.25044800e-06  3.69716336e-04 
 7.25069849e-06  4.92204697e-04 
 7.25101075e-06  4.48106655e-04 
 7.25149962e-06  4.37256215e-04 
 7.25201993e-06  1.94196982e-04 
 7.25251005e-06  1.83740291e-04 
 7.25324913e-06  1.18563333e-04 
 7.25377317e-06  1.61880410e-04 
 7.25437199e-06  7.96041431e-05 
 7.25495628e-06  1.28929616e-04 
 7.25557886e-06  7.42269289e-05 
 7.25644745e-06  1.20680587e-04 
 7.25766258e-06  5.95066395e-05 
 7.25922633e-06  1.12197658e-04 
 7.26178534e-06  5.82245078e-05 
 7.26523368e-06  1.11872332e-04 
 7.27213037e-06  5.80106738e-05 
 7.28592375e-06  1.11135488e-04 
 7.31351050e-06  5.72219964e-05 
 7.34906722e-06  1.10857476e-04 
 7.38498583e-06  5.71871160e-05 
 7.45580230e-06  1.10823153e-04 
 7.50000000e-06  5.71832340e-05 
 7.50001000e-06  2.43507676e-03 
 7.50003000e-06  2.22055038e-03 
 7.50007000e-06  3.11914394e-03 
 7.50010000e-06  3.94657030e-03 
 7.50010800e-06  1.19545637e-03 
 7.50012400e-06  8.48456757e-04 
 7.50015600e-06  9.27660101e-04 
 7.50022000e-06  6.10327941e-04 
 7.50034492e-06  6.73658880e-04 
 7.50051786e-06  4.79970688e-04 
 7.50086373e-06  6.52254136e-04 
 7.50131036e-06  2.46509084e-04 
 7.50181696e-06  3.11610259e-04 
 7.50231265e-06  1.64772295e-04 
 7.50278064e-06  2.29901005e-04 
 7.50333282e-06  5.62251865e-05 
 7.50391451e-06  1.76583695e-04 
 7.50455256e-06  4.09027977e-05 
 7.50549799e-06  1.82878595e-04 
 7.50638554e-06  4.52673289e-05 
 7.50718414e-06  1.76451841e-04 
 7.50805210e-06  3.64097635e-05 
 7.50888711e-06  1.53769278e-04 
 7.50982205e-06  1.95589860e-05 
 7.51087315e-06  1.50577353e-04 
 7.51199759e-06  1.83745034e-05 
 7.51424649e-06  1.50038106e-04 
 7.51874428e-06  1.82214535e-05 
 7.52769380e-06  1.49959343e-04 
 7.54559285e-06  1.81685754e-05 
 7.58139095e-06  1.49895740e-04 
 7.65298714e-06  1.81264245e-05 
 7.75010000e-06  1.49867088e-04 
 7.75011000e-06 -2.42122607e-03 
 7.75013000e-06 -2.79366981e-03 
 7.75017000e-06 -2.02245513e-03 
 7.75020000e-06 -1.91924415e-03 
 7.75020800e-06  3.43129440e-04 
 7.75022400e-06  4.39524503e-04 
 7.75025600e-06  4.15616808e-04 
 7.75032000e-06  4.43598902e-04 
 7.75044800e-06  3.67505731e-04 
 7.75069675e-06  4.89635274e-04 
 7.75100914e-06  4.47010146e-04 
 7.75149940e-06  4.36474972e-04 
 7.75201959e-06  1.93542800e-04 
 7.75251010e-06  1.82384353e-04 
 7.75324867e-06  1.16067823e-04 
 7.75376714e-06  1.61393347e-04 
 7.75435941e-06  8.48991278e-05 
 7.75489022e-06  1.30736830e-04 
 7.75547625e-06  7.32124109e-05 
 7.75625448e-06  1.21805783e-04 
 7.75709871e-06  6.06818974e-05 
 7.75875949e-06  1.11183905e-04 
 7.76085378e-06  5.72443419e-05 
 7.76407218e-06  1.11010680e-04 
 7.76979145e-06  5.72491793e-05 
 7.78122999e-06  1.10901600e-04 
 7.80410707e-06  5.72119800e-05 
 7.84986123e-06  1.10838569e-04 
 7.94136955e-06  5.71779004e-05 
 8.00000000e-06  1.10813608e-04 
 8.00001000e-06  2.43913264e-03 
 8.00003000e-06  2.21523264e-03 
 8.00007000e-06  3.12189812e-03 
 8.00010000e-06  3.94210688e-03 
 8.00010800e-06  1.19480554e-03 
 8.00012400e-06  8.48631617e-04 
 8.00015600e-06  9.27439103e-04 
 8.00022000e-06  6.10724585e-04 
 8.00034490e-06  6.73649775e-04 
 8.00051775e-06  4.80362240e-04 
 8.00086347e-06  6.52115943e-04 
 8.00131026e-06  2.46430064e-04 
 8.00181645e-06  3.11632508e-04 
 8.00231077e-06  1.66246103e-04 
 8.00278214e-06  2.33260143e-04 
 8.00332181e-06  5.68013019e-05 
 8.00389875e-06  1.82145461e-04 
 8.00448663e-06  5.11334299e-05 
 8.00520771e-06  1.82150137e-04 
 8.00583609e-06  4.20705814e-05 
 8.00650054e-06  1.71430604e-04 
 8.00747277e-06  2.87793071e-05 
 8.00836383e-06  1.52739348e-04 
 8.00925211e-06  1.72261900e-05 
 8.01026512e-06  1.51909591e-04 
 8.01140952e-06  1.67243065e-05 
 8.01369831e-06  1.51536118e-04 
 8.01781220e-06  1.67553917e-05 
 8.02554190e-06  1.51423087e-04 
 8.04100130e-06  1.67271100e-05 
 8.07136268e-06  1.51345879e-04 
 8.13208543e-06  1.66869143e-05 
 8.25010000e-06  1.51308535e-04 
 8.25011000e-06 -2.42660510e-03 
 8.25013000e-06 -2.79470780e-03 
 8.25017000e-06 -2.02171763e-03 
 8.25020000e-06 -1.92950352e-03 
 8.25020800e-06  3.24680376e-04 
 8.25022400e-06  4.22751406e-04 
 8.25025600e-06  4.03132442e-04 
 8.25032000e-06  4.32092646e-04 
 8.25044800e-06  3.60154661e-04 
 8.25070400e-06  4.85040014e-04 
 8.25101436e-06  4.38446138e-04 
 8.25149729e-06  4.25182848e-04 
 8.25201930e-06  1.81639733e-04 
 8.25250706e-06  1.62927436e-04 
 8.25324537e-06  9.40197221e-05 
 8.25400159e-06  1.31866606e-04 
 8.25501459e-06  6.86007054e-05 
 8.25602589e-06  1.25970997e-04 
 8.25696840e-06  6.05299864e-05 
 8.25853999e-06  1.12192686e-04 
 8.26021389e-06  5.64064047e-05 
 8.26318638e-06  1.11779607e-04 
 8.26796517e-06  5.65264472e-05 
 8.27752273e-06  1.11623518e-04 
 8.29663786e-06  5.65110524e-05 
 8.33486813e-06  1.11544537e-04 
 8.41132866e-06  5.64798794e-05 
 8.50000000e-06  1.11512569e-04 
