 5.00000000e-12  2.78744359e-01 
 5.13093779e-12  1.06892487e-01 
 5.39281337e-12  5.99647236e-02 
 5.91656452e-12  2.29280289e-02 
 6.96406684e-12  6.10215358e-05 
 8.80657062e-12  8.58408040e-04 
 1.18100803e-11 -1.51298370e-03 
 1.72423704e-11  8.49903768e-04 
 2.80101070e-11 -1.39400216e-03 
 4.13212568e-11  9.59674912e-04 
 6.59467436e-11 -1.20104430e-03 
 9.52426322e-11  1.13681967e-03 
 1.47099379e-10 -1.01473992e-03 
 2.07961032e-10  1.19606835e-03 
 3.29684338e-10 -1.06449155e-03 
 4.65287140e-10  1.13101426e-03 
 5.00000000e-10 -1.08268259e-03 
 5.04208195e-10  7.30144497e-06 
 5.12624584e-10  1.99715554e-05 
 5.29457363e-10  5.78075140e-06 
 5.63122922e-10  1.70071249e-05 
 6.30454038e-10  9.80820831e-07 
 7.65116271e-10  1.03054213e-05 
 1.03444074e-09 -5.84241301e-06 
 1.57308967e-09  6.05452766e-06 
 2.62461560e-09 -6.94752059e-06 
 4.22115517e-09  5.94046783e-06 
 6.04722877e-09 -7.11333201e-06 
 9.69937598e-09  5.83665660e-06 
 1.53633655e-08 -7.18387900e-06 
 2.29505081e-08  5.81406040e-06 
 3.69495017e-08 -7.20054856e-06 
 5.38941788e-08  5.76622382e-06 
 8.59664960e-08 -7.22599232e-06 
 1.39246611e-07  5.98256534e-06 
 2.31246139e-07 -6.80631617e-06 
 3.72016056e-07  6.36897630e-06 
 5.00000000e-07 -6.57072199e-06 
 5.19775960e-07 -6.61009727e-08 
 5.59327881e-07 -5.92774875e-08 
 6.38431723e-07 -6.32119888e-08 
 7.96639407e-07 -3.27539142e-08 
 9.50300566e-07 -4.86433363e-08 
 1.00050000e-06 -2.08281432e-08 
 1.00055000e-06 -6.73685534e-06 
 1.00065000e-06 -6.61001343e-06 
 1.00085000e-06 -9.44718730e-06 
 1.00100000e-06 -1.56251129e-05 
 1.00102757e-06 -4.96095489e-06 
 1.00108272e-06 -4.65828143e-06 
 1.00119300e-06 -5.18245398e-06 
 1.00141358e-06 -5.17922688e-06 
 1.00172742e-06 -5.52039180e-06 
 1.00214270e-06 -4.84883472e-06 
 1.00274949e-06 -4.90934694e-06 
 1.00376331e-06 -4.20006630e-06 
 1.00579093e-06 -4.24107828e-06 
 1.00984618e-06 -3.72598486e-06 
 1.01764118e-06 -4.09246910e-06 
 1.02669939e-06 -3.04700810e-06 
 1.04071125e-06 -2.54012916e-06 
 1.05480590e-06  6.16165641e-07 
 1.06798273e-06 -5.70238685e-07 
 1.07825539e-06  2.15245139e-08 
 1.08662030e-06 -9.63843075e-07 
 1.09558205e-06  3.63002570e-07 
 1.10229262e-06 -7.30185355e-07 
 1.10910022e-06  8.88814214e-07 
 1.11800603e-06 -7.73861365e-07 
 1.12740965e-06  2.12023390e-07 
 1.13919497e-06 -3.11878198e-07 
 1.14849336e-06  1.78302174e-07 
 1.15828966e-06 -4.59783934e-08 
 1.17188014e-06  2.33149079e-06 
 1.18573596e-06 -4.15106893e-08 
 1.19613392e-06  6.05593458e-07 
 1.20680417e-06 -1.79726244e-07 
 1.21998801e-06  5.04543557e-07 
 1.23492628e-06 -4.36579455e-07 
 1.25427046e-06  1.29652654e-07 
 1.27038315e-06 -1.42280025e-07 
 1.28773945e-06  5.96800556e-07 
 1.30210871e-06 -4.45290009e-07 
 1.31705152e-06  3.87899576e-07 
 1.33239193e-06 -3.46622130e-07 
 1.35401612e-06  3.76204849e-07 
 1.37738484e-06 -2.00553686e-07 
 1.39685263e-06  2.64945154e-07 
 1.41350035e-06 -4.01225297e-07 
 1.43101585e-06  4.00038230e-07 
 1.44748312e-06 -4.19180973e-07 
 1.46499633e-06  4.62456911e-07 
 1.48629509e-06 -4.06410376e-07 
 1.51001009e-06  5.04134527e-07 
 1.53488484e-06  1.44931789e-07 
 1.55230440e-06  3.82747078e-07 
 1.56857543e-06 -2.16362953e-07 
 1.58555995e-06  4.55046394e-07 
 1.60660374e-06 -2.70544760e-07 
 1.63097472e-06  6.19742749e-07 
 1.65553714e-06 -4.93019467e-07 
 1.67454694e-06  6.98272596e-07 
 1.69362420e-06 -5.21274168e-07 
 1.71253587e-06  6.54025381e-07 
 1.73298311e-06 -5.26314565e-07 
 1.75572979e-06  6.17012557e-07 
 1.78499089e-06 -5.28425515e-07 
 1.82359221e-06  6.11601398e-07 
 1.86444828e-06 -3.00503638e-07 
 1.89621656e-06  4.41167987e-07 
 1.92214739e-06 -4.99191279e-07 
 1.94989481e-06  5.42221747e-07 
 1.97773496e-06 -4.75478520e-07 
 2.00000000e-06  6.93683881e-07 
 2.00005000e-06  5.02276976e-06 
 2.00015000e-06  3.41134353e-06 
 2.00035000e-06  3.64826318e-06 
 2.00050000e-06  3.52273487e-06 
 2.00050977e-06  5.08962289e-07 
 2.00052931e-06  3.69252999e-07 
 2.00056839e-06  5.37917049e-07 
 2.00064655e-06  4.00908575e-07 
 2.00080288e-06  5.61595860e-07 
 2.00111552e-06  3.71644439e-07 
 2.00174082e-06  4.25122671e-07 
 2.00299141e-06  1.86581956e-07 
 2.00507556e-06  2.32106011e-07 
 2.00745275e-06 -1.18830197e-07 
 2.01073755e-06  2.15197547e-07 
 2.01543224e-06  4.20701567e-07 
 2.02016770e-06  2.40488190e-07 
 2.02746686e-06  2.49787043e-07 
 2.03512015e-06  2.05522700e-07 
 2.04639578e-06  2.50570109e-07 
 2.05776302e-06  6.21856792e-08 
 2.06817528e-06  1.93850936e-07 
 2.08518737e-06  2.87994067e-08 
 2.10195135e-06  1.46197619e-07 
 2.12356455e-06  1.51583733e-08 
 2.15084753e-06  1.08431416e-07 
 2.18319349e-06  1.57897022e-08 
 2.21604916e-06  1.65439610e-07 
 2.23752009e-06  6.74707221e-08 
 2.26185682e-06  1.11260229e-07 
 2.29178923e-06 -5.36887909e-08 
 2.32589252e-06  8.92170202e-08 
 2.36712817e-06  3.83417528e-08 
 2.41129617e-06  2.80196734e-08 
 2.43652355e-06 -2.06060131e-08 
 2.46635772e-06  1.50028499e-08 
 2.49756686e-06 -2.73251324e-08 
 2.52792888e-06  1.63381547e-08 
 2.57921539e-06 -2.04071409e-08 
 2.65801457e-06  1.03580382e-08 
 2.73618231e-06 -2.28742192e-08 
 2.83769308e-06  1.22191173e-08 
 2.95134787e-06 -1.78391989e-08 
 3.00050000e-06  1.16045697e-08 
 3.00055000e-06 -3.46097122e-06 
 3.00065000e-06 -3.24130594e-06 
 3.00085000e-06 -3.75671291e-06 
 3.00100000e-06 -5.34632763e-06 
 3.00102997e-06  3.41268993e-07 
 3.00108992e-06  5.68898839e-07 
 3.00120981e-06  2.48971966e-07 
 3.00144959e-06  1.97987471e-07 
 3.00182280e-06 -1.37567735e-07 
 3.00221729e-06  8.70242277e-08 
 3.00286507e-06 -1.63694586e-07 
 3.00380527e-06  5.10415618e-08 
 3.00568567e-06 -1.92153039e-07 
 3.00944647e-06  2.70869924e-08 
 3.01696807e-06 -2.05358912e-07 
 3.03201128e-06  3.18821371e-08 
 3.06209770e-06 -1.80965160e-07 
 3.12227053e-06  7.25054310e-08 
 3.24261620e-06 -1.33736924e-07 
 3.42939405e-06  1.01492098e-07 
 3.71713579e-06 -1.27578304e-07 
 4.00000000e-06  1.06102643e-07 
 4.00005000e-06  5.03726070e-06 
 4.00015000e-06  3.27696040e-06 
 4.00035000e-06  3.55818774e-06 
 4.00050000e-06  3.32647150e-06 
 4.00051022e-06  3.31522127e-07 
 4.00053065e-06  1.98845301e-07 
 4.00057151e-06  3.52344329e-07 
 4.00065323e-06  2.11136142e-07 
 4.00081667e-06  3.42638151e-07 
 4.00114355e-06  1.42099644e-07 
 4.00179732e-06  2.12435284e-07 
 4.00310486e-06  3.70599577e-08 
 4.00477638e-06  1.86926747e-07 
 4.00779369e-06 -1.21861954e-08 
 4.01179537e-06  1.29434823e-07 
 4.01657471e-06  5.41336908e-09 
 4.02203453e-06  1.38860590e-07 
 4.03295418e-06 -3.65470270e-09 
 4.05346257e-06  1.24601473e-07 
 4.09236405e-06 -2.84045604e-08 
 4.17016700e-06  9.26819860e-08 
 4.28199470e-06 -5.72947053e-08 
 4.46511458e-06  7.50590899e-08 
 4.78391791e-06 -6.73657468e-08 
 5.00050000e-06  7.09522971e-08 
 5.00055000e-06 -3.48011676e-06 
 5.00065000e-06 -3.26485519e-06 
 5.00085000e-06 -3.65598039e-06 
 5.00100000e-06 -5.19295823e-06 
 5.00103085e-06  3.72229255e-07 
 5.00109255e-06  5.94869636e-07 
 5.00121594e-06  2.65186887e-07 
 5.00146273e-06  2.13109868e-07 
 5.00184567e-06 -1.15498204e-07 
 5.00223944e-06  1.10187016e-07 
 5.00289796e-06 -1.42921438e-07 
 5.00385631e-06  7.36101723e-08 
 5.00577301e-06 -1.73782666e-07 
 5.00960642e-06  4.47982349e-08 
 5.01727323e-06 -1.91091573e-07 
 5.03260685e-06  4.69479171e-08 
 5.06327410e-06 -1.70420454e-07 
 5.12460858e-06  8.21189075e-08 
 5.24258646e-06 -1.30218743e-07 
 5.39949023e-06  1.06527584e-07 
 5.65220476e-06 -1.23450886e-07 
 6.00000000e-06  1.10853439e-07 
 6.00005000e-06  5.01176665e-06 
 6.00015000e-06  3.25657020e-06 
 6.00035000e-06  3.56226267e-06 
 6.00050000e-06  3.33036697e-06 
 6.00051018e-06  3.39278576e-07 
 6.00053054e-06  2.04954481e-07 
 6.00057127e-06  3.58728870e-07 
 6.00065271e-06  2.13250360e-07 
 6.00081560e-06  3.43345503e-07 
 6.00114139e-06  1.38875908e-07 
 6.00179296e-06  2.11116670e-07 
 6.00309610e-06  3.43178018e-08 
 6.00474928e-06  1.86640014e-07 
 6.00778864e-06 -2.02249837e-08 
 6.01149596e-06  1.32487926e-07 
 6.01608439e-06  1.55151258e-09 
 6.02137499e-06  1.41273792e-07 
 6.03195618e-06 -5.44730679e-09 
 6.05311857e-06  1.27273335e-07 
 6.09544335e-06 -3.02994974e-08 
 6.17837837e-06  9.52836949e-08 
 6.28790932e-06 -5.74432054e-08 
 6.48351034e-06  7.85763631e-08 
 6.83861091e-06 -6.85266328e-08 
 7.00050000e-06  7.37784954e-08 
 7.00055000e-06 -3.49331532e-06 
 7.00065000e-06 -3.27951688e-06 
 7.00085000e-06 -3.67463692e-06 
 7.00100000e-06 -5.20636717e-06 
 7.00103090e-06  3.77670170e-07 
 7.00109270e-06  6.01445121e-07 
 7.00121629e-06  2.68851595e-07 
 7.00146348e-06  2.18159206e-07 
 7.00184611e-06 -1.10927544e-07 
 7.00224023e-06  1.17010158e-07 
 7.00289877e-06 -1.37757642e-07 
 7.00385913e-06  8.07944288e-08 
 7.00577984e-06 -1.69329994e-07 
 7.00962127e-06  5.00614966e-08 
 7.01730412e-06 -1.89216020e-07 
 7.03266983e-06  4.97630109e-08 
 7.06340124e-06 -1.70691975e-07 
 7.12486407e-06  8.34359228e-08 
 7.23892188e-06 -1.31430863e-07 
 7.39491733e-06  1.08056049e-07 
 7.64445485e-06 -1.23954376e-07 
 8.00000000e-06  1.11796893e-07 
 8.00005000e-06  5.01471673e-06 
 8.00015000e-06  3.25645413e-06 
 8.00035000e-06  3.57249323e-06 
 8.00050000e-06  3.33491645e-06 
 8.00051018e-06  3.45570580e-07 
 8.00053055e-06  2.11151491e-07 
 8.00057128e-06  3.64619522e-07 
 8.00065274e-06  2.18843630e-07 
 8.00081566e-06  3.48069292e-07 
 8.00114151e-06  1.42268893e-07 
 8.00179320e-06  2.11368811e-07 
 8.00309658e-06  3.09087391e-08 
 8.00475238e-06  1.83797984e-07 
 8.00779332e-06 -2.24160991e-08 
 8.01151125e-06  1.30286962e-07 
 8.01610514e-06 -1.46461243e-10 
 8.02140532e-06  1.39574788e-07 
 8.03200567e-06 -6.66931137e-09 
 8.05320638e-06  1.26266266e-07 
 8.09560780e-06 -3.06013108e-08 
 8.17892483e-06  9.52828770e-08 
 8.28883517e-06 -5.71248139e-08 
 8.48509498e-06  7.88155301e-08 
 8.83968089e-06 -6.82508484e-08 
 9.00050000e-06  7.39141041e-08 
 9.00055000e-06 -3.50622540e-06 
 9.00065000e-06 -3.29344927e-06 
 9.00085000e-06 -3.69293832e-06 
 9.00100000e-06 -5.22625612e-06 
 9.00103091e-06  3.74913513e-07 
 9.00109272e-06  6.00097862e-07 
 9.00121634e-06  2.66001217e-07 
 9.00146359e-06  2.16552603e-07 
 9.00184630e-06 -1.13125322e-07 
 9.00224041e-06  1.17048782e-07 
 9.00289903e-06 -1.38414817e-07 
 9.00385955e-06  8.21964706e-08 
 9.00578059e-06 -1.69273246e-07 
 9.00962268e-06  5.12574733e-08 
 9.01730685e-06 -1.89854565e-07 
 9.03267519e-06  5.03264533e-08 
 9.06341187e-06 -1.71693916e-07 
 9.12488523e-06  8.39730352e-08 
 9.23795901e-06 -1.32260068e-07 
 9.39367612e-06  1.08850951e-07 
 9.64240691e-06 -1.24529779e-07 
 1.00000000e-05  1.12516607e-07 
 1.00000500e-05  5.01567425e-06 
 1.00001500e-05  3.25645009e-06 
 1.00003500e-05  3.57749167e-06 
 1.00005000e-05  3.33727180e-06 
 1.00005102e-05  3.48321154e-07 
 1.00005305e-05  2.13788777e-07 
 1.00005713e-05  3.67187665e-07 
 1.00006527e-05  2.21277282e-07 
 1.00008157e-05  3.50252834e-07 
 1.00011415e-05  1.43898902e-07 
 1.00017933e-05  2.12023682e-07 
 1.00030967e-05  3.03099611e-08 
 1.00047538e-05  1.83282023e-07 
 1.00077959e-05 -2.28703993e-08 
 1.00115168e-05  1.29873970e-07 
 1.00161128e-05 -4.20358415e-10 
 1.00214160e-05  1.39326413e-07 
 1.00320223e-05 -6.81612159e-09 
 1.00532351e-05  1.26246660e-07 
 1.00956606e-05 -3.04997866e-08 
 1.01790927e-05  9.54773335e-08 
 1.02891084e-05 -5.69431060e-08 
 1.04855556e-05  7.89813800e-08 
 1.08399491e-05 -6.81685362e-08 
 1.10005000e-05  7.39717251e-08 
 1.10005500e-05 -3.51362751e-06 
 1.10006500e-05 -3.30729813e-06 
 1.10008500e-05 -3.70598105e-06 
 1.10010000e-05 -5.24641501e-06 
 1.10010309e-05  3.70695232e-07 
 1.10010927e-05  5.97213729e-07 
 1.10012164e-05  2.61992663e-07 
 1.10014636e-05  2.13786209e-07 
 1.10018463e-05 -1.16438229e-07 
 1.10022405e-05  1.15777858e-07 
 1.10028991e-05 -1.40098940e-07 
 1.10038597e-05  8.23312860e-08 
 1.10057809e-05 -1.70097918e-07 
 1.10096232e-05  5.15477417e-08 
 1.10173079e-05 -1.90913497e-07 
 1.10326773e-05  5.05165351e-08 
 1.10634161e-05 -1.72662158e-07 
 1.11248938e-05  8.44310496e-08 
 1.12377064e-05 -1.32881294e-07 
 1.13933578e-05  1.09527049e-07 
 1.16418866e-05 -1.25104547e-07 
 1.20000000e-05  1.13152949e-07 
 1.20000500e-05  5.01596871e-06 
 1.20001500e-05  3.25655843e-06 
 1.20003500e-05  3.58044226e-06 
 1.20005000e-05  3.33887390e-06 
 1.20005102e-05  3.49781930e-07 
 1.20005306e-05  2.15216922e-07 
 1.20005713e-05  3.68623436e-07 
 1.20006528e-05  2.22584584e-07 
 1.20008157e-05  3.51496293e-07 
 1.20011416e-05  1.44902038e-07 
 1.20017933e-05  2.12634051e-07 
 1.20030968e-05  3.03496989e-08 
 1.20047545e-05  1.83375644e-07 
 1.20077976e-05 -2.29146969e-08 
 1.20115186e-05  1.29866625e-07 
 1.20161155e-05 -4.17796377e-10 
 1.20214194e-05  1.39366903e-07 
 1.20320272e-05 -6.80263161e-09 
 1.20532428e-05  1.26393024e-07 
 1.20956738e-05 -3.03705733e-08 
 1.21791397e-05  9.56377302e-08 
 1.22891802e-05 -5.68136472e-08 
 1.24856853e-05  7.90720365e-08 
 1.28400211e-05 -6.84504424e-08 
 1.30005000e-05  7.40464075e-08 
 1.30005500e-05 -3.46097198e-06 
 1.30006500e-05 -3.24542101e-06 
 1.30008500e-05 -3.63014096e-06 
 1.30010000e-05 -5.12764627e-06 
 1.30010309e-05  3.99763835e-07 
 1.30010927e-05  6.18242766e-07 
 1.30012164e-05  2.84743733e-07 
 1.30014636e-05  2.27676485e-07 
 1.30018464e-05 -1.04489537e-07 
 1.30022405e-05  1.20634607e-07 
 1.30028991e-05 -1.35668405e-07 
 1.30038597e-05  8.03673254e-08 
 1.30057810e-05 -1.67953884e-07 
 1.30096235e-05  4.88905867e-08 
 1.30173084e-05 -1.89055521e-07 
 1.30326784e-05  4.78315928e-08 
 1.30634183e-05 -1.70652747e-07 
 1.31248981e-05  8.20373775e-08 
 1.32376272e-05 -1.30619400e-07 
 1.33932657e-05  1.07228798e-07 
 1.36417485e-05 -1.22773621e-07 
 1.40000000e-05  1.10896484e-07 
 1.40000500e-05  5.01591777e-06 
 1.40001500e-05  3.25685574e-06 
 1.40003500e-05  3.58213253e-06 
 1.40005000e-05  3.34020936e-06 
 1.40005102e-05  3.50810071e-07 
 1.40005306e-05  2.16125921e-07 
 1.40005713e-05  3.69565703e-07 
 1.40006528e-05  2.23424329e-07 
 1.40008157e-05  3.52335758e-07 
 1.40011416e-05  1.45547587e-07 
 1.40017933e-05  2.13131289e-07 
 1.40030968e-05  3.05092815e-08 
 1.40047550e-05  1.83552197e-07 
 1.40077987e-05 -2.28672027e-08 
 1.40115194e-05  1.30027803e-07 
 1.40161167e-05 -3.56248784e-10 
 1.40214206e-05  1.39545979e-07 
 1.40320285e-05 -6.68036036e-09 
 1.40532442e-05  1.26578255e-07 
 1.40956756e-05 -3.02509780e-08 
 1.41791525e-05  9.58115364e-08 
 1.42891955e-05 -5.67521290e-08 
 1.44857212e-05  7.89932429e-08 
 1.48400230e-05 -6.86047979e-08 
 1.50005000e-05  7.41994799e-08 
 1.50005500e-05 -3.46324247e-06 
 1.50006500e-05 -3.24782821e-06 
 1.50008500e-05 -3.63311285e-06 
 1.50010000e-05 -5.13007044e-06 
 1.50010309e-05  3.99298469e-07 
 1.50010927e-05  6.17665553e-07 
 1.50012164e-05  2.85284095e-07 
 1.50014636e-05  2.29547339e-07 
 1.50018464e-05 -9.90798951e-08 
 1.50022405e-05  1.23932085e-07 
 1.50028991e-05 -1.29887454e-07 
 1.50038598e-05  8.42491533e-08 
 1.50057810e-05 -1.64219011e-07 
 1.50096236e-05  5.18901991e-08 
 1.50173088e-05 -1.86348900e-07 
 1.50326791e-05  4.45956891e-08 
 1.50634197e-05 -1.68049514e-07 
 1.51249009e-05  7.91369701e-08 
 1.52375847e-05 -1.27825291e-07 
 1.53932280e-05  1.04434788e-07 
 1.56416871e-05 -1.19956342e-07 
 1.60000000e-05  1.08109843e-07 
 1.60000500e-05  5.01585170e-06 
 1.60001500e-05  3.25674718e-06 
 1.60003500e-05  3.58339713e-06 
 1.60005000e-05  3.34096121e-06 
 1.60005102e-05  3.51364307e-07 
 1.60005306e-05  2.16665289e-07 
 1.60005713e-05  3.70137382e-07 
 1.60006528e-05  2.23956071e-07 
 1.60008157e-05  3.52865055e-07 
 1.60011416e-05  1.45987195e-07 
 1.60017933e-05  2.13493658e-07 
 1.60030968e-05  3.06807291e-08 
 1.60047553e-05  1.83709088e-07 
 1.60077996e-05 -2.28117256e-08 
 1.60115198e-05  1.30193359e-07 
 1.60161174e-05 -2.56781796e-10 
 1.60214213e-05  1.39676908e-07 
 1.60320289e-05 -6.58019912e-09 
 1.60532443e-05  1.26706979e-07 
 1.60956751e-05 -3.01462937e-08 
 1.61791572e-05  9.59349733e-08 
 1.62891984e-05 -5.66921184e-08 
 1.64857347e-05  7.85595110e-08 
 1.68400121e-05 -6.81302428e-08 
 1.70005000e-05  7.37373659e-08 
 1.70005500e-05 -3.46504207e-06 
 1.70006500e-05 -3.24955926e-06 
 1.70008500e-05 -3.63542372e-06 
 1.70010000e-05 -5.13168339e-06 
 1.70010309e-05  3.98890653e-07 
 1.70010927e-05  6.17346350e-07 
 1.70012164e-05  2.84767904e-07 
 1.70014637e-05  2.29021576e-07 
 1.70018464e-05 -9.97095343e-08 
 1.70022405e-05  1.23600296e-07 
 1.70028991e-05 -1.30204265e-07 
 1.70038598e-05  8.42424434e-08 
 1.70057811e-05 -1.64354587e-07 
 1.70096237e-05  5.18727555e-08 
 1.70173090e-05 -1.84988326e-07 
 1.70326796e-05  4.75754034e-08 
 1.70634208e-05 -1.71466509e-07 
 1.71249032e-05  8.22371592e-08 
 1.72375609e-05 -1.31011503e-07 
 1.73931922e-05  1.07597079e-07 
 1.76416610e-05 -1.23117815e-07 
 1.80000000e-05  1.11253363e-07 
 1.80000500e-05  5.01574232e-06 
 1.80001500e-05  3.25729074e-06 
 1.80003500e-05  3.58418664e-06 
 1.80005000e-05  3.34199439e-06 
 1.80005102e-05  3.51959796e-07 
 1.80005306e-05  2.17187851e-07 
 1.80005713e-05  3.70717345e-07 
 1.80006528e-05  2.24450552e-07 
 1.80008157e-05  3.53341922e-07 
 1.80011416e-05  1.46355593e-07 
 1.80017933e-05  2.13770695e-07 
 1.80030968e-05  3.07739181e-08 
 1.80047556e-05  1.83885459e-07 
 1.80078003e-05 -2.27417980e-08 
 1.80115200e-05  1.30316820e-07 
 1.80161179e-05 -1.80074828e-10 
 1.80214216e-05  1.39816188e-07 
 1.80320291e-05 -6.52980652e-09 
 1.80532440e-05  1.26828968e-07 
 1.80956739e-05 -3.00887516e-08 
 1.81791587e-05  9.60644026e-08 
 1.82891975e-05 -5.66886369e-08 
 1.84857397e-05  7.82231894e-08 
 1.88399992e-05 -6.77619019e-08 
 1.90005000e-05  7.34426845e-08 
 1.90005500e-05 -3.46636754e-06 
 1.90006500e-05 -3.25082311e-06 
 1.90008500e-05 -3.63712818e-06 
 1.90010000e-05 -5.13274373e-06 
 1.90010309e-05  3.98627059e-07 
 1.90010927e-05  6.17126581e-07 
 1.90012164e-05  2.84405812e-07 
 1.90014637e-05  2.28599388e-07 
 1.90018464e-05 -1.00218227e-07 
 1.90022405e-05  1.23285627e-07 
 1.90028991e-05 -1.30428645e-07 
 1.90038598e-05  8.41843254e-08 
 1.90057811e-05 -1.64459872e-07 
 1.90096238e-05  5.18599986e-08 
 1.90173093e-05 -1.85100771e-07 
 1.90326801e-05  5.06348371e-08 
 1.90634217e-05 -1.74306905e-07 
 1.91249050e-05  8.48771058e-08 
 1.92375518e-05 -1.33702718e-07 
 1.93931713e-05  1.10239758e-07 
 1.96416542e-05 -1.25789814e-07 
 2.00000000e-05  1.13910896e-07 
 2.00000500e-05  5.02045381e-06 
 2.00001500e-05  3.26169848e-06 
 2.00003500e-05  3.59027655e-06 
 2.00005000e-05  3.34759262e-06 
 2.00005102e-05  3.52716269e-07 
 2.00005306e-05  2.17727202e-07 
 2.00005713e-05  3.71448540e-07 
 2.00006528e-05  2.24929030e-07 
 2.00008157e-05  3.53962179e-07 
 2.00011416e-05  1.46634917e-07 
 2.00017933e-05  2.14164858e-07 
 2.00030968e-05  3.08145624e-08 
 2.00047558e-05  1.84073716e-07 
 2.00078009e-05 -2.27875224e-08 
 2.00115202e-05  1.30464503e-07 
 2.00161182e-05 -2.40190997e-10 
 2.00214218e-05  1.39978018e-07 
 2.00320290e-05 -6.57333860e-09 
 2.00532434e-05  1.27022400e-07 
 2.00956723e-05 -3.00974028e-08 
 2.01791595e-05  9.62281965e-08 
 2.02891952e-05 -5.68161988e-08 
 2.04857424e-05  7.81891620e-08 
 2.08399862e-05 -6.76780190e-08 
 2.10005000e-05  7.33762129e-08 
 2.10005500e-05 -3.46740277e-06 
 2.10006500e-05 -3.25180576e-06 
 2.10008500e-05 -3.63843252e-06 
 2.10010000e-05 -5.13350973e-06 
 2.10010309e-05  3.98418724e-07 
 2.10010927e-05  6.16988568e-07 
 2.10012164e-05  2.84074659e-07 
 2.10014637e-05  2.28302514e-07 
 2.10018464e-05 -1.00641060e-07 
 2.10022405e-05  1.23104414e-07 
 2.10028991e-05 -1.30668734e-07 
 2.10038598e-05  8.41980148e-08 
 2.10057812e-05 -1.64657834e-07 
 2.10096239e-05  5.18552823e-08 
 2.10173094e-05 -1.85293416e-07 
 2.10326804e-05  5.06611957e-08 
 2.10634224e-05 -1.72968500e-07 
 2.11249063e-05  8.34138182e-08 
 2.12375603e-05 -1.32290509e-07 
 2.13931695e-05  1.08833323e-07 
 2.16416635e-05 -1.24358383e-07 
 2.20000000e-05  1.12455934e-07 
 2.20000500e-05  5.01984226e-06 
 2.20001500e-05  3.26108349e-06 
 2.20003500e-05  3.59021163e-06 
 2.20005000e-05  3.34830965e-06 
 2.20005102e-05  3.55629178e-07 
 2.20005306e-05  2.20612989e-07 
 2.20005713e-05  3.74327484e-07 
 2.20006528e-05  2.27654889e-07 
 2.20008157e-05  3.56391070e-07 
 2.20011416e-05  1.48557690e-07 
 2.20017933e-05  2.15416099e-07 
 2.20030968e-05  3.13866163e-08 
 2.20047559e-05  1.84567403e-07 
 2.20078013e-05 -2.25422741e-08 
 2.20115202e-05  1.30359230e-07 
 2.20161184e-05  1.91738902e-12 
 2.20214218e-05  1.39881081e-07 
 2.20320287e-05 -6.34144737e-09 
 2.20532426e-05  1.26900040e-07 
 2.20956703e-05 -2.98697828e-08 
 2.21791587e-05  9.61123386e-08 
 2.22891912e-05 -5.70284193e-08 
 2.24857389e-05  7.84012543e-08 
 2.28399938e-05 -6.78879105e-08 
 2.30005000e-05  7.35938950e-08 
 2.30005500e-05 -3.46803687e-06 
 2.30006500e-05 -3.25253273e-06 
 2.30008500e-05 -3.63928223e-06 
 2.30010000e-05 -5.13398147e-06 
 2.30010309e-05  3.98331168e-07 
 2.30010927e-05  6.16882306e-07 
 2.30012164e-05  2.83832064e-07 
 2.30014637e-05  2.28035812e-07 
 2.30018464e-05 -1.00986765e-07 
 2.30022405e-05  1.22972634e-07 
 2.30028991e-05 -1.30823586e-07 
 2.30038598e-05  8.43138413e-08 
 2.30057812e-05 -1.64848687e-07 
 2.30096240e-05  5.19642417e-08 
 2.30173095e-05 -1.85508392e-07 
 2.30326807e-05  5.07840258e-08 
 2.30634229e-05 -1.72027894e-07 
 2.31249075e-05  8.23523372e-08 
 2.32375650e-05 -1.31274221e-07 
 2.33931681e-05  1.07826769e-07 
 2.36416693e-05 -1.23391348e-07 
 2.40000000e-05  1.11496805e-07 
 2.40000500e-05  5.01937135e-06 
 2.40001500e-05  3.26071322e-06 
 2.40003500e-05  3.59031019e-06 
 2.40005000e-05  3.34802085e-06 
 2.40005102e-05  3.55564150e-07 
 2.40005306e-05  2.20543849e-07 
 2.40005713e-05  3.74207190e-07 
 2.40006528e-05  2.27524488e-07 
 2.40008157e-05  3.56321163e-07 
 2.40011416e-05  1.48516090e-07 
 2.40017933e-05  2.15355420e-07 
 2.40030968e-05  3.13332530e-08 
 2.40047560e-05  1.84577732e-07 
 2.40078014e-05 -2.25041522e-08 
 2.40115202e-05  1.30770827e-07 
 2.40161183e-05  8.22585092e-11 
 2.40214217e-05  1.40310069e-07 
 2.40320283e-05 -6.31081625e-09 
 2.40532417e-05  1.26932729e-07 
 2.40956684e-05 -2.98121419e-08 
 2.41791579e-05  9.61371890e-08 
 2.42891888e-05 -5.73219327e-08 
 2.44857355e-05  7.86703133e-08 
 2.48399903e-05 -6.81595825e-08 
 2.50005000e-05  7.38890809e-08 
 2.50005500e-05 -3.46852534e-06 
 2.50006500e-05 -3.25311490e-06 
 2.50008500e-05 -3.63996547e-06 
 2.50010000e-05 -5.13431074e-06 
 2.50010309e-05  3.98237643e-07 
 2.50010927e-05  6.16820833e-07 
 2.50012164e-05  2.83692064e-07 
 2.50014637e-05  2.27861227e-07 
 2.50018464e-05 -1.01271359e-07 
 2.50022405e-05  1.22832632e-07 
 2.50028991e-05 -1.30688484e-07 
 2.50038598e-05  8.40596332e-08 
 2.50057812e-05 -1.64755302e-07 
 2.50096240e-05  5.17284740e-08 
 2.50173096e-05 -1.85385630e-07 
 2.50326809e-05  5.05480050e-08 
 2.50634234e-05 -1.70995574e-07 
 2.51249084e-05  8.12369502e-08 
 2.52375675e-05 -1.30196538e-07 
 2.53931649e-05  1.06670767e-07 
 2.56416731e-05 -1.22249823e-07 
 2.60000000e-05  1.10367908e-07 
 2.60000500e-05  5.01914582e-06 
 2.60001500e-05  3.26048832e-06 
 2.60003500e-05  3.59049736e-06 
 2.60005000e-05  3.34791087e-06 
 2.60005102e-05  3.55513230e-07 
 2.60005306e-05  2.20483719e-07 
 2.60005713e-05  3.74195484e-07 
 2.60006528e-05  2.27452115e-07 
 2.60008157e-05  3.56267983e-07 
 2.60011416e-05  1.48440378e-07 
 2.60017933e-05  2.15336924e-07 
 2.60030968e-05  3.12910017e-08 
 2.60047561e-05  1.84552525e-07 
 2.60078017e-05 -2.24727250e-08 
 2.60115202e-05  1.30788751e-07 
 2.60161184e-05  8.42886708e-11 
 2.60214216e-05  1.40343003e-07 
 2.60320280e-05 -6.25640229e-09 
 2.60532409e-05  1.27368943e-07 
 2.60956668e-05 -3.01437973e-08 
 2.61791552e-05  9.65591212e-08 
 2.62891848e-05 -5.79298773e-08 
 2.64857309e-05  7.92803653e-08 
 2.68399872e-05 -6.87680314e-08 
 2.70005000e-05  7.44860556e-08 
 2.70005500e-05 -3.46883977e-06 
 2.70006500e-05 -3.25353779e-06 
 2.70008500e-05 -3.64042766e-06 
 2.70010000e-05 -5.13449570e-06 
 2.70010309e-05  3.98231473e-07 
 2.70010927e-05  6.16791971e-07 
 2.70012164e-05  2.83564623e-07 
 2.70014637e-05  2.27684784e-07 
 2.70018463e-05 -1.01507316e-07 
 2.70022405e-05  1.22707502e-07 
 2.70028991e-05 -1.30473584e-07 
 2.70038598e-05  8.38071165e-08 
 2.70057812e-05 -1.64581574e-07 
 2.70096241e-05  5.14457578e-08 
 2.70173097e-05 -1.85196619e-07 
 2.70326811e-05  5.03023678e-08 
 2.70634238e-05 -1.70081637e-07 
 2.71249092e-05  8.02514282e-08 
 2.72375680e-05 -1.29292712e-07 
 2.73931619e-05  1.05729755e-07 
 2.76416732e-05 -1.21324489e-07 
 2.80000000e-05  1.09439022e-07 
 2.80000500e-05  5.01911296e-06 
 2.80001500e-05  3.26034368e-06 
 2.80003500e-05  3.59069351e-06 
 2.80005000e-05  3.34787781e-06 
 2.80005102e-05  3.55536257e-07 
 2.80005306e-05  2.20518674e-07 
 2.80005713e-05  3.74226036e-07 
 2.80006528e-05  2.27418402e-07 
 2.80008157e-05  3.56269913e-07 
 2.80011416e-05  1.48405498e-07 
 2.80017933e-05  2.15307671e-07 
 2.80030968e-05  3.12244613e-08 
 2.80047562e-05  1.84588492e-07 
 2.80078020e-05 -2.24952102e-08 
 2.80115203e-05  1.30906152e-07 
 2.80161185e-05  7.63488983e-11 
 2.80214217e-05  1.40344912e-07 
 2.80320279e-05 -6.26297546e-09 
 2.80532404e-05  1.27408306e-07 
 2.80956654e-05 -2.99678200e-08 
 2.81791560e-05  9.64760396e-08 
 2.82891815e-05 -5.79423222e-08 
 2.84857326e-05  7.93211835e-08 
 2.88399878e-05 -6.87992271e-08 
 2.90005000e-05  7.45314609e-08 
 2.90005500e-05 -3.46919188e-06 
 2.90006500e-05 -3.25386247e-06 
 2.90008500e-05 -3.64084648e-06 
 2.90010000e-05 -5.13455699e-06 
 2.90010309e-05  3.98127953e-07 
 2.90010927e-05  6.16728576e-07 
 2.90012164e-05  2.83454349e-07 
 2.90014637e-05  2.27552512e-07 
 2.90018463e-05 -1.01741896e-07 
 2.90022405e-05  1.22657586e-07 
 2.90028991e-05 -1.30368186e-07 
 2.90038598e-05  8.35986389e-08 
 2.90057812e-05 -1.64513219e-07 
 2.90096241e-05  5.12397267e-08 
 2.90173098e-05 -1.85060240e-07 
 2.90326813e-05  5.01234977e-08 
 2.90634241e-05 -1.69420016e-07 
 2.91249098e-05  7.95335571e-08 
 2.92375688e-05 -1.28636328e-07 
 2.93931590e-05  1.05088200e-07 
 2.96416729e-05 -1.20687853e-07 
 3.00000000e-05  1.08787435e-07 
 3.00000500e-05  5.01895015e-06 
 3.00001500e-05  3.26027299e-06 
 3.00003500e-05  3.59092332e-06 
 3.00005000e-05  3.34795311e-06 
 3.00005102e-05  3.55600252e-07 
 3.00005306e-05  2.20562022e-07 
 3.00005713e-05  3.74263831e-07 
 3.00006528e-05  2.27463486e-07 
 3.00008157e-05  3.56307757e-07 
 3.00011416e-05  1.48371880e-07 
 3.00017933e-05  2.15275367e-07 
 3.00030968e-05  3.11864047e-08 
 3.00047562e-05  1.84611884e-07 
 3.00078021e-05 -2.24705905e-08 
 3.00115202e-05  1.30896489e-07 
 3.00161184e-05  1.03331121e-10 
 3.00214214e-05  1.40402708e-07 
 3.00320275e-05 -6.29273396e-09 
 3.00532395e-05  1.27413483e-07 
 3.00956636e-05 -2.98179298e-08 
 3.01791540e-05  9.63498766e-08 
 3.02891762e-05 -5.79439137e-08 
 3.04857275e-05  7.93285733e-08 
 3.08399798e-05 -6.88179762e-08 
 3.10005000e-05  7.45523263e-08 
 3.10005500e-05 -3.46944477e-06 
 3.10006500e-05 -3.25414565e-06 
 3.10008500e-05 -3.64119731e-06 
 3.10010000e-05 -5.13469644e-06 
 3.10010309e-05  3.98055162e-07 
 3.10010927e-05  6.16660684e-07 
 3.10012164e-05  2.83293515e-07 
 3.10014637e-05  2.27439529e-07 
 3.10018463e-05 -1.01943781e-07 
 3.10022405e-05  1.22691579e-07 
 3.10028991e-05 -1.30416470e-07 
 3.10038598e-05  8.35646794e-08 
 3.10057813e-05 -1.64617493e-07 
 3.10096241e-05  5.12264873e-08 
 3.10173099e-05 -1.85142832e-07 
 3.10326814e-05  5.01588248e-08 
 3.10634244e-05 -1.69072034e-07 
 3.11249105e-05  7.91439026e-08 
 3.12375680e-05 -1.28307296e-07 
 3.13931573e-05  1.04752736e-07 
 3.16416714e-05 -1.20343002e-07 
 3.20000000e-05  1.08458565e-07 
 3.20000500e-05  5.01886698e-06 
 3.20001500e-05  3.26026180e-06 
 3.20003500e-05  3.59111678e-06 
 3.20005000e-05  3.34799804e-06 
 3.20005102e-05  3.55641284e-07 
 3.20005306e-05  2.20642459e-07 
 3.20005713e-05  3.74307378e-07 
 3.20006528e-05  2.27509820e-07 
 3.20008157e-05  3.56329097e-07 
 3.20011416e-05  1.48372625e-07 
 3.20017933e-05  2.15257894e-07 
 3.20030968e-05  3.11649851e-08 
 3.20047563e-05  1.84612504e-07 
 3.20078022e-05 -2.24510508e-08 
 3.20115201e-05  1.30939823e-07 
 3.20161183e-05  1.17400356e-10 
 3.20214212e-05  1.40413903e-07 
 3.20320270e-05 -6.28700672e-09 
 3.20532386e-05  1.27425616e-07 
 3.20956618e-05 -2.97698057e-08 
 3.21791517e-05  9.63729708e-08 
 3.22891722e-05 -5.80537387e-08 
 3.24857229e-05  7.94643385e-08 
 3.28399627e-05 -6.89339815e-08 
 3.30005000e-05  7.46828002e-08 
 3.30005500e-05 -3.46961735e-06 
 3.30006500e-05 -3.25440753e-06 
 3.30008500e-05 -3.64147313e-06 
 3.30010000e-05 -5.13477802e-06 
 3.30010309e-05  3.97955810e-07 
 3.30010927e-05  6.16628581e-07 
 3.30012164e-05  2.83160827e-07 
 3.30014637e-05  2.27356143e-07 
 3.30018463e-05 -1.02163506e-07 
 3.30022405e-05  1.22950384e-07 
 3.30028991e-05 -1.30725299e-07 
 3.30038598e-05  8.38764199e-08 
 3.30057813e-05 -1.64935461e-07 
 3.30096242e-05  5.14657151e-08 
 3.30173100e-05 -1.85471626e-07 
 3.30326815e-05  5.04326515e-08 
 3.30634247e-05 -1.69031159e-07 
 3.31249110e-05  7.90437020e-08 
 3.32375665e-05 -1.28255700e-07 
 3.33931525e-05  1.04681704e-07 
 3.36416718e-05 -1.20282197e-07 
 3.40000000e-05  1.08411281e-07 
