 5.00000000e-12  2.80629599e-01 
 5.12897508e-12  1.08807252e-01 
 5.38692524e-12  6.14792395e-02 
 5.90282557e-12  2.38239296e-02 
 6.93462621e-12  2.23237854e-04 
 8.78882253e-12  7.27608792e-04 
 1.17739884e-11 -1.60391854e-03 
 1.71603035e-11  7.68835257e-04 
 2.78162689e-11 -1.46214159e-03 
 4.13138490e-11  9.21922300e-04 
 6.52132987e-11 -1.23935138e-03 
 9.41850490e-11  1.11086752e-03 
 1.45813825e-10 -1.06726216e-03 
 2.06725247e-10  1.14048600e-03 
 3.28548092e-10 -1.12991327e-03 
 4.89407993e-10  1.08313444e-03 
 5.00000000e-10 -1.13189185e-03 
 5.02623811e-10 -4.73647125e-05 
 5.07871434e-10 -2.67476200e-05 
 5.18366679e-10 -4.72141127e-05 
 5.39357169e-10 -2.70146518e-05 
 5.81338150e-10 -4.69398906e-05 
 6.65300111e-10 -2.58474883e-05 
 8.33224033e-10 -4.23711934e-05 
 1.16907188e-09 -1.48999146e-05 
 1.84076757e-09 -2.47113811e-05 
 2.88511821e-09  1.81148167e-06 
 4.15882119e-09 -1.52320879e-05 
 6.29519789e-09  6.64679281e-06 
 9.12158148e-09 -1.23525440e-05 
 1.29990442e-08  8.06446453e-06 
 2.07539696e-08 -1.15153013e-05 
 3.20892239e-08  8.53507771e-06 
 4.85251189e-08 -1.13274244e-05 
 7.24970189e-08  8.93904060e-06 
 9.62696302e-08 -1.09256568e-05 
 1.22501727e-07  9.66936243e-06 
 1.53000227e-07 -1.03231051e-05 
 1.87232758e-07  9.55014979e-06 
 2.24013039e-07 -1.01778242e-05 
 2.74382503e-07  9.73903912e-06 
 3.44104484e-07 -1.00757541e-05 
 4.14449462e-07  1.00115383e-05 
 4.22759730e-07  2.11358296e-08 
 4.39380267e-07  5.69797343e-08 
 4.51248036e-07  2.07086586e-09 
 4.62987987e-07 -2.17540627e-08 
 4.75226363e-07  2.71143749e-08 
 4.86414397e-07 -3.94967001e-08 
 4.99451706e-07 -2.49427716e-08 
 5.00000000e-07 -1.73714914e-08 
 5.01096589e-07 -8.34034524e-09 
 5.03289767e-07  2.57500289e-09 
 5.07676122e-07  1.76104958e-08 
 5.16448834e-07  4.78466939e-08 
 5.29047575e-07  1.38311631e-07 
 5.42939424e-07  1.07734063e-07 
 5.56482991e-07  1.43574143e-07 
 5.70259340e-07  5.60730495e-08 
 5.85092975e-07  5.76312465e-08 
 6.02449552e-07  1.34279130e-07 
 6.24543567e-07  1.93627088e-07 
 6.43299432e-07  1.71715242e-07 
 6.62599006e-07 -2.99241210e-08 
 6.80414760e-07  3.82270475e-08 
 6.99400432e-07  1.31058201e-08 
 7.26836839e-07  2.38276923e-08 
 7.54792872e-07  4.95848281e-08 
 7.76838627e-07  2.46630467e-08 
 8.00247439e-07 -1.73770461e-08 
 8.23006949e-07 -4.14696053e-09 
 8.57152342e-07 -1.38174554e-08 
 8.92128198e-07 -5.99157876e-09 
 9.47529612e-07 -1.38595784e-08 
 1.00050000e-06 -2.05159755e-08 
 1.00055000e-06 -7.09111260e-06 
 1.00065000e-06 -7.19018007e-06 
 1.00085000e-06 -7.54164043e-06 
 1.00100000e-06 -9.48204937e-06 
 1.00103630e-06  1.85162881e-06 
 1.00110890e-06  1.97143554e-06 
 1.00125409e-06  1.06618358e-06 
 1.00154448e-06  6.65640011e-07 
 1.00184182e-06  6.46866320e-08 
 1.00224382e-06  3.54225856e-07 
 1.00282798e-06 -3.24385835e-07 
 1.00399628e-06 -2.62190747e-07 
 1.00633289e-06 -1.21878714e-06 
 1.01100610e-06 -1.23796262e-06 
 1.01646256e-06 -1.79593261e-06 
 1.02501204e-06 -1.25148861e-06 
 1.03573685e-06 -1.45839923e-06 
 1.05333280e-06 -6.78017701e-07 
 1.07714986e-06 -8.72278343e-07 
 1.08024964e-06 -6.35554458e-07 
 1.08644921e-06 -6.03686290e-07 
 1.09697224e-06 -6.02206007e-07 
 1.10970768e-06  4.27972479e-07 
 1.11998421e-06 -3.44797391e-08 
 1.13071405e-06  4.23211971e-07 
 1.13846903e-06 -1.42485580e-07 
 1.14604397e-06  6.47541558e-07 
 1.15676631e-06  5.79257921e-08 
 1.16803218e-06 -2.10055990e-07 
 1.18217032e-06 -1.90358588e-07 
 1.19925824e-06 -1.19724114e-08 
 1.21912247e-06 -4.11797393e-08 
 1.23571665e-06  3.57367246e-08 
 1.24689392e-06 -8.07332382e-08 
 1.25756625e-06  4.26618218e-08 
 1.26870736e-06 -6.52089280e-08 
 1.29098959e-06  3.79219827e-08 
 1.32799678e-06 -6.82920527e-08 
 1.33538874e-06 -1.68566380e-08 
 1.35017268e-06 -3.23620317e-09 
 1.37974055e-06  1.65013713e-08 
 1.41628412e-06  1.14371359e-06 
 1.45017444e-06 -1.14774791e-06 
 1.45409510e-06 -2.64500362e-07 
 1.46193642e-06  7.25329788e-08 
 1.47761906e-06  3.71433725e-07 
 1.49178721e-06 -2.82390364e-07 
 1.50752059e-06  5.94798104e-07 
 1.52344092e-06 -5.29913140e-07 
 1.54113661e-06  3.73002145e-07 
 1.56025310e-06 -3.55470821e-07 
 1.58114121e-06  2.95083644e-07 
 1.61263139e-06 -2.72991697e-07 
 1.65264152e-06  2.70849783e-07 
 1.69293194e-06 -2.35798030e-07 
 1.75213839e-06  2.70655810e-07 
 1.81026455e-06 -2.23712122e-07 
 1.88335884e-06  1.58383454e-07 
 1.94017539e-06  8.80111221e-09 
 1.99215899e-06  4.50419160e-08 
 2.00000000e-06 -1.86176223e-08 
 2.00005000e-06  4.86985194e-06 
 2.00015000e-06  3.52152752e-06 
 2.00035000e-06  3.68571862e-06 
 2.00050000e-06  3.91436438e-06 
 2.00050923e-06  6.52815455e-07 
 2.00052769e-06  4.72302847e-07 
 2.00056461e-06  6.86041429e-07 
 2.00063845e-06  5.30260299e-07 
 2.00078613e-06  7.62523574e-07 
 2.00108149e-06  5.75355862e-07 
 2.00167222e-06  6.59796708e-07 
 2.00256585e-06  4.20734189e-07 
 2.00376985e-06  5.47539293e-07 
 2.00569672e-06  2.94080643e-07 
 2.00791279e-06  4.86808345e-07 
 2.01088461e-06  3.19934020e-07 
 2.01422978e-06  4.90153348e-07 
 2.02092013e-06  2.94167144e-07 
 2.03430083e-06  4.31192859e-07 
 2.05796350e-06  4.74070732e-07 
 2.07756066e-06 -2.22475468e-07 
 2.09345344e-06  4.15131681e-07 
 2.10686565e-06 -1.37623053e-07 
 2.12117020e-06  2.80015479e-07 
 2.13539157e-06 -9.10790052e-08 
 2.15006473e-06  2.14054580e-07 
 2.17225440e-06 -8.35436343e-08 
 2.19716717e-06  1.71314852e-07 
 2.23364601e-06 -9.97815294e-08 
 2.28365313e-06  1.32615055e-07 
 2.35344754e-06 -1.25662927e-07 
 2.46128997e-06  1.06327855e-07 
 2.63804257e-06 -1.27498752e-07 
 2.64317792e-06 -1.20857922e-08 
 2.65344862e-06 -4.96388572e-09 
 2.67399001e-06 -8.50057713e-09 
 2.71507279e-06 -2.62096286e-09 
 2.79723836e-06 -2.82722081e-09 
 2.81777975e-06 -3.21465810e-10 
 2.85886254e-06  1.77654049e-09 
 2.94102811e-06  1.31524392e-08 
 3.00050000e-06  4.32387503e-08 
 3.00055000e-06 -3.51886810e-06 
 3.00065000e-06 -3.47016862e-06 
 3.00085000e-06 -3.58617231e-06 
 3.00100000e-06 -3.29554488e-06 
 3.00103520e-06  1.88899934e-06 
 3.00110560e-06  1.92317985e-06 
 3.00124640e-06  1.49041088e-06 
 3.00152799e-06  1.25635946e-06 
 3.00184014e-06  9.69019498e-07 
 3.00221747e-06  1.07946933e-06 
 3.00281058e-06  7.81091110e-07 
 3.00399680e-06  8.03033411e-07 
 3.00636924e-06  4.01093127e-07 
 3.01111411e-06  3.55343738e-07 
 3.02060385e-06 -4.48910929e-08 
 3.03939688e-06  2.86085978e-08 
 3.06252118e-06  9.43976764e-09 
 3.08721292e-06  1.86271467e-07 
 3.10509881e-06 -1.02589575e-07 
 3.12366557e-06  1.05025757e-08 
 3.14219993e-06 -1.09811910e-07 
 3.16047263e-06  1.30062148e-08 
 3.17972426e-06 -1.03717167e-07 
 3.20536859e-06  2.45009211e-08 
 3.23542674e-06 -9.18422432e-08 
 3.27791183e-06  4.28962482e-08 
 3.33660659e-06 -7.16821990e-08 
 3.42080650e-06  6.58382081e-08 
 3.50678135e-06  3.09338091e-08 
 3.56728726e-06 -4.21611960e-08 
 3.62377029e-06  2.90822086e-08 
 3.67311739e-06 -1.57689347e-08 
 3.72691264e-06 -6.05366040e-09 
 3.78978467e-06 -8.49985309e-10 
 3.86543292e-06 -2.30820664e-08 
 3.96989407e-06  9.55670944e-09 
 4.00000000e-06 -3.80351905e-08 
 4.00005000e-06  5.69523182e-06 
 4.00015000e-06  4.17005220e-06 
 4.00035000e-06  3.99862959e-06 
 4.00050000e-06  4.37746689e-06 
 4.00050885e-06  9.80807269e-07 
 4.00052656e-06  7.64110264e-07 
 4.00056196e-06  9.88232902e-07 
 4.00063278e-06  7.83514567e-07 
 4.00077441e-06  9.93285395e-07 
 4.00105766e-06  7.38778829e-07 
 4.00162418e-06  8.00197562e-07 
 4.00275721e-06  3.06619289e-07 
 4.00445653e-06  4.44415921e-07 
 4.00665654e-06  2.27733315e-07 
 4.01004745e-06  4.23735205e-07 
 4.01448698e-06  1.85822971e-07 
 4.02034286e-06  4.01718646e-07 
 4.02710770e-06  1.67628715e-07 
 4.03904650e-06  3.59031540e-07 
 4.05938417e-06  1.09523828e-07 
 4.09597470e-06  2.73421671e-07 
 4.16915576e-06 -1.08030334e-08 
 4.25064545e-06  1.64646434e-07 
 4.36540146e-06 -7.97127730e-08 
 4.50607325e-06  1.20405299e-07 
 4.75114093e-06 -1.02606682e-07 
 5.00050000e-06  1.10379505e-07 
 5.00055000e-06 -3.51016317e-06 
 5.00065000e-06 -3.42302576e-06 
 5.00085000e-06 -4.04744062e-06 
 5.00100000e-06 -4.27011377e-06 
 5.00103089e-06  1.54823506e-06 
 5.00109266e-06  1.65006331e-06 
 5.00121621e-06  1.17408623e-06 
 5.00146330e-06  9.84951885e-07 
 5.00174976e-06  6.59543903e-07 
 5.00214609e-06  8.57184681e-07 
 5.00270305e-06  5.64564678e-07 
 5.00381698e-06  6.87904578e-07 
 5.00604483e-06  2.98799275e-07 
 5.01050052e-06  3.30326126e-07 
 5.01941191e-06 -1.18211542e-07 
 5.03723469e-06 -7.46276469e-08 
 5.06089290e-06 -3.62043414e-07 
 5.09318629e-06 -1.33732448e-07 
 5.13566005e-06 -3.28040324e-07 
 5.19888877e-06 -1.88189346e-08 
 5.28416387e-06 -1.99221823e-07 
 5.40042193e-06  8.88343643e-08 
 5.41690606e-06 -2.44118359e-08 
 5.44987434e-06 -1.20169528e-08 
 5.51581089e-06  1.16892659e-08 
 5.52572142e-06  1.32157657e-08 
 5.54554249e-06  2.46040753e-08 
 5.57181810e-06  2.50128742e-07 
 5.59434294e-06 -9.09042681e-08 
 5.61221697e-06  1.32028661e-07 
 5.62953197e-06 -1.81574072e-07 
 5.64616373e-06  1.01895305e-07 
 5.66144758e-06 -1.28620021e-07 
 5.67818870e-06  8.50712655e-08 
 5.69777411e-06 -9.66187341e-08 
 5.72067886e-06  8.22053038e-08 
 5.75037277e-06 -7.65899599e-08 
 5.78896586e-06  8.66030143e-08 
 5.84128404e-06 -6.12291311e-08 
 5.91413198e-06  9.99064002e-08 
 5.98940225e-06  1.13038760e-07 
 6.00000000e-06  3.38150489e-07 
 6.00005000e-06  5.59641255e-06 
 6.00015000e-06  3.73164397e-06 
 6.00035000e-06  3.71998316e-06 
 6.00050000e-06  3.54968153e-06 
 6.00051255e-06  3.69208692e-07 
 6.00053766e-06  2.55892024e-07 
 6.00058787e-06  4.20594257e-07 
 6.00068829e-06  3.30493217e-07 
 6.00088914e-06  5.16931951e-07 
 6.00129082e-06  4.05019738e-07 
 6.00209420e-06  4.90125202e-07 
 6.00370095e-06  1.75240317e-07 
 6.00686689e-06  2.78271490e-07 
 6.01034094e-06  1.49333320e-07 
 6.01535782e-06  2.69809318e-07 
 6.02485939e-06  1.11233032e-07 
 6.03430422e-06  2.41423404e-07 
 6.04589517e-06  8.59650801e-08 
 6.06718982e-06  2.03375106e-07 
 6.09556807e-06  4.50104830e-08 
 6.14877863e-06  1.49974356e-07 
 6.23831744e-06 -1.22931832e-08 
 6.39158058e-06  9.23862186e-08 
 6.41448092e-06  2.49994180e-08 
 6.46028161e-06  2.16917585e-08 
 6.55188298e-06  1.87524488e-08 
 6.65020331e-06  2.39863719e-08 
 6.72021601e-06  3.08879768e-08 
 6.78696002e-06  2.13306931e-08 
 6.85054649e-06  3.04999727e-08 
 6.91792012e-06  4.47265051e-08 
 6.99897824e-06  4.23645744e-08 
 7.00050000e-06  3.64481445e-08 
 7.00055000e-06 -3.46426623e-06 
 7.00065000e-06 -3.31123644e-06 
 7.00085000e-06 -4.14919132e-06 
 7.00100000e-06 -5.17066015e-06 
 7.00103127e-06  1.04526437e-06 
 7.00109381e-06  1.17391503e-06 
 7.00121888e-06  7.23621162e-07 
 7.00146903e-06  5.97425770e-07 
 7.00176471e-06  2.94550881e-07 
 7.00218106e-06  5.24702078e-07 
 7.00274500e-06  2.53828617e-07 
 7.00387289e-06  4.39498204e-07 
 7.00612867e-06  1.24525155e-07 
 7.01064023e-06  2.84013305e-07 
 7.01966334e-06 -3.80721073e-08 
 7.03770956e-06  1.25555214e-07 
 7.07380200e-06 -1.64938360e-07 
 7.12553369e-06  7.32197282e-08 
 7.19925308e-06 -1.55155644e-07 
 7.30664394e-06  9.86176744e-08 
 7.46224432e-06 -1.32072588e-07 
 7.62981144e-06  1.19221999e-07 
 7.81914698e-06 -9.72303662e-08 
 7.94818371e-06  8.10594735e-08 
 8.00000000e-06 -1.07089518e-07 
 8.00005000e-06  5.86869958e-06 
 8.00015000e-06  4.12540121e-06 
 8.00035000e-06  3.28351537e-06 
 8.00050000e-06  3.75873709e-06 
 8.00051063e-06  2.26274196e-07 
 8.00053190e-06  5.85719005e-08 
 8.00057443e-06  2.69461250e-07 
 8.00065949e-06  1.20799113e-07 
 8.00082962e-06  3.52277780e-07 
 8.00116987e-06  2.02346280e-07 
 8.00185036e-06  3.83604809e-07 
 8.00321136e-06  1.70254682e-07 
 8.00593336e-06  2.71423647e-07 
 8.01137734e-06 -4.38100710e-08 
 8.02066310e-06  1.45448698e-07 
 8.03048492e-06 -5.17428988e-08 
 8.04773459e-06  1.40190928e-07 
 8.07857521e-06 -5.99451016e-08 
 8.10960251e-06  1.31357148e-07 
 8.15512195e-06 -7.07865751e-08 
 8.21093114e-06  1.17258345e-07 
 8.31894993e-06 -8.45067241e-08 
 8.47250064e-06  1.03900611e-07 
 8.74916284e-06 -9.32029260e-08 
 9.00050000e-06  9.90732649e-08 
 9.00055000e-06 -3.49096113e-06 
 9.00065000e-06 -3.32907146e-06 
 9.00085000e-06 -4.16959334e-06 
 9.00100000e-06 -5.13229521e-06 
 9.00103121e-06  1.08014531e-06 
 9.00109363e-06  1.20642343e-06 
 9.00121848e-06  7.45132520e-07 
 9.00146817e-06  6.15542019e-07 
 9.00176642e-06  3.09329823e-07 
 9.00218340e-06  5.37953477e-07 
 9.00275105e-06  2.62017161e-07 
 9.00388635e-06  4.44453879e-07 
 9.00615694e-06  1.23471155e-07 
 9.01069813e-06  2.80647177e-07 
 9.01978051e-06 -4.39625002e-08 
 9.03794527e-06  1.17701986e-07 
 9.07427479e-06 -1.75139211e-07 
 9.12410398e-06  6.66157877e-08 
 9.19640543e-06 -1.62477469e-07 
 9.29893644e-06  9.52729114e-08 
 9.45194460e-06 -1.37739048e-07 
 9.72227510e-06  1.15036637e-07 
 1.00000000e-05 -1.24818643e-07 
 1.00000500e-05  5.84899878e-06 
 1.00001500e-05  4.08810384e-06 
 1.00003500e-05  3.28226653e-06 
 1.00005000e-05  3.72866196e-06 
 1.00005106e-05  2.10290069e-07 
 1.00005319e-05  4.34673985e-08 
 1.00005744e-05  2.53688882e-07 
 1.00006593e-05  1.05477030e-07 
 1.00008293e-05  3.37802318e-07 
 1.00011692e-05  1.89798430e-07 
 1.00018489e-05  3.73623877e-07 
 1.00032085e-05  1.64534969e-07 
 1.00059276e-05  2.70623627e-07 
 1.00113658e-05 -4.21154795e-08 
 1.00204570e-05  1.49555466e-07 
 1.00301322e-05 -4.79213438e-08 
 1.00473836e-05  1.43616816e-07 
 1.00780301e-05 -5.74655666e-08 
 1.01088174e-05  1.33218999e-07 
 1.01529184e-05 -6.92827333e-08 
 1.02089664e-05  1.17901024e-07 
 1.03109427e-05 -8.39568333e-08 
 1.04587218e-05  1.03836122e-07 
 1.07132311e-05 -9.31168749e-08 
 1.10005000e-05  9.86180619e-08 
 1.10005500e-05 -3.48936813e-06 
 1.10006500e-05 -3.32635993e-06 
 1.10008500e-05 -4.16287804e-06 
 1.10010000e-05 -5.16541271e-06 
 1.10010312e-05  1.06227628e-06 
 1.10010936e-05  1.18926683e-06 
 1.10012184e-05  7.27851448e-07 
 1.10014681e-05  5.99447294e-07 
 1.10017665e-05  2.93185982e-07 
 1.10021834e-05  5.23161850e-07 
 1.10027513e-05  2.48178948e-07 
 1.10038870e-05  4.31891296e-07 
 1.10061584e-05  1.11909479e-07 
 1.10107011e-05  2.72775396e-07 
 1.10197866e-05 -4.92054361e-08 
 1.10379576e-05  1.17053148e-07 
 1.10742996e-05 -1.74557733e-07 
 1.11249009e-05  6.76881873e-08 
 1.11978050e-05 -1.62329914e-07 
 1.13020043e-05  9.58913250e-08 
 1.14577045e-05 -1.37805886e-07 
 1.17416835e-05  1.15661632e-07 
 1.20000000e-05 -1.25291921e-07 
 1.20000500e-05  5.84797980e-06 
 1.20001500e-05  4.08562305e-06 
 1.20003500e-05  3.28295165e-06 
 1.20005000e-05  3.72458050e-06 
 1.20005106e-05  2.08774970e-07 
 1.20005319e-05  4.21710696e-08 
 1.20005744e-05  2.52198067e-07 
 1.20006593e-05  1.04273816e-07 
 1.20008293e-05  3.36377435e-07 
 1.20011692e-05  1.88749431e-07 
 1.20018491e-05  3.72567901e-07 
 1.20032088e-05  1.64146572e-07 
 1.20059283e-05  2.71057887e-07 
 1.20113671e-05 -4.26010141e-08 
 1.20204823e-05  1.50517696e-07 
 1.20301758e-05 -4.85428280e-08 
 1.20474218e-05  1.44452610e-07 
 1.20781309e-05 -5.82610559e-08 
 1.21089874e-05  1.33798890e-07 
 1.21533624e-05 -7.02989213e-08 
 1.22093990e-05  1.18402251e-07 
 1.23125036e-05 -8.49805977e-08 
 1.24614119e-05  1.04324255e-07 
 1.27201173e-05 -9.42517015e-08 
 1.30005000e-05  9.91089775e-08 
 1.30005500e-05 -3.48938063e-06 
 1.30006500e-05 -3.32597553e-06 
 1.30008500e-05 -4.16001997e-06 
 1.30010000e-05 -5.18038928e-06 
 1.30010312e-05  1.05331754e-06 
 1.30010936e-05  1.18066747e-06 
 1.30012184e-05  7.19352178e-07 
 1.30014680e-05  5.91564243e-07 
 1.30017664e-05  2.85295320e-07 
 1.30021834e-05  5.15958877e-07 
 1.30027512e-05  2.41222612e-07 
 1.30038868e-05  4.26671455e-07 
 1.30061581e-05  1.05911455e-07 
 1.30107005e-05  2.69723229e-07 
 1.30197854e-05 -5.22794097e-08 
 1.30379552e-05  1.17278430e-07 
 1.30742948e-05 -1.75080793e-07 
 1.31252671e-05  6.86661559e-08 
 1.31984418e-05 -1.63008681e-07 
 1.33034181e-05  9.68332521e-08 
 1.34603384e-05 -1.38437916e-07 
 1.37480296e-05  1.16608871e-07 
 1.40000000e-05 -1.26117342e-07 
 1.40000500e-05  5.84805996e-06 
 1.40001500e-05  4.08489109e-06 
 1.40003500e-05  3.28366350e-06 
 1.40005000e-05  3.72336935e-06 
 1.40005106e-05  2.08373807e-07 
 1.40005319e-05  4.18559869e-08 
 1.40005744e-05  2.51791740e-07 
 1.40006593e-05  1.03940215e-07 
 1.40008293e-05  3.36025683e-07 
 1.40011693e-05  1.88510511e-07 
 1.40018492e-05  3.72312265e-07 
 1.40032089e-05  1.64113002e-07 
 1.40059285e-05  2.71315225e-07 
 1.40113676e-05 -4.24281015e-08 
 1.40204914e-05  1.50752050e-07 
 1.40301915e-05 -4.85347090e-08 
 1.40474356e-05  1.44620959e-07 
 1.40781691e-05 -5.82965487e-08 
 1.41090523e-05  1.33926599e-07 
 1.41535281e-05 -7.04586619e-08 
 1.42095636e-05  1.18479788e-07 
 1.43130842e-05 -8.51791314e-08 
 1.44624127e-05  1.04369450e-07 
 1.47226795e-05 -9.43646791e-08 
 1.50005000e-05  9.92280884e-08 
 1.50005500e-05 -3.48946057e-06 
 1.50006500e-05 -3.32598349e-06 
 1.50008500e-05 -4.15717405e-06 
 1.50010000e-05 -5.18797724e-06 
 1.50010312e-05  1.04976041e-06 
 1.50010936e-05  1.17725868e-06 
 1.50012184e-05  7.15992634e-07 
 1.50014680e-05  5.88461865e-07 
 1.50017664e-05  2.82145221e-07 
 1.50021834e-05  5.12862480e-07 
 1.50027512e-05  2.38357338e-07 
 1.50038868e-05  4.24689309e-07 
 1.50061579e-05  1.03605779e-07 
 1.50107003e-05  2.68666845e-07 
 1.50197850e-05 -5.34141106e-08 
 1.50379543e-05  1.17491906e-07 
 1.50742930e-05 -1.75218532e-07 
 1.51254187e-05  6.92091224e-08 
 1.51987050e-05 -1.63221423e-07 
 1.53040027e-05  9.72840373e-08 
 1.54614340e-05 -1.38709559e-07 
 1.57506762e-05  1.17000997e-07 
 1.60000000e-05 -1.26462044e-07 
 1.60000500e-05  5.84800933e-06 
 1.60001500e-05  4.08456616e-06 
 1.60003500e-05  3.28402303e-06 
 1.60005000e-05  3.72281649e-06 
 1.60005106e-05  2.08192166e-07 
 1.60005319e-05  4.17264469e-08 
 1.60005744e-05  2.51652231e-07 
 1.60006594e-05  1.03855777e-07 
 1.60008293e-05  3.35873802e-07 
 1.60011693e-05  1.88383132e-07 
 1.60018492e-05  3.72231511e-07 
 1.60032090e-05  1.64114919e-07 
 1.60059286e-05  2.71357743e-07 
 1.60113678e-05 -4.23485321e-08 
 1.60204950e-05  1.50863313e-07 
 1.60301977e-05 -4.84939163e-08 
 1.60474411e-05  1.44692242e-07 
 1.60781846e-05 -5.83153766e-08 
 1.61090785e-05  1.33986476e-07 
 1.61535940e-05 -7.05033065e-08 
 1.62096297e-05  1.18501768e-07 
 1.63133148e-05 -8.52611534e-08 
 1.64628100e-05  1.04442734e-07 
 1.67236959e-05 -9.44492240e-08 
 1.70005000e-05  9.92854230e-08 
 1.70005500e-05 -3.48952482e-06 
 1.70006500e-05 -3.32600362e-06 
 1.70008500e-05 -4.15548529e-06 
 1.70010000e-05 -5.19078199e-06 
 1.70010312e-05  1.04826673e-06 
 1.70010936e-05  1.17585058e-06 
 1.70012184e-05  7.14630251e-07 
 1.70014680e-05  5.86965282e-07 
 1.70017664e-05  2.80612071e-07 
 1.70021834e-05  5.11522861e-07 
 1.70027512e-05  2.37311216e-07 
 1.70038868e-05  4.23748569e-07 
 1.70061579e-05  1.02718075e-07 
 1.70107002e-05  2.68098180e-07 
 1.70197848e-05 -5.37969478e-08 
 1.70379539e-05  1.17453613e-07 
 1.70742923e-05 -1.75204834e-07 
 1.71254823e-05  6.92812319e-08 
 1.71988155e-05 -1.63180130e-07 
 1.73042472e-05  9.73407037e-08 
 1.74619045e-05 -1.38726556e-07 
 1.77518134e-05  1.17062157e-07 
 1.80000000e-05 -1.26490336e-07 
 1.80000500e-05  5.84799756e-06 
 1.80001500e-05  4.08442256e-06 
 1.80003500e-05  3.28416236e-06 
 1.80005000e-05  3.72259204e-06 
 1.80005106e-05  2.08162106e-07 
 1.80005319e-05  4.17057798e-08 
 1.80005744e-05  2.51565446e-07 
 1.80006594e-05  1.03806363e-07 
 1.80008293e-05  3.35818321e-07 
 1.80011693e-05  1.88333544e-07 
 1.80018492e-05  3.72160947e-07 
 1.80032090e-05  1.64087285e-07 
 1.80059287e-05  2.71393707e-07 
 1.80113679e-05 -4.23169928e-08 
 1.80204967e-05  1.50932853e-07 
 1.80302006e-05 -4.84674134e-08 
 1.80474436e-05  1.44697992e-07 
 1.80781911e-05 -5.83029819e-08 
 1.81090895e-05  1.33990562e-07 
 1.81536219e-05 -7.05388589e-08 
 1.82096575e-05  1.18505134e-07 
 1.83134128e-05 -8.52974516e-08 
 1.84629793e-05  1.04444577e-07 
 1.87241303e-05 -9.44687649e-08 
 1.90005000e-05  9.92783047e-08 
 1.90005500e-05 -3.48954897e-06 
 1.90006500e-05 -3.32602009e-06 
 1.90008500e-05 -4.15528946e-06 
 1.90010000e-05 -5.18914709e-06 
 1.90010312e-05  1.04773024e-06 
 1.90010936e-05  1.17524681e-06 
 1.90012184e-05  7.13394011e-07 
 1.90014680e-05  5.86290664e-07 
 1.90017664e-05  2.79868105e-07 
 1.90021834e-05  5.11276959e-07 
 1.90027512e-05  2.36578247e-07 
 1.90038867e-05  4.23629979e-07 
 1.90061579e-05  1.02084684e-07 
 1.90107001e-05  2.68136436e-07 
 1.90197847e-05 -5.41952761e-08 
 1.90379538e-05  1.17707319e-07 
 1.90742919e-05 -1.75432703e-07 
 1.91255089e-05  6.96058168e-08 
 1.91988618e-05 -1.63402890e-07 
 1.93043501e-05  9.76061975e-08 
 1.94621010e-05 -1.39026580e-07 
 1.97522955e-05  1.17331989e-07 
 2.00000000e-05 -1.26802435e-07 
 2.00000500e-05  5.84796693e-06 
 2.00001500e-05  4.08434745e-06 
 2.00003500e-05  3.28423567e-06 
 2.00005000e-05  3.72249171e-06 
 2.00005106e-05  2.08092410e-07 
 2.00005319e-05  4.16697834e-08 
 2.00005744e-05  2.51565980e-07 
 2.00006594e-05  1.03796194e-07 
 2.00008293e-05  3.35784762e-07 
 2.00011693e-05  1.88317672e-07 
 2.00018492e-05  3.72136253e-07 
 2.00032090e-05  1.64094692e-07 
 2.00059287e-05  2.71405069e-07 
 2.00113680e-05 -4.23052369e-08 
 2.00204973e-05  1.50913643e-07 
 2.00302017e-05 -4.84731377e-08 
 2.00474446e-05  1.44700391e-07 
 2.00781936e-05 -5.82959529e-08 
 2.01090936e-05  1.33987435e-07 
 2.01536319e-05 -7.04832434e-08 
 2.02096676e-05  1.18492943e-07 
 2.03134474e-05 -8.52574894e-08 
 2.04630396e-05  1.04422584e-07 
 2.07242850e-05 -9.44253675e-08 
 2.10005000e-05  9.92514680e-08 
 2.10005500e-05 -3.48958429e-06 
 2.10006500e-05 -3.32606955e-06 
 2.10008500e-05 -4.15525826e-06 
 2.10010000e-05 -5.18778858e-06 
 2.10010312e-05  1.04706584e-06 
 2.10010936e-05  1.17435117e-06 
 2.10012184e-05  7.12741554e-07 
 2.10014680e-05  5.86195623e-07 
 2.10017664e-05  2.79483878e-07 
 2.10021834e-05  5.11206320e-07 
 2.10027512e-05  2.36245354e-07 
 2.10038867e-05  4.23594259e-07 
 2.10061579e-05  1.01785967e-07 
 2.10107001e-05  2.68174074e-07 
 2.10197847e-05 -5.44310391e-08 
 2.10379537e-05  1.17849970e-07 
 2.10742918e-05 -1.75558109e-07 
 2.11255201e-05  6.97780074e-08 
 2.11988812e-05 -1.63575707e-07 
 2.13043933e-05  9.77707165e-08 
 2.14621856e-05 -1.39206300e-07 
 2.17525058e-05  1.17445135e-07 
 2.20000000e-05 -1.26965209e-07 
 2.20000500e-05  5.84795483e-06 
 2.20001500e-05  4.08428196e-06 
 2.20003500e-05  3.28428169e-06 
 2.20005000e-05  3.72243080e-06 
 2.20005106e-05  2.08076040e-07 
 2.20005319e-05  4.16729131e-08 
 2.20005744e-05  2.51531586e-07 
 2.20006594e-05  1.03786767e-07 
 2.20008293e-05  3.35758029e-07 
 2.20011693e-05  1.88315831e-07 
 2.20018492e-05  3.72108699e-07 
 2.20032090e-05  1.64065921e-07 
 2.20059287e-05  2.71374027e-07 
 2.20113680e-05 -4.22985771e-08 
 2.20204976e-05  1.50930843e-07 
 2.20302021e-05 -4.85354418e-08 
 2.20474450e-05  1.44747734e-07 
 2.20781942e-05 -5.83287252e-08 
 2.21090945e-05  1.34025896e-07 
 2.21536340e-05 -7.05216301e-08 
 2.22096696e-05  1.18542906e-07 
 2.23134545e-05 -8.52886453e-08 
 2.24630522e-05  1.04472100e-07 
 2.27243176e-05 -9.44403671e-08 
 2.30005000e-05  9.92856994e-08 
 2.30005500e-05 -3.48960325e-06 
 2.30006500e-05 -3.32610289e-06 
 2.30008500e-05 -4.15525312e-06 
 2.30010000e-05 -5.18738493e-06 
 2.30010312e-05  1.04647368e-06 
 2.30010936e-05  1.17378857e-06 
 2.30012184e-05  7.13134115e-07 
 2.30014680e-05  5.85684275e-07 
 2.30017664e-05  2.79868520e-07 
 2.30021834e-05  5.10668784e-07 
 2.30027512e-05  2.36634262e-07 
 2.30038867e-05  4.23104961e-07 
 2.30061579e-05  1.02180249e-07 
 2.30107001e-05  2.67708615e-07 
 2.30197847e-05 -5.39931247e-08 
 2.30379537e-05  1.17416176e-07 
 2.30742918e-05 -1.75112995e-07 
 2.31255238e-05  6.93492647e-08 
 2.31988878e-05 -1.63151430e-07 
 2.33044085e-05  9.73124936e-08 
 2.34622171e-05 -1.38778330e-07 
 2.37525739e-05  1.16992675e-07 
 2.40000000e-05 -1.26539068e-07 
 2.40000500e-05  5.84791041e-06 
 2.40001500e-05  4.08423929e-06 
 2.40003500e-05  3.28430649e-06 
 2.40005000e-05  3.72238223e-06 
 2.40005106e-05  2.08084660e-07 
 2.40005319e-05  4.16835937e-08 
 2.40005744e-05  2.51546289e-07 
 2.40006594e-05  1.03792072e-07 
 2.40008293e-05  3.35731361e-07 
 2.40011693e-05  1.88307868e-07 
 2.40018492e-05  3.72091833e-07 
 2.40032090e-05  1.64059651e-07 
 2.40059287e-05  2.71389168e-07 
 2.40113680e-05 -4.23017198e-08 
 2.40204977e-05  1.50912646e-07 
 2.40302023e-05 -4.84939944e-08 
 2.40474451e-05  1.44716984e-07 
 2.40781942e-05 -5.82976534e-08 
 2.41090944e-05  1.34011079e-07 
 2.41536334e-05 -7.04716158e-08 
 2.42096691e-05  1.18512283e-07 
 2.43134522e-05 -8.52299564e-08 
 2.44630481e-05  1.04449456e-07 
 2.47243060e-05 -9.44112526e-08 
 2.50005000e-05  9.92403499e-08 
 2.50005500e-05 -3.48954142e-06 
 2.50006500e-05 -3.32603466e-06 
 2.50008500e-05 -4.15515826e-06 
 2.50010000e-05 -5.18752472e-06 
 2.50010312e-05  1.04633851e-06 
 2.50010936e-05  1.17365005e-06 
 2.50012184e-05  7.13010408e-07 
 2.50014680e-05  5.85533109e-07 
 2.50017664e-05  2.79795824e-07 
 2.50021834e-05  5.10535208e-07 
 2.50027512e-05  2.36536230e-07 
 2.50038867e-05  4.23019072e-07 
 2.50061579e-05  1.02138832e-07 
 2.50107002e-05  2.67622547e-07 
 2.50197847e-05 -5.40210451e-08 
 2.50379538e-05  1.17396226e-07 
 2.50742919e-05 -1.75079539e-07 
 2.51255297e-05  6.93353999e-08 
 2.51988980e-05 -1.63119266e-07 
 2.53044307e-05  9.72954744e-08 
 2.54622601e-05 -1.38773292e-07 
 2.57526765e-05  1.17051826e-07 
 2.60000000e-05 -1.26512816e-07 
 2.60000500e-05  5.84787221e-06 
 2.60001500e-05  4.08420922e-06 
 2.60003500e-05  3.28433173e-06 
 2.60005000e-05  3.72231366e-06 
 2.60005106e-05  2.08077962e-07 
 2.60005319e-05  4.17007252e-08 
 2.60005744e-05  2.51553577e-07 
 2.60006594e-05  1.03842637e-07 
 2.60008293e-05  3.35729191e-07 
 2.60011693e-05  1.88330547e-07 
 2.60018492e-05  3.72059632e-07 
 2.60032090e-05  1.64065630e-07 
 2.60059287e-05  2.71362544e-07 
 2.60113680e-05 -4.23427701e-08 
 2.60204978e-05  1.50908020e-07 
 2.60302025e-05 -4.85286750e-08 
 2.60474452e-05  1.44771579e-07 
 2.60781941e-05 -5.82981869e-08 
 2.61090939e-05  1.34062022e-07 
 2.61536319e-05 -7.04697742e-08 
 2.62096676e-05  1.18531256e-07 
 2.63134467e-05 -8.52154237e-08 
 2.64630391e-05  1.04473330e-07 
 2.67242837e-05 -9.44005433e-08 
 2.70005000e-05  9.92439317e-08 
 2.70005500e-05 -3.48958089e-06 
 2.70006500e-05 -3.32607718e-06 
 2.70008500e-05 -4.15520862e-06 
 2.70010000e-05 -5.18737558e-06 
 2.70010312e-05  1.04637331e-06 
 2.70010936e-05  1.17362917e-06 
 2.70012184e-05  7.13055773e-07 
 2.70014680e-05  5.85549254e-07 
 2.70017664e-05  2.79859017e-07 
 2.70021834e-05  5.10575512e-07 
 2.70027512e-05  2.36598296e-07 
 2.70038867e-05  4.23059033e-07 
 2.70061579e-05  1.02162648e-07 
 2.70107001e-05  2.67636632e-07 
 2.70197847e-05 -5.40234360e-08 
 2.70379537e-05  1.17406836e-07 
 2.70742918e-05 -1.75074526e-07 
 2.71255259e-05  6.93493679e-08 
 2.71988915e-05 -1.63153061e-07 
 2.73044170e-05  9.72761084e-08 
 2.74622411e-05 -1.38799817e-07 
 2.77526213e-05  1.17023111e-07 
 2.80000000e-05 -1.26519757e-07 
 2.80000500e-05  5.84778694e-06 
 2.80001500e-05  4.08409688e-06 
 2.80003500e-05  3.28433647e-06 
 2.80005000e-05  3.72229017e-06 
 2.80005106e-05  2.08084824e-07 
 2.80005319e-05  4.17451176e-08 
 2.80005744e-05  2.51576275e-07 
 2.80006594e-05  1.03855161e-07 
 2.80008293e-05  3.35758996e-07 
 2.80011693e-05  1.88330857e-07 
 2.80018492e-05  3.72065847e-07 
 2.80032090e-05  1.64063218e-07 
 2.80059287e-05  2.71348645e-07 
 2.80113680e-05 -4.24293962e-08 
 2.80204976e-05  1.50998881e-07 
 2.80302022e-05 -4.85679824e-08 
 2.80474449e-05  1.44858138e-07 
 2.80781931e-05 -5.83229352e-08 
 2.81090921e-05  1.34131710e-07 
 2.81536269e-05 -7.05578681e-08 
 2.82096628e-05  1.18622108e-07 
 2.83134285e-05 -8.52474886e-08 
 2.84630081e-05  1.04558051e-07 
 2.87242051e-05 -9.44653535e-08 
 2.90005000e-05  9.93466517e-08 
 2.90005500e-05 -3.48958127e-06 
 2.90006500e-05 -3.32605473e-06 
 2.90008500e-05 -4.15520169e-06 
 2.90010000e-05 -5.18812243e-06 
 2.90010312e-05  1.04671288e-06 
 2.90010936e-05  1.17405113e-06 
 2.90012184e-05  7.13004423e-07 
 2.90014680e-05  5.85595539e-07 
 2.90017664e-05  2.79803315e-07 
 2.90021834e-05  5.10636959e-07 
 2.90027512e-05  2.36569817e-07 
 2.90038867e-05  4.23106155e-07 
 2.90061579e-05  1.02119715e-07 
 2.90107001e-05  2.67712885e-07 
 2.90197847e-05 -5.40869209e-08 
 2.90379537e-05  1.17465199e-07 
 2.90742919e-05 -1.75137692e-07 
 2.91255250e-05  6.94097696e-08 
 2.91988901e-05 -1.63209378e-07 
 2.93044141e-05  9.72965949e-08 
 2.94622404e-05 -1.38870216e-07 
 2.97526149e-05  1.17041933e-07 
 3.00000000e-05 -1.26581095e-07 
 3.00000500e-05  5.84773870e-06 
 3.00001500e-05  4.08411277e-06 
 3.00003500e-05  3.28431612e-06 
 3.00005000e-05  3.72230456e-06 
 3.00005106e-05  2.08086953e-07 
 3.00005319e-05  4.17969697e-08 
 3.00005744e-05  2.51580814e-07 
 3.00006594e-05  1.03882791e-07 
 3.00008293e-05  3.35742303e-07 
 3.00011693e-05  1.88351715e-07 
 3.00018492e-05  3.72042999e-07 
 3.00032090e-05  1.64086969e-07 
 3.00059287e-05  2.71195492e-07 
 3.00113680e-05 -4.23101161e-08 
 3.00204976e-05  1.50848644e-07 
 3.00302021e-05 -4.84354095e-08 
 3.00474448e-05  1.44732684e-07 
 3.00781922e-05 -5.81795109e-08 
 3.01090906e-05  1.34049510e-07 
 3.01536227e-05 -7.03697498e-08 
 3.02096587e-05  1.18520669e-07 
 3.03134135e-05 -8.51190620e-08 
 3.04629820e-05  1.04415291e-07 
 3.07241366e-05 -9.43413884e-08 
 3.10005000e-05  9.91794258e-08 
 3.10005500e-05 -3.48961799e-06 
 3.10006500e-05 -3.32608099e-06 
 3.10008500e-05 -4.15522415e-06 
 3.10010000e-05 -5.18907357e-06 
 3.10010312e-05  1.04669241e-06 
 3.10010936e-05  1.17407772e-06 
 3.10012184e-05  7.13287613e-07 
 3.10014680e-05  5.85774982e-07 
 3.10017664e-05  2.79615269e-07 
 3.10021834e-05  5.10817761e-07 
 3.10027512e-05  2.36378400e-07 
 3.10038867e-05  4.23290116e-07 
 3.10061579e-05  1.01933770e-07 
 3.10107001e-05  2.67894306e-07 
 3.10197847e-05 -5.42847210e-08 
 3.10379538e-05  1.17660804e-07 
 3.10742919e-05 -1.75317719e-07 
 3.11255243e-05  6.95991592e-08 
 3.11988891e-05 -1.63443512e-07 
 3.13044119e-05  9.74676419e-08 
 3.14622409e-05 -1.39107898e-07 
 3.17526059e-05  1.17226240e-07 
 3.20000000e-05 -1.26774337e-07 
 3.20000500e-05  5.84771022e-06 
 3.20001500e-05  4.08408631e-06 
 3.20003500e-05  3.28435755e-06 
 3.20005000e-05  3.72228228e-06 
 3.20005106e-05  2.08137030e-07 
 3.20005319e-05  4.18652226e-08 
 3.20005744e-05  2.51648177e-07 
 3.20006594e-05  1.03884553e-07 
 3.20008293e-05  3.35799605e-07 
 3.20011693e-05  1.88353597e-07 
 3.20018492e-05  3.72062869e-07 
 3.20032090e-05  1.64025276e-07 
 3.20059287e-05  2.71165114e-07 
 3.20113680e-05 -4.22934842e-08 
 3.20204974e-05  1.50856891e-07 
 3.20302018e-05 -4.83711726e-08 
 3.20474444e-05  1.44725626e-07 
 3.20781912e-05 -5.81123464e-08 
 3.21090887e-05  1.34036645e-07 
 3.21536174e-05 -7.03279248e-08 
 3.22096537e-05  1.18521800e-07 
 3.23133946e-05 -8.50553435e-08 
 3.24629494e-05  1.04449028e-07 
 3.27240521e-05 -9.43001058e-08 
 3.30005000e-05  9.91610985e-08 
 3.30005500e-05 -3.48960309e-06 
 3.30006500e-05 -3.32606118e-06 
 3.30008500e-05 -4.15521826e-06 
 3.30010000e-05 -5.19000431e-06 
 3.30010312e-05  1.04666381e-06 
 3.30010936e-05  1.17406077e-06 
 3.30012184e-05  7.13244830e-07 
 3.30014680e-05  5.85781372e-07 
 3.30017664e-05  2.79973264e-07 
 3.30021834e-05  5.10574393e-07 
 3.30027512e-05  2.36617567e-07 
 3.30038867e-05  4.23066480e-07 
 3.30061579e-05  1.02146910e-07 
 3.30107002e-05  2.67666392e-07 
 3.30197847e-05 -5.40741298e-08 
 3.30379538e-05  1.17445966e-07 
 3.30742920e-05 -1.75077051e-07 
 3.31255236e-05  6.94018815e-08 
 3.31988879e-05 -1.63230967e-07 
 3.33044095e-05  9.72164461e-08 
 3.34622411e-05 -1.38899044e-07 
 3.37525965e-05  1.16970384e-07 
 3.40000000e-05 -1.26535285e-07 
