 1.00000000e-12  1.78200000e+00  3.45453248e-01 
 1.02772000e-12  1.78150104e+00  3.50807845e-01 
 1.08316000e-12  1.78050312e+00  3.58440261e-01 
 1.19404001e-12  1.77850728e+00  3.67684204e-01 
 1.33842490e-12  1.77590835e+00  3.78758912e-01 
 1.62719468e-12  1.77071050e+00  3.98217407e-01 
 2.20473424e-12  1.76031478e+00  4.24853261e-01 
 3.03993010e-12  1.74528126e+00  4.45294641e-01 
 3.94647188e-12  1.72896351e+00  4.55681638e-01 
 5.16964952e-12  1.70694631e+00  4.60812291e-01 
 6.92245780e-12  1.67539576e+00  4.61573510e-01 
 1.02755457e-11  1.61504018e+00  4.58042234e-01 
 1.42683415e-11  1.54316985e+00  4.54295899e-01 
 2.10103793e-11  1.42181317e+00  4.51338761e-01 
 2.79411027e-11  1.29706015e+00  4.50617488e-01 
 3.69933950e-11  1.13411889e+00  4.50464779e-01 
 4.85947392e-11  9.25294695e-01  4.50823538e-01 
 6.49305715e-11  6.31249713e-01  4.51335771e-01 
 8.59843230e-11  2.52282186e-01  4.52623439e-01 
 1.00000000e-10  0.00000000e+00  4.53585269e-01 
 1.01178346e-10  0.00000000e+00  4.53915087e-01 
 1.03535037e-10  0.00000000e+00  4.54463065e-01 
 1.08248419e-10  0.00000000e+00  4.55369500e-01 
 1.17675184e-10  0.00000000e+00  4.56646981e-01 
 1.36528713e-10  0.00000000e+00  4.58906972e-01 
 1.74235772e-10  0.00000000e+00  4.63335754e-01 
 2.49649889e-10  0.00000000e+00  4.71573420e-01 
 4.00478123e-10  0.00000000e+00  4.85562028e-01 
 5.60490375e-10  0.00000000e+00  4.98871380e-01 
 8.22950736e-10  0.00000000e+00  5.16146564e-01 
 1.16970027e-09  0.00000000e+00  5.29698783e-01 
 1.57672475e-09  0.00000000e+00  5.36378709e-01 
 2.23507251e-09  0.00000000e+00  5.35345246e-01 
 2.91091039e-09  0.00000000e+00  5.24862079e-01 
 3.80530596e-09  0.00000000e+00  4.98426682e-01 
 4.73518887e-09  0.00000000e+00  4.62548185e-01 
 5.57982939e-09  0.00000000e+00  4.28687159e-01 
 6.56389807e-09  0.00000000e+00  3.90403269e-01 
 7.70135278e-09  0.00000000e+00  3.48856505e-01 
 8.97128021e-09  0.00000000e+00  3.07389439e-01 
 1.02279351e-08  0.00000000e+00  2.69552255e-01 
 1.10935108e-08  0.00000000e+00  2.45198091e-01 
 1.19538295e-08  0.00000000e+00  2.21816899e-01 
 1.29238611e-08  0.00000000e+00  1.97703731e-01 
 1.39604917e-08  0.00000000e+00  1.74217998e-01 
 1.60337530e-08  0.00000000e+00  1.34575009e-01 
 2.00358564e-08  0.00000000e+00  7.95513740e-02 
 2.39017648e-08  0.00000000e+00  4.72281983e-02 
 2.78535102e-08  0.00000000e+00  2.72637534e-02 
 3.21419153e-08  0.00000000e+00  1.50288897e-02 
 3.62075716e-08  0.00000000e+00  8.37403628e-03 
 4.01004384e-08  0.00000000e+00  4.94118760e-03 
 4.41568632e-08  0.00000000e+00  2.68526694e-03 
 5.02034299e-08  0.00000000e+00  1.19959753e-03 
 6.01050658e-08  0.00000000e+00  1.54868384e-04 
 7.83882663e-08  0.00000000e+00  4.58061579e-05 
 1.13452734e-07  0.00000000e+00 -5.14886694e-05 
 1.75327549e-07  0.00000000e+00  5.98395832e-05 
 2.46337450e-07  0.00000000e+00 -6.26691549e-05 
 2.50100000e-07  0.00000000e+00  6.77798568e-05 
 2.50110000e-07  1.80000000e-01  2.13782504e-03 
 2.50130000e-07  5.40000000e-01  5.16594920e-03 
 2.50170000e-07  1.26000000e+00  8.85687990e-03 
 2.50200000e-07  1.80000000e+00  1.04051465e-02 
 2.50200519e-07  1.80000000e+00  1.02496922e-02 
 2.50201558e-07  1.80000000e+00  9.94990319e-03 
 2.50203636e-07  1.80000000e+00  9.40926179e-03 
 2.50207791e-07  1.80000000e+00  8.62788328e-03 
 2.50216101e-07  1.80000000e+00  7.68484681e-03 
 2.50232722e-07  1.80000000e+00  6.33731246e-03 
 2.50265964e-07  1.80000000e+00  4.02612072e-03 
 2.50332447e-07  1.80000000e+00  1.78356923e-03 
 2.50437733e-07  1.80000000e+00  9.52561227e-05 
 2.50611271e-07  1.80000000e+00 -7.43633679e-04 
 2.50807793e-07  1.80000000e+00 -7.36341357e-04 
 2.51135783e-07  1.80000000e+00  6.86661738e-05 
 2.51582751e-07  1.80000000e+00  1.48743877e-03 
 2.52133350e-07  1.80000000e+00  1.74890839e-03 
 2.52731355e-07  1.80000000e+00  7.93695912e-04 
 2.53379071e-07  1.80000000e+00  6.12677680e-04 
 2.54229129e-07  1.80000000e+00  8.49114595e-05 
 2.55158498e-07  1.80000000e+00  6.18326292e-05 
 2.56089357e-07  1.80000000e+00  5.58497215e-04 
 2.56989154e-07  1.80000000e+00  5.19773596e-04 
 2.57972584e-07  1.80000000e+00  3.38332413e-04 
 2.58946031e-07  1.80000000e+00  4.88221910e-04 
 2.60499427e-07  1.80000000e+00  4.47192549e-04 
 2.62419729e-07  1.80000000e+00  4.17525979e-04 
 2.64909477e-07  1.80000000e+00  2.88669005e-04 
 2.68768275e-07  1.80000000e+00  5.84395201e-05 
 2.73509633e-07  1.80000000e+00 -7.81745897e-04 
 2.79388764e-07  1.80000000e+00 -1.82858935e-03 
 2.86439851e-07  1.80000000e+00 -1.93093046e-03 
 2.93875934e-07  1.80000000e+00 -4.72999778e-04 
 2.99105955e-07  1.80000000e+00 -8.26401902e-04 
 3.04781280e-07  1.80000000e+00 -9.26202913e-04 
 3.10380296e-07  1.80000000e+00 -9.20384321e-04 
 3.17828916e-07  1.80000000e+00 -5.20323775e-04 
 3.25539735e-07  1.80000000e+00 -1.67538109e-04 
 3.32818801e-07  1.80000000e+00 -1.71830770e-05 
 3.40994108e-07  1.80000000e+00 -1.42341609e-05 
 3.57344722e-07  1.80000000e+00  3.10893298e-05 
 3.76517881e-07  1.80000000e+00 -5.42389455e-06 
 4.10292706e-07  1.80000000e+00  2.32445101e-05 
 4.68281898e-07  1.80000000e+00 -1.09633384e-05 
 5.00000000e-07  1.80000000e+00  1.92171245e-05 
 5.00010000e-07  1.62000000e+00 -8.36464641e-04 
 5.00030000e-07  1.26000000e+00 -2.14345284e-03 
 5.00070000e-07  5.40000000e-01 -3.46531487e-03 
 5.00100000e-07  0.00000000e+00 -4.22864249e-03 
 5.00104313e-07  0.00000000e+00 -3.90962792e-03 
 5.00112939e-07  0.00000000e+00 -3.24872593e-03 
 5.00130192e-07  0.00000000e+00 -2.56224732e-03 
 5.00164697e-07  0.00000000e+00 -1.89269427e-03 
 5.00233706e-07  0.00000000e+00 -9.14204389e-04 
 5.00371726e-07  0.00000000e+00 -1.88121081e-04 
 5.00573217e-07  0.00000000e+00  2.61118393e-04 
 5.00953717e-07  0.00000000e+00  7.47502942e-04 
 5.01537312e-07  0.00000000e+00 -1.84742935e-03 
 5.02097479e-07  0.00000000e+00 -8.93584528e-03 
 5.02756253e-07  0.00000000e+00 -4.97727474e-03 
 5.03473499e-07  0.00000000e+00  4.45209766e-02 
 5.04377612e-07  0.00000000e+00  1.53948547e-01 
 5.05192335e-07  0.00000000e+00  2.63662430e-01 
 5.06061787e-07  0.00000000e+00  3.79687829e-01 
 5.07191861e-07  0.00000000e+00  5.23714681e-01 
 5.08300506e-07  0.00000000e+00  6.57127809e-01 
 5.10252546e-07  0.00000000e+00  8.79553781e-01 
 5.12413931e-07  0.00000000e+00  1.08471017e+00 
 5.14535157e-07  0.00000000e+00  1.25565225e+00 
 5.16800093e-07  0.00000000e+00  1.45961608e+00 
 5.19248030e-07  0.00000000e+00  1.65818754e+00 
 5.21508611e-07  0.00000000e+00  1.75475000e+00 
 5.24454198e-07  0.00000000e+00  1.79190003e+00 
 5.29129155e-07  0.00000000e+00  1.80099962e+00 
 5.36719171e-07  0.00000000e+00  1.79957060e+00 
 5.47569363e-07  0.00000000e+00  1.80045304e+00 
 5.69269745e-07  0.00000000e+00  1.79962549e+00 
 6.04245412e-07  0.00000000e+00  1.80039796e+00 
 6.71497806e-07  0.00000000e+00  1.79962395e+00 
 7.50100000e-07  9.52912066e-13  1.80038416e+00 
 7.50110000e-07  1.80000000e-01  1.80091292e+00 
 7.50130000e-07  5.40000000e-01  1.80197259e+00 
 7.50170000e-07  1.26000000e+00  1.80451908e+00 
 7.50200000e-07  1.80000000e+00  1.80640954e+00 
 7.50200746e-07  1.80000000e+00  1.80641270e+00 
 7.50202237e-07  1.80000000e+00  1.80637223e+00 
 7.50205220e-07  1.80000000e+00  1.80616781e+00 
 7.50211187e-07  1.80000000e+00  1.80579065e+00 
 7.50223119e-07  1.80000000e+00  1.80539718e+00 
 7.50246984e-07  1.80000000e+00  1.80501857e+00 
 7.50294714e-07  1.80000000e+00  1.80446623e+00 
 7.50390175e-07  1.80000000e+00  1.80375498e+00 
 7.50581095e-07  1.80000000e+00  1.80287377e+00 
 7.50959233e-07  1.80000000e+00  1.80190750e+00 
 7.51571902e-07  1.80000000e+00  1.80419474e+00 
 7.52190994e-07  1.80000000e+00  1.80589639e+00 
 7.52840240e-07  1.80000000e+00  1.80404061e+00 
 7.53541504e-07  1.80000000e+00  1.80207362e+00 
 7.54447830e-07  1.80000000e+00  1.80077832e+00 
 7.55181785e-07  1.80000000e+00  1.80011459e+00 
 7.56016232e-07  1.80000000e+00  1.80044068e+00 
 7.56745476e-07  1.80000000e+00  1.79833538e+00 
 7.57552351e-07  1.80000000e+00  1.79856312e+00 
 7.58569768e-07  1.80000000e+00  1.79912543e+00 
 7.59662660e-07  1.80000000e+00  1.79928326e+00 
 7.60743225e-07  1.80000000e+00  1.79885694e+00 
 7.62524932e-07  1.80000000e+00  1.79845320e+00 
 7.64159122e-07  1.80000000e+00  1.79816880e+00 
 7.67176365e-07  1.80000000e+00  1.79888928e+00 
 7.70212740e-07  1.80000000e+00  1.79953808e+00 
 7.74952286e-07  1.80000000e+00  1.79987429e+00 
 7.83030449e-07  1.80000000e+00  1.80001184e+00 
 7.93732939e-07  1.80000000e+00  1.80000137e+00 
 8.12252796e-07  1.80000000e+00  1.80001050e+00 
 8.44518359e-07  1.80000000e+00  1.80000059e+00 
 9.01298605e-07  1.80000000e+00  1.80000893e+00 
 1.00000000e-06  1.80000000e+00  1.79999881e+00 
 1.00001000e-06  1.62000000e+00  1.79886694e+00 
 1.00003000e-06  1.26000000e+00  1.79681447e+00 
 1.00007000e-06  5.40000000e-01  1.79430319e+00 
 1.00010000e-06  0.00000000e+00  1.79318437e+00 
 1.00010434e-06  0.00000000e+00  1.79352545e+00 
 1.00011302e-06  0.00000000e+00  1.79431403e+00 
 1.00013038e-06  0.00000000e+00  1.79537244e+00 
 1.00016509e-06  0.00000000e+00  1.79653623e+00 
 1.00023453e-06  0.00000000e+00  1.79827861e+00 
 1.00037339e-06  0.00000000e+00  1.80000449e+00 
 1.00057535e-06  0.00000000e+00  1.80117843e+00 
 1.00095865e-06  0.00000000e+00  1.80180066e+00 
 1.00153860e-06  0.00000000e+00  1.80106427e+00 
 1.00210423e-06  0.00000000e+00  1.79987265e+00 
 1.00277632e-06  0.00000000e+00  1.79856969e+00 
 1.00353977e-06  0.00000000e+00  1.79902173e+00 
 1.00442684e-06  0.00000000e+00  1.80009978e+00 
 1.00527716e-06  0.00000000e+00  1.80016656e+00 
 1.00604488e-06  0.00000000e+00  1.79460993e+00 
 1.00683735e-06  0.00000000e+00  1.79333520e+00 
 1.00758100e-06  0.00000000e+00  1.79364958e+00 
 1.00841030e-06  0.00000000e+00  1.79031704e+00 
 1.00934349e-06  0.00000000e+00  1.79113262e+00 
 1.01049361e-06  0.00000000e+00  1.79452264e+00 
 1.01234890e-06  0.00000000e+00  1.79762327e+00 
 1.01459900e-06  0.00000000e+00  1.79880136e+00 
 1.01631481e-06  0.00000000e+00  1.79916210e+00 
 1.01817967e-06  0.00000000e+00  1.79957440e+00 
 1.02030158e-06  0.00000000e+00  1.80006568e+00 
 1.02225124e-06  0.00000000e+00  1.79950778e+00 
 1.02366899e-06  0.00000000e+00  1.79930930e+00 
 1.02500764e-06  0.00000000e+00  1.79961278e+00 
 1.02655348e-06  0.00000000e+00  1.79834109e+00 
 1.02810248e-06  0.00000000e+00  1.79834000e+00 
 1.02979194e-06  0.00000000e+00  1.79901002e+00 
 1.03228544e-06  0.00000000e+00  1.79980853e+00 
 1.03497712e-06  0.00000000e+00  1.79988766e+00 
 1.04011258e-06  0.00000000e+00  1.80002970e+00 
 1.04774486e-06  0.00000000e+00  1.79994678e+00 
 1.06011641e-06  0.00000000e+00  1.80002372e+00 
 1.08485951e-06  0.00000000e+00  1.79995465e+00 
 1.12625516e-06  0.00000000e+00  1.80002702e+00 
 1.20706619e-06  0.00000000e+00  1.79996073e+00 
 1.25010000e-06  0.00000000e+00  1.80002946e+00 
 1.25011000e-06  1.80000000e-01  1.80079153e+00 
 1.25013000e-06  5.40000000e-01  1.80220079e+00 
 1.25017000e-06  1.26000000e+00  1.80506637e+00 
 1.25020000e-06  1.80000000e+00  1.80715601e+00 
 1.25020073e-06  1.80000000e+00  1.80716505e+00 
 1.25020219e-06  1.80000000e+00  1.80713443e+00 
 1.25020511e-06  1.80000000e+00  1.80693591e+00 
 1.25021094e-06  1.80000000e+00  1.80654531e+00 
 1.25022261e-06  1.80000000e+00  1.80612571e+00 
 1.25024595e-06  1.80000000e+00  1.80570587e+00 
 1.25029263e-06  1.80000000e+00  1.80506560e+00 
 1.25038600e-06  1.80000000e+00  1.80419922e+00 
 1.25057272e-06  1.80000000e+00  1.80313547e+00 
 1.25090042e-06  1.80000000e+00  1.80203402e+00 
 1.25153770e-06  1.80000000e+00  1.80352032e+00 
 1.25213009e-06  1.80000000e+00  1.80562770e+00 
 1.25276139e-06  1.80000000e+00  1.80366335e+00 
 1.25346822e-06  1.80000000e+00  1.80122789e+00 
 1.25448478e-06  1.80000000e+00  1.79978354e+00 
 1.25524577e-06  1.80000000e+00  1.79968246e+00 
 1.25606921e-06  1.80000000e+00  1.79964501e+00 
 1.25710616e-06  1.80000000e+00  1.79965593e+00 
 1.25811993e-06  1.80000000e+00  1.79973629e+00 
 1.25926454e-06  1.80000000e+00  1.79980059e+00 
 1.26155376e-06  1.80000000e+00  1.79988529e+00 
 1.26380317e-06  1.80000000e+00  1.79993762e+00 
 1.26761294e-06  1.80000000e+00  1.79997403e+00 
 1.27191754e-06  1.80000000e+00  1.79999513e+00 
 1.28052674e-06  1.80000000e+00  1.79999747e+00 
 1.29774513e-06  1.80000000e+00  1.80000257e+00 
 1.32095509e-06  1.80000000e+00  1.79999725e+00 
 1.34457868e-06  1.80000000e+00  1.80000268e+00 
 1.37142228e-06  1.80000000e+00  1.79972758e+00 
 1.38978508e-06  1.80000000e+00  1.79985117e+00 
 1.40713297e-06  1.80000000e+00  1.80008134e+00 
 1.42139821e-06  1.80000000e+00  1.79997043e+00 
 1.43465342e-06  1.80000000e+00  1.79998793e+00 
 1.45449498e-06  1.80000000e+00  1.80003321e+00 
 1.47520566e-06  1.80000000e+00  1.79994877e+00 
 1.50000000e-06  1.80000000e+00  1.80006399e+00 
 1.50001000e-06  1.62000000e+00  1.79884001e+00 
 1.50003000e-06  1.26000000e+00  1.79665640e+00 
 1.50007000e-06  5.40000000e-01  1.79391575e+00 
 1.50010000e-06  0.00000000e+00  1.79258380e+00 
 1.50010430e-06  0.00000000e+00  1.79290192e+00 
 1.50011291e-06  0.00000000e+00  1.79365195e+00 
 1.50013012e-06  0.00000000e+00  1.79466649e+00 
 1.50016454e-06  0.00000000e+00  1.79585283e+00 
 1.50023338e-06  0.00000000e+00  1.79771324e+00 
 1.50037106e-06  0.00000000e+00  1.79964089e+00 
 1.50056626e-06  0.00000000e+00  1.80093818e+00 
 1.50092726e-06  0.00000000e+00  1.80176982e+00 
 1.50143477e-06  0.00000000e+00  1.80137673e+00 
 1.50196094e-06  0.00000000e+00  1.80021387e+00 
 1.50260613e-06  0.00000000e+00  1.79868370e+00 
 1.50337126e-06  0.00000000e+00  1.79870230e+00 
 1.50412410e-06  0.00000000e+00  1.79928025e+00 
 1.50493690e-06  0.00000000e+00  1.79938983e+00 
 1.50582362e-06  0.00000000e+00  1.79966748e+00 
 1.50674262e-06  0.00000000e+00  1.79974095e+00 
 1.50792126e-06  0.00000000e+00  1.79985565e+00 
 1.50927928e-06  0.00000000e+00  1.79989457e+00 
 1.51054197e-06  0.00000000e+00  1.79999116e+00 
 1.51185495e-06  0.00000000e+00  1.79992771e+00 
 1.51363108e-06  0.00000000e+00  1.80000624e+00 
 1.51508470e-06  0.00000000e+00  1.79993933e+00 
 1.51672406e-06  0.00000000e+00  1.80000955e+00 
 1.51831565e-06  0.00000000e+00  1.79994361e+00 
 1.52014647e-06  0.00000000e+00  1.80001012e+00 
 1.52380810e-06  0.00000000e+00  1.79994665e+00 
 1.52968562e-06  0.00000000e+00  1.80001287e+00 
 1.54020697e-06  0.00000000e+00  1.79995115e+00 
 1.56124967e-06  0.00000000e+00  1.80001882e+00 
 1.60333507e-06  0.00000000e+00  1.79995880e+00 
 1.68750587e-06  0.00000000e+00  1.80002647e+00 
 1.75010000e-06  0.00000000e+00  1.79996370e+00 
 1.75011000e-06  1.80000000e-01  1.80063656e+00 
 1.75013000e-06  5.40000000e-01  1.80192011e+00 
 1.75017000e-06  1.26000000e+00  1.80475989e+00 
 1.75020000e-06  1.80000000e+00  1.80687337e+00 
 1.75020073e-06  1.80000000e+00  1.80688284e+00 
 1.75020219e-06  1.80000000e+00  1.80685291e+00 
 1.75020511e-06  1.80000000e+00  1.80665763e+00 
 1.75021095e-06  1.80000000e+00  1.80628950e+00 
 1.75022263e-06  1.80000000e+00  1.80590884e+00 
 1.75024599e-06  1.80000000e+00  1.80553103e+00 
 1.75029270e-06  1.80000000e+00  1.80493876e+00 
 1.75038614e-06  1.80000000e+00  1.80410145e+00 
 1.75057301e-06  1.80000000e+00  1.80306081e+00 
 1.75090067e-06  1.80000000e+00  1.80199952e+00 
 1.75155599e-06  1.80000000e+00  1.80363331e+00 
 1.75214870e-06  1.80000000e+00  1.80567635e+00 
 1.75278037e-06  1.80000000e+00  1.80380677e+00 
 1.75348233e-06  1.80000000e+00  1.80170783e+00 
 1.75439591e-06  1.80000000e+00  1.80038551e+00 
 1.75514386e-06  1.80000000e+00  1.79970062e+00 
 1.75598403e-06  1.80000000e+00  1.79902064e+00 
 1.75670822e-06  1.80000000e+00  1.79845473e+00 
 1.75751395e-06  1.80000000e+00  1.79825874e+00 
 1.75855567e-06  1.80000000e+00  1.79849796e+00 
 1.75966388e-06  1.80000000e+00  1.79879568e+00 
 1.76188028e-06  1.80000000e+00  1.79932074e+00 
 1.76420451e-06  1.80000000e+00  1.79960696e+00 
 1.76829733e-06  1.80000000e+00  1.79988182e+00 
 1.77268869e-06  1.80000000e+00  1.79995210e+00 
 1.78147142e-06  1.80000000e+00  1.80001057e+00 
 1.79903687e-06  1.80000000e+00  1.79999024e+00 
 1.83356830e-06  1.80000000e+00  1.80000943e+00 
 1.90263115e-06  1.80000000e+00  1.79999053e+00 
 2.00000000e-06  1.80000000e+00  1.80000931e+00 
 2.00001000e-06  1.62000000e+00  1.79882811e+00 
 2.00003000e-06  1.26000000e+00  1.79669833e+00 
 2.00007000e-06  5.40000000e-01  1.79399951e+00 
 2.00010000e-06  3.67639252e-12  1.79268515e+00 
 2.00010430e-06  0.00000000e+00  1.79300651e+00 
 2.00011290e-06  0.00000000e+00  1.79375985e+00 
 2.00013011e-06  0.00000000e+00  1.79477500e+00 
 2.00016452e-06  0.00000000e+00  1.79596531e+00 
 2.00023334e-06  0.00000000e+00  1.79782338e+00 
 2.00037098e-06  0.00000000e+00  1.79974016e+00 
 2.00056607e-06  0.00000000e+00  1.80100778e+00 
 2.00092698e-06  0.00000000e+00  1.80180194e+00 
 2.00143413e-06  0.00000000e+00  1.80138463e+00 
 2.00196006e-06  0.00000000e+00  1.80022165e+00 
 2.00260427e-06  0.00000000e+00  1.79869886e+00 
 2.00336654e-06  0.00000000e+00  1.79866698e+00 
 2.00412200e-06  0.00000000e+00  1.79922106e+00 
 2.00497365e-06  0.00000000e+00  1.79940751e+00 
 2.00572335e-06  0.00000000e+00  1.79964716e+00 
 2.00653915e-06  0.00000000e+00  1.79973145e+00 
 2.00755887e-06  0.00000000e+00  1.79989467e+00 
 2.00852889e-06  0.00000000e+00  1.79986830e+00 
 2.00954429e-06  0.00000000e+00  1.79996145e+00 
 2.01096786e-06  0.00000000e+00  1.79991869e+00 
 2.01251108e-06  0.00000000e+00  1.79999701e+00 
 2.01509862e-06  0.00000000e+00  1.79996751e+00 
 2.01830417e-06  0.00000000e+00  1.80021812e+00 
 2.02061052e-06  0.00000000e+00  1.80025476e+00 
 2.02270237e-06  0.00000000e+00  1.79964833e+00 
 2.02474608e-06  0.00000000e+00  1.79949155e+00 
 2.02667752e-06  0.00000000e+00  1.79865078e+00 
 2.02851928e-06  0.00000000e+00  1.79832471e+00 
 2.03088027e-06  0.00000000e+00  1.79951201e+00 
 2.03313204e-06  0.00000000e+00  1.79980919e+00 
 2.03615555e-06  0.00000000e+00  1.79998910e+00 
 2.03982513e-06  0.00000000e+00  1.79995128e+00 
 2.04494691e-06  0.00000000e+00  1.80001452e+00 
 2.05238014e-06  0.00000000e+00  1.79995490e+00 
 2.06317451e-06  0.00000000e+00  1.80001741e+00 
 2.07983800e-06  0.00000000e+00  1.79995736e+00 
 2.09503745e-06  0.00000000e+00  1.79997448e+00 
 2.10536507e-06  0.00000000e+00  1.80000247e+00 
 2.11425879e-06  0.00000000e+00  1.80008048e+00 
 2.12096273e-06  0.00000000e+00  1.79986235e+00 
 2.12867685e-06  0.00000000e+00  1.80013489e+00 
 2.13594120e-06  0.00000000e+00  1.79985968e+00 
 2.14370626e-06  0.00000000e+00  1.80012513e+00 
 2.15062824e-06  0.00000000e+00  1.79986439e+00 
 2.15905673e-06  0.00000000e+00  1.80011817e+00 
 2.17449636e-06  0.00000000e+00  1.79987111e+00 
 2.19388543e-06  0.00000000e+00  1.80011580e+00 
 2.22868354e-06  0.00000000e+00  1.79987475e+00 
 2.25010000e-06  0.00000000e+00  1.80011485e+00 
 2.25011000e-06  1.80000000e-01  1.80072200e+00 
 2.25013000e-06  5.40000000e-01  1.80197587e+00 
 2.25017000e-06  1.26000000e+00  1.80478673e+00 
 2.25020000e-06  1.80000000e+00  1.80686385e+00 
 2.25020074e-06  1.80000000e+00  1.80687456e+00 
 2.25020223e-06  1.80000000e+00  1.80684589e+00 
 2.25020521e-06  1.80000000e+00  1.80664846e+00 
 2.25021117e-06  1.80000000e+00  1.80626932e+00 
 2.25022309e-06  1.80000000e+00  1.80587488e+00 
 2.25024693e-06  1.80000000e+00  1.80548519e+00 
 2.25029460e-06  1.80000000e+00  1.80488589e+00 
 2.25038995e-06  1.80000000e+00  1.80406484e+00 
 2.25058064e-06  1.80000000e+00  1.80303990e+00 
 2.25091249e-06  1.80000000e+00  1.80199695e+00 
 2.25157617e-06  1.80000000e+00  1.80374496e+00 
 2.25217613e-06  1.80000000e+00  1.80557088e+00 
 2.25281606e-06  1.80000000e+00  1.80347177e+00 
 2.25351754e-06  1.80000000e+00  1.80113339e+00 
 2.25441465e-06  1.80000000e+00  1.79987600e+00 
 2.25511827e-06  1.80000000e+00  1.79967691e+00 
 2.25591997e-06  1.80000000e+00  1.79966282e+00 
 2.25677822e-06  1.80000000e+00  1.79964214e+00 
 2.25766334e-06  1.80000000e+00  1.79971581e+00 
 2.25881993e-06  1.80000000e+00  1.79978105e+00 
 2.26071768e-06  1.80000000e+00  1.79986706e+00 
 2.26319493e-06  1.80000000e+00  1.79992669e+00 
 2.26619791e-06  1.80000000e+00  1.79996782e+00 
 2.27052532e-06  1.80000000e+00  1.79998876e+00 
 2.27699052e-06  1.80000000e+00  1.79999960e+00 
 2.28992091e-06  1.80000000e+00  1.79999943e+00 
 2.31578171e-06  1.80000000e+00  1.80000056e+00 
 2.36750331e-06  1.80000000e+00  1.79999932e+00 
 2.46767230e-06  1.80000000e+00  1.80000060e+00 
 2.50000000e-06  1.80000000e+00  1.79999932e+00 
 2.50001000e-06  1.62000000e+00  1.79882076e+00 
 2.50003000e-06  1.26000000e+00  1.79668590e+00 
 2.50007000e-06  5.40000000e-01  1.79398200e+00 
 2.50010000e-06  3.67639252e-12  1.79268622e+00 
 2.50010430e-06  0.00000000e+00  1.79301322e+00 
 2.50011290e-06  0.00000000e+00  1.79378680e+00 
 2.50013010e-06  0.00000000e+00  1.79484266e+00 
 2.50016450e-06  0.00000000e+00  1.79603575e+00 
 2.50023329e-06  0.00000000e+00  1.79786645e+00 
 2.50037088e-06  0.00000000e+00  1.79971593e+00 
 2.50056609e-06  0.00000000e+00  1.80094914e+00 
 2.50092688e-06  0.00000000e+00  1.80177188e+00 
 2.50143530e-06  0.00000000e+00  1.80163422e+00 
 2.50196199e-06  0.00000000e+00  1.80071484e+00 
 2.50256383e-06  0.00000000e+00  1.79888339e+00 
 2.50327850e-06  0.00000000e+00  1.79752218e+00 
 2.50402628e-06  0.00000000e+00  1.79779821e+00 
 2.50495020e-06  0.00000000e+00  1.79848166e+00 
 2.50585344e-06  0.00000000e+00  1.79908792e+00 
 2.50684214e-06  0.00000000e+00  1.79941386e+00 
 2.50810128e-06  0.00000000e+00  1.79967740e+00 
 2.50935793e-06  0.00000000e+00  1.79980336e+00 
 2.51066538e-06  0.00000000e+00  1.79992280e+00 
 2.51200222e-06  0.00000000e+00  1.79991583e+00 
 2.51365497e-06  0.00000000e+00  1.79998345e+00 
 2.51503994e-06  0.00000000e+00  1.79994552e+00 
 2.51660922e-06  0.00000000e+00  1.79999786e+00 
 2.51815100e-06  0.00000000e+00  1.79995237e+00 
 2.51994835e-06  0.00000000e+00  1.80000209e+00 
 2.52354305e-06  0.00000000e+00  1.79995547e+00 
 2.52899365e-06  0.00000000e+00  1.80000545e+00 
 2.53989485e-06  0.00000000e+00  1.79995949e+00 
 2.56098704e-06  0.00000000e+00  1.80001131e+00 
 2.60317142e-06  0.00000000e+00  1.79996675e+00 
 2.68754018e-06  0.00000000e+00  1.80001875e+00 
 2.75010000e-06  0.00000000e+00  1.79997148e+00 
 2.75011000e-06  1.80000000e-01  1.80065835e+00 
 2.75013000e-06  5.40000000e-01  1.80195459e+00 
 2.75017000e-06  1.26000000e+00  1.80475773e+00 
 2.75020000e-06  1.80000000e+00  1.80684328e+00 
 2.75020073e-06  1.80000000e+00  1.80685246e+00 
 2.75020219e-06  1.80000000e+00  1.80682351e+00 
 2.75020511e-06  1.80000000e+00  1.80663185e+00 
 2.75021095e-06  1.80000000e+00  1.80625932e+00 
 2.75022263e-06  1.80000000e+00  1.80586745e+00 
 2.75024599e-06  1.80000000e+00  1.80548440e+00 
 2.75029271e-06  1.80000000e+00  1.80489676e+00 
 2.75038614e-06  1.80000000e+00  1.80408444e+00 
 2.75057302e-06  1.80000000e+00  1.80307140e+00 
 2.75090053e-06  1.80000000e+00  1.80201136e+00 
 2.75155557e-06  1.80000000e+00  1.80363766e+00 
 2.75215143e-06  1.80000000e+00  1.80563323e+00 
 2.75278506e-06  1.80000000e+00  1.80363139e+00 
 2.75348734e-06  1.80000000e+00  1.80116475e+00 
 2.75439809e-06  1.80000000e+00  1.79961299e+00 
 2.75514381e-06  1.80000000e+00  1.79948994e+00 
 2.75598235e-06  1.80000000e+00  1.79981687e+00 
 2.75670625e-06  1.80000000e+00  1.80022568e+00 
 2.75751044e-06  1.80000000e+00  1.80076941e+00 
 2.75854725e-06  1.80000000e+00  1.80112315e+00 
 2.75965009e-06  1.80000000e+00  1.80095134e+00 
 2.76078134e-06  1.80000000e+00  1.80071745e+00 
 2.76247912e-06  1.80000000e+00  1.80046433e+00 
 2.76452870e-06  1.80000000e+00  1.80030305e+00 
 2.76718205e-06  1.80000000e+00  1.80015102e+00 
 2.77073009e-06  1.80000000e+00  1.80006624e+00 
 2.77528029e-06  1.80000000e+00  1.80001238e+00 
 2.78438068e-06  1.80000000e+00  1.80000409e+00 
 2.79824912e-06  1.80000000e+00  1.79999505e+00 
 2.82598602e-06  1.80000000e+00  1.80000497e+00 
 2.88145981e-06  1.80000000e+00  1.79999487e+00 
 2.99240740e-06  1.80000000e+00  1.80000505e+00 
 3.00000000e-06  1.80000000e+00  1.79999469e+00 
 3.00001000e-06  1.62000000e+00  1.79882294e+00 
 3.00003000e-06  1.26000000e+00  1.79669645e+00 
 3.00007000e-06  5.40000000e-01  1.79399008e+00 
 3.00010000e-06  3.67639252e-12  1.79269442e+00 
 3.00010434e-06  0.00000000e+00  1.79302489e+00 
 3.00011301e-06  0.00000000e+00  1.79380343e+00 
 3.00013035e-06  0.00000000e+00  1.79486162e+00 
 3.00016504e-06  0.00000000e+00  1.79605977e+00 
 3.00023441e-06  0.00000000e+00  1.79789221e+00 
 3.00037316e-06  0.00000000e+00  1.79973607e+00 
 3.00056892e-06  0.00000000e+00  1.80095803e+00 
 3.00093288e-06  0.00000000e+00  1.80177823e+00 
 3.00144756e-06  0.00000000e+00  1.80163524e+00 
 3.00197837e-06  0.00000000e+00  1.80069390e+00 
 3.00261968e-06  0.00000000e+00  1.79875958e+00 
 3.00338311e-06  0.00000000e+00  1.79797058e+00 
 3.00414575e-06  0.00000000e+00  1.79829567e+00 
 3.00498391e-06  0.00000000e+00  1.79771486e+00 
 3.00571745e-06  0.00000000e+00  1.79940762e+00 
 3.00649663e-06  0.00000000e+00  1.80024734e+00 
 3.00722655e-06  0.00000000e+00  1.80074951e+00 
 3.00805599e-06  0.00000000e+00  1.80040650e+00 
 3.00886722e-06  0.00000000e+00  1.80031042e+00 
 3.00994809e-06  0.00000000e+00  1.80014827e+00 
 3.01114752e-06  0.00000000e+00  1.80008307e+00 
 3.01296584e-06  0.00000000e+00  1.80001474e+00 
 3.01491211e-06  0.00000000e+00  1.80002016e+00 
 3.01658114e-06  0.00000000e+00  1.80004427e+00 
 3.01831059e-06  0.00000000e+00  1.80023964e+00 
 3.02019221e-06  0.00000000e+00  1.80033310e+00 
 3.02171685e-06  0.00000000e+00  1.79981007e+00 
 3.02323738e-06  0.00000000e+00  1.79928171e+00 
 3.02505294e-06  0.00000000e+00  1.79979697e+00 
 3.02676892e-06  0.00000000e+00  1.79845496e+00 
 3.02832322e-06  0.00000000e+00  1.79846691e+00 
 3.03042932e-06  0.00000000e+00  1.79924682e+00 
 3.03313899e-06  0.00000000e+00  1.79992406e+00 
 3.03594547e-06  0.00000000e+00  1.79989567e+00 
 3.04081996e-06  0.00000000e+00  1.80003932e+00 
 3.04731870e-06  0.00000000e+00  1.79993309e+00 
 3.05759568e-06  0.00000000e+00  1.80003499e+00 
 3.07415937e-06  0.00000000e+00  1.79994055e+00 
 3.09762136e-06  0.00000000e+00  1.80003696e+00 
 3.11970542e-06  0.00000000e+00  1.79998338e+00 
 3.13584872e-06  0.00000000e+00  1.80000317e+00 
 3.14839133e-06  0.00000000e+00  1.79988460e+00 
 3.15688918e-06  0.00000000e+00  1.80016588e+00 
 3.16636388e-06  0.00000000e+00  1.79980214e+00 
 3.18128435e-06  0.00000000e+00  1.80018937e+00 
 3.19719627e-06  0.00000000e+00  1.79979830e+00 
 3.22558190e-06  0.00000000e+00  1.80019128e+00 
 3.25010000e-06  0.00000000e+00  1.79980005e+00 
 3.25011000e-06  1.80000000e-01  1.80045079e+00 
 3.25013000e-06  5.40000000e-01  1.80175054e+00 
 3.25017000e-06  1.26000000e+00  1.80466377e+00 
 3.25020000e-06  1.80000000e+00  1.80678008e+00 
 3.25020073e-06  1.80000000e+00  1.80679006e+00 
 3.25020219e-06  1.80000000e+00  1.80676134e+00 
 3.25020511e-06  1.80000000e+00  1.80656980e+00 
 3.25021095e-06  1.80000000e+00  1.80621028e+00 
 3.25022263e-06  1.80000000e+00  1.80584266e+00 
 3.25024600e-06  1.80000000e+00  1.80548315e+00 
 3.25029273e-06  1.80000000e+00  1.80491617e+00 
 3.25038619e-06  1.80000000e+00  1.80409926e+00 
 3.25057310e-06  1.80000000e+00  1.80305800e+00 
 3.25090040e-06  1.80000000e+00  1.80198954e+00 
 3.25155167e-06  1.80000000e+00  1.80361159e+00 
 3.25214902e-06  1.80000000e+00  1.80566477e+00 
 3.25278298e-06  1.80000000e+00  1.80377799e+00 
 3.25348539e-06  1.80000000e+00  1.80167110e+00 
 3.25439906e-06  1.80000000e+00  1.80029823e+00 
 3.25514925e-06  1.80000000e+00  1.79955086e+00 
 3.25599186e-06  1.80000000e+00  1.79882615e+00 
 3.25685036e-06  1.80000000e+00  1.79829880e+00 
 3.25774958e-06  1.80000000e+00  1.79833399e+00 
 3.25894634e-06  1.80000000e+00  1.79867356e+00 
 3.26081367e-06  1.80000000e+00  1.79914230e+00 
 3.26323481e-06  1.80000000e+00  1.79954600e+00 
 3.26634556e-06  1.80000000e+00  1.79978579e+00 
 3.27064956e-06  1.80000000e+00  1.79994267e+00 
 3.27748993e-06  1.80000000e+00  1.79998712e+00 
 3.29117069e-06  1.80000000e+00  1.80000848e+00 
 3.31801099e-06  1.80000000e+00  1.79999207e+00 
 3.37169159e-06  1.80000000e+00  1.80000762e+00 
 3.47905280e-06  1.80000000e+00  1.79999235e+00 
 3.50000000e-06  1.80000000e+00  1.80000726e+00 
 3.50001000e-06  1.62000000e+00  1.79883012e+00 
 3.50003000e-06  1.26000000e+00  1.79671482e+00 
 3.50007000e-06  5.40000000e-01  1.79402144e+00 
 3.50010000e-06  3.67639252e-12  1.79270231e+00 
 3.50010430e-06  0.00000000e+00  1.79302571e+00 
 3.50011291e-06  0.00000000e+00  1.79378009e+00 
 3.50013011e-06  0.00000000e+00  1.79478869e+00 
 3.50016453e-06  0.00000000e+00  1.79597199e+00 
 3.50023336e-06  0.00000000e+00  1.79782237e+00 
 3.50037103e-06  0.00000000e+00  1.79973480e+00 
 3.50056624e-06  0.00000000e+00  1.80100515e+00 
 3.50092724e-06  0.00000000e+00  1.80180538e+00 
 3.50143476e-06  0.00000000e+00  1.80139539e+00 
 3.50196083e-06  0.00000000e+00  1.80022490e+00 
 3.50260376e-06  0.00000000e+00  1.79868233e+00 
 3.50336971e-06  0.00000000e+00  1.79868925e+00 
 3.50412112e-06  0.00000000e+00  1.79928668e+00 
 3.50492894e-06  0.00000000e+00  1.79939036e+00 
 3.50581711e-06  0.00000000e+00  1.79967609e+00 
 3.50673757e-06  0.00000000e+00  1.79973814e+00 
 3.50782971e-06  0.00000000e+00  1.79985336e+00 
 3.50918150e-06  0.00000000e+00  1.79988829e+00 
 3.51037437e-06  0.00000000e+00  1.79999132e+00 
 3.51163986e-06  0.00000000e+00  1.79992439e+00 
 3.51346574e-06  0.00000000e+00  1.80000781e+00 
 3.51493930e-06  0.00000000e+00  1.79993773e+00 
 3.51654270e-06  0.00000000e+00  1.80001089e+00 
 3.51812220e-06  0.00000000e+00  1.79994231e+00 
 3.51997164e-06  0.00000000e+00  1.80001125e+00 
 3.52349987e-06  0.00000000e+00  1.79994550e+00 
 3.52856541e-06  0.00000000e+00  1.80001361e+00 
 3.53869648e-06  0.00000000e+00  1.79994987e+00 
 3.55895863e-06  0.00000000e+00  1.80001951e+00 
 3.59948294e-06  0.00000000e+00  1.79995756e+00 
 3.68053154e-06  0.00000000e+00  1.80002725e+00 
 3.75010000e-06  0.00000000e+00  1.79996273e+00 
 3.75011000e-06  1.80000000e-01  1.80063643e+00 
 3.75013000e-06  5.40000000e-01  1.80191825e+00 
 3.75017000e-06  1.26000000e+00  1.80474320e+00 
 3.75020000e-06  1.80000000e+00  1.80682407e+00 
 3.75020073e-06  1.80000000e+00  1.80683244e+00 
 3.75020219e-06  1.80000000e+00  1.80680087e+00 
 3.75020511e-06  1.80000000e+00  1.80660605e+00 
 3.75021095e-06  1.80000000e+00  1.80624361e+00 
 3.75022263e-06  1.80000000e+00  1.80587054e+00 
 3.75024599e-06  1.80000000e+00  1.80550143e+00 
 3.75029271e-06  1.80000000e+00  1.80492175e+00 
 3.75038614e-06  1.80000000e+00  1.80409679e+00 
 3.75057301e-06  1.80000000e+00  1.80306158e+00 
 3.75090051e-06  1.80000000e+00  1.80200074e+00 
 3.75155550e-06  1.80000000e+00  1.80364292e+00 
 3.75215342e-06  1.80000000e+00  1.80567002e+00 
 3.75278842e-06  1.80000000e+00  1.80377711e+00 
 3.75349099e-06  1.80000000e+00  1.80168533e+00 
 3.75440197e-06  1.80000000e+00  1.80038613e+00 
 3.75513846e-06  1.80000000e+00  1.79970751e+00 
 3.75596874e-06  1.80000000e+00  1.79903425e+00 
 3.75668921e-06  1.80000000e+00  1.79846697e+00 
 3.75748840e-06  1.80000000e+00  1.79826063e+00 
 3.75852101e-06  1.80000000e+00  1.79848948e+00 
 3.75961959e-06  1.80000000e+00  1.79878372e+00 
 3.76181674e-06  1.80000000e+00  1.79930831e+00 
 3.76412362e-06  1.80000000e+00  1.79959872e+00 
 3.76818908e-06  1.80000000e+00  1.79987739e+00 
 3.77253506e-06  1.80000000e+00  1.79995062e+00 
 3.78122702e-06  1.80000000e+00  1.80001005e+00 
 3.79861095e-06  1.80000000e+00  1.79999065e+00 
 3.83337879e-06  1.80000000e+00  1.80000902e+00 
 3.90291447e-06  1.80000000e+00  1.79999091e+00 
 4.00000000e-06  1.80000000e+00  1.80000892e+00 
 4.00001000e-06  1.62000000e+00  1.79883333e+00 
 4.00003000e-06  1.26000000e+00  1.79672256e+00 
 4.00007000e-06  5.40000000e-01  1.79402854e+00 
 4.00010000e-06  0.00000000e+00  1.79270662e+00 
 4.00010430e-06  0.00000000e+00  1.79303110e+00 
 4.00011290e-06  0.00000000e+00  1.79378565e+00 
 4.00013011e-06  0.00000000e+00  1.79479138e+00 
 4.00016452e-06  0.00000000e+00  1.79597231e+00 
 4.00023335e-06  0.00000000e+00  1.79782196e+00 
 4.00037099e-06  0.00000000e+00  1.79973738e+00 
 4.00056613e-06  0.00000000e+00  1.80100808e+00 
 4.00092713e-06  0.00000000e+00  1.80180463e+00 
 4.00143464e-06  0.00000000e+00  1.80138773e+00 
 4.00196069e-06  0.00000000e+00  1.80022129e+00 
 4.00260343e-06  0.00000000e+00  1.79868851e+00 
 4.00336662e-06  0.00000000e+00  1.79865279e+00 
 4.00412162e-06  0.00000000e+00  1.79922726e+00 
 4.00497328e-06  0.00000000e+00  1.79940642e+00 
 4.00572130e-06  0.00000000e+00  1.79965576e+00 
 4.00653554e-06  0.00000000e+00  1.79972856e+00 
 4.00743775e-06  0.00000000e+00  1.79988816e+00 
 4.00836445e-06  0.00000000e+00  1.79985956e+00 
 4.00934054e-06  0.00000000e+00  1.79995979e+00 
 4.01064262e-06  0.00000000e+00  1.79991308e+00 
 4.01218109e-06  0.00000000e+00  1.79999658e+00 
 4.01456902e-06  0.00000000e+00  1.79995968e+00 
 4.01791936e-06  0.00000000e+00  1.80019008e+00 
 4.02025291e-06  0.00000000e+00  1.80027198e+00 
 4.02226858e-06  0.00000000e+00  1.79972654e+00 
 4.02418635e-06  0.00000000e+00  1.79947430e+00 
 4.02610813e-06  0.00000000e+00  1.79900090e+00 
 4.02794401e-06  0.00000000e+00  1.79823306e+00 
 4.03024302e-06  0.00000000e+00  1.79928055e+00 
 4.03234716e-06  0.00000000e+00  1.79973093e+00 
 4.03535032e-06  0.00000000e+00  1.79998590e+00 
 4.03873808e-06  0.00000000e+00  1.79993875e+00 
 4.04395349e-06  0.00000000e+00  1.80002406e+00 
 4.05150573e-06  0.00000000e+00  1.79993663e+00 
 4.06020219e-06  0.00000000e+00  1.79996442e+00 
 4.06836136e-06  0.00000000e+00  1.79996734e+00 
 4.07509774e-06  0.00000000e+00  1.80013204e+00 
 4.08079742e-06  0.00000000e+00  1.79988513e+00 
 4.08695547e-06  0.00000000e+00  1.80005268e+00 
 4.09353615e-06  0.00000000e+00  1.79995313e+00 
 4.09980232e-06  0.00000000e+00  1.80002915e+00 
 4.10948124e-06  0.00000000e+00  1.79996175e+00 
 4.11692901e-06  0.00000000e+00  1.80001807e+00 
 4.12545715e-06  0.00000000e+00  1.79996657e+00 
 4.13658047e-06  0.00000000e+00  1.80001700e+00 
 4.15280206e-06  0.00000000e+00  1.79996958e+00 
 4.18285723e-06  0.00000000e+00  1.80001736e+00 
 4.23319159e-06  0.00000000e+00  1.79997248e+00 
 4.25010000e-06  6.67038446e-12  1.80001755e+00 
 4.25011000e-06  1.80000000e-01  1.80069714e+00 
 4.25013000e-06  5.40000000e-01  1.80199238e+00 
 4.25017000e-06  1.26000000e+00  1.80478071e+00 
 4.25020000e-06  1.80000000e+00  1.80684231e+00 
 4.25020074e-06  1.80000000e+00  1.80685083e+00 
 4.25020223e-06  1.80000000e+00  1.80681936e+00 
 4.25020521e-06  1.80000000e+00  1.80662272e+00 
 4.25021117e-06  1.80000000e+00  1.80624576e+00 
 4.25022309e-06  1.80000000e+00  1.80585142e+00 
 4.25024693e-06  1.80000000e+00  1.80546448e+00 
 4.25029460e-06  1.80000000e+00  1.80486886e+00 
 4.25038994e-06  1.80000000e+00  1.80405440e+00 
 4.25058063e-06  1.80000000e+00  1.80303446e+00 
 4.25091078e-06  1.80000000e+00  1.80199580e+00 
 4.25157108e-06  1.80000000e+00  1.80372622e+00 
 4.25217491e-06  1.80000000e+00  1.80557567e+00 
 4.25281662e-06  1.80000000e+00  1.80347137e+00 
 4.25351876e-06  1.80000000e+00  1.80113091e+00 
 4.25441709e-06  1.80000000e+00  1.79987598e+00 
 4.25511668e-06  1.80000000e+00  1.79967877e+00 
 4.25591426e-06  1.80000000e+00  1.79966305e+00 
 4.25677348e-06  1.80000000e+00  1.79964275e+00 
 4.25765750e-06  1.80000000e+00  1.79971537e+00 
 4.25880854e-06  1.80000000e+00  1.79978042e+00 
 4.26073166e-06  1.80000000e+00  1.79986660e+00 
 4.26320326e-06  1.80000000e+00  1.79992725e+00 
 4.26622594e-06  1.80000000e+00  1.79996725e+00 
 4.27055512e-06  1.80000000e+00  1.79998954e+00 
 4.27691744e-06  1.80000000e+00  1.79999876e+00 
 4.28964210e-06  1.80000000e+00  1.80000022e+00 
 4.31509142e-06  1.80000000e+00  1.79999976e+00 
 4.36599004e-06  1.80000000e+00  1.80000011e+00 
 4.46778730e-06  1.80000000e+00  1.79999980e+00 
 4.50000000e-06  1.80000000e+00  1.80000007e+00 
 4.50001000e-06  1.62000000e+00  1.79882599e+00 
 4.50003000e-06  1.26000000e+00  1.79670400e+00 
 4.50007000e-06  5.40000000e-01  1.79400247e+00 
 4.50010000e-06  0.00000000e+00  1.79270205e+00 
 4.50010430e-06  0.00000000e+00  1.79303130e+00 
 4.50011291e-06  0.00000000e+00  1.79380696e+00 
 4.50013012e-06  0.00000000e+00  1.79485749e+00 
 4.50016455e-06  0.00000000e+00  1.79604308e+00 
 4.50023341e-06  0.00000000e+00  1.79786732e+00 
 4.50037112e-06  0.00000000e+00  1.79971448e+00 
 4.50056616e-06  0.00000000e+00  1.80094964e+00 
 4.50092601e-06  0.00000000e+00  1.80177253e+00 
 4.50143367e-06  0.00000000e+00  1.80163525e+00 
 4.50195970e-06  0.00000000e+00  1.80071767e+00 
 4.50256032e-06  0.00000000e+00  1.79889138e+00 
 4.50327428e-06  0.00000000e+00  1.79752023e+00 
 4.50402112e-06  0.00000000e+00  1.79779364e+00 
 4.50494418e-06  0.00000000e+00  1.79847596e+00 
 4.50583461e-06  0.00000000e+00  1.79908089e+00 
 4.50682903e-06  0.00000000e+00  1.79940807e+00 
 4.50797522e-06  0.00000000e+00  1.79965897e+00 
 4.50916299e-06  0.00000000e+00  1.79978383e+00 
 4.51038313e-06  0.00000000e+00  1.79991280e+00 
 4.51164058e-06  0.00000000e+00  1.79990544e+00 
 4.51326269e-06  0.00000000e+00  1.79998212e+00 
 4.51469355e-06  0.00000000e+00  1.79994175e+00 
 4.51621658e-06  0.00000000e+00  1.79999919e+00 
 4.51787133e-06  0.00000000e+00  1.79995002e+00 
 4.51974440e-06  0.00000000e+00  1.80000411e+00 
 4.52317455e-06  0.00000000e+00  1.79995338e+00 
 4.52819758e-06  0.00000000e+00  1.80000733e+00 
 4.53818226e-06  0.00000000e+00  1.79995717e+00 
 4.55722897e-06  0.00000000e+00  1.80001286e+00 
 4.59391696e-06  0.00000000e+00  1.79996409e+00 
 4.66729294e-06  0.00000000e+00  1.80002018e+00 
 4.75010000e-06  6.67038446e-12  1.79996950e+00 
 4.75011000e-06  1.80000000e-01  1.80065713e+00 
 4.75013000e-06  5.40000000e-01  1.80195330e+00 
 4.75017000e-06  1.26000000e+00  1.80474880e+00 
 4.75020000e-06  1.80000000e+00  1.80681381e+00 
 4.75020073e-06  1.80000000e+00  1.80682249e+00 
 4.75020219e-06  1.80000000e+00  1.80679294e+00 
 4.75020511e-06  1.80000000e+00  1.80660195e+00 
 4.75021094e-06  1.80000000e+00  1.80623243e+00 
 4.75022262e-06  1.80000000e+00  1.80584487e+00 
 4.75024597e-06  1.80000000e+00  1.80546734e+00 
 4.75029266e-06  1.80000000e+00  1.80488876e+00 
 4.75038606e-06  1.80000000e+00  1.80408534e+00 
 4.75057285e-06  1.80000000e+00  1.80307483e+00 
 4.75089803e-06  1.80000000e+00  1.80201412e+00 
 4.75154838e-06  1.80000000e+00  1.80360753e+00 
 4.75214722e-06  1.80000000e+00  1.80564350e+00 
 4.75278163e-06  1.80000000e+00  1.80364683e+00 
 4.75348455e-06  1.80000000e+00  1.80117554e+00 
 4.75440011e-06  1.80000000e+00  1.79961229e+00 
 4.75514446e-06  1.80000000e+00  1.79949183e+00 
 4.75598110e-06  1.80000000e+00  1.79981589e+00 
 4.75670545e-06  1.80000000e+00  1.80022210e+00 
 4.75750894e-06  1.80000000e+00  1.80076921e+00 
 4.75854845e-06  1.80000000e+00  1.80112342e+00 
 4.75965258e-06  1.80000000e+00  1.80095148e+00 
 4.76078638e-06  1.80000000e+00  1.80071611e+00 
 4.76247302e-06  1.80000000e+00  1.80046553e+00 
 4.76454989e-06  1.80000000e+00  1.80030137e+00 
 4.76717932e-06  1.80000000e+00  1.80015155e+00 
 4.77076461e-06  1.80000000e+00  1.80006534e+00 
 4.77529775e-06  1.80000000e+00  1.80001261e+00 
 4.78436402e-06  1.80000000e+00  1.80000384e+00 
 4.79842755e-06  1.80000000e+00  1.79999531e+00 
 4.82655461e-06  1.80000000e+00  1.80000468e+00 
 4.88280873e-06  1.80000000e+00  1.79999516e+00 
 4.99531696e-06  1.80000000e+00  1.80000476e+00 
 5.00000000e-06  1.80000000e+00  1.79999487e+00 
 5.00001000e-06  1.62000000e+00  1.79882784e+00 
 5.00003000e-06  1.26000000e+00  1.79671307e+00 
 5.00007000e-06  5.40000000e-01  1.79400857e+00 
 5.00010000e-06  0.00000000e+00  1.79270900e+00 
 5.00010434e-06  0.00000000e+00  1.79304130e+00 
 5.00011301e-06  0.00000000e+00  1.79382115e+00 
 5.00013036e-06  0.00000000e+00  1.79487348e+00 
 5.00016506e-06  0.00000000e+00  1.79606424e+00 
 5.00023445e-06  0.00000000e+00  1.79789069e+00 
 5.00037325e-06  0.00000000e+00  1.79973273e+00 
 5.00056872e-06  0.00000000e+00  1.80095726e+00 
 5.00093162e-06  0.00000000e+00  1.80177848e+00 
 5.00144506e-06  0.00000000e+00  1.80163755e+00 
 5.00197488e-06  0.00000000e+00  1.80069993e+00 
 5.00261287e-06  0.00000000e+00  1.79877629e+00 
 5.00337631e-06  0.00000000e+00  1.79795355e+00 
 5.00413900e-06  0.00000000e+00  1.79830735e+00 
 5.00497459e-06  0.00000000e+00  1.79771622e+00 
 5.00568675e-06  0.00000000e+00  1.79932905e+00 
 5.00647515e-06  0.00000000e+00  1.80025447e+00 
 5.00719551e-06  0.00000000e+00  1.80072509e+00 
 5.00803798e-06  0.00000000e+00  1.80044482e+00 
 5.00891193e-06  0.00000000e+00  1.80027684e+00 
 5.00997891e-06  0.00000000e+00  1.80016663e+00 
 5.01133297e-06  0.00000000e+00  1.80005250e+00 
 5.01334586e-06  0.00000000e+00  1.80003268e+00 
 5.01465871e-06  0.00000000e+00  1.80000141e+00 
 5.01619078e-06  0.00000000e+00  1.80005189e+00 
 5.01788292e-06  0.00000000e+00  1.80014352e+00 
 5.01956551e-06  0.00000000e+00  1.80042590e+00 
 5.02131809e-06  0.00000000e+00  1.79993806e+00 
 5.02283966e-06  0.00000000e+00  1.79937450e+00 
 5.02443699e-06  0.00000000e+00  1.79980938e+00 
 5.02578619e-06  0.00000000e+00  1.79882732e+00 
 5.02726781e-06  0.00000000e+00  1.79829109e+00 
 5.02907857e-06  0.00000000e+00  1.79882508e+00 
 5.03093222e-06  0.00000000e+00  1.79956080e+00 
 5.03382003e-06  0.00000000e+00  1.79991987e+00 
 5.03703900e-06  0.00000000e+00  1.79998149e+00 
 5.04347693e-06  0.00000000e+00  1.80003987e+00 
 5.04907848e-06  0.00000000e+00  1.80036195e+00 
 5.05307975e-06  0.00000000e+00  1.79931212e+00 
 5.05686893e-06  0.00000000e+00  1.80018497e+00 
 5.05991152e-06  0.00000000e+00  1.79987921e+00 
 5.06372911e-06  0.00000000e+00  1.80002037e+00 
 5.06944522e-06  0.00000000e+00  1.79997885e+00 
 5.07566322e-06  0.00000000e+00  1.79997374e+00 
 5.08543666e-06  0.00000000e+00  1.80001479e+00 
 5.09874184e-06  0.00000000e+00  1.79995675e+00 
 5.11771196e-06  0.00000000e+00  1.80003018e+00 
 5.14604407e-06  0.00000000e+00  1.79995103e+00 
 5.18023258e-06  0.00000000e+00  1.80003864e+00 
 5.24519992e-06  0.00000000e+00  1.79994969e+00 
 5.25010000e-06  6.67038446e-12  1.80005679e+00 
 5.25011000e-06  1.80000000e-01  1.80057735e+00 
 5.25013000e-06  5.40000000e-01  1.80179086e+00 
 5.25017000e-06  1.26000000e+00  1.80468597e+00 
 5.25020000e-06  1.80000000e+00  1.80675241e+00 
 5.25020073e-06  1.80000000e+00  1.80676358e+00 
 5.25020219e-06  1.80000000e+00  1.80673686e+00 
 5.25020511e-06  1.80000000e+00  1.80654766e+00 
 5.25021095e-06  1.80000000e+00  1.80619028e+00 
 5.25022264e-06  1.80000000e+00  1.80582204e+00 
 5.25024600e-06  1.80000000e+00  1.80545974e+00 
 5.25029274e-06  1.80000000e+00  1.80489065e+00 
 5.25038620e-06  1.80000000e+00  1.80407553e+00 
 5.25057313e-06  1.80000000e+00  1.80304371e+00 
 5.25090163e-06  1.80000000e+00  1.80198541e+00 
 5.25155708e-06  1.80000000e+00  1.80364836e+00 
 5.25215755e-06  1.80000000e+00  1.80565230e+00 
 5.25279443e-06  1.80000000e+00  1.80374024e+00 
 5.25349726e-06  1.80000000e+00  1.80164092e+00 
 5.25441447e-06  1.80000000e+00  1.80028200e+00 
 5.25516412e-06  1.80000000e+00  1.79953834e+00 
 5.25600675e-06  1.80000000e+00  1.79881764e+00 
 5.25686836e-06  1.80000000e+00  1.79829485e+00 
 5.25776799e-06  1.80000000e+00  1.79833817e+00 
 5.25896038e-06  1.80000000e+00  1.79867730e+00 
 5.26087019e-06  1.80000000e+00  1.79915467e+00 
 5.26325654e-06  1.80000000e+00  1.79954813e+00 
 5.26641917e-06  1.80000000e+00  1.79979011e+00 
 5.27069922e-06  1.80000000e+00  1.79994326e+00 
 5.27771385e-06  1.80000000e+00  1.79998819e+00 
 5.29174313e-06  1.80000000e+00  1.80000815e+00 
 5.31815662e-06  1.80000000e+00  1.79999233e+00 
 5.37098361e-06  1.80000000e+00  1.80000738e+00 
 5.47663758e-06  1.80000000e+00  1.79999258e+00 
 5.50000000e-06  1.80000000e+00  1.80000711e+00 
 5.50001000e-06  1.62000000e+00  1.79883491e+00 
 5.50003000e-06  1.26000000e+00  1.79672953e+00 
 5.50007000e-06  5.40000000e-01  1.79403836e+00 
 5.50010000e-06  0.00000000e+00  1.79271654e+00 
 5.50010430e-06  0.00000000e+00  1.79304023e+00 
 5.50011291e-06  0.00000000e+00  1.79379438e+00 
 5.50013011e-06  0.00000000e+00  1.79479833e+00 
 5.50016453e-06  0.00000000e+00  1.79597365e+00 
 5.50023335e-06  0.00000000e+00  1.79781824e+00 
 5.50037101e-06  0.00000000e+00  1.79973047e+00 
 5.50056624e-06  0.00000000e+00  1.80100511e+00 
 5.50092711e-06  0.00000000e+00  1.80180770e+00 
 5.50143432e-06  0.00000000e+00  1.80139967e+00 
 5.50196029e-06  0.00000000e+00  1.80022552e+00 
 5.50260272e-06  0.00000000e+00  1.79867529e+00 
 5.50336844e-06  0.00000000e+00  1.79867863e+00 
 5.50411948e-06  0.00000000e+00  1.79929726e+00 
 5.50493088e-06  0.00000000e+00  1.79939014e+00 
 5.50582590e-06  0.00000000e+00  1.79968170e+00 
 5.50675188e-06  0.00000000e+00  1.79973468e+00 
 5.50793506e-06  0.00000000e+00  1.79986307e+00 
 5.50911626e-06  0.00000000e+00  1.79988344e+00 
 5.51034890e-06  0.00000000e+00  1.79999241e+00 
 5.51161442e-06  0.00000000e+00  1.79992267e+00 
 5.51321205e-06  0.00000000e+00  1.80000834e+00 
 5.51470152e-06  0.00000000e+00  1.79993624e+00 
 5.51624958e-06  0.00000000e+00  1.80001148e+00 
 5.51804916e-06  0.00000000e+00  1.79994137e+00 
 5.52005197e-06  0.00000000e+00  1.80001214e+00 
 5.52358386e-06  0.00000000e+00  1.79994473e+00 
 5.52877512e-06  0.00000000e+00  1.80001443e+00 
 5.53846184e-06  0.00000000e+00  1.79994909e+00 
 5.55651238e-06  0.00000000e+00  1.80001987e+00 
 5.58987499e-06  0.00000000e+00  1.79995609e+00 
 5.65609879e-06  0.00000000e+00  1.80002713e+00 
 5.75010000e-06  6.67038446e-12  1.79996204e+00 
 5.75011000e-06  1.80000000e-01  1.80063478e+00 
 5.75013000e-06  5.40000000e-01  1.80191537e+00 
 5.75017000e-06  1.26000000e+00  1.80473588e+00 
 5.75020000e-06  1.80000000e+00  1.80680268e+00 
 5.75020073e-06  1.80000000e+00  1.80681073e+00 
 5.75020219e-06  1.80000000e+00  1.80677880e+00 
 5.75020511e-06  1.80000000e+00  1.80658438e+00 
 5.75021095e-06  1.80000000e+00  1.80622434e+00 
 5.75022263e-06  1.80000000e+00  1.80585463e+00 
 5.75024599e-06  1.80000000e+00  1.80548988e+00 
 5.75029270e-06  1.80000000e+00  1.80491730e+00 
 5.75038614e-06  1.80000000e+00  1.80409843e+00 
 5.75057300e-06  1.80000000e+00  1.80306349e+00 
 5.75090038e-06  1.80000000e+00  1.80200087e+00 
 5.75155512e-06  1.80000000e+00  1.80364609e+00 
 5.75215564e-06  1.80000000e+00  1.80566714e+00 
 5.75279223e-06  1.80000000e+00  1.80376421e+00 
 5.75349519e-06  1.80000000e+00  1.80167173e+00 
 5.75440517e-06  1.80000000e+00  1.80038335e+00 
 5.75514490e-06  1.80000000e+00  1.79970499e+00 
 5.75597820e-06  1.80000000e+00  1.79902910e+00 
 5.75670033e-06  1.80000000e+00  1.79846460e+00 
 5.75750152e-06  1.80000000e+00  1.79826140e+00 
 5.75853379e-06  1.80000000e+00  1.79849287e+00 
 5.75963141e-06  1.80000000e+00  1.79878593e+00 
 5.76182665e-06  1.80000000e+00  1.79930983e+00 
 5.76414158e-06  1.80000000e+00  1.79959997e+00 
 5.76820763e-06  1.80000000e+00  1.79987819e+00 
 5.77256538e-06  1.80000000e+00  1.79995068e+00 
 5.78128088e-06  1.80000000e+00  1.80001035e+00 
 5.79871187e-06  1.80000000e+00  1.79999040e+00 
 5.83357386e-06  1.80000000e+00  1.80000930e+00 
 5.90329785e-06  1.80000000e+00  1.79999065e+00 
 6.00000000e-06  1.80000000e+00  1.80000919e+00 
 6.00001000e-06  1.62000000e+00  1.79883741e+00 
 6.00003000e-06  1.26000000e+00  1.79673503e+00 
 6.00007000e-06  5.40000000e-01  1.79404404e+00 
 6.00010000e-06  0.00000000e+00  1.79271988e+00 
 6.00010430e-06  0.00000000e+00  1.79304493e+00 
 6.00011290e-06  0.00000000e+00  1.79379964e+00 
 6.00013011e-06  0.00000000e+00  1.79480081e+00 
 6.00016452e-06  0.00000000e+00  1.79597380e+00 
 6.00023335e-06  0.00000000e+00  1.79781749e+00 
 6.00037099e-06  0.00000000e+00  1.79973292e+00 
 6.00056608e-06  0.00000000e+00  1.80100772e+00 
 6.00092708e-06  0.00000000e+00  1.80180708e+00 
 6.00143438e-06  0.00000000e+00  1.80139227e+00 
 6.00196039e-06  0.00000000e+00  1.80022188e+00 
 6.00260271e-06  0.00000000e+00  1.79868095e+00 
 6.00336572e-06  0.00000000e+00  1.79864169e+00 
 6.00412084e-06  0.00000000e+00  1.79923706e+00 
 6.00497212e-06  0.00000000e+00  1.79940468e+00 
 6.00574603e-06  0.00000000e+00  1.79966570e+00 
 6.00655185e-06  0.00000000e+00  1.79973027e+00 
 6.00730640e-06  0.00000000e+00  1.79988019e+00 
 6.00819604e-06  0.00000000e+00  1.79985128e+00 
 6.00909788e-06  0.00000000e+00  1.79995467e+00 
 6.01026050e-06  0.00000000e+00  1.79990658e+00 
 6.01204898e-06  0.00000000e+00  1.79999612e+00 
 6.01418264e-06  0.00000000e+00  1.79995102e+00 
 6.01683086e-06  0.00000000e+00  1.80007513e+00 
 6.01900230e-06  0.00000000e+00  1.80026664e+00 
 6.02132664e-06  0.00000000e+00  1.80004039e+00 
 6.02301227e-06  0.00000000e+00  1.79937867e+00 
 6.02458661e-06  0.00000000e+00  1.79986232e+00 
 6.02597286e-06  0.00000000e+00  1.79871107e+00 
 6.02745900e-06  0.00000000e+00  1.79832557e+00 
 6.02924908e-06  0.00000000e+00  1.79884219e+00 
 6.03133871e-06  0.00000000e+00  1.79968802e+00 
 6.03399243e-06  0.00000000e+00  1.79985876e+00 
 6.03753881e-06  0.00000000e+00  1.80001723e+00 
 6.04375244e-06  0.00000000e+00  1.79994566e+00 
 6.05284985e-06  0.00000000e+00  1.80002286e+00 
 6.06139828e-06  0.00000000e+00  1.79995050e+00 
 6.07849516e-06  0.00000000e+00  1.80002423e+00 
 6.09561401e-06  0.00000000e+00  1.79995509e+00 
 6.12424663e-06  0.00000000e+00  1.80002654e+00 
 6.16065629e-06  0.00000000e+00  1.79995940e+00 
 6.22078657e-06  0.00000000e+00  1.80002945e+00 
 6.25010000e-06  6.67038446e-12  1.79996160e+00 
 6.25011000e-06  1.80000000e-01  1.80062308e+00 
 6.25013000e-06  5.40000000e-01  1.80189247e+00 
 6.25017000e-06  1.26000000e+00  1.80471818e+00 
 6.25020000e-06  1.80000000e+00  1.80678839e+00 
 6.25020073e-06  1.80000000e+00  1.80679621e+00 
 6.25020219e-06  1.80000000e+00  1.80676382e+00 
 6.25020511e-06  1.80000000e+00  1.80656916e+00 
 6.25021095e-06  1.80000000e+00  1.80620966e+00 
 6.25022263e-06  1.80000000e+00  1.80584139e+00 
 6.25024600e-06  1.80000000e+00  1.80548092e+00 
 6.25029273e-06  1.80000000e+00  1.80491593e+00 
 6.25038619e-06  1.80000000e+00  1.80410160e+00 
 6.25057311e-06  1.80000000e+00  1.80306321e+00 
 6.25090127e-06  1.80000000e+00  1.80199931e+00 
 6.25155430e-06  1.80000000e+00  1.80364280e+00 
 6.25215587e-06  1.80000000e+00  1.80566283e+00 
 6.25279293e-06  1.80000000e+00  1.80375367e+00 
 6.25349587e-06  1.80000000e+00  1.80164172e+00 
 6.25440565e-06  1.80000000e+00  1.80027231e+00 
 6.25515779e-06  1.80000000e+00  1.79953437e+00 
 6.25600203e-06  1.80000000e+00  1.79887853e+00 
 6.25685746e-06  1.80000000e+00  1.79836359e+00 
 6.25775361e-06  1.80000000e+00  1.79834588e+00 
 6.25896142e-06  1.80000000e+00  1.79867346e+00 
 6.26083127e-06  1.80000000e+00  1.79913078e+00 
 6.26325110e-06  1.80000000e+00  1.79954357e+00 
 6.26637645e-06  1.80000000e+00  1.79978144e+00 
 6.27068200e-06  1.80000000e+00  1.79994457e+00 
 6.27757370e-06  1.80000000e+00  1.79998490e+00 
 6.29135709e-06  1.80000000e+00  1.80001067e+00 
 6.31768579e-06  1.80000000e+00  1.79998975e+00 
 6.37034319e-06  1.80000000e+00  1.80000984e+00 
 6.47565799e-06  1.80000000e+00  1.79999011e+00 
 6.50000000e-06  1.80000000e+00  1.80000948e+00 
 6.50001000e-06  1.62000000e+00  1.79883678e+00 
 6.50003000e-06  1.26000000e+00  1.79673530e+00 
 6.50007000e-06  5.40000000e-01  1.79404802e+00 
 6.50010000e-06  0.00000000e+00  1.79272528e+00 
 6.50010430e-06  0.00000000e+00  1.79305144e+00 
 6.50011291e-06  0.00000000e+00  1.79380699e+00 
 6.50013011e-06  0.00000000e+00  1.79480549e+00 
 6.50016453e-06  0.00000000e+00  1.79597227e+00 
 6.50023336e-06  0.00000000e+00  1.79781051e+00 
 6.50037102e-06  0.00000000e+00  1.79972829e+00 
 6.50056623e-06  0.00000000e+00  1.80100693e+00 
 6.50092722e-06  0.00000000e+00  1.80180839e+00 
 6.50143475e-06  0.00000000e+00  1.80139882e+00 
 6.50196083e-06  0.00000000e+00  1.80022352e+00 
 6.50260303e-06  0.00000000e+00  1.79867552e+00 
 6.50336780e-06  0.00000000e+00  1.79867906e+00 
 6.50411913e-06  0.00000000e+00  1.79929584e+00 
 6.50492147e-06  0.00000000e+00  1.79938526e+00 
 6.50581350e-06  0.00000000e+00  1.79968178e+00 
 6.50674512e-06  0.00000000e+00  1.79973714e+00 
 6.50783408e-06  0.00000000e+00  1.79985781e+00 
 6.50920760e-06  0.00000000e+00  1.79988618e+00 
 6.51040118e-06  0.00000000e+00  1.79999325e+00 
 6.51167221e-06  0.00000000e+00  1.79992254e+00 
 6.51352354e-06  0.00000000e+00  1.80000938e+00 
 6.51522100e-06  0.00000000e+00  1.79993670e+00 
 6.51686411e-06  0.00000000e+00  1.80001230e+00 
 6.51886606e-06  0.00000000e+00  1.79994146e+00 
 6.52106123e-06  0.00000000e+00  1.80001283e+00 
 6.52466257e-06  0.00000000e+00  1.79994479e+00 
 6.52995029e-06  0.00000000e+00  1.80001498e+00 
 6.53908850e-06  0.00000000e+00  1.79994897e+00 
 6.55551794e-06  0.00000000e+00  1.80001991e+00 
 6.58453347e-06  0.00000000e+00  1.79995541e+00 
 6.63918400e-06  0.00000000e+00  1.80002663e+00 
 6.73934744e-06  0.00000000e+00  1.79996168e+00 
 6.75010000e-06  6.67038446e-12  1.80002951e+00 
 6.75011000e-06  1.80000000e-01  1.80065711e+00 
 6.75013000e-06  5.40000000e-01  1.80191901e+00 
 6.75017000e-06  1.26000000e+00  1.80473483e+00 
 6.75020000e-06  1.80000000e+00  1.80678759e+00 
 6.75020075e-06  1.80000000e+00  1.80679590e+00 
 6.75020224e-06  1.80000000e+00  1.80676255e+00 
 6.75020522e-06  1.80000000e+00  1.80656328e+00 
 6.75021118e-06  1.80000000e+00  1.80620115e+00 
 6.75022310e-06  1.80000000e+00  1.80583519e+00 
 6.75024694e-06  1.80000000e+00  1.80547241e+00 
 6.75029462e-06  1.80000000e+00  1.80489837e+00 
 6.75038999e-06  1.80000000e+00  1.80407482e+00 
 6.75058072e-06  1.80000000e+00  1.80302874e+00 
 6.75091320e-06  1.80000000e+00  1.80198855e+00 
 6.75157814e-06  1.80000000e+00  1.80378132e+00 
 6.75218545e-06  1.80000000e+00  1.80561125e+00 
 6.75283052e-06  1.80000000e+00  1.80363148e+00 
 6.75353339e-06  1.80000000e+00  1.80158184e+00 
 6.75442612e-06  1.80000000e+00  1.80036244e+00 
 6.75514087e-06  1.80000000e+00  1.79968721e+00 
 6.75595360e-06  1.80000000e+00  1.79906447e+00 
 6.75666632e-06  1.80000000e+00  1.79850523e+00 
 6.75745572e-06  1.80000000e+00  1.79827636e+00 
 6.75846912e-06  1.80000000e+00  1.79847375e+00 
 6.75954981e-06  1.80000000e+00  1.79876049e+00 
 6.76171120e-06  1.80000000e+00  1.79928063e+00 
 6.76399865e-06  1.80000000e+00  1.79958564e+00 
 6.76800728e-06  1.80000000e+00  1.79986676e+00 
 6.77229601e-06  1.80000000e+00  1.79995015e+00 
 6.78087346e-06  1.80000000e+00  1.80000705e+00 
 6.79802835e-06  1.80000000e+00  1.79999354e+00 
 6.83233815e-06  1.80000000e+00  1.80000619e+00 
 6.90095774e-06  1.80000000e+00  1.79999378e+00 
 7.00000000e-06  1.80000000e+00  1.80000609e+00 
 7.00001000e-06  1.62000000e+00  1.79883599e+00 
 7.00003000e-06  1.26000000e+00  1.79673964e+00 
 7.00007000e-06  5.40000000e-01  1.79405257e+00 
 7.00010000e-06  0.00000000e+00  1.79272804e+00 
 7.00010430e-06  0.00000000e+00  1.79305441e+00 
 7.00011290e-06  0.00000000e+00  1.79380948e+00 
 7.00013009e-06  0.00000000e+00  1.79480595e+00 
 7.00016449e-06  0.00000000e+00  1.79597058e+00 
 7.00023327e-06  0.00000000e+00  1.79780846e+00 
 7.00037084e-06  0.00000000e+00  1.79972936e+00 
 7.00056592e-06  0.00000000e+00  1.80100899e+00 
 7.00092674e-06  0.00000000e+00  1.80180751e+00 
 7.00143381e-06  0.00000000e+00  1.80139278e+00 
 7.00195957e-06  0.00000000e+00  1.80022230e+00 
 7.00260192e-06  0.00000000e+00  1.79868402e+00 
 7.00336397e-06  0.00000000e+00  1.79864327e+00 
 7.00411890e-06  0.00000000e+00  1.79923410e+00 
 7.00496940e-06  0.00000000e+00  1.79940060e+00 
 7.00571881e-06  0.00000000e+00  1.79966111e+00 
 7.00653351e-06  0.00000000e+00  1.79972561e+00 
 7.00730699e-06  0.00000000e+00  1.79988256e+00 
 7.00825951e-06  0.00000000e+00  1.79985375e+00 
 7.00915228e-06  0.00000000e+00  1.79995696e+00 
 7.01036986e-06  0.00000000e+00  1.79990819e+00 
 7.01199820e-06  0.00000000e+00  1.79999560e+00 
 7.01424274e-06  0.00000000e+00  1.79994985e+00 
 7.01716744e-06  0.00000000e+00  1.80007953e+00 
 7.01947284e-06  0.00000000e+00  1.80027671e+00 
 7.02190439e-06  0.00000000e+00  1.79992589e+00 
 7.02366818e-06  0.00000000e+00  1.79927340e+00 
 7.02529481e-06  0.00000000e+00  1.79988368e+00 
 7.02682664e-06  0.00000000e+00  1.79847654e+00 
 7.02840228e-06  0.00000000e+00  1.79840352e+00 
 7.03024343e-06  0.00000000e+00  1.79899865e+00 
 7.03279184e-06  0.00000000e+00  1.79983119e+00 
 7.03546413e-06  0.00000000e+00  1.79984150e+00 
 7.03975322e-06  0.00000000e+00  1.80004998e+00 
 7.04422797e-06  0.00000000e+00  1.79995270e+00 
 7.04955046e-06  0.00000000e+00  1.80020098e+00 
 7.05334311e-06  0.00000000e+00  1.79974975e+00 
 7.05748497e-06  0.00000000e+00  1.80014932e+00 
 7.06147749e-06  0.00000000e+00  1.79986738e+00 
 7.06607821e-06  0.00000000e+00  1.80009480e+00 
 7.07283251e-06  0.00000000e+00  1.79989994e+00 
 7.08075397e-06  0.00000000e+00  1.80007531e+00 
 7.08778142e-06  0.00000000e+00  1.79991302e+00 
 7.09700362e-06  0.00000000e+00  1.80005986e+00 
 7.10644070e-06  0.00000000e+00  1.79992753e+00 
 7.12470267e-06  0.00000000e+00  1.80005244e+00 
 7.15125975e-06  0.00000000e+00  1.79993468e+00 
 7.19345913e-06  0.00000000e+00  1.80005177e+00 
 7.25010000e-06  6.67038446e-12  1.79993926e+00 
 7.25011000e-06  1.80000000e-01  1.80059437e+00 
 7.25013000e-06  5.40000000e-01  1.80186298e+00 
 7.25017000e-06  1.26000000e+00  1.80467259e+00 
 7.25020000e-06  1.80000000e+00  1.80673699e+00 
 7.25020073e-06  1.80000000e+00  1.80674572e+00 
 7.25020219e-06  1.80000000e+00  1.80671640e+00 
 7.25020511e-06  1.80000000e+00  1.80652745e+00 
 7.25021095e-06  1.80000000e+00  1.80616274e+00 
 7.25022264e-06  1.80000000e+00  1.80577872e+00 
 7.25024600e-06  1.80000000e+00  1.80541357e+00 
 7.25029273e-06  1.80000000e+00  1.80485875e+00 
 7.25038620e-06  1.80000000e+00  1.80407879e+00 
 7.25057313e-06  1.80000000e+00  1.80307547e+00 
 7.25090656e-06  1.80000000e+00  1.80200101e+00 
 7.25156139e-06  1.80000000e+00  1.80367970e+00 
 7.25216591e-06  1.80000000e+00  1.80559694e+00 
 7.25280561e-06  1.80000000e+00  1.80351581e+00 
 7.25350838e-06  1.80000000e+00  1.80115644e+00 
 7.25441220e-06  1.80000000e+00  1.79987940e+00 
 7.25509509e-06  1.80000000e+00  1.79968464e+00 
 7.25587391e-06  1.80000000e+00  1.79966188e+00 
 7.25676392e-06  1.80000000e+00  1.79964127e+00 
 7.25766524e-06  1.80000000e+00  1.79971490e+00 
 7.25879170e-06  1.80000000e+00  1.79977983e+00 
 7.26092635e-06  1.80000000e+00  1.79987292e+00 
 7.26330663e-06  1.80000000e+00  1.79992948e+00 
 7.26643202e-06  1.80000000e+00  1.79996863e+00 
 7.27071515e-06  1.80000000e+00  1.79999035e+00 
 7.27773602e-06  1.80000000e+00  1.79999887e+00 
 7.29177776e-06  1.80000000e+00  1.80000053e+00 
 7.31986125e-06  1.80000000e+00  1.79999941e+00 
 7.37602821e-06  1.80000000e+00  1.80000049e+00 
 7.48836215e-06  1.80000000e+00  1.79999946e+00 
 7.50000000e-06  1.80000000e+00  1.80000049e+00 
 7.50001000e-06  1.62000000e+00  1.79883120e+00 
 7.50003000e-06  1.26000000e+00  1.79671893e+00 
 7.50007000e-06  5.40000000e-01  1.79402344e+00 
 7.50010000e-06  0.00000000e+00  1.79272316e+00 
 7.50010430e-06  0.00000000e+00  1.79305315e+00 
 7.50011290e-06  0.00000000e+00  1.79382918e+00 
 7.50013011e-06  0.00000000e+00  1.79487446e+00 
 7.50016452e-06  0.00000000e+00  1.79604742e+00 
 7.50023334e-06  0.00000000e+00  1.79785849e+00 
 7.50037098e-06  0.00000000e+00  1.79970376e+00 
 7.50056364e-06  0.00000000e+00  1.80093729e+00 
 7.50092096e-06  0.00000000e+00  1.80176916e+00 
 7.50151011e-06  0.00000000e+00  1.80155260e+00 
 7.50204044e-06  0.00000000e+00  1.80054162e+00 
 7.50266697e-06  0.00000000e+00  1.79857111e+00 
 7.50337459e-06  0.00000000e+00  1.79750030e+00 
 7.50418086e-06  0.00000000e+00  1.79792054e+00 
 7.50501334e-06  0.00000000e+00  1.79854188e+00 
 7.50596115e-06  0.00000000e+00  1.79915004e+00 
 7.50694484e-06  0.00000000e+00  1.79944115e+00 
 7.50812462e-06  0.00000000e+00  1.79968566e+00 
 7.50933046e-06  0.00000000e+00  1.79979826e+00 
 7.51057607e-06  0.00000000e+00  1.79991757e+00 
 7.51185796e-06  0.00000000e+00  1.79990909e+00 
 7.51350482e-06  0.00000000e+00  1.79998054e+00 
 7.51494525e-06  0.00000000e+00  1.79994184e+00 
 7.51647895e-06  0.00000000e+00  1.79999624e+00 
 7.51813388e-06  0.00000000e+00  1.79994932e+00 
 7.52000370e-06  0.00000000e+00  1.80000107e+00 
 7.52341386e-06  0.00000000e+00  1.79995267e+00 
 7.52837963e-06  0.00000000e+00  1.80000469e+00 
 7.53822423e-06  0.00000000e+00  1.79995697e+00 
 7.55691338e-06  0.00000000e+00  1.80001094e+00 
 7.59280568e-06  0.00000000e+00  1.79996461e+00 
 7.66459029e-06  0.00000000e+00  1.80001886e+00 
 7.75010000e-06  0.00000000e+00  1.79997044e+00 
 7.75011000e-06  1.80000000e-01  1.80065756e+00 
 7.75013000e-06  5.40000000e-01  1.80195076e+00 
 7.75017000e-06  1.26000000e+00  1.80473752e+00 
 7.75020000e-06  1.80000000e+00  1.80678498e+00 
 7.75020073e-06  1.80000000e+00  1.80679314e+00 
 7.75020219e-06  1.80000000e+00  1.80676284e+00 
 7.75020511e-06  1.80000000e+00  1.80657178e+00 
 7.75021094e-06  1.80000000e+00  1.80620420e+00 
 7.75022262e-06  1.80000000e+00  1.80582037e+00 
 7.75024596e-06  1.80000000e+00  1.80544926e+00 
 7.75029265e-06  1.80000000e+00  1.80488317e+00 
 7.75038603e-06  1.80000000e+00  1.80409144e+00 
 7.75057279e-06  1.80000000e+00  1.80308117e+00 
 7.75090535e-06  1.80000000e+00  1.80200652e+00 
 7.75157047e-06  1.80000000e+00  1.80372628e+00 
 7.75217378e-06  1.80000000e+00  1.80559339e+00 
 7.75281463e-06  1.80000000e+00  1.80352433e+00 
 7.75351798e-06  1.80000000e+00  1.80106254e+00 
 7.75441782e-06  1.80000000e+00  1.79959913e+00 
 7.75511884e-06  1.80000000e+00  1.79949206e+00 
 7.75591578e-06  1.80000000e+00  1.79979426e+00 
 7.75663049e-06  1.80000000e+00  1.80018978e+00 
 7.75741227e-06  1.80000000e+00  1.80072592e+00 
 7.75844494e-06  1.80000000e+00  1.80110969e+00 
 7.75953914e-06  1.80000000e+00  1.80097184e+00 
 7.76057856e-06  1.80000000e+00  1.80074599e+00 
 7.76238645e-06  1.80000000e+00  1.80047212e+00 
 7.76402219e-06  1.80000000e+00  1.80033445e+00 
 7.76705152e-06  1.80000000e+00  1.80015622e+00 
 7.77017997e-06  1.80000000e+00  1.80007368e+00 
 7.77493194e-06  1.80000000e+00  1.80001511e+00 
 7.78286532e-06  1.80000000e+00  1.80000382e+00 
 7.79332356e-06  1.80000000e+00  1.79999618e+00 
 7.81097572e-06  1.80000000e+00  1.80000375e+00 
 7.84373493e-06  1.80000000e+00  1.79999612e+00 
 7.89618927e-06  1.80000000e+00  1.80000378e+00 
 7.99166240e-06  1.80000000e+00  1.79999610e+00 
 8.00000000e-06  1.80000000e+00  1.80000390e+00 
 8.00001000e-06  1.62000000e+00  1.79883608e+00 
 8.00003000e-06  1.26000000e+00  1.79672487e+00 
 8.00007000e-06  5.40000000e-01  1.79402662e+00 
 8.00010000e-06  0.00000000e+00  1.79272572e+00 
 8.00010430e-06  0.00000000e+00  1.79305568e+00 
 8.00011290e-06  0.00000000e+00  1.79383144e+00 
 8.00013011e-06  0.00000000e+00  1.79487609e+00 
 8.00016451e-06  0.00000000e+00  1.79604901e+00 
 8.00023333e-06  0.00000000e+00  1.79785958e+00 
 8.00037095e-06  0.00000000e+00  1.79970230e+00 
 8.00056350e-06  0.00000000e+00  1.80093396e+00 
 8.00092081e-06  0.00000000e+00  1.80177089e+00 
 8.00144978e-06  0.00000000e+00  1.80163409e+00 
 8.00198662e-06  0.00000000e+00  1.80067624e+00 
 8.00264558e-06  0.00000000e+00  1.79868717e+00 
 8.00340468e-06  0.00000000e+00  1.79805340e+00 
 8.00418124e-06  0.00000000e+00  1.79818623e+00 
 8.00503012e-06  0.00000000e+00  1.79780340e+00 
 8.00576716e-06  0.00000000e+00  1.79951570e+00 
 8.00653408e-06  0.00000000e+00  1.80028931e+00 
 8.00725024e-06  0.00000000e+00  1.80074451e+00 
 8.00806068e-06  0.00000000e+00  1.80041080e+00 
 8.00897773e-06  0.00000000e+00  1.80028133e+00 
 8.01003255e-06  0.00000000e+00  1.80014960e+00 
 8.01150192e-06  0.00000000e+00  1.80005277e+00 
 8.01347740e-06  0.00000000e+00  1.80001255e+00 
 8.01497382e-06  0.00000000e+00  1.79998436e+00 
 8.01659489e-06  0.00000000e+00  1.79999657e+00 
 8.01819336e-06  0.00000000e+00  1.79997046e+00 
 8.02000144e-06  0.00000000e+00  1.79999231e+00 
 8.02174487e-06  0.00000000e+00  1.79996552e+00 
 8.02384613e-06  0.00000000e+00  1.79999311e+00 
 8.02611732e-06  0.00000000e+00  1.79996573e+00 
 8.02945462e-06  0.00000000e+00  1.79999534e+00 
 8.03299714e-06  0.00000000e+00  1.79996772e+00 
 8.03941046e-06  0.00000000e+00  1.79999822e+00 
 8.04985157e-06  0.00000000e+00  1.79997005e+00 
 8.06292658e-06  0.00000000e+00  1.80000011e+00 
 8.07852127e-06  0.00000000e+00  1.79997467e+00 
 8.10360465e-06  0.00000000e+00  1.80000476e+00 
 8.13057177e-06  0.00000000e+00  1.79997997e+00 
 8.16137064e-06  0.00000000e+00  1.80000828e+00 
 8.19817914e-06  0.00000000e+00  1.79997433e+00 
 8.22653859e-06  0.00000000e+00  1.80002303e+00 
 8.25010000e-06  0.00000000e+00  1.79996020e+00 
 8.25011000e-06  1.80000000e-01  1.80061104e+00 
 8.25013000e-06  5.40000000e-01  1.80189942e+00 
 8.25017000e-06  1.26000000e+00  1.80472356e+00 
 8.25020000e-06  1.80000000e+00  1.80677333e+00 
 8.25020074e-06  1.80000000e+00  1.80678055e+00 
 8.25020223e-06  1.80000000e+00  1.80674491e+00 
 8.25020521e-06  1.80000000e+00  1.80654273e+00 
 8.25021117e-06  1.80000000e+00  1.80618048e+00 
 8.25022309e-06  1.80000000e+00  1.80581758e+00 
 8.25024693e-06  1.80000000e+00  1.80546030e+00 
 8.25029460e-06  1.80000000e+00  1.80489842e+00 
 8.25038995e-06  1.80000000e+00  1.80408529e+00 
 8.25058065e-06  1.80000000e+00  1.80304274e+00 
 8.25096205e-06  1.80000000e+00  1.80199186e+00 
 8.25160214e-06  1.80000000e+00  1.80401285e+00 
 8.25223681e-06  1.80000000e+00  1.80541511e+00 
 8.25289844e-06  1.80000000e+00  1.80313651e+00 
 8.25360435e-06  1.80000000e+00  1.80094106e+00 
 8.25448350e-06  1.80000000e+00  1.79990410e+00 
 8.25544888e-06  1.80000000e+00  1.79958210e+00 
 8.25666597e-06  1.80000000e+00  1.79965539e+00 
 8.25801263e-06  1.80000000e+00  1.79972297e+00 
 8.25945421e-06  1.80000000e+00  1.79982824e+00 
 8.26194137e-06  1.80000000e+00  1.79989520e+00 
 8.26450748e-06  1.80000000e+00  1.79995836e+00 
 8.26849994e-06  1.80000000e+00  1.79997461e+00 
 8.27328539e-06  1.80000000e+00  1.80000250e+00 
 8.28285629e-06  1.80000000e+00  1.79999243e+00 
 8.30199810e-06  1.80000000e+00  1.80000591e+00 
 8.34028171e-06  1.80000000e+00  1.79999137e+00 
 8.39718763e-06  1.80000000e+00  1.80000833e+00 
 8.45977766e-06  1.80000000e+00  1.79999147e+00 
 8.50000000e-06  1.80000000e+00  1.80000841e+00 
 8.50001000e-06  1.62000000e+00  1.79883597e+00 
 8.50003000e-06  1.26000000e+00  1.79673587e+00 
 8.50007000e-06  5.40000000e-01  1.79404972e+00 
 8.50010000e-06  0.00000000e+00  1.79273008e+00 
 8.50010434e-06  0.00000000e+00  1.79306604e+00 
 8.50011303e-06  0.00000000e+00  1.79383358e+00 
 8.50013039e-06  0.00000000e+00  1.79483560e+00 
 8.50016513e-06  0.00000000e+00  1.79600832e+00 
 8.50023460e-06  0.00000000e+00  1.79784685e+00 
 8.50037355e-06  0.00000000e+00  1.79976190e+00 
 8.50064075e-06  0.00000000e+00  1.80135195e+00 
 8.50112371e-06  0.00000000e+00  1.80187119e+00 
 8.50177788e-06  0.00000000e+00  1.80036861e+00 
 8.50246616e-06  0.00000000e+00  1.79993885e+00 
 8.50309713e-06  0.00000000e+00  1.80969358e+00 
 8.50384631e-06  0.00000000e+00  1.82427261e+00 
 8.50451785e-06  0.00000000e+00  1.80742819e+00 
 8.50531700e-06  0.00000000e+00  1.76950185e+00 
 8.50617408e-06  0.00000000e+00  1.73187607e+00 
 8.50713253e-06  0.00000000e+00  1.68822985e+00 
 8.50861654e-06  0.00000000e+00  1.62126269e+00 
 8.51022715e-06  0.00000000e+00  1.54786598e+00 
 8.51167414e-06  0.00000000e+00  1.48210968e+00 
 8.51316975e-06  0.00000000e+00  1.41386076e+00 
 8.51508650e-06  0.00000000e+00  1.32674579e+00 
 8.51771299e-06  0.00000000e+00  1.20787814e+00 
 8.52059509e-06  0.00000000e+00  1.07932677e+00 
 8.52635927e-06  0.00000000e+00  8.38043684e-01 
 8.52741798e-06  0.00000000e+00  7.96864216e-01 
 8.52953539e-06  0.00000000e+00  7.13380482e-01 
 8.53314062e-06  0.00000000e+00  5.73998810e-01 
 8.53605424e-06  0.00000000e+00  4.65453666e-01 
 8.53910742e-06  0.00000000e+00  3.53049916e-01 
 8.54133705e-06  0.00000000e+00  2.80489447e-01 
 8.54341468e-06  0.00000000e+00  2.22285614e-01 
 8.54578628e-06  0.00000000e+00  1.66549355e-01 
 8.54801320e-06  0.00000000e+00  1.25569909e-01 
 8.54976690e-06  0.00000000e+00  9.89715972e-02 
 8.55131717e-06  0.00000000e+00  7.96493142e-02 
 8.55295475e-06  0.00000000e+00  6.20151463e-02 
 8.55472788e-06  0.00000000e+00  4.63729743e-02 
 8.55676316e-06  0.00000000e+00  3.36316396e-02 
 8.55899832e-06  0.00000000e+00  3.27993247e-02 
 8.56123851e-06  0.00000000e+00  2.99064331e-02 
 8.56265870e-06  0.00000000e+00  2.49384240e-02 
 8.56421052e-06  0.00000000e+00  2.02322379e-02 
 8.56586222e-06  0.00000000e+00  1.62026617e-02 
 8.56910682e-06  0.00000000e+00  1.04244194e-02 
 8.57417178e-06  0.00000000e+00  5.10734098e-03 
 8.57874926e-06  0.00000000e+00  2.72297391e-03 
 8.58365438e-06  0.00000000e+00  1.33393150e-03 
 8.59012493e-06  0.00000000e+00  5.53792299e-04 
 8.59691683e-06  0.00000000e+00  1.82745915e-04 
 8.60770012e-06  0.00000000e+00  6.20386631e-05 
 8.62232627e-06  0.00000000e+00 -9.44384494e-06 
 8.64366131e-06  0.00000000e+00  3.25363306e-05 
 8.66584515e-06  0.00000000e+00 -1.07299774e-05 
 8.69342687e-06  0.00000000e+00  3.22043452e-05 
 8.72062157e-06  0.00000000e+00 -1.16611798e-05 
 8.75010000e-06  0.00000000e+00  3.19327660e-05 
 8.75011000e-06  1.80000000e-01  1.00027843e-03 
 8.75013000e-06  5.40000000e-01  2.55269393e-03 
 8.75017000e-06  1.26000000e+00  4.42745934e-03 
 8.75020000e-06  1.80000000e+00  5.55425030e-03 
 8.75020074e-06  1.80000000e+00  5.54090619e-03 
 8.75020221e-06  1.80000000e+00  5.46371340e-03 
 8.75020516e-06  1.80000000e+00  5.20807840e-03 
 8.75021106e-06  1.80000000e+00  4.80948664e-03 
 8.75022285e-06  1.80000000e+00  4.37785557e-03 
 8.75024644e-06  1.80000000e+00  3.85730931e-03 
 8.75029362e-06  1.80000000e+00  3.09075799e-03 
 8.75038798e-06  1.80000000e+00  2.16120733e-03 
 8.75057671e-06  1.80000000e+00  1.39183299e-03 
 8.75095345e-06  1.80000000e+00  1.11795628e-03 
 8.75162334e-06  1.80000000e+00  2.48088255e-03 
 8.75223244e-06  1.80000000e+00  2.22881944e-03 
 8.75289701e-06  1.80000000e+00  1.33553600e-03 
 8.75358775e-06  1.80000000e+00  1.07108979e-03 
 8.75446779e-06  1.80000000e+00  4.02519961e-04 
 8.75518531e-06  1.80000000e+00  5.32096391e-04 
 8.75600083e-06  1.80000000e+00  1.04217945e-03 
 8.75684831e-06  1.80000000e+00  8.52222519e-04 
 8.75772889e-06  1.80000000e+00  6.52180988e-04 
 8.75890423e-06  1.80000000e+00  5.82605392e-04 
 8.76072834e-06  1.80000000e+00  4.14762753e-04 
 8.76344929e-06  1.80000000e+00  3.78250567e-04 
 8.76639066e-06  1.80000000e+00  2.33175385e-04 
 8.77092821e-06  1.80000000e+00  1.63697243e-04 
 8.77747131e-06  1.80000000e+00  6.33094808e-05 
 8.79055749e-06  1.80000000e+00  3.86475111e-05 
 8.81621334e-06  1.80000000e+00  3.98615449e-06 
 8.86738415e-06  1.80000000e+00  2.33670242e-05 
 8.92972227e-06  1.80000000e+00 -3.28192341e-06 
 8.97930861e-06  1.80000000e+00 -2.84756753e-03 
 9.00000000e-06  1.80000000e+00 -1.84468331e-03 
