 1.00000000e-12  1.78200000e+00  5.65233836e-01 
 1.02800000e-12  1.78149600e+00  5.60471785e-01 
 1.08400000e-12  1.78048800e+00  5.55626035e-01 
 1.19600000e-12  1.77847200e+00  5.56754430e-01 
 1.42000000e-12  1.77444000e+00  5.60442139e-01 
 1.72569478e-12  1.76893749e+00  5.64613421e-01 
 2.33708433e-12  1.75793248e+00  5.69764003e-01 
 3.31394408e-12  1.74034901e+00  5.72203625e-01 
 4.51248363e-12  1.71877529e+00  5.72593874e-01 
 6.46460615e-12  1.68363709e+00  5.72265317e-01 
 9.55404578e-12  1.62802718e+00  5.71872944e-01 
 1.38222478e-11  1.55119954e+00  5.71156269e-01 
 1.99040815e-11  1.44172653e+00  5.70359163e-01 
 3.20677490e-11  1.22278052e+00  5.68669291e-01 
 5.63950839e-11  7.84888490e-01  5.66341056e-01 
 1.00000000e-10  0.00000000e+00  5.63761247e-01 
 1.04865467e-10  0.00000000e+00  5.63948379e-01 
 1.14596401e-10  0.00000000e+00  5.64374181e-01 
 1.34058269e-10  0.00000000e+00  5.65164813e-01 
 1.72982005e-10  0.00000000e+00  5.67020007e-01 
 2.50829477e-10  0.00000000e+00  5.71578626e-01 
 4.06524420e-10  0.00000000e+00  5.79888100e-01 
 6.63482092e-10  0.00000000e+00  5.90269573e-01 
 9.68971870e-10  0.00000000e+00  6.02326009e-01 
 1.38180917e-09  0.00000000e+00  6.15193686e-01 
 1.92794757e-09  0.00000000e+00  6.12832807e-01 
 2.50255605e-09  0.00000000e+00  5.91382671e-01 
 3.33520549e-09  0.00000000e+00  5.43772015e-01 
 4.21579705e-09  0.00000000e+00  4.90631065e-01 
 5.06429534e-09  0.00000000e+00  4.41083195e-01 
 5.97492140e-09  0.00000000e+00  3.92571484e-01 
 7.10777236e-09  0.00000000e+00  3.33223288e-01 
 8.31350252e-09  0.00000000e+00  2.72812836e-01 
 9.10665078e-09  0.00000000e+00  2.37783691e-01 
 9.99503824e-09  0.00000000e+00  2.01946682e-01 
 1.08791890e-08  0.00000000e+00  1.70365685e-01 
 1.18476001e-08  0.00000000e+00  1.41073783e-01 
 1.32197614e-08  0.00000000e+00  1.06760168e-01 
 1.48883893e-08  0.00000000e+00  7.65439488e-02 
 1.73063614e-08  0.00000000e+00  4.80321280e-02 
 2.00183455e-08  0.00000000e+00  2.96698189e-02 
 2.27136412e-08  0.00000000e+00  1.85702153e-02 
 2.55173633e-08  0.00000000e+00  1.03328162e-02 
 2.78386361e-08  0.00000000e+00  6.34721808e-03 
 3.04096300e-08  0.00000000e+00  4.02028275e-03 
 3.30103235e-08  0.00000000e+00  1.56736323e-03 
 3.58466049e-08  0.00000000e+00 -1.01791119e-04 
 4.01779391e-08  0.00000000e+00 -1.73587182e-03 
 4.53225171e-08  0.00000000e+00 -8.95198381e-04 
 4.87913737e-08  0.00000000e+00 -1.74925840e-03 
 5.26327553e-08  0.00000000e+00 -2.03599855e-03 
 5.75352426e-08  0.00000000e+00 -2.29906404e-03 
 6.26414347e-08  0.00000000e+00 -1.57516462e-03 
 6.73663026e-08  0.00000000e+00 -7.40648908e-04 
 7.04564481e-08  0.00000000e+00 -2.66551637e-04 
 7.45146004e-08  0.00000000e+00 -1.61483202e-04 
 8.26309049e-08  0.00000000e+00  3.77621391e-05 
 9.19776412e-08  0.00000000e+00 -2.73083647e-05 
 1.09770809e-07  0.00000000e+00  4.30766703e-05 
 1.36047418e-07  0.00000000e+00 -2.74903023e-05 
 1.78062980e-07  0.00000000e+00  4.01550371e-05 
 2.48705759e-07  0.00000000e+00 -2.83358909e-05 
 2.50100000e-07  0.00000000e+00  2.91681441e-05 
 2.50110000e-07  1.80000000e-01  1.50770044e-03 
 2.50130000e-07  5.40000000e-01  4.91981087e-03 
 2.50170000e-07  1.26000000e+00  9.60911845e-03 
 2.50200000e-07  1.80000000e+00  1.07034695e-02 
 2.50207463e-07  1.80000000e+00  9.67785119e-03 
 2.50222389e-07  1.80000000e+00  7.32031693e-03 
 2.50252240e-07  1.80000000e+00  3.30348690e-03 
 2.50306593e-07  1.80000000e+00 -3.68498869e-04 
 2.50379256e-07  1.80000000e+00 -2.18112709e-03 
 2.50524582e-07  1.80000000e+00 -3.12126603e-03 
 2.50655442e-07  1.80000000e+00 -2.51572704e-03 
 2.50917163e-07  1.80000000e+00  6.54322986e-05 
 2.51230051e-07  1.80000000e+00  3.17140600e-03 
 2.51640302e-07  1.80000000e+00  3.25850278e-03 
 2.52086891e-07  1.80000000e+00  1.86373766e-03 
 2.52683423e-07  1.80000000e+00  1.18357797e-03 
 2.53428998e-07  1.80000000e+00  1.23717642e-03 
 2.53963896e-07  1.80000000e+00  1.49025720e-03 
 2.54582611e-07  1.80000000e+00  2.55976829e-03 
 2.55197562e-07  1.80000000e+00  2.16366402e-03 
 2.55862910e-07  1.80000000e+00  1.93836355e-03 
 2.56684390e-07  1.80000000e+00  1.84802274e-03 
 2.57848751e-07  1.80000000e+00  1.52147787e-03 
 2.59125517e-07  1.80000000e+00  1.27493814e-03 
 2.61139238e-07  1.80000000e+00  8.12347594e-04 
 2.63927424e-07  1.80000000e+00  5.25440079e-04 
 2.69503795e-07  1.80000000e+00  1.59760577e-04 
 2.80363108e-07  1.80000000e+00  7.48781564e-05 
 2.99415148e-07  1.80000000e+00  6.94828252e-06 
 3.37519227e-07  1.80000000e+00  4.04166123e-05 
 4.13727386e-07  1.80000000e+00 -1.32719431e-05 
 5.00000000e-07  1.80000000e+00  3.32443724e-05 
 5.00010000e-07  1.62000000e+00 -8.37336764e-04 
 5.00030000e-07  1.26000000e+00 -2.41031994e-03 
 5.00070000e-07  5.40000000e-01 -4.53523110e-03 
 5.00100000e-07  0.00000000e+00 -5.59381372e-03 
 5.00108000e-07  0.00000000e+00 -5.15544266e-03 
 5.00124000e-07  0.00000000e+00 -4.23854250e-03 
 5.00156000e-07  0.00000000e+00 -2.91507162e-03 
 5.00220000e-07  0.00000000e+00 -1.56557751e-03 
 5.00336927e-07  0.00000000e+00 -5.07723995e-04 
 5.00499819e-07  0.00000000e+00 -5.64982706e-05 
 5.00825604e-07  0.00000000e+00  8.26069015e-04 
 5.01285522e-07  0.00000000e+00 -2.00411829e-03 
 5.01761737e-07  0.00000000e+00 -1.48021580e-02 
 5.02180242e-07  0.00000000e+00 -1.66652978e-02 
 5.02646263e-07  0.00000000e+00  1.59891444e-02 
 5.03309215e-07  0.00000000e+00  8.95469935e-02 
 5.03933830e-07  0.00000000e+00  1.62476110e-01 
 5.04828875e-07  0.00000000e+00  2.66715944e-01 
 5.05645423e-07  0.00000000e+00  3.57582228e-01 
 5.06731537e-07  0.00000000e+00  4.72425195e-01 
 5.07960996e-07  0.00000000e+00  5.98354586e-01 
 5.09275083e-07  0.00000000e+00  7.30540908e-01 
 5.10664229e-07  0.00000000e+00  8.45042313e-01 
 5.12025407e-07  0.00000000e+00  9.39282319e-01 
 5.13723169e-07  0.00000000e+00  1.06380183e+00 
 5.15244401e-07  0.00000000e+00  1.18298026e+00 
 5.17231486e-07  0.00000000e+00  1.41279258e+00 
 5.19449732e-07  0.00000000e+00  1.63560260e+00 
 5.21533333e-07  0.00000000e+00  1.73790200e+00 
 5.25700535e-07  0.00000000e+00  1.79853649e+00 
 5.31648030e-07  0.00000000e+00  1.80047073e+00 
 5.39229340e-07  0.00000000e+00  1.79994126e+00 
 5.54391959e-07  0.00000000e+00  1.80012457e+00 
 5.80489012e-07  0.00000000e+00  1.79994638e+00 
 6.24838018e-07  0.00000000e+00  1.80007732e+00 
 7.13536031e-07  0.00000000e+00  1.79994199e+00 
 7.50100000e-07  9.52912066e-13  1.80006170e+00 
 7.50110000e-07  1.80000000e-01  1.80074962e+00 
 7.50130000e-07  5.40000000e-01  1.80247397e+00 
 7.50170000e-07  1.26000000e+00  1.80604196e+00 
 7.50200000e-07  1.80000000e+00  1.80832894e+00 
 7.50207874e-07  1.80000000e+00  1.80803685e+00 
 7.50223622e-07  1.80000000e+00  1.80743024e+00 
 7.50255119e-07  1.80000000e+00  1.80649741e+00 
 7.50318111e-07  1.80000000e+00  1.80533097e+00 
 7.50444097e-07  1.80000000e+00  1.80395888e+00 
 7.50684076e-07  1.80000000e+00  1.80266482e+00 
 7.50947559e-07  1.80000000e+00  1.80350315e+00 
 7.51386613e-07  1.80000000e+00  1.80692020e+00 
 7.51856172e-07  1.80000000e+00  1.80444067e+00 
 7.52366600e-07  1.80000000e+00  1.80239361e+00 
 7.53026678e-07  1.80000000e+00  1.80153128e+00 
 7.53776082e-07  1.80000000e+00  1.80068156e+00 
 7.54418657e-07  1.80000000e+00  1.80081618e+00 
 7.55084609e-07  1.80000000e+00  1.79875421e+00 
 7.55798683e-07  1.80000000e+00  1.79851731e+00 
 7.56748326e-07  1.80000000e+00  1.79951922e+00 
 7.57610295e-07  1.80000000e+00  1.79904884e+00 
 7.58440156e-07  1.80000000e+00  1.79813914e+00 
 7.59345448e-07  1.80000000e+00  1.79728719e+00 
 7.60804770e-07  1.80000000e+00  1.79753633e+00 
 7.62181545e-07  1.80000000e+00  1.79822129e+00 
 7.64935096e-07  1.80000000e+00  1.79911997e+00 
 7.68448355e-07  1.80000000e+00  1.79963871e+00 
 7.75474875e-07  1.80000000e+00  1.79998366e+00 
 7.89527913e-07  1.80000000e+00  1.80000994e+00 
 8.13362600e-07  1.80000000e+00  1.80000925e+00 
 8.61031974e-07  1.80000000e+00  1.80000304e+00 
 9.54616653e-07  1.80000000e+00  1.80000823e+00 
 1.00000000e-06  1.80000000e+00  1.79999999e+00 
 1.00001000e-06  1.62000000e+00  1.79876351e+00 
 1.00003000e-06  1.26000000e+00  1.79650932e+00 
 1.00007000e-06  5.40000000e-01  1.79318054e+00 
 1.00010000e-06  0.00000000e+00  1.79155101e+00 
 1.00010800e-06  0.00000000e+00  1.79217522e+00 
 1.00012400e-06  0.00000000e+00  1.79340750e+00 
 1.00015600e-06  0.00000000e+00  1.79520972e+00 
 1.00022000e-06  0.00000000e+00  1.79734100e+00 
 1.00033686e-06  0.00000000e+00  1.79957185e+00 
 1.00049977e-06  0.00000000e+00  1.80096708e+00 
 1.00082559e-06  0.00000000e+00  1.80203576e+00 
 1.00128299e-06  0.00000000e+00  1.80137363e+00 
 1.00175805e-06  0.00000000e+00  1.79945891e+00 
 1.00218901e-06  0.00000000e+00  1.79811304e+00 
 1.00268289e-06  0.00000000e+00  1.79932725e+00 
 1.00329132e-06  0.00000000e+00  1.80096421e+00 
 1.00391660e-06  0.00000000e+00  1.80153440e+00 
 1.00441742e-06  0.00000000e+00  1.79836251e+00 
 1.00499238e-06  0.00000000e+00  1.79102639e+00 
 1.00556518e-06  0.00000000e+00  1.78941969e+00 
 1.00608693e-06  0.00000000e+00  1.78465059e+00 
 1.00669533e-06  0.00000000e+00  1.78317580e+00 
 1.00754945e-06  0.00000000e+00  1.78722870e+00 
 1.00841880e-06  0.00000000e+00  1.79071351e+00 
 1.00972561e-06  0.00000000e+00  1.79415042e+00 
 1.01069393e-06  0.00000000e+00  1.79626785e+00 
 1.01172108e-06  0.00000000e+00  1.79785972e+00 
 1.01283094e-06  0.00000000e+00  1.79902486e+00 
 1.01368232e-06  0.00000000e+00  1.79886912e+00 
 1.01451493e-06  0.00000000e+00  1.79829003e+00 
 1.01547066e-06  0.00000000e+00  1.79822122e+00 
 1.01645692e-06  0.00000000e+00  1.79962183e+00 
 1.01746721e-06  0.00000000e+00  1.79776771e+00 
 1.01854398e-06  0.00000000e+00  1.79737937e+00 
 1.01965099e-06  0.00000000e+00  1.79824298e+00 
 1.02132073e-06  0.00000000e+00  1.79922765e+00 
 1.02310169e-06  0.00000000e+00  1.79960880e+00 
 1.02666360e-06  0.00000000e+00  1.79993074e+00 
 1.03210871e-06  0.00000000e+00  1.79993235e+00 
 1.04097798e-06  0.00000000e+00  1.79997469e+00 
 1.05683565e-06  0.00000000e+00  1.79995340e+00 
 1.08211422e-06  0.00000000e+00  1.79999538e+00 
 1.13267135e-06  0.00000000e+00  1.79997156e+00 
 1.19455944e-06  0.00000000e+00  1.80000773e+00 
 1.25010000e-06  0.00000000e+00  1.79997797e+00 
 1.25011000e-06  1.80000000e-01  1.80073101e+00 
 1.25013000e-06  5.40000000e-01  1.80258994e+00 
 1.25017000e-06  1.26000000e+00  1.80632831e+00 
 1.25020000e-06  1.80000000e+00  1.80874018e+00 
 1.25020788e-06  1.80000000e+00  1.80845221e+00 
 1.25022363e-06  1.80000000e+00  1.80784240e+00 
 1.25025513e-06  1.80000000e+00  1.80687461e+00 
 1.25031814e-06  1.80000000e+00  1.80560841e+00 
 1.25044416e-06  1.80000000e+00  1.80409987e+00 
 1.25068461e-06  1.80000000e+00  1.80277114e+00 
 1.25094641e-06  1.80000000e+00  1.80348344e+00 
 1.25138418e-06  1.80000000e+00  1.80638733e+00 
 1.25185399e-06  1.80000000e+00  1.80372034e+00 
 1.25236282e-06  1.80000000e+00  1.80140212e+00 
 1.25302574e-06  1.80000000e+00  1.80025105e+00 
 1.25375766e-06  1.80000000e+00  1.80012075e+00 
 1.25438114e-06  1.80000000e+00  1.80019002e+00 
 1.25503432e-06  1.80000000e+00  1.80002842e+00 
 1.25569986e-06  1.80000000e+00  1.80002051e+00 
 1.25665498e-06  1.80000000e+00  1.80001417e+00 
 1.25763793e-06  1.80000000e+00  1.80000215e+00 
 1.25918184e-06  1.80000000e+00  1.80000702e+00 
 1.26147872e-06  1.80000000e+00  1.79999733e+00 
 1.26550164e-06  1.80000000e+00  1.80000409e+00 
 1.27277009e-06  1.80000000e+00  1.79999581e+00 
 1.28467602e-06  1.80000000e+00  1.80000380e+00 
 1.30662600e-06  1.80000000e+00  1.79999598e+00 
 1.34420163e-06  1.80000000e+00  1.80000389e+00 
 1.41272798e-06  1.80000000e+00  1.79999600e+00 
 1.50000000e-06  1.80000000e+00  1.80000390e+00 
 1.50001000e-06  1.62000000e+00  1.79873387e+00 
 1.50003000e-06  1.26000000e+00  1.79642100e+00 
 1.50007000e-06  5.40000000e-01  1.79302799e+00 
 1.50010000e-06  0.00000000e+00  1.79129331e+00 
 1.50010800e-06  0.00000000e+00  1.79189923e+00 
 1.50012400e-06  0.00000000e+00  1.79311039e+00 
 1.50015600e-06  0.00000000e+00  1.79495389e+00 
 1.50022000e-06  0.00000000e+00  1.79721550e+00 
 1.50033687e-06  0.00000000e+00  1.79951448e+00 
 1.50049975e-06  0.00000000e+00  1.80085592e+00 
 1.50082550e-06  0.00000000e+00  1.80191665e+00 
 1.50128521e-06  0.00000000e+00  1.80182077e+00 
 1.50176131e-06  0.00000000e+00  1.80042797e+00 
 1.50217947e-06  0.00000000e+00  1.79818485e+00 
 1.50264521e-06  0.00000000e+00  1.79773244e+00 
 1.50331664e-06  0.00000000e+00  1.79821493e+00 
 1.50394983e-06  0.00000000e+00  1.79865757e+00 
 1.50473288e-06  0.00000000e+00  1.79907497e+00 
 1.50553494e-06  0.00000000e+00  1.79932613e+00 
 1.50657386e-06  0.00000000e+00  1.79948648e+00 
 1.50734280e-06  0.00000000e+00  1.79965432e+00 
 1.50817007e-06  0.00000000e+00  1.79970537e+00 
 1.50903140e-06  0.00000000e+00  1.79978078e+00 
 1.51002611e-06  0.00000000e+00  1.79980291e+00 
 1.51120168e-06  0.00000000e+00  1.79985305e+00 
 1.51241572e-06  0.00000000e+00  1.79985893e+00 
 1.51484380e-06  0.00000000e+00  1.79989962e+00 
 1.51961090e-06  0.00000000e+00  1.79991152e+00 
 1.52889234e-06  0.00000000e+00  1.79994864e+00 
 1.54745523e-06  0.00000000e+00  1.79995741e+00 
 1.58458101e-06  0.00000000e+00  1.79998678e+00 
 1.65883256e-06  0.00000000e+00  1.79998348e+00 
 1.75010000e-06  0.00000000e+00  1.80000051e+00 
 1.75011000e-06  1.80000000e-01  1.80064251e+00 
 1.75013000e-06  5.40000000e-01  1.80231820e+00 
 1.75017000e-06  1.26000000e+00  1.80593720e+00 
 1.75020000e-06  1.80000000e+00  1.80837300e+00 
 1.75020787e-06  1.80000000e+00  1.80810753e+00 
 1.75022361e-06  1.80000000e+00  1.80754000e+00 
 1.75025509e-06  1.80000000e+00  1.80663707e+00 
 1.75031806e-06  1.80000000e+00  1.80545391e+00 
 1.75044398e-06  1.80000000e+00  1.80403200e+00 
 1.75068293e-06  1.80000000e+00  1.80276381e+00 
 1.75094431e-06  1.80000000e+00  1.80348595e+00 
 1.75138131e-06  1.80000000e+00  1.80642588e+00 
 1.75185092e-06  1.80000000e+00  1.80380476e+00 
 1.75235764e-06  1.80000000e+00  1.80151095e+00 
 1.75302047e-06  1.80000000e+00  1.79999661e+00 
 1.75376684e-06  1.80000000e+00  1.79963032e+00 
 1.75440026e-06  1.80000000e+00  1.80025765e+00 
 1.75506141e-06  1.80000000e+00  1.80056931e+00 
 1.75577289e-06  1.80000000e+00  1.80118270e+00 
 1.75671996e-06  1.80000000e+00  1.80166607e+00 
 1.75759269e-06  1.80000000e+00  1.80161790e+00 
 1.75843710e-06  1.80000000e+00  1.80127763e+00 
 1.75934421e-06  1.80000000e+00  1.80108355e+00 
 1.76076932e-06  1.80000000e+00  1.80078758e+00 
 1.76216475e-06  1.80000000e+00  1.80057183e+00 
 1.76491400e-06  1.80000000e+00  1.80028398e+00 
 1.76839952e-06  1.80000000e+00  1.80012377e+00 
 1.77537057e-06  1.80000000e+00  1.80000703e+00 
 1.78805374e-06  1.80000000e+00  1.80000171e+00 
 1.80903393e-06  1.80000000e+00  1.79999680e+00 
 1.85099432e-06  1.80000000e+00  1.80000338e+00 
 1.93274373e-06  1.80000000e+00  1.79999640e+00 
 2.00000000e-06  1.80000000e+00  1.80000362e+00 
 2.00001000e-06  1.62000000e+00  1.79873655e+00 
 2.00003000e-06  1.26000000e+00  1.79643546e+00 
 2.00007000e-06  5.40000000e-01  1.79305659e+00 
 2.00010000e-06  3.67639252e-12  1.79131626e+00 
 2.00010800e-06  0.00000000e+00  1.79192321e+00 
 2.00012400e-06  0.00000000e+00  1.79313338e+00 
 2.00015600e-06  0.00000000e+00  1.79497246e+00 
 2.00022000e-06  0.00000000e+00  1.79722548e+00 
 2.00033683e-06  0.00000000e+00  1.79951459e+00 
 2.00049960e-06  0.00000000e+00  1.80085255e+00 
 2.00082514e-06  0.00000000e+00  1.80191522e+00 
 2.00128247e-06  0.00000000e+00  1.80184026e+00 
 2.00175749e-06  0.00000000e+00  1.80043656e+00 
 2.00218782e-06  0.00000000e+00  1.79821126e+00 
 2.00268178e-06  0.00000000e+00  1.79841914e+00 
 2.00328956e-06  0.00000000e+00  1.79872113e+00 
 2.00391396e-06  0.00000000e+00  1.79761537e+00 
 2.00441407e-06  0.00000000e+00  1.79906587e+00 
 2.00498902e-06  0.00000000e+00  1.79984833e+00 
 2.00556468e-06  0.00000000e+00  1.80074622e+00 
 2.00608983e-06  0.00000000e+00  1.80092450e+00 
 2.00670333e-06  0.00000000e+00  1.80062476e+00 
 2.00755902e-06  0.00000000e+00  1.80039333e+00 
 2.00842591e-06  0.00000000e+00  1.80019805e+00 
 2.00973361e-06  0.00000000e+00  1.80018107e+00 
 2.01070590e-06  0.00000000e+00  1.80014494e+00 
 2.01173465e-06  0.00000000e+00  1.80043716e+00 
 2.01284344e-06  0.00000000e+00  1.80044441e+00 
 2.01368806e-06  0.00000000e+00  1.79990199e+00 
 2.01451070e-06  0.00000000e+00  1.79891387e+00 
 2.01546517e-06  0.00000000e+00  1.79868768e+00 
 2.01645021e-06  0.00000000e+00  1.79986015e+00 
 2.01745626e-06  0.00000000e+00  1.79798069e+00 
 2.01852759e-06  0.00000000e+00  1.79744127e+00 
 2.01962977e-06  0.00000000e+00  1.79831928e+00 
 2.02128561e-06  0.00000000e+00  1.79921262e+00 
 2.02305777e-06  0.00000000e+00  1.79964200e+00 
 2.02660208e-06  0.00000000e+00  1.79990233e+00 
 2.03199409e-06  0.00000000e+00  1.79996001e+00 
 2.04079179e-06  0.00000000e+00  1.79994693e+00 
 2.05646209e-06  0.00000000e+00  1.79998075e+00 
 2.08142177e-06  0.00000000e+00  1.79996770e+00 
 2.11282609e-06  0.00000000e+00  1.79999652e+00 
 2.14111638e-06  0.00000000e+00  1.79997670e+00 
 2.16050092e-06  0.00000000e+00  1.80007122e+00 
 2.17559812e-06  0.00000000e+00  1.79987865e+00 
 2.18966948e-06  0.00000000e+00  1.80000720e+00 
 2.19890071e-06  0.00000000e+00  1.80005671e+00 
 2.20748188e-06  0.00000000e+00  1.79988635e+00 
 2.22245517e-06  0.00000000e+00  1.80011263e+00 
 2.23689548e-06  0.00000000e+00  1.79986184e+00 
 2.25010000e-06  0.00000000e+00  1.80013648e+00 
 2.25011000e-06  1.80000000e-01  1.80077901e+00 
 2.25013000e-06  5.40000000e-01  1.80242469e+00 
 2.25017000e-06  1.26000000e+00  1.80591639e+00 
 2.25020000e-06  1.80000000e+00  1.80828268e+00 
 2.25020792e-06  1.80000000e+00  1.80802316e+00 
 2.25022376e-06  1.80000000e+00  1.80746415e+00 
 2.25025544e-06  1.80000000e+00  1.80655362e+00 
 2.25031879e-06  1.80000000e+00  1.80533228e+00 
 2.25044550e-06  1.80000000e+00  1.80388169e+00 
 2.25068540e-06  1.80000000e+00  1.80267329e+00 
 2.25094618e-06  1.80000000e+00  1.80345300e+00 
 2.25138232e-06  1.80000000e+00  1.80643822e+00 
 2.25185150e-06  1.80000000e+00  1.80392849e+00 
 2.25235934e-06  1.80000000e+00  1.80188168e+00 
 2.25302245e-06  1.80000000e+00  1.80091973e+00 
 2.25378158e-06  1.80000000e+00  1.79984617e+00 
 2.25439005e-06  1.80000000e+00  1.79888256e+00 
 2.25504601e-06  1.80000000e+00  1.79817766e+00 
 2.25571078e-06  1.80000000e+00  1.79826412e+00 
 2.25667305e-06  1.80000000e+00  1.79851134e+00 
 2.25761672e-06  1.80000000e+00  1.79881649e+00 
 2.25919749e-06  1.80000000e+00  1.79916947e+00 
 2.26145151e-06  1.80000000e+00  1.79950884e+00 
 2.26557287e-06  1.80000000e+00  1.79975051e+00 
 2.27177813e-06  1.80000000e+00  1.79989608e+00 
 2.28009728e-06  1.80000000e+00  1.80000492e+00 
 2.28879619e-06  1.80000000e+00  1.80130268e+00 
 2.29495219e-06  1.80000000e+00  1.80010525e+00 
 2.30075657e-06  1.80000000e+00  1.80017106e+00 
 2.30669201e-06  1.80000000e+00  1.79991382e+00 
 2.31285642e-06  1.80000000e+00  1.80009393e+00 
 2.31970585e-06  1.80000000e+00  1.79991830e+00 
 2.32657190e-06  1.80000000e+00  1.80007046e+00 
 2.34030194e-06  1.80000000e+00  1.79993387e+00 
 2.35551854e-06  1.80000000e+00  1.80006153e+00 
 2.37100741e-06  1.80000000e+00  1.79994234e+00 
 2.38414343e-06  1.80000000e+00  1.80005263e+00 
 2.39910625e-06  1.80000000e+00  1.79995106e+00 
 2.42903188e-06  1.80000000e+00  1.80004685e+00 
 2.46878074e-06  1.80000000e+00  1.79995450e+00 
 2.50000000e-06  1.80000000e+00  1.80004358e+00 
 2.50001000e-06  1.62000000e+00  1.79878333e+00 
 2.50003000e-06  1.26000000e+00  1.79649771e+00 
 2.50007000e-06  5.40000000e-01  1.79312773e+00 
 2.50010000e-06  3.67639252e-12  1.79137682e+00 
 2.50010800e-06  0.00000000e+00  1.79198191e+00 
 2.50012400e-06  0.00000000e+00  1.79318579e+00 
 2.50015600e-06  0.00000000e+00  1.79501552e+00 
 2.50022000e-06  0.00000000e+00  1.79725386e+00 
 2.50033690e-06  0.00000000e+00  1.79952723e+00 
 2.50049978e-06  0.00000000e+00  1.80085555e+00 
 2.50082555e-06  0.00000000e+00  1.80191071e+00 
 2.50128538e-06  0.00000000e+00  1.80181337e+00 
 2.50176167e-06  0.00000000e+00  1.80041746e+00 
 2.50218057e-06  0.00000000e+00  1.79817295e+00 
 2.50264617e-06  0.00000000e+00  1.79772937e+00 
 2.50331925e-06  0.00000000e+00  1.79821404e+00 
 2.50395192e-06  0.00000000e+00  1.79865731e+00 
 2.50474095e-06  0.00000000e+00  1.79907836e+00 
 2.50554751e-06  0.00000000e+00  1.79932776e+00 
 2.50658603e-06  0.00000000e+00  1.79948920e+00 
 2.50735585e-06  0.00000000e+00  1.79965648e+00 
 2.50818110e-06  0.00000000e+00  1.79970706e+00 
 2.50903362e-06  0.00000000e+00  1.79978168e+00 
 2.51002279e-06  0.00000000e+00  1.79980363e+00 
 2.51120028e-06  0.00000000e+00  1.79985371e+00 
 2.51239835e-06  0.00000000e+00  1.79985933e+00 
 2.51479449e-06  0.00000000e+00  1.79989969e+00 
 2.51958679e-06  0.00000000e+00  1.79991181e+00 
 2.52868755e-06  0.00000000e+00  1.79994839e+00 
 2.54688907e-06  0.00000000e+00  1.79995706e+00 
 2.58329212e-06  0.00000000e+00  1.79998644e+00 
 2.65609821e-06  0.00000000e+00  1.79998331e+00 
 2.75010000e-06  0.00000000e+00  1.80000049e+00 
 2.75011000e-06  1.80000000e-01  1.80064292e+00 
 2.75013000e-06  5.40000000e-01  1.80231783e+00 
 2.75017000e-06  1.26000000e+00  1.80590880e+00 
 2.75020000e-06  1.80000000e+00  1.80832005e+00 
 2.75020787e-06  1.80000000e+00  1.80805774e+00 
 2.75022362e-06  1.80000000e+00  1.80749686e+00 
 2.75025511e-06  1.80000000e+00  1.80660551e+00 
 2.75031810e-06  1.80000000e+00  1.80543778e+00 
 2.75044407e-06  1.80000000e+00  1.80402883e+00 
 2.75068306e-06  1.80000000e+00  1.80276609e+00 
 2.75094338e-06  1.80000000e+00  1.80348788e+00 
 2.75137948e-06  1.80000000e+00  1.80643138e+00 
 2.75184899e-06  1.80000000e+00  1.80381895e+00 
 2.75235452e-06  1.80000000e+00  1.80152215e+00 
 2.75301829e-06  1.80000000e+00  1.79999711e+00 
 2.75376145e-06  1.80000000e+00  1.79963165e+00 
 2.75439317e-06  1.80000000e+00  1.80025781e+00 
 2.75505267e-06  1.80000000e+00  1.80056769e+00 
 2.75576301e-06  1.80000000e+00  1.80117953e+00 
 2.75670615e-06  1.80000000e+00  1.80166545e+00 
 2.75757934e-06  1.80000000e+00  1.80162144e+00 
 2.75842611e-06  1.80000000e+00  1.80128004e+00 
 2.75933346e-06  1.80000000e+00  1.80108506e+00 
 2.76075102e-06  1.80000000e+00  1.80079043e+00 
 2.76214842e-06  1.80000000e+00  1.80057355e+00 
 2.76487941e-06  1.80000000e+00  1.80028635e+00 
 2.76835105e-06  1.80000000e+00  1.80012516e+00 
 2.77529431e-06  1.80000000e+00  1.80000746e+00 
 2.78771529e-06  1.80000000e+00  1.80000170e+00 
 2.80833165e-06  1.80000000e+00  1.79999681e+00 
 2.84956437e-06  1.80000000e+00  1.80000336e+00 
 2.92902693e-06  1.80000000e+00  1.79999642e+00 
 3.00000000e-06  1.80000000e+00  1.80000359e+00 
 3.00001000e-06  1.62000000e+00  1.79874034e+00 
 3.00003000e-06  1.26000000e+00  1.79645334e+00 
 3.00007000e-06  5.40000000e-01  1.79308402e+00 
 3.00010000e-06  3.67639252e-12  1.79133611e+00 
 3.00010800e-06  0.00000000e+00  1.79194379e+00 
 3.00012400e-06  0.00000000e+00  1.79315252e+00 
 3.00015600e-06  0.00000000e+00  1.79498634e+00 
 3.00022000e-06  0.00000000e+00  1.79723229e+00 
 3.00033683e-06  0.00000000e+00  1.79951646e+00 
 3.00049961e-06  0.00000000e+00  1.80085290e+00 
 3.00082515e-06  0.00000000e+00  1.80191438e+00 
 3.00128258e-06  0.00000000e+00  1.80183736e+00 
 3.00175766e-06  0.00000000e+00  1.80043220e+00 
 3.00218762e-06  0.00000000e+00  1.79820922e+00 
 3.00268142e-06  0.00000000e+00  1.79842453e+00 
 3.00329028e-06  0.00000000e+00  1.79870909e+00 
 3.00391545e-06  0.00000000e+00  1.79762188e+00 
 3.00441594e-06  0.00000000e+00  1.79907417e+00 
 3.00499104e-06  0.00000000e+00  1.79985160e+00 
 3.00556524e-06  0.00000000e+00  1.80075000e+00 
 3.00608999e-06  0.00000000e+00  1.80092212e+00 
 3.00670237e-06  0.00000000e+00  1.80062553e+00 
 3.00755650e-06  0.00000000e+00  1.80039218e+00 
 3.00842411e-06  0.00000000e+00  1.80019898e+00 
 3.00973073e-06  0.00000000e+00  1.80017906e+00 
 3.01070159e-06  0.00000000e+00  1.80014446e+00 
 3.01172961e-06  0.00000000e+00  1.80043392e+00 
 3.01283794e-06  0.00000000e+00  1.80044881e+00 
 3.01368161e-06  0.00000000e+00  1.79991003e+00 
 3.01450297e-06  0.00000000e+00  1.79892493e+00 
 3.01545956e-06  0.00000000e+00  1.79868033e+00 
 3.01644629e-06  0.00000000e+00  1.79986430e+00 
 3.01745585e-06  0.00000000e+00  1.79797776e+00 
 3.01852964e-06  0.00000000e+00  1.79744144e+00 
 3.01963283e-06  0.00000000e+00  1.79832124e+00 
 3.02128734e-06  0.00000000e+00  1.79921388e+00 
 3.02306043e-06  0.00000000e+00  1.79964172e+00 
 3.02660662e-06  0.00000000e+00  1.79990337e+00 
 3.03060685e-06  0.00000000e+00  1.79996168e+00 
 3.03560807e-06  0.00000000e+00  1.80001219e+00 
 3.04031441e-06  0.00000000e+00  1.80093099e+00 
 3.04342633e-06  0.00000000e+00  1.79824646e+00 
 3.04630887e-06  0.00000000e+00  1.80077315e+00 
 3.04868729e-06  0.00000000e+00  1.79929032e+00 
 3.05101059e-06  0.00000000e+00  1.80038687e+00 
 3.05447074e-06  0.00000000e+00  1.79959890e+00 
 3.05835509e-06  0.00000000e+00  1.80027320e+00 
 3.06267604e-06  0.00000000e+00  1.79970432e+00 
 3.06730446e-06  0.00000000e+00  1.80020588e+00 
 3.07364831e-06  0.00000000e+00  1.79976267e+00 
 3.08030313e-06  0.00000000e+00  1.80017530e+00 
 3.09361277e-06  0.00000000e+00  1.79979163e+00 
 3.11186226e-06  0.00000000e+00  1.80016967e+00 
 3.14084205e-06  0.00000000e+00  1.79980610e+00 
 3.16890413e-06  0.00000000e+00  1.80016912e+00 
 3.19873740e-06  0.00000000e+00  1.79981560e+00 
 3.22876304e-06  0.00000000e+00  1.80016646e+00 
 3.25010000e-06  0.00000000e+00  1.79982375e+00 
 3.25011000e-06  1.80000000e-01  1.80049762e+00 
 3.25013000e-06  5.40000000e-01  1.80221633e+00 
 3.25017000e-06  1.26000000e+00  1.80581536e+00 
 3.25020000e-06  1.80000000e+00  1.80822218e+00 
 3.25020792e-06  1.80000000e+00  1.80797612e+00 
 3.25022376e-06  1.80000000e+00  1.80744300e+00 
 3.25025544e-06  1.80000000e+00  1.80657537e+00 
 3.25031879e-06  1.80000000e+00  1.80539898e+00 
 3.25044550e-06  1.80000000e+00  1.80396871e+00 
 3.25068557e-06  1.80000000e+00  1.80273202e+00 
 3.25094554e-06  1.80000000e+00  1.80348142e+00 
 3.25138104e-06  1.80000000e+00  1.80644668e+00 
 3.25185021e-06  1.80000000e+00  1.80393235e+00 
 3.25235718e-06  1.80000000e+00  1.80188072e+00 
 3.25302093e-06  1.80000000e+00  1.80092108e+00 
 3.25377937e-06  1.80000000e+00  1.79985882e+00 
 3.25438415e-06  1.80000000e+00  1.79888863e+00 
 3.25503851e-06  1.80000000e+00  1.79816721e+00 
 3.25570136e-06  1.80000000e+00  1.79825571e+00 
 3.25666116e-06  1.80000000e+00  1.79851355e+00 
 3.25759822e-06  1.80000000e+00  1.79881896e+00 
 3.25917409e-06  1.80000000e+00  1.79917935e+00 
 3.26142145e-06  1.80000000e+00  1.79953117e+00 
 3.26550115e-06  1.80000000e+00  1.79983065e+00 
 3.27266490e-06  1.80000000e+00  1.79998977e+00 
 3.28444645e-06  1.80000000e+00  1.79999860e+00 
 3.30610885e-06  1.80000000e+00  1.80000234e+00 
 3.34280310e-06  1.80000000e+00  1.79999720e+00 
 3.41116945e-06  1.80000000e+00  1.80000279e+00 
 3.50000000e-06  1.80000000e+00  1.79999705e+00 
 3.50001000e-06  1.62000000e+00  1.79875775e+00 
 3.50003000e-06  1.26000000e+00  1.79650257e+00 
 3.50007000e-06  5.40000000e-01  1.79310918e+00 
 3.50010000e-06  3.67639252e-12  1.79131313e+00 
 3.50010800e-06  0.00000000e+00  1.79188878e+00 
 3.50012400e-06  0.00000000e+00  1.79305157e+00 
 3.50015600e-06  0.00000000e+00  1.79487685e+00 
 3.50022000e-06  0.00000000e+00  1.79718609e+00 
 3.50033687e-06  0.00000000e+00  1.79955623e+00 
 3.50049969e-06  0.00000000e+00  1.80094171e+00 
 3.50082534e-06  0.00000000e+00  1.80198066e+00 
 3.50128255e-06  0.00000000e+00  1.80136785e+00 
 3.50175753e-06  0.00000000e+00  1.79956779e+00 
 3.50218752e-06  0.00000000e+00  1.79814935e+00 
 3.50268357e-06  0.00000000e+00  1.79916027e+00 
 3.50323084e-06  0.00000000e+00  1.80001707e+00 
 3.50382038e-06  0.00000000e+00  1.80003593e+00 
 3.50442231e-06  0.00000000e+00  1.79997290e+00 
 3.50508373e-06  0.00000000e+00  1.80000855e+00 
 3.50616083e-06  0.00000000e+00  1.79982277e+00 
 3.50719252e-06  0.00000000e+00  1.79993363e+00 
 3.50818303e-06  0.00000000e+00  1.79991423e+00 
 3.50930413e-06  0.00000000e+00  1.79990503e+00 
 3.51036295e-06  0.00000000e+00  1.79989138e+00 
 3.51157964e-06  0.00000000e+00  1.79989895e+00 
 3.51288872e-06  0.00000000e+00  1.79989238e+00 
 3.51550689e-06  0.00000000e+00  1.79990923e+00 
 3.52037940e-06  0.00000000e+00  1.79991853e+00 
 3.52854622e-06  0.00000000e+00  1.79994624e+00 
 3.54487984e-06  0.00000000e+00  1.79995840e+00 
 3.57754709e-06  0.00000000e+00  1.79998225e+00 
 3.64288159e-06  0.00000000e+00  1.79998493e+00 
 3.75010000e-06  0.00000000e+00  1.79999787e+00 
 3.75011000e-06  1.80000000e-01  1.80062898e+00 
 3.75013000e-06  5.40000000e-01  1.80228361e+00 
 3.75017000e-06  1.26000000e+00  1.80586008e+00 
 3.75020000e-06  1.80000000e+00  1.80826560e+00 
 3.75020787e-06  1.80000000e+00  1.80802438e+00 
 3.75022362e-06  1.80000000e+00  1.80749844e+00 
 3.75025512e-06  1.80000000e+00  1.80663636e+00 
 3.75031811e-06  1.80000000e+00  1.80545553e+00 
 3.75044410e-06  1.80000000e+00  1.80401455e+00 
 3.75068313e-06  1.80000000e+00  1.80274873e+00 
 3.75094286e-06  1.80000000e+00  1.80347485e+00 
 3.75137852e-06  1.80000000e+00  1.80646707e+00 
 3.75184800e-06  1.80000000e+00  1.80397291e+00 
 3.75235301e-06  1.80000000e+00  1.80190380e+00 
 3.75302039e-06  1.80000000e+00  1.80105251e+00 
 3.75376781e-06  1.80000000e+00  1.80023083e+00 
 3.75439598e-06  1.80000000e+00  1.79924212e+00 
 3.75505576e-06  1.80000000e+00  1.79822373e+00 
 3.75576896e-06  1.80000000e+00  1.79815401e+00 
 3.75671294e-06  1.80000000e+00  1.79845584e+00 
 3.75758450e-06  1.80000000e+00  1.79871987e+00 
 3.75924830e-06  1.80000000e+00  1.79915319e+00 
 3.76142600e-06  1.80000000e+00  1.79948765e+00 
 3.76554411e-06  1.80000000e+00  1.79983306e+00 
 3.77270902e-06  1.80000000e+00  1.79997795e+00 
 3.78429038e-06  1.80000000e+00  1.80000941e+00 
 3.80586618e-06  1.80000000e+00  1.79999158e+00 
 3.84176665e-06  1.80000000e+00  1.80000786e+00 
 3.90883874e-06  1.80000000e+00  1.79999216e+00 
 4.00000000e-06  1.80000000e+00  1.80000765e+00 
 4.00001000e-06  1.62000000e+00  1.79876852e+00 
 4.00003000e-06  1.26000000e+00  1.79651717e+00 
 4.00007000e-06  5.40000000e-01  1.79312035e+00 
 4.00010000e-06  0.00000000e+00  1.79131962e+00 
 4.00010800e-06  0.00000000e+00  1.79189394e+00 
 4.00012400e-06  0.00000000e+00  1.79305483e+00 
 4.00015600e-06  0.00000000e+00  1.79487672e+00 
 4.00022000e-06  0.00000000e+00  1.79718636e+00 
 4.00033683e-06  0.00000000e+00  1.79955899e+00 
 4.00049961e-06  0.00000000e+00  1.80094442e+00 
 4.00082517e-06  0.00000000e+00  1.80197933e+00 
 4.00128246e-06  0.00000000e+00  1.80135562e+00 
 4.00175745e-06  0.00000000e+00  1.79956322e+00 
 4.00218727e-06  0.00000000e+00  1.79816436e+00 
 4.00268210e-06  0.00000000e+00  1.79907636e+00 
 4.00328665e-06  0.00000000e+00  1.79988706e+00 
 4.00390884e-06  0.00000000e+00  1.80001253e+00 
 4.00440481e-06  0.00000000e+00  1.80000141e+00 
 4.00498330e-06  0.00000000e+00  1.80005978e+00 
 4.00556568e-06  0.00000000e+00  1.79999612e+00 
 4.00609454e-06  0.00000000e+00  1.79998156e+00 
 4.00671323e-06  0.00000000e+00  1.79993463e+00 
 4.00757388e-06  0.00000000e+00  1.79991661e+00 
 4.00843963e-06  0.00000000e+00  1.79991050e+00 
 4.00998839e-06  0.00000000e+00  1.79999832e+00 
 4.01143167e-06  0.00000000e+00  1.80024097e+00 
 4.01279849e-06  0.00000000e+00  1.80042399e+00 
 4.01388481e-06  0.00000000e+00  1.79969996e+00 
 4.01492743e-06  0.00000000e+00  1.79863153e+00 
 4.01602673e-06  0.00000000e+00  1.79944975e+00 
 4.01707075e-06  0.00000000e+00  1.79843954e+00 
 4.01818593e-06  0.00000000e+00  1.79734726e+00 
 4.01937526e-06  0.00000000e+00  1.79819218e+00 
 4.02105342e-06  0.00000000e+00  1.79921835e+00 
 4.02273600e-06  0.00000000e+00  1.79957061e+00 
 4.02610114e-06  0.00000000e+00  1.79993565e+00 
 4.03156138e-06  0.00000000e+00  1.79991443e+00 
 4.04086727e-06  0.00000000e+00  1.79999392e+00 
 4.05675986e-06  0.00000000e+00  1.79993320e+00 
 4.07809190e-06  0.00000000e+00  1.80001493e+00 
 4.10811722e-06  0.00000000e+00  1.79994740e+00 
 4.14582310e-06  0.00000000e+00  1.80002569e+00 
 4.18176261e-06  0.00000000e+00  1.79995394e+00 
 4.22055836e-06  0.00000000e+00  1.80002995e+00 
 4.25010000e-06  6.67038446e-12  1.79995646e+00 
 4.25011000e-06  1.80000000e-01  1.80059552e+00 
 4.25013000e-06  5.40000000e-01  1.80226500e+00 
 4.25017000e-06  1.26000000e+00  1.80585389e+00 
 4.25020000e-06  1.80000000e+00  1.80825380e+00 
 4.25020788e-06  1.80000000e+00  1.80801331e+00 
 4.25022363e-06  1.80000000e+00  1.80748964e+00 
 4.25025515e-06  1.80000000e+00  1.80663326e+00 
 4.25031817e-06  1.80000000e+00  1.80545911e+00 
 4.25044421e-06  1.80000000e+00  1.80401860e+00 
 4.25068467e-06  1.80000000e+00  1.80274980e+00 
 4.25094377e-06  1.80000000e+00  1.80348231e+00 
 4.25137927e-06  1.80000000e+00  1.80645902e+00 
 4.25184883e-06  1.80000000e+00  1.80395809e+00 
 4.25235438e-06  1.80000000e+00  1.80190067e+00 
 4.25301991e-06  1.80000000e+00  1.80092323e+00 
 4.25378005e-06  1.80000000e+00  1.79985015e+00 
 4.25438823e-06  1.80000000e+00  1.79887986e+00 
 4.25504494e-06  1.80000000e+00  1.79817029e+00 
 4.25571038e-06  1.80000000e+00  1.79826392e+00 
 4.25667181e-06  1.80000000e+00  1.79852349e+00 
 4.25761515e-06  1.80000000e+00  1.79882840e+00 
 4.25919474e-06  1.80000000e+00  1.79918700e+00 
 4.26144754e-06  1.80000000e+00  1.79953585e+00 
 4.26552498e-06  1.80000000e+00  1.79983249e+00 
 4.27264387e-06  1.80000000e+00  1.79998916e+00 
 4.28434740e-06  1.80000000e+00  1.79999884e+00 
 4.30575282e-06  1.80000000e+00  1.80000212e+00 
 4.34192660e-06  1.80000000e+00  1.79999742e+00 
 4.40942944e-06  1.80000000e+00  1.80000258e+00 
 4.50000000e-06  1.80000000e+00  1.79999726e+00 
 4.50001000e-06  1.62000000e+00  1.79876260e+00 
 4.50003000e-06  1.26000000e+00  1.79652163e+00 
 4.50007000e-06  5.40000000e-01  1.79313265e+00 
 4.50010000e-06  0.00000000e+00  1.79133161e+00 
 4.50010800e-06  0.00000000e+00  1.79190312e+00 
 4.50012400e-06  0.00000000e+00  1.79305909e+00 
 4.50015600e-06  0.00000000e+00  1.79487374e+00 
 4.50022000e-06  0.00000000e+00  1.79717788e+00 
 4.50033687e-06  0.00000000e+00  1.79955292e+00 
 4.50049969e-06  0.00000000e+00  1.80094306e+00 
 4.50082534e-06  0.00000000e+00  1.80198127e+00 
 4.50128257e-06  0.00000000e+00  1.80136624e+00 
 4.50175755e-06  0.00000000e+00  1.79956591e+00 
 4.50218739e-06  0.00000000e+00  1.79814944e+00 
 4.50268320e-06  0.00000000e+00  1.79916247e+00 
 4.50323247e-06  0.00000000e+00  1.80001855e+00 
 4.50382332e-06  0.00000000e+00  1.80003447e+00 
 4.50442757e-06  0.00000000e+00  1.79997281e+00 
 4.50509085e-06  0.00000000e+00  1.80000774e+00 
 4.50616611e-06  0.00000000e+00  1.79982086e+00 
 4.50720219e-06  0.00000000e+00  1.79993382e+00 
 4.50818541e-06  0.00000000e+00  1.79991492e+00 
 4.50931804e-06  0.00000000e+00  1.79990511e+00 
 4.51036710e-06  0.00000000e+00  1.79989178e+00 
 4.51157747e-06  0.00000000e+00  1.79989901e+00 
 4.51288514e-06  0.00000000e+00  1.79989257e+00 
 4.51550049e-06  0.00000000e+00  1.79990918e+00 
 4.52042055e-06  0.00000000e+00  1.79991876e+00 
 4.52867438e-06  0.00000000e+00  1.79994642e+00 
 4.54518203e-06  0.00000000e+00  1.79995872e+00 
 4.57819734e-06  0.00000000e+00  1.79998237e+00 
 4.64422795e-06  0.00000000e+00  1.79998512e+00 
 4.75010000e-06  6.67038446e-12  1.79999779e+00 
 4.75011000e-06  1.80000000e-01  1.80062681e+00 
 4.75013000e-06  5.40000000e-01  1.80227641e+00 
 4.75017000e-06  1.26000000e+00  1.80584258e+00 
 4.75020000e-06  1.80000000e+00  1.80823815e+00 
 4.75020787e-06  1.80000000e+00  1.80800068e+00 
 4.75022362e-06  1.80000000e+00  1.80748225e+00 
 4.75025512e-06  1.80000000e+00  1.80663015e+00 
 4.75031812e-06  1.80000000e+00  1.80545882e+00 
 4.75044412e-06  1.80000000e+00  1.80401789e+00 
 4.75068315e-06  1.80000000e+00  1.80274917e+00 
 4.75094257e-06  1.80000000e+00  1.80347514e+00 
 4.75137794e-06  1.80000000e+00  1.80646900e+00 
 4.75184738e-06  1.80000000e+00  1.80397916e+00 
 4.75235202e-06  1.80000000e+00  1.80190559e+00 
 4.75301956e-06  1.80000000e+00  1.80105327e+00 
 4.75376665e-06  1.80000000e+00  1.80023068e+00 
 4.75439413e-06  1.80000000e+00  1.79924277e+00 
 4.75505347e-06  1.80000000e+00  1.79822465e+00 
 4.75576657e-06  1.80000000e+00  1.79815332e+00 
 4.75670949e-06  1.80000000e+00  1.79845548e+00 
 4.75758109e-06  1.80000000e+00  1.79871908e+00 
 4.75924186e-06  1.80000000e+00  1.79915245e+00 
 4.76141911e-06  1.80000000e+00  1.79948680e+00 
 4.76551273e-06  1.80000000e+00  1.79983176e+00 
 4.77263893e-06  1.80000000e+00  1.79997713e+00 
 4.78412651e-06  1.80000000e+00  1.80000966e+00 
 4.80548691e-06  1.80000000e+00  1.79999135e+00 
 4.84098564e-06  1.80000000e+00  1.80000808e+00 
 4.90746379e-06  1.80000000e+00  1.79999194e+00 
 5.00000000e-06  1.80000000e+00  1.80000787e+00 
 5.00001000e-06  1.62000000e+00  1.79877350e+00 
 5.00003000e-06  1.26000000e+00  1.79653480e+00 
 5.00007000e-06  5.40000000e-01  1.79314160e+00 
 5.00010000e-06  0.00000000e+00  1.79133644e+00 
 5.00010800e-06  0.00000000e+00  1.79190684e+00 
 5.00012400e-06  0.00000000e+00  1.79306109e+00 
 5.00015600e-06  0.00000000e+00  1.79487305e+00 
 5.00022000e-06  0.00000000e+00  1.79717792e+00 
 5.00033683e-06  0.00000000e+00  1.79955530e+00 
 5.00049961e-06  0.00000000e+00  1.80094538e+00 
 5.00082517e-06  0.00000000e+00  1.80198005e+00 
 5.00128246e-06  0.00000000e+00  1.80135489e+00 
 5.00175745e-06  0.00000000e+00  1.79956209e+00 
 5.00218713e-06  0.00000000e+00  1.79816333e+00 
 5.00268195e-06  0.00000000e+00  1.79907538e+00 
 5.00328650e-06  0.00000000e+00  1.79988813e+00 
 5.00390865e-06  0.00000000e+00  1.80001282e+00 
 5.00440461e-06  0.00000000e+00  1.80000136e+00 
 5.00498314e-06  0.00000000e+00  1.80005983e+00 
 5.00556568e-06  0.00000000e+00  1.79999602e+00 
 5.00609460e-06  0.00000000e+00  1.79998159e+00 
 5.00671340e-06  0.00000000e+00  1.79993451e+00 
 5.00757421e-06  0.00000000e+00  1.79991667e+00 
 5.00843992e-06  0.00000000e+00  1.79991044e+00 
 5.00998891e-06  0.00000000e+00  1.79999846e+00 
 5.01143235e-06  0.00000000e+00  1.80024105e+00 
 5.01279881e-06  0.00000000e+00  1.80042451e+00 
 5.01388428e-06  0.00000000e+00  1.79970144e+00 
 5.01492542e-06  0.00000000e+00  1.79863251e+00 
 5.01602489e-06  0.00000000e+00  1.79944615e+00 
 5.01706838e-06  0.00000000e+00  1.79844497e+00 
 5.01818415e-06  0.00000000e+00  1.79734477e+00 
 5.01937329e-06  0.00000000e+00  1.79819027e+00 
 5.02105213e-06  0.00000000e+00  1.79921830e+00 
 5.02273384e-06  0.00000000e+00  1.79957047e+00 
 5.02609726e-06  0.00000000e+00  1.79993546e+00 
 5.03156235e-06  0.00000000e+00  1.79991381e+00 
 5.04087121e-06  0.00000000e+00  1.79999332e+00 
 5.05749018e-06  0.00000000e+00  1.79993099e+00 
 5.07226297e-06  0.00000000e+00  1.80001278e+00 
 5.08701388e-06  0.00000000e+00  1.79994635e+00 
 5.10313787e-06  0.00000000e+00  1.80002382e+00 
 5.13079340e-06  0.00000000e+00  1.79994998e+00 
 5.15285908e-06  0.00000000e+00  1.80002178e+00 
 5.17987837e-06  0.00000000e+00  1.79995846e+00 
 5.22343852e-06  0.00000000e+00  1.80002486e+00 
 5.25010000e-06  6.67038446e-12  1.79996183e+00 
 5.25011000e-06  1.80000000e-01  1.80059921e+00 
 5.25013000e-06  5.40000000e-01  1.80226406e+00 
 5.25017000e-06  1.26000000e+00  1.80584511e+00 
 5.25020000e-06  1.80000000e+00  1.80823682e+00 
 5.25020788e-06  1.80000000e+00  1.80799938e+00 
 5.25022364e-06  1.80000000e+00  1.80748136e+00 
 5.25025515e-06  1.80000000e+00  1.80663139e+00 
 5.25031818e-06  1.80000000e+00  1.80546197e+00 
 5.25044424e-06  1.80000000e+00  1.80401987e+00 
 5.25068470e-06  1.80000000e+00  1.80275191e+00 
 5.25094356e-06  1.80000000e+00  1.80348308e+00 
 5.25137883e-06  1.80000000e+00  1.80645949e+00 
 5.25184833e-06  1.80000000e+00  1.80396312e+00 
 5.25235360e-06  1.80000000e+00  1.80190203e+00 
 5.25301933e-06  1.80000000e+00  1.80092010e+00 
 5.25377911e-06  1.80000000e+00  1.79984015e+00 
 5.25438867e-06  1.80000000e+00  1.79887862e+00 
 5.25504586e-06  1.80000000e+00  1.79818166e+00 
 5.25571193e-06  1.80000000e+00  1.79826938e+00 
 5.25667340e-06  1.80000000e+00  1.79852171e+00 
 5.25761930e-06  1.80000000e+00  1.79882852e+00 
 5.25919822e-06  1.80000000e+00  1.79918591e+00 
 5.26145326e-06  1.80000000e+00  1.79953610e+00 
 5.26551710e-06  1.80000000e+00  1.79983149e+00 
 5.27260148e-06  1.80000000e+00  1.79998890e+00 
 5.28423062e-06  1.80000000e+00  1.79999864e+00 
 5.30543940e-06  1.80000000e+00  1.80000228e+00 
 5.34123282e-06  1.80000000e+00  1.79999723e+00 
 5.40814708e-06  1.80000000e+00  1.80000275e+00 
 5.50000000e-06  1.80000000e+00  1.79999709e+00 
 5.50001000e-06  1.62000000e+00  1.79876747e+00 
 5.50003000e-06  1.26000000e+00  1.79653673e+00 
 5.50007000e-06  5.40000000e-01  1.79314910e+00 
 5.50010000e-06  0.00000000e+00  1.79134365e+00 
 5.50010800e-06  0.00000000e+00  1.79191173e+00 
 5.50012400e-06  0.00000000e+00  1.79306176e+00 
 5.50015600e-06  0.00000000e+00  1.79486984e+00 
 5.50022000e-06  0.00000000e+00  1.79717288e+00 
 5.50033687e-06  0.00000000e+00  1.79955199e+00 
 5.50049969e-06  0.00000000e+00  1.80094332e+00 
 5.50082534e-06  0.00000000e+00  1.80198090e+00 
 5.50128257e-06  0.00000000e+00  1.80136314e+00 
 5.50175755e-06  0.00000000e+00  1.79956639e+00 
 5.50218727e-06  0.00000000e+00  1.79815590e+00 
 5.50268312e-06  0.00000000e+00  1.79916055e+00 
 5.50323243e-06  0.00000000e+00  1.80001432e+00 
 5.50382327e-06  0.00000000e+00  1.80003525e+00 
 5.50442756e-06  0.00000000e+00  1.79997272e+00 
 5.50509087e-06  0.00000000e+00  1.80000838e+00 
 5.50616618e-06  0.00000000e+00  1.79982074e+00 
 5.50720232e-06  0.00000000e+00  1.79993428e+00 
 5.50818561e-06  0.00000000e+00  1.79991466e+00 
 5.50931829e-06  0.00000000e+00  1.79990539e+00 
 5.51036758e-06  0.00000000e+00  1.79989171e+00 
 5.51157791e-06  0.00000000e+00  1.79989909e+00 
 5.51288508e-06  0.00000000e+00  1.79989258e+00 
 5.51549941e-06  0.00000000e+00  1.79990921e+00 
 5.52041808e-06  0.00000000e+00  1.79991875e+00 
 5.52866818e-06  0.00000000e+00  1.79994643e+00 
 5.54516837e-06  0.00000000e+00  1.79995870e+00 
 5.57816874e-06  0.00000000e+00  1.79998237e+00 
 5.64416950e-06  0.00000000e+00  1.79998511e+00 
 5.75010000e-06  6.67038446e-12  1.79999780e+00 
 5.75011000e-06  1.80000000e-01  1.80062583e+00 
 5.75013000e-06  5.40000000e-01  1.80227125e+00 
 5.75017000e-06  1.26000000e+00  1.80583022e+00 
 5.75020000e-06  1.80000000e+00  1.80821840e+00 
 5.75020787e-06  1.80000000e+00  1.80798388e+00 
 5.75022362e-06  1.80000000e+00  1.80747117e+00 
 5.75025512e-06  1.80000000e+00  1.80662613e+00 
 5.75031812e-06  1.80000000e+00  1.80546084e+00 
 5.75044412e-06  1.80000000e+00  1.80401950e+00 
 5.75068315e-06  1.80000000e+00  1.80275087e+00 
 5.75094237e-06  1.80000000e+00  1.80347584e+00 
 5.75137756e-06  1.80000000e+00  1.80647050e+00 
 5.75184696e-06  1.80000000e+00  1.80398437e+00 
 5.75235136e-06  1.80000000e+00  1.80190639e+00 
 5.75301909e-06  1.80000000e+00  1.80105301e+00 
 5.75376600e-06  1.80000000e+00  1.80022632e+00 
 5.75439279e-06  1.80000000e+00  1.79924630e+00 
 5.75505180e-06  1.80000000e+00  1.79823353e+00 
 5.75576500e-06  1.80000000e+00  1.79815628e+00 
 5.75670708e-06  1.80000000e+00  1.79845364e+00 
 5.75757892e-06  1.80000000e+00  1.79871742e+00 
 5.75923733e-06  1.80000000e+00  1.79915103e+00 
 5.76141445e-06  1.80000000e+00  1.79948560e+00 
 5.76548914e-06  1.80000000e+00  1.79983067e+00 
 5.77258455e-06  1.80000000e+00  1.79997636e+00 
 5.78399865e-06  1.80000000e+00  1.80000997e+00 
 5.80518828e-06  1.80000000e+00  1.79999106e+00 
 5.84036883e-06  1.80000000e+00  1.80000837e+00 
 5.90638555e-06  1.80000000e+00  1.79999165e+00 
 6.00000000e-06  1.80000000e+00  1.80000816e+00 
 6.00001000e-06  1.62000000e+00  1.79877895e+00 
 6.00003000e-06  1.26000000e+00  1.79654954e+00 
 6.00007000e-06  5.40000000e-01  1.79315728e+00 
 6.00010000e-06  0.00000000e+00  1.79134793e+00 
 6.00010800e-06  0.00000000e+00  1.79191496e+00 
 6.00012400e-06  0.00000000e+00  1.79306315e+00 
 6.00015600e-06  0.00000000e+00  1.79486874e+00 
 6.00022000e-06  0.00000000e+00  1.79717249e+00 
 6.00033683e-06  0.00000000e+00  1.79955385e+00 
 6.00049961e-06  0.00000000e+00  1.80094547e+00 
 6.00082518e-06  0.00000000e+00  1.80197981e+00 
 6.00128247e-06  0.00000000e+00  1.80135214e+00 
 6.00175746e-06  0.00000000e+00  1.79956271e+00 
 6.00218703e-06  0.00000000e+00  1.79816920e+00 
 6.00268189e-06  0.00000000e+00  1.79907300e+00 
 6.00328639e-06  0.00000000e+00  1.79988462e+00 
 6.00390847e-06  0.00000000e+00  1.80001422e+00 
 6.00440438e-06  0.00000000e+00  1.80000114e+00 
 6.00498287e-06  0.00000000e+00  1.80006011e+00 
 6.00556561e-06  0.00000000e+00  1.79999632e+00 
 6.00609458e-06  0.00000000e+00  1.79998155e+00 
 6.00671353e-06  0.00000000e+00  1.79993474e+00 
 6.00757455e-06  0.00000000e+00  1.79991659e+00 
 6.00844016e-06  0.00000000e+00  1.79991065e+00 
 6.00998936e-06  0.00000000e+00  1.79999844e+00 
 6.01143279e-06  0.00000000e+00  1.80024133e+00 
 6.01279888e-06  0.00000000e+00  1.80042559e+00 
 6.01388322e-06  0.00000000e+00  1.79970526e+00 
 6.01492238e-06  0.00000000e+00  1.79862989e+00 
 6.01602212e-06  0.00000000e+00  1.79943066e+00 
 6.01706481e-06  0.00000000e+00  1.79844543e+00 
 6.01818138e-06  0.00000000e+00  1.79733509e+00 
 6.01937010e-06  0.00000000e+00  1.79817400e+00 
 6.02105007e-06  0.00000000e+00  1.79918449e+00 
 6.02273087e-06  0.00000000e+00  1.79948086e+00 
 6.02609247e-06  0.00000000e+00  1.79984510e+00 
 6.03053004e-06  0.00000000e+00  1.79990541e+00 
 6.03578476e-06  0.00000000e+00  1.79999599e+00 
 6.04134337e-06  0.00000000e+00  1.80016023e+00 
 6.04542904e-06  0.00000000e+00  1.79975781e+00 
 6.04947345e-06  0.00000000e+00  1.80011047e+00 
 6.05393907e-06  0.00000000e+00  1.79986872e+00 
 6.05882053e-06  0.00000000e+00  1.80006551e+00 
 6.06504412e-06  0.00000000e+00  1.79990129e+00 
 6.07075278e-06  0.00000000e+00  1.80003263e+00 
 6.07672954e-06  0.00000000e+00  1.79993114e+00 
 6.08868305e-06  0.00000000e+00  1.80002136e+00 
 6.10178977e-06  0.00000000e+00  1.79994697e+00 
 6.12363593e-06  0.00000000e+00  1.80001979e+00 
 6.16023059e-06  0.00000000e+00  1.79995776e+00 
 6.20110263e-06  0.00000000e+00  1.80002247e+00 
 6.25010000e-06  6.67038446e-12  1.79996428e+00 
 6.25011000e-06  1.80000000e-01  1.80059840e+00 
 6.25013000e-06  5.40000000e-01  1.80225364e+00 
 6.25017000e-06  1.26000000e+00  1.80579255e+00 
 6.25020000e-06  1.80000000e+00  1.80816399e+00 
 6.25020792e-06  1.80000000e+00  1.80791270e+00 
 6.25022376e-06  1.80000000e+00  1.80737421e+00 
 6.25025544e-06  1.80000000e+00  1.80652298e+00 
 6.25031879e-06  1.80000000e+00  1.80540379e+00 
 6.25044550e-06  1.80000000e+00  1.80401816e+00 
 6.25068548e-06  1.80000000e+00  1.80276649e+00 
 6.25094469e-06  1.80000000e+00  1.80350199e+00 
 6.25137954e-06  1.80000000e+00  1.80641999e+00 
 6.25184855e-06  1.80000000e+00  1.80378444e+00 
 6.25235456e-06  1.80000000e+00  1.80146167e+00 
 6.25301916e-06  1.80000000e+00  1.80033589e+00 
 6.25372883e-06  1.80000000e+00  1.80013463e+00 
 6.25439869e-06  1.80000000e+00  1.80014959e+00 
 6.25508539e-06  1.80000000e+00  1.80001516e+00 
 6.25577522e-06  1.80000000e+00  1.80002667e+00 
 6.25674347e-06  1.80000000e+00  1.80001947e+00 
 6.25786527e-06  1.80000000e+00  1.80001428e+00 
 6.25939425e-06  1.80000000e+00  1.80001186e+00 
 6.26183314e-06  1.80000000e+00  1.80000429e+00 
 6.26599080e-06  1.80000000e+00  1.80000338e+00 
 6.27291434e-06  1.80000000e+00  1.79999842e+00 
 6.28463860e-06  1.80000000e+00  1.80000147e+00 
 6.30476059e-06  1.80000000e+00  1.79999829e+00 
 6.33890983e-06  1.80000000e+00  1.80000158e+00 
 6.40144277e-06  1.80000000e+00  1.79999830e+00 
 6.50000000e-06  1.80000000e+00  1.80000160e+00 
 6.50001000e-06  1.62000000e+00  1.79875592e+00 
 6.50003000e-06  1.26000000e+00  1.79651156e+00 
 6.50007000e-06  5.40000000e-01  1.79315510e+00 
 6.50010000e-06  0.00000000e+00  1.79139128e+00 
 6.50010800e-06  0.00000000e+00  1.79198622e+00 
 6.50012400e-06  0.00000000e+00  1.79317332e+00 
 6.50015600e-06  0.00000000e+00  1.79497735e+00 
 6.50022000e-06  0.00000000e+00  1.79720680e+00 
 6.50033687e-06  0.00000000e+00  1.79950330e+00 
 6.50049975e-06  0.00000000e+00  1.80085836e+00 
 6.50082550e-06  0.00000000e+00  1.80191964e+00 
 6.50128522e-06  0.00000000e+00  1.80181081e+00 
 6.50176133e-06  0.00000000e+00  1.80041468e+00 
 6.50217938e-06  0.00000000e+00  1.79817431e+00 
 6.50264519e-06  0.00000000e+00  1.79772992e+00 
 6.50331652e-06  0.00000000e+00  1.79821672e+00 
 6.50394973e-06  0.00000000e+00  1.79865809e+00 
 6.50473302e-06  0.00000000e+00  1.79907616e+00 
 6.50553533e-06  0.00000000e+00  1.79932707e+00 
 6.50657431e-06  0.00000000e+00  1.79948501e+00 
 6.50734334e-06  0.00000000e+00  1.79965555e+00 
 6.50817055e-06  0.00000000e+00  1.79970696e+00 
 6.50903377e-06  0.00000000e+00  1.79978223e+00 
 6.51003147e-06  0.00000000e+00  1.79980422e+00 
 6.51119013e-06  0.00000000e+00  1.79985370e+00 
 6.51240938e-06  0.00000000e+00  1.79985954e+00 
 6.51484787e-06  0.00000000e+00  1.79990023e+00 
 6.51955830e-06  0.00000000e+00  1.79991158e+00 
 6.52889979e-06  0.00000000e+00  1.79994888e+00 
 6.54758277e-06  0.00000000e+00  1.79995752e+00 
 6.58494874e-06  0.00000000e+00  1.79998695e+00 
 6.65968067e-06  0.00000000e+00  1.79998349e+00 
 6.75010000e-06  6.67038446e-12  1.80000056e+00 
 6.75011000e-06  1.80000000e-01  1.80063843e+00 
 6.75013000e-06  5.40000000e-01  1.80229978e+00 
 6.75017000e-06  1.26000000e+00  1.80585111e+00 
 6.75020000e-06  1.80000000e+00  1.80822067e+00 
 6.75020787e-06  1.80000000e+00  1.80796987e+00 
 6.75022362e-06  1.80000000e+00  1.80743177e+00 
 6.75025512e-06  1.80000000e+00  1.80657596e+00 
 6.75031812e-06  1.80000000e+00  1.80544403e+00 
 6.75044411e-06  1.80000000e+00  1.80404246e+00 
 6.75068311e-06  1.80000000e+00  1.80276822e+00 
 6.75094223e-06  1.80000000e+00  1.80348739e+00 
 6.75137727e-06  1.80000000e+00  1.80643944e+00 
 6.75184663e-06  1.80000000e+00  1.80384284e+00 
 6.75235074e-06  1.80000000e+00  1.80153208e+00 
 6.75301557e-06  1.80000000e+00  1.80000532e+00 
 6.75376163e-06  1.80000000e+00  1.79962396e+00 
 6.75438643e-06  1.80000000e+00  1.80024917e+00 
 6.75504367e-06  1.80000000e+00  1.80056170e+00 
 6.75575714e-06  1.80000000e+00  1.80116882e+00 
 6.75669507e-06  1.80000000e+00  1.80166692e+00 
 6.75757069e-06  1.80000000e+00  1.80162431e+00 
 6.75842002e-06  1.80000000e+00  1.80128551e+00 
 6.75932824e-06  1.80000000e+00  1.80108499e+00 
 6.76073410e-06  1.80000000e+00  1.80079605e+00 
 6.76213729e-06  1.80000000e+00  1.80057377e+00 
 6.76483840e-06  1.80000000e+00  1.80029126e+00 
 6.76829484e-06  1.80000000e+00  1.80012547e+00 
 6.77520772e-06  1.80000000e+00  1.80000945e+00 
 6.78731368e-06  1.80000000e+00  1.80000023e+00 
 6.80752351e-06  1.80000000e+00  1.79999829e+00 
 6.84794316e-06  1.80000000e+00  1.80000188e+00 
 6.92440068e-06  1.80000000e+00  1.79999791e+00 
 7.00000000e-06  1.80000000e+00  1.80000209e+00 
 7.00001000e-06  1.62000000e+00  1.79875636e+00 
 7.00003000e-06  1.26000000e+00  1.79651377e+00 
 7.00007000e-06  5.40000000e-01  1.79315650e+00 
 7.00010000e-06  0.00000000e+00  1.79139328e+00 
 7.00010800e-06  0.00000000e+00  1.79198951e+00 
 7.00012400e-06  0.00000000e+00  1.79317895e+00 
 7.00015600e-06  0.00000000e+00  1.79498320e+00 
 7.00022000e-06  0.00000000e+00  1.79720911e+00 
 7.00033683e-06  0.00000000e+00  1.79950089e+00 
 7.00049960e-06  0.00000000e+00  1.80085478e+00 
 7.00082514e-06  0.00000000e+00  1.80191864e+00 
 7.00128247e-06  0.00000000e+00  1.80183318e+00 
 7.00175749e-06  0.00000000e+00  1.80042676e+00 
 7.00218694e-06  0.00000000e+00  1.79820607e+00 
 7.00268126e-06  0.00000000e+00  1.79841345e+00 
 7.00328883e-06  0.00000000e+00  1.79872129e+00 
 7.00391284e-06  0.00000000e+00  1.79761630e+00 
 7.00441245e-06  0.00000000e+00  1.79906113e+00 
 7.00498747e-06  0.00000000e+00  1.79985055e+00 
 7.00556441e-06  0.00000000e+00  1.80074671e+00 
 7.00608997e-06  0.00000000e+00  1.80092708e+00 
 7.00670444e-06  0.00000000e+00  1.80062516e+00 
 7.00756142e-06  0.00000000e+00  1.80039287e+00 
 7.00842779e-06  0.00000000e+00  1.80019808e+00 
 7.00973425e-06  0.00000000e+00  1.80017888e+00 
 7.01071669e-06  0.00000000e+00  1.80014850e+00 
 7.01175063e-06  0.00000000e+00  1.80044135e+00 
 7.01285994e-06  0.00000000e+00  1.80043810e+00 
 7.01368327e-06  0.00000000e+00  1.79990507e+00 
 7.01447138e-06  0.00000000e+00  1.79894620e+00 
 7.01553502e-06  0.00000000e+00  1.79876647e+00 
 7.01651962e-06  0.00000000e+00  1.79977618e+00 
 7.01755854e-06  0.00000000e+00  1.79787026e+00 
 7.01881217e-06  0.00000000e+00  1.79753272e+00 
 7.01994202e-06  0.00000000e+00  1.79854545e+00 
 7.02178526e-06  0.00000000e+00  1.79936317e+00 
 7.02368623e-06  0.00000000e+00  1.79973047e+00 
 7.02748818e-06  0.00000000e+00  1.79991446e+00 
 7.03157985e-06  0.00000000e+00  1.79996080e+00 
 7.03976321e-06  0.00000000e+00  1.79994244e+00 
 7.05433175e-06  0.00000000e+00  1.79998347e+00 
 7.07807793e-06  0.00000000e+00  1.79996273e+00 
 7.12557027e-06  0.00000000e+00  1.80000230e+00 
 7.19224135e-06  0.00000000e+00  1.79997613e+00 
 7.25010000e-06  6.67038446e-12  1.80000947e+00 
 7.25011000e-06  1.80000000e-01  1.80062926e+00 
 7.25013000e-06  5.40000000e-01  1.80227926e+00 
 7.25017000e-06  1.26000000e+00  1.80584756e+00 
 7.25020000e-06  1.80000000e+00  1.80821867e+00 
 7.25020788e-06  1.80000000e+00  1.80796577e+00 
 7.25022364e-06  1.80000000e+00  1.80742453e+00 
 7.25025516e-06  1.80000000e+00  1.80656857e+00 
 7.25031820e-06  1.80000000e+00  1.80544014e+00 
 7.25044427e-06  1.80000000e+00  1.80404346e+00 
 7.25068485e-06  1.80000000e+00  1.80277052e+00 
 7.25094344e-06  1.80000000e+00  1.80349605e+00 
 7.25137840e-06  1.80000000e+00  1.80642572e+00 
 7.25184789e-06  1.80000000e+00  1.80380014e+00 
 7.25235291e-06  1.80000000e+00  1.80145664e+00 
 7.25301873e-06  1.80000000e+00  1.80028203e+00 
 7.25375030e-06  1.80000000e+00  1.80013752e+00 
 7.25436058e-06  1.80000000e+00  1.80021376e+00 
 7.25500795e-06  1.80000000e+00  1.80004759e+00 
 7.25566523e-06  1.80000000e+00  1.80003597e+00 
 7.25661363e-06  1.80000000e+00  1.80002693e+00 
 7.25756712e-06  1.80000000e+00  1.80001190e+00 
 7.25909827e-06  1.80000000e+00  1.80001475e+00 
 7.26136661e-06  1.80000000e+00  1.80000089e+00 
 7.26525891e-06  1.80000000e+00  1.80000642e+00 
 7.27226352e-06  1.80000000e+00  1.79999535e+00 
 7.28356245e-06  1.80000000e+00  1.80000445e+00 
 7.30419599e-06  1.80000000e+00  1.79999531e+00 
 7.33915918e-06  1.80000000e+00  1.80000455e+00 
 7.40400388e-06  1.80000000e+00  1.79999534e+00 
 7.50000000e-06  1.80000000e+00  1.80000456e+00 
 7.50001000e-06  1.62000000e+00  1.79875973e+00 
 7.50003000e-06  1.26000000e+00  1.79651713e+00 
 7.50007000e-06  5.40000000e-01  1.79315983e+00 
 7.50010000e-06  0.00000000e+00  1.79139477e+00 
 7.50010800e-06  0.00000000e+00  1.79198939e+00 
 7.50012400e-06  0.00000000e+00  1.79317586e+00 
 7.50015600e-06  0.00000000e+00  1.79497967e+00 
 7.50022000e-06  0.00000000e+00  1.79720748e+00 
 7.50033687e-06  0.00000000e+00  1.79950305e+00 
 7.50049974e-06  0.00000000e+00  1.80085812e+00 
 7.50082549e-06  0.00000000e+00  1.80191920e+00 
 7.50128521e-06  0.00000000e+00  1.80180988e+00 
 7.50176131e-06  0.00000000e+00  1.80041356e+00 
 7.50217942e-06  0.00000000e+00  1.79817341e+00 
 7.50264517e-06  0.00000000e+00  1.79772939e+00 
 7.50331653e-06  0.00000000e+00  1.79821517e+00 
 7.50394973e-06  0.00000000e+00  1.79865858e+00 
 7.50473226e-06  0.00000000e+00  1.79907546e+00 
 7.50553390e-06  0.00000000e+00  1.79932745e+00 
 7.50657280e-06  0.00000000e+00  1.79948728e+00 
 7.50734164e-06  0.00000000e+00  1.79965552e+00 
 7.50816907e-06  0.00000000e+00  1.79970604e+00 
 7.50903393e-06  0.00000000e+00  1.79978205e+00 
 7.51003260e-06  0.00000000e+00  1.79980374e+00 
 7.51118899e-06  0.00000000e+00  1.79985371e+00 
 7.51241103e-06  0.00000000e+00  1.79985931e+00 
 7.51485509e-06  0.00000000e+00  1.79990046e+00 
 7.51954566e-06  0.00000000e+00  1.79991138e+00 
 7.52892103e-06  0.00000000e+00  1.79994910e+00 
 7.54767179e-06  0.00000000e+00  1.79995743e+00 
 7.58517329e-06  0.00000000e+00  1.79998717e+00 
 7.66017630e-06  0.00000000e+00  1.79998336e+00 
 7.75010000e-06  0.00000000e+00  1.80000072e+00 
 7.75011000e-06  1.80000000e-01  1.80063840e+00 
 7.75013000e-06  5.40000000e-01  1.80229972e+00 
 7.75017000e-06  1.26000000e+00  1.80584992e+00 
 7.75020000e-06  1.80000000e+00  1.80821412e+00 
 7.75020787e-06  1.80000000e+00  1.80796329e+00 
 7.75022362e-06  1.80000000e+00  1.80742569e+00 
 7.75025512e-06  1.80000000e+00  1.80657220e+00 
 7.75031812e-06  1.80000000e+00  1.80544253e+00 
 7.75044411e-06  1.80000000e+00  1.80404233e+00 
 7.75068312e-06  1.80000000e+00  1.80276854e+00 
 7.75094188e-06  1.80000000e+00  1.80348643e+00 
 7.75137676e-06  1.80000000e+00  1.80644019e+00 
 7.75184618e-06  1.80000000e+00  1.80384602e+00 
 7.75234994e-06  1.80000000e+00  1.80153487e+00 
 7.75301511e-06  1.80000000e+00  1.80000685e+00 
 7.75376048e-06  1.80000000e+00  1.79962334e+00 
 7.75438478e-06  1.80000000e+00  1.80024879e+00 
 7.75504166e-06  1.80000000e+00  1.80056083e+00 
 7.75575525e-06  1.80000000e+00  1.80116715e+00 
 7.75669215e-06  1.80000000e+00  1.80166626e+00 
 7.75756847e-06  1.80000000e+00  1.80162476e+00 
 7.75841993e-06  1.80000000e+00  1.80128566e+00 
 7.75932801e-06  1.80000000e+00  1.80108480e+00 
 7.76073034e-06  1.80000000e+00  1.80079684e+00 
 7.76213580e-06  1.80000000e+00  1.80057379e+00 
 7.76483119e-06  1.80000000e+00  1.80029194e+00 
 7.76828498e-06  1.80000000e+00  1.80012565e+00 
 7.77519256e-06  1.80000000e+00  1.80000967e+00 
 7.78709680e-06  1.80000000e+00  1.80000017e+00 
 7.80702457e-06  1.80000000e+00  1.79999838e+00 
 7.84673543e-06  1.80000000e+00  1.80000177e+00 
 7.92187600e-06  1.80000000e+00  1.79999802e+00 
 8.00000000e-06  1.80000000e+00  1.80000197e+00 
 8.00001000e-06  1.62000000e+00  1.79875800e+00 
 8.00003000e-06  1.26000000e+00  1.79651865e+00 
 8.00007000e-06  5.40000000e-01  1.79316098e+00 
 8.00010000e-06  0.00000000e+00  1.79139665e+00 
 8.00010800e-06  0.00000000e+00  1.79199256e+00 
 8.00012400e-06  0.00000000e+00  1.79318140e+00 
 8.00015600e-06  0.00000000e+00  1.79498537e+00 
 8.00022000e-06  0.00000000e+00  1.79720991e+00 
 8.00033683e-06  0.00000000e+00  1.79950101e+00 
 8.00049960e-06  0.00000000e+00  1.80085482e+00 
 8.00082514e-06  0.00000000e+00  1.80191853e+00 
 8.00128247e-06  0.00000000e+00  1.80183284e+00 
 8.00175749e-06  0.00000000e+00  1.80042600e+00 
 8.00218699e-06  0.00000000e+00  1.79820449e+00 
 8.00268129e-06  0.00000000e+00  1.79841244e+00 
 8.00328887e-06  0.00000000e+00  1.79872031e+00 
 8.00391291e-06  0.00000000e+00  1.79762177e+00 
 8.00441250e-06  0.00000000e+00  1.79906474e+00 
 8.00498754e-06  0.00000000e+00  1.79985101e+00 
 8.00556443e-06  0.00000000e+00  1.80074733e+00 
 8.00608998e-06  0.00000000e+00  1.80092770e+00 
 8.00670442e-06  0.00000000e+00  1.80062737e+00 
 8.00756134e-06  0.00000000e+00  1.80039552e+00 
 8.00842774e-06  0.00000000e+00  1.80018533e+00 
 8.00926911e-06  0.00000000e+00  1.80015128e+00 
 8.00996683e-06  0.00000000e+00  1.80001991e+00 
 8.01078227e-06  0.00000000e+00  1.80004371e+00 
 8.01178826e-06  0.00000000e+00  1.79993636e+00 
 8.01288976e-06  0.00000000e+00  1.79997925e+00 
 8.01481756e-06  0.00000000e+00  1.79989612e+00 
 8.01580053e-06  0.00000000e+00  1.79995465e+00 
 8.01713727e-06  0.00000000e+00  1.79988876e+00 
 8.01854145e-06  0.00000000e+00  1.79995182e+00 
 8.02134981e-06  0.00000000e+00  1.79989551e+00 
 8.02696653e-06  0.00000000e+00  1.79996814e+00 
 8.03569603e-06  0.00000000e+00  1.79992244e+00 
 8.04475469e-06  0.00000000e+00  1.79999411e+00 
 8.06287199e-06  0.00000000e+00  1.79995060e+00 
 8.07825203e-06  0.00000000e+00  1.80002404e+00 
 8.08944083e-06  0.00000000e+00  1.79990928e+00 
 8.10004132e-06  0.00000000e+00  1.80006476e+00 
 8.11753963e-06  0.00000000e+00  1.79989579e+00 
 8.13532619e-06  0.00000000e+00  1.80005894e+00 
 8.15421082e-06  0.00000000e+00  1.79992319e+00 
 8.17477526e-06  0.00000000e+00  1.80005294e+00 
 8.20185691e-06  0.00000000e+00  1.79993123e+00 
 8.25010000e-06  0.00000000e+00  1.80005358e+00 
 8.25011000e-06  1.80000000e-01  1.80067239e+00 
 8.25013000e-06  5.40000000e-01  1.80230157e+00 
 8.25017000e-06  1.26000000e+00  1.80582963e+00 
 8.25020000e-06  1.80000000e+00  1.80819700e+00 
 8.25020788e-06  1.80000000e+00  1.80796351e+00 
 8.25022364e-06  1.80000000e+00  1.80745436e+00 
 8.25025516e-06  1.80000000e+00  1.80662021e+00 
 8.25031819e-06  1.80000000e+00  1.80546321e+00 
 8.25044426e-06  1.80000000e+00  1.80401836e+00 
 8.25069641e-06  1.80000000e+00  1.80275877e+00 
 8.25095171e-06  1.80000000e+00  1.80355856e+00 
 8.25138490e-06  1.80000000e+00  1.80639211e+00 
 8.25185631e-06  1.80000000e+00  1.80371604e+00 
 8.25236578e-06  1.80000000e+00  1.80143646e+00 
 8.25302504e-06  1.80000000e+00  1.80042190e+00 
 8.25386821e-06  1.80000000e+00  1.80003823e+00 
 8.25474910e-06  1.80000000e+00  1.80004310e+00 
 8.25564803e-06  1.80000000e+00  1.80000870e+00 
 8.25658556e-06  1.80000000e+00  1.80004068e+00 
 8.25789151e-06  1.80000000e+00  1.80001650e+00 
 8.25924926e-06  1.80000000e+00  1.80002096e+00 
 8.26176012e-06  1.80000000e+00  1.80000616e+00 
 8.26492041e-06  1.80000000e+00  1.80000605e+00 
 8.27124099e-06  1.80000000e+00  1.79999844e+00 
 8.28057945e-06  1.80000000e+00  1.80000149e+00 
 8.29638400e-06  1.80000000e+00  1.79999830e+00 
 8.32543893e-06  1.80000000e+00  1.80000146e+00 
 8.38354877e-06  1.80000000e+00  1.79999844e+00 
 8.49591854e-06  1.80000000e+00  1.80000145e+00 
 8.50000000e-06  1.80000000e+00  1.79999879e+00 
 8.50001000e-06  1.62000000e+00  1.79877609e+00 
 8.50003000e-06  1.26000000e+00  1.79656030e+00 
 8.50007000e-06  5.40000000e-01  1.79317702e+00 
 8.50010000e-06  0.00000000e+00  1.79136526e+00 
 8.50010800e-06  0.00000000e+00  1.79193319e+00 
 8.50012400e-06  0.00000000e+00  1.79308076e+00 
 8.50015600e-06  0.00000000e+00  1.79487721e+00 
 8.50022000e-06  0.00000000e+00  1.79716557e+00 
 8.50034800e-06  0.00000000e+00  1.79971010e+00 
 8.50060400e-06  0.00000000e+00  1.80150223e+00 
 8.50095813e-06  0.00000000e+00  1.80227105e+00 
 8.50153610e-06  0.00000000e+00  1.80020350e+00 
 8.50212969e-06  0.00000000e+00  1.79823924e+00 
 8.50261825e-06  0.00000000e+00  1.80715278e+00 
 8.50316935e-06  0.00000000e+00  1.82725476e+00 
 8.50381973e-06  0.00000000e+00  1.82380233e+00 
 8.50452694e-06  0.00000000e+00  1.77715255e+00 
 8.50534449e-06  0.00000000e+00  1.71432698e+00 
 8.50600385e-06  0.00000000e+00  1.66578029e+00 
 8.50672050e-06  0.00000000e+00  1.61128769e+00 
 8.50768401e-06  0.00000000e+00  1.53825733e+00 
 8.50884632e-06  0.00000000e+00  1.44928151e+00 
 8.51071009e-06  0.00000000e+00  1.30612224e+00 
 8.51382936e-06  0.00000000e+00  1.06678755e+00 
 8.51894257e-06  0.00000000e+00  6.99552278e-01 
 8.52429203e-06  0.00000000e+00  4.00545082e-01 
 8.52842894e-06  0.00000000e+00  2.23552636e-01 
 8.53146664e-06  0.00000000e+00  1.31014961e-01 
 8.53447150e-06  0.00000000e+00  7.02078357e-02 
 8.53646818e-06  0.00000000e+00  4.23158662e-02 
 8.53792334e-06  0.00000000e+00  3.45664055e-02 
 8.53925517e-06  0.00000000e+00  3.19816847e-02 
 8.54017997e-06  0.00000000e+00  2.79478276e-02 
 8.54133453e-06  0.00000000e+00  2.21607342e-02 
 8.54273653e-06  0.00000000e+00  1.68432425e-02 
 8.54424310e-06  0.00000000e+00  1.24729176e-02 
 8.54725624e-06  0.00000000e+00  6.71241646e-03 
 8.55186002e-06  0.00000000e+00  2.56961106e-03 
 8.55528005e-06  0.00000000e+00  1.27217765e-03 
 8.55926964e-06  0.00000000e+00  6.21015282e-04 
 8.56346620e-06  0.00000000e+00  2.50581311e-04 
 8.56874939e-06  0.00000000e+00  1.76557552e-04 
 8.57572190e-06  0.00000000e+00  5.24604291e-05 
 8.58305447e-06  0.00000000e+00  1.11801643e-04 
 8.59354153e-06  0.00000000e+00  3.63387436e-05 
 8.60778002e-06  0.00000000e+00  9.34054185e-05 
 8.62982932e-06  0.00000000e+00 -6.04002680e-03 
 8.63838165e-06  0.00000000e+00 -4.83399142e-03 
 8.64685933e-06  0.00000000e+00 -7.41583992e-04 
 8.65299601e-06  0.00000000e+00  3.01535064e-03 
 8.65886221e-06  0.00000000e+00  3.51684090e-03 
 8.66503366e-06  0.00000000e+00  2.59642329e-03 
 8.67104467e-06  0.00000000e+00  1.57950957e-03 
 8.67745303e-06  0.00000000e+00  1.11682676e-03 
 8.69026976e-06  0.00000000e+00  5.77784618e-04 
 8.70473649e-06  0.00000000e+00  4.73187422e-04 
 8.72890292e-06  0.00000000e+00  2.50512860e-04 
 8.75010000e-06  0.00000000e+00  2.63456574e-04 
 8.75011000e-06  1.80000000e-01  1.32957608e-03 
 8.75013000e-06  5.40000000e-01  3.33597955e-03 
 8.75017000e-06  1.26000000e+00  6.21247381e-03 
 8.75020000e-06  1.80000000e+00  7.63949662e-03 
 8.75020792e-06  1.80000000e+00  7.27015058e-03 
 8.75022376e-06  1.80000000e+00  6.51166820e-03 
 8.75025543e-06  1.80000000e+00  5.28711327e-03 
 8.75031879e-06  1.80000000e+00  3.69096982e-03 
 8.75044549e-06  1.80000000e+00  2.15268852e-03 
 8.75068759e-06  1.80000000e+00  1.52153374e-03 
 8.75094608e-06  1.80000000e+00  2.47078183e-03 
 8.75138178e-06  1.80000000e+00  5.16455398e-03 
 8.75185106e-06  1.80000000e+00  3.30308319e-03 
 8.75235852e-06  1.80000000e+00  2.24158076e-03 
 8.75301977e-06  1.80000000e+00  1.74738316e-03 
 8.75372870e-06  1.80000000e+00  2.68162347e-03 
 8.75439159e-06  1.80000000e+00  4.18628034e-03 
 8.75508248e-06  1.80000000e+00  3.80574655e-03 
 8.75577366e-06  1.80000000e+00  3.31527730e-03 
 8.75674131e-06  1.80000000e+00  2.86284555e-03 
 8.75788825e-06  1.80000000e+00  2.43179973e-03 
 8.75940149e-06  1.80000000e+00  1.86257769e-03 
 8.76186680e-06  1.80000000e+00  1.23426989e-03 
 8.76601754e-06  1.80000000e+00  6.21630156e-04 
 8.77291845e-06  1.80000000e+00  2.87160051e-04 
 8.78464268e-06  1.80000000e+00  1.62371413e-04 
 8.80462089e-06  1.80000000e+00  1.61632673e-04 
 8.83860372e-06  1.80000000e+00  1.06854424e-04 
 8.90093471e-06  1.80000000e+00  9.75273144e-05 
 9.00000000e-06  1.80000000e+00  4.87643975e-05 
