 0.00000000e+00  6.23526597e-05 
 1.00000000e-12  4.13714190e-03 
 2.00000000e-12  4.48163484e-03 
 4.00000000e-12  4.55520682e-03 
 8.00000000e-12  4.37851066e-03 
 1.60000000e-11  4.17995605e-03 
 3.20000000e-11  4.00362917e-03 
 6.40000000e-11  4.87211918e-03 
 1.00000000e-10  7.67755976e-03 
 1.06400000e-10  2.55658868e-03 
 1.19200000e-10  1.93057602e-03 
 1.44800000e-10  2.09272376e-03 
 1.96000000e-10  1.36593550e-03 
 2.98400000e-10  1.39300006e-03 
 4.37166379e-10  8.98066702e-04 
 7.14699137e-10  1.07753760e-03 
 1.04528862e-09  6.65877893e-04 
 1.44320052e-09  9.78648740e-04 
 1.79865132e-09  6.74622697e-04 
 2.23918347e-09  1.10163153e-03 
 2.63983165e-09  6.27385386e-04 
 3.02231446e-09  1.00183748e-03 
 3.48356549e-09  7.15480497e-04 
 3.97662873e-09  1.01105551e-03 
 4.51318499e-09  4.56491345e-04 
 5.02604078e-09  5.94147024e-04 
 5.57294199e-09  1.83109056e-04 
 6.38773500e-09  5.27744117e-04 
 7.16507566e-09  9.71658006e-05 
 7.99846328e-09  3.97556462e-04 
 8.94414480e-09 -6.51085373e-05 
 9.86553008e-09  3.42989533e-04 
 1.10889652e-08  1.26682870e-05 
 1.22283633e-08  3.04641901e-04 
 1.29561913e-08 -8.50594407e-05 
 1.37686361e-08  3.15272103e-04 
 1.45571858e-08 -7.22357697e-05 
 1.53986192e-08  3.07385112e-04 
 1.63783126e-08 -6.90302660e-05 
 1.76145308e-08  3.02750513e-04 
 1.92032433e-08 -6.93633233e-05 
 2.14834866e-08  2.98926181e-04 
 2.47123157e-08 -7.21462762e-05 
 2.96086335e-08  2.94000017e-04 
 3.69523761e-08 -7.77603708e-05 
 4.85624898e-08  2.86431509e-04 
 6.70142725e-08 -8.68790335e-05 
 1.02229728e-07  2.75659937e-04 
 1.51685016e-07 -9.61299973e-05 
 2.31108408e-07  2.71764805e-04 
 2.50100000e-07 -9.71441543e-05 
 2.50110000e-07 -4.79920585e-03 
 2.50130000e-07 -5.31178604e-03 
 2.50170000e-07 -3.30421384e-03 
 2.50200000e-07 -3.73985703e-03 
 2.50207158e-07  7.62915804e-04 
 2.50221473e-07  9.31023023e-04 
 2.50250103e-07  7.08229124e-04 
 2.50307363e-07  6.73644721e-04 
 2.50379132e-07  4.80238848e-04 
 2.50522668e-07  5.08695318e-04 
 2.50657963e-07  4.28587297e-04 
 2.50928554e-07  4.99403412e-04 
 2.51244822e-07  3.32271917e-04 
 2.51663470e-07  4.31174108e-04 
 2.52112353e-07  1.45935159e-04 
 2.52718033e-07  2.15163851e-04 
 2.53504238e-07  7.99861853e-05 
 2.54030368e-07  2.12529125e-04 
 2.54646109e-07  4.88543447e-05 
 2.55305312e-07  1.78798489e-04 
 2.56052298e-07  3.73211283e-05 
 2.56932283e-07  1.61541443e-04 
 2.58220418e-07  2.08703690e-05 
 2.59523053e-07  1.54916730e-04 
 2.62078097e-07  2.03199067e-05 
 2.65358544e-07  1.54429917e-04 
 2.71919440e-07  1.99856279e-05 
 2.83668474e-07  1.53796329e-04 
 3.03548492e-07  1.90710460e-05 
 3.41950913e-07  1.51746922e-04 
 4.08289774e-07  1.42865343e-05 
 5.00000000e-07  1.43635674e-04 
 5.00010000e-07  2.56718151e-03 
 5.00030000e-07  2.24923599e-03 
 5.00070000e-07  2.88514966e-03 
 5.00100000e-07  3.86763758e-03 
 5.00107832e-07  9.77573578e-04 
 5.00123497e-07  6.32895110e-04 
 5.00154827e-07  7.68577648e-04 
 5.00217487e-07  5.04921758e-04 
 5.00334564e-07  5.84673512e-04 
 5.00493882e-07  3.80445565e-04 
 5.00812517e-07  5.75488722e-04 
 5.01319849e-07  3.55724934e-04 
 5.01779316e-07  3.44769170e-04 
 5.02210093e-07  1.64343931e-04 
 5.02684450e-07  2.33974388e-04 
 5.03304466e-07  4.71716000e-05 
 5.03956195e-07  1.77625972e-04 
 5.04805087e-07  2.12456734e-05 
 5.05650425e-07  1.66285074e-04 
 5.06715155e-07  2.72714941e-05 
 5.08204553e-07  1.71455934e-04 
 5.09380048e-07  1.90842585e-05 
 5.10620679e-07  1.68687060e-04 
 5.11861064e-07  3.51666373e-05 
 5.13273523e-07  1.82183659e-04 
 5.15007098e-07  3.16841039e-05 
 5.16710006e-07  1.67520713e-04 
 5.18472525e-07  2.76849068e-05 
 5.20871269e-07  1.51278980e-04 
 5.23870244e-07  9.66700143e-06 
 5.28669779e-07  1.43173478e-04 
 5.35131415e-07  7.36151432e-06 
 5.46016971e-07  1.42575228e-04 
 5.65137945e-07  6.16758569e-06 
 5.99984910e-07  1.40767207e-04 
 6.69678840e-07  3.39529547e-06 
 7.50100000e-07  1.37943755e-04 
 7.50110000e-07 -2.48370276e-03 
 7.50130000e-07 -2.84762582e-03 
 7.50170000e-07 -1.84578827e-03 
 7.50200000e-07 -2.04168878e-03 
 7.50207736e-07  4.91800639e-04 
 7.50223208e-07  5.80233822e-04 
 7.50254152e-07  5.19918855e-04 
 7.50316041e-07  5.12598911e-04 
 7.50439818e-07  3.99115108e-04 
 7.50570757e-07  4.48371929e-04 
 7.50795030e-07  4.17649038e-04 
 7.51193192e-07  4.06096473e-04 
 7.51623991e-07  3.33260687e-04 
 7.52099116e-07  2.29273642e-04 
 7.52669996e-07  9.65456023e-05 
 7.53410604e-07  1.53584466e-04 
 7.53933564e-07  9.32657477e-05 
 7.54523524e-07  1.34388514e-04 
 7.55074547e-07  7.51688918e-05 
 7.55689834e-07  1.22488548e-04 
 7.56510817e-07  6.76445187e-05 
 7.57379474e-07  1.01273874e-04 
 7.58280347e-07  5.63011123e-05 
 7.59229847e-07  9.63409494e-05 
 7.60569646e-07  4.79367928e-05 
 7.61864965e-07  9.26133380e-05 
 7.64455604e-07  4.78160512e-05 
 7.67560505e-07  9.23461944e-05 
 7.73770306e-07  4.77095267e-05 
 7.84261547e-07  9.20873170e-05 
 8.01294406e-07  4.74472528e-05 
 8.35360124e-07  9.16675280e-05 
 9.03491559e-07  4.68686069e-05 
 1.00000000e-06  9.10703165e-05 
 1.00001000e-06  2.55503216e-03 
 1.00003000e-06  2.23079541e-03 
 1.00007000e-06  2.87120747e-03 
 1.00010000e-06  3.85704643e-03 
 1.00010784e-06  9.67099028e-04 
 1.00012353e-06  6.24211684e-04 
 1.00015490e-06  7.60298581e-04 
 1.00021765e-06  4.97646008e-04 
 1.00033465e-06  5.76934242e-04 
 1.00049438e-06  3.73843020e-04 
 1.00081384e-06  5.68314544e-04 
 1.00127072e-06  3.64644908e-04 
 1.00174420e-06  3.38964012e-04 
 1.00217751e-06  1.67009292e-04 
 1.00266590e-06  2.41848535e-04 
 1.00332783e-06  4.04665507e-05 
 1.00393130e-06  1.76980093e-04 
 1.00443096e-06  3.29090909e-05 
 1.00501344e-06  1.82643574e-04 
 1.00555808e-06  3.67460895e-05 
 1.00618000e-06  1.67715764e-04 
 1.00681758e-06  1.76611740e-05 
 1.00762927e-06  1.58278353e-04 
 1.00859194e-06  2.50189861e-05 
 1.00976494e-06  1.67945000e-04 
 1.01078169e-06  2.36482711e-05 
 1.01182507e-06  1.74966922e-04 
 1.01298858e-06  7.40784229e-05 
 1.01381866e-06  2.27067122e-04 
 1.01460021e-06  8.69718785e-05 
 1.01558774e-06  2.22721555e-04 
 1.01659993e-06  7.98686532e-05 
 1.01756836e-06  2.13131547e-04 
 1.01876610e-06  6.93745246e-05 
 1.02000214e-06  2.05060275e-04 
 1.02181801e-06  6.57025033e-05 
 1.02391611e-06  2.00746872e-04 
 1.02811231e-06  6.00119253e-05 
 1.03650470e-06  1.90946443e-04 
 1.04997529e-06  4.67170521e-05 
 1.07691646e-06  1.74290951e-04 
 1.12554077e-06  2.94047672e-05 
 1.18752587e-06  1.61017007e-04 
 1.25010000e-06  1.94654445e-05 
 1.25011000e-06 -2.48057737e-03 
 1.25013000e-06 -2.82824614e-03 
 1.25017000e-06 -1.83027993e-03 
 1.25020000e-06 -2.01756938e-03 
 1.25020788e-06  5.10659133e-04 
 1.25022364e-06  5.98261532e-04 
 1.25025517e-06  5.38851840e-04 
 1.25031821e-06  5.29131015e-04 
 1.25044430e-06  4.17586938e-04 
 1.25057536e-06  4.67754648e-04 
 1.25080450e-06  4.36466449e-04 
 1.25121592e-06  4.18452263e-04 
 1.25163969e-06  3.51456055e-04 
 1.25212404e-06  2.34416088e-04 
 1.25269513e-06  1.15991155e-04 
 1.25347052e-06  1.62963813e-04 
 1.25398396e-06  1.04126635e-04 
 1.25456825e-06  1.28708160e-04 
 1.25527847e-06  8.31414434e-05 
 1.25599739e-06  1.21369560e-04 
 1.25688173e-06  7.20573502e-05 
 1.25839220e-06  1.07630683e-04 
 1.26001240e-06  6.80200105e-05 
 1.26295175e-06  1.07130840e-04 
 1.26772814e-06  6.77518818e-05 
 1.27728094e-06  1.06548038e-04 
 1.29638653e-06  6.71139525e-05 
 1.33459772e-06  1.05672939e-04 
 1.41102009e-06  6.47550966e-05 
 1.50000000e-06  9.83251955e-05 
 1.50001000e-06  2.56504113e-03 
 1.50003000e-06  2.23849402e-03 
 1.50007000e-06  2.88363063e-03 
 1.50010000e-06  3.86798108e-03 
 1.50010784e-06  9.76940159e-04 
 1.50012353e-06  6.33326904e-04 
 1.50015490e-06  7.69709368e-04 
 1.50021764e-06  5.06876324e-04 
 1.50033466e-06  5.86372598e-04 
 1.50049408e-06  3.82995150e-04 
 1.50081291e-06  5.77657266e-04 
 1.50132070e-06  3.59570997e-04 
 1.50177925e-06  3.45166637e-04 
 1.50219885e-06  1.68674139e-04 
 1.50266976e-06  2.36531753e-04 
 1.50328008e-06  4.92297285e-05 
 1.50393718e-06  1.79621397e-04 
 1.50469496e-06  2.64570536e-05 
 1.50547153e-06  1.78915264e-04 
 1.50653852e-06  4.45443913e-05 
 1.50733489e-06  1.78192268e-04 
 1.50822087e-06  2.98299726e-05 
 1.50908695e-06  1.54978845e-04 
 1.51005175e-06  9.09953699e-06 
 1.51115474e-06  1.49136701e-04 
 1.51239191e-06  7.91985058e-06 
 1.51486624e-06  1.48250422e-04 
 1.51854065e-06  7.58082116e-06 
 1.52515702e-06  1.47375477e-04 
 1.53698944e-06  6.37295008e-06 
 1.55715244e-06  1.45306941e-04 
 1.59747843e-06  3.06234668e-06 
 1.67813041e-06  1.40327938e-04 
 1.75010000e-06 -1.18925323e-06 
 1.75011000e-06 -2.49358558e-03 
 1.75013000e-06 -2.83955223e-03 
 1.75017000e-06 -1.84209139e-03 
 1.75020000e-06 -2.02968091e-03 
 1.75020788e-06  4.92918537e-04 
 1.75022365e-06  5.79580612e-04 
 1.75025519e-06  5.19622446e-04 
 1.75031827e-06  5.09012601e-04 
 1.75044443e-06  3.97175570e-04 
 1.75057530e-06  4.47374807e-04 
 1.75080460e-06  4.16753760e-04 
 1.75121654e-06  3.99589398e-04 
 1.75163934e-06  3.33122315e-04 
 1.75212436e-06  2.16326234e-04 
 1.75269453e-06  9.91150213e-05 
 1.75345952e-06  1.48366768e-04 
 1.75397700e-06  9.50495063e-05 
 1.75456826e-06  1.28179736e-04 
 1.75512804e-06  7.74519261e-05 
 1.75574880e-06  1.17313551e-04 
 1.75658848e-06  6.87056911e-05 
 1.75749587e-06  9.56631853e-05 
 1.75840317e-06  5.87218723e-05 
 1.75934329e-06  9.08045677e-05 
 1.76060810e-06  5.06668192e-05 
 1.76192743e-06  8.73884343e-05 
 1.76456609e-06  5.04144622e-05 
 1.76787962e-06  8.71564882e-05 
 1.77450666e-06  5.03233182e-05 
 1.78633876e-06  8.68746591e-05 
 1.80670904e-06  4.99726317e-05 
 1.84744961e-06  8.63399194e-05 
 1.92893074e-06  4.92975026e-05 
 2.00000000e-06  8.58151079e-05 
 2.00001000e-06  2.54973541e-03 
 2.00003000e-06  2.22033003e-03 
 2.00007000e-06  2.87163213e-03 
 2.00010000e-06  3.85280721e-03 
 2.00010784e-06  9.64792200e-04 
 2.00012353e-06  6.22023276e-04 
 2.00015490e-06  7.58336173e-04 
 2.00021764e-06  4.95833888e-04 
 2.00033464e-06  5.75385346e-04 
 2.00049432e-06  3.72352920e-04 
 2.00081369e-06  5.66989010e-04 
 2.00127057e-06  3.63588704e-04 
 2.00174404e-06  3.37389142e-04 
 2.00217647e-06  1.65577326e-04 
 2.00266524e-06  2.39930301e-04 
 2.00332570e-06  3.92274571e-05 
 2.00392886e-06  1.75673361e-04 
 2.00442881e-06  3.12102026e-05 
 2.00501074e-06  1.81340825e-04 
 2.00555706e-06  3.49028267e-05 
 2.00617714e-06  1.66771013e-04 
 2.00681366e-06  1.62375723e-05 
 2.00762744e-06  1.57135538e-04 
 2.00858689e-06  2.31545099e-05 
 2.00976414e-06  1.64951618e-04 
 2.01077954e-06  2.06917072e-05 
 2.01182226e-06  1.72989944e-04 
 2.01298543e-06  7.08294016e-05 
 2.01381474e-06  2.25595541e-04 
 2.01459531e-06  8.22522622e-05 
 2.01558590e-06  2.17625952e-04 
 2.01660035e-06  7.32007528e-05 
 2.01756880e-06  2.06233578e-04 
 2.01876241e-06  6.10969493e-05 
 2.01999488e-06  1.96249431e-04 
 2.02181303e-06  5.53458928e-05 
 2.02390045e-06  1.89703124e-04 
 2.02807530e-06  4.68103416e-05 
 2.03642498e-06  1.76017054e-04 
 2.04977322e-06  3.00246623e-05 
 2.07417099e-06  1.58714333e-04 
 2.10688735e-06  1.58520682e-05 
 2.16171215e-06  1.50317672e-04 
 2.21870321e-06  9.45554668e-06 
 2.25010000e-06  1.42729774e-04 
 2.25011000e-06 -2.48491128e-03 
 2.25013000e-06 -2.85040235e-03 
 2.25017000e-06 -1.83076883e-03 
 2.25020000e-06 -2.03404883e-03 
 2.25020774e-06  4.96278521e-04 
 2.25022322e-06  5.85413514e-04 
 2.25025417e-06  5.25682678e-04 
 2.25031609e-06  5.18065647e-04 
 2.25043991e-06  4.04069886e-04 
 2.25057073e-06  4.53761735e-04 
 2.25079536e-06  4.22436567e-04 
 2.25119274e-06  4.09773874e-04 
 2.25162162e-06  3.37380660e-04 
 2.25209701e-06  2.32117353e-04 
 2.25266871e-06  9.89253753e-05 
 2.25341597e-06  1.53028725e-04 
 2.25393468e-06  8.83832635e-05 
 2.25451270e-06  1.19388888e-04 
 2.25514847e-06  6.55494789e-05 
 2.25581388e-06  1.12617279e-04 
 2.25670221e-06  5.60189429e-05 
 2.25808912e-06  9.69993177e-05 
 2.25955914e-06  5.04124327e-05 
 2.26233355e-06  9.60006605e-05 
 2.26635498e-06  4.96573111e-05 
 2.27439782e-06  9.45654815e-05 
 2.29048350e-06  4.72485940e-05 
 2.32265487e-06  9.06677557e-05 
 2.38699760e-06  4.24799369e-05 
 2.49188561e-06  8.72176676e-05 
 2.50000000e-06  4.14921127e-05 
 2.50001000e-06  2.54299652e-03 
 2.50003000e-06  2.22027290e-03 
 2.50007000e-06  2.86907485e-03 
 2.50010000e-06  3.85307266e-03 
 2.50010783e-06  9.62433534e-04 
 2.50012350e-06  6.18215547e-04 
 2.50015483e-06  7.55225795e-04 
 2.50021750e-06  4.92007634e-04 
 2.50033453e-06  5.72092383e-04 
 2.50049375e-06  3.68212267e-04 
 2.50081218e-06  5.63402345e-04 
 2.50131942e-06  3.45552289e-04 
 2.50177798e-06  3.31172675e-04 
 2.50219706e-06  1.54208525e-04 
 2.50266753e-06  2.22657847e-04 
 2.50327768e-06  3.47317397e-05 
 2.50393590e-06  1.65710397e-04 
 2.50469184e-06  1.20528915e-05 
 2.50546714e-06  1.65009016e-04 
 2.50653566e-06  3.02899424e-05 
 2.50733291e-06  1.64484899e-04 
 2.50822053e-06  1.56795736e-05 
 2.50908450e-06  1.41441926e-04 
 2.51005073e-06 -4.96640093e-06 
 2.51115306e-06  1.35697225e-04 
 2.51238705e-06 -5.98385873e-06 
 2.51485502e-06  1.35051564e-04 
 2.51850016e-06 -5.91433874e-06 
 2.52505344e-06  1.34846353e-04 
 2.53672688e-06 -5.94477116e-06 
 2.55655501e-06  1.34717282e-04 
 2.59621128e-06 -6.00311459e-06 
 2.67552381e-06  1.34643628e-04 
 2.75010000e-06 -6.02959824e-06 
 2.75011000e-06 -2.49817081e-03 
 2.75013000e-06 -2.84398552e-03 
 2.75017000e-06 -1.84361967e-03 
 2.75020000e-06 -2.02993424e-03 
 2.75020788e-06  4.88694891e-04 
 2.75022365e-06  5.75147912e-04 
 2.75025519e-06  5.15391783e-04 
 2.75031827e-06  5.04405823e-04 
 2.75044443e-06  3.92435238e-04 
 2.75057530e-06  4.42762776e-04 
 2.75080461e-06  4.12193650e-04 
 2.75121656e-06  3.94954075e-04 
 2.75163871e-06  3.28734273e-04 
 2.75212406e-06  2.11706235e-04 
 2.75269382e-06  9.46765296e-05 
 2.75345825e-06  1.43763600e-04 
 2.75397581e-06  9.06549959e-05 
 2.75456689e-06  1.23600094e-04 
 2.75512598e-06  7.30430723e-05 
 2.75574661e-06  1.12728902e-04 
 2.75658625e-06  6.43545636e-05 
 2.75749283e-06  9.11030231e-05 
 2.75839944e-06  5.43553060e-05 
 2.75934020e-06  8.62744904e-05 
 2.76060599e-06  4.63140986e-05 
 2.76192470e-06  8.28795550e-05 
 2.76456213e-06  4.61096172e-05 
 2.76786703e-06  8.27182925e-05 
 2.77447683e-06  4.61324278e-05 
 2.78621909e-06  8.26350805e-05 
 2.80631003e-06  4.60918515e-05 
 2.84649193e-06  8.25751920e-05 
 2.92685571e-06  4.60560040e-05 
 3.00000000e-06  8.25494795e-05 
 3.00001000e-06  2.54444515e-03 
 3.00003000e-06  2.21300135e-03 
 3.00007000e-06  2.87026817e-03 
 3.00010000e-06  3.84757594e-03 
 3.00010784e-06  9.61249782e-04 
 3.00012353e-06  6.18519607e-04 
 3.00015490e-06  7.54849897e-04 
 3.00021764e-06  4.92447822e-04 
 3.00033464e-06  5.72088355e-04 
 3.00049432e-06  3.69144874e-04 
 3.00081368e-06  5.63808565e-04 
 3.00127056e-06  3.60508985e-04 
 3.00174403e-06  3.34086429e-04 
 3.00217614e-06  1.62439276e-04 
 3.00266502e-06  2.36635752e-04 
 3.00332505e-06  3.61368184e-05 
 3.00392812e-06  1.72435274e-04 
 3.00442790e-06  2.80960434e-05 
 3.00500977e-06  1.78110424e-04 
 3.00555675e-06  3.17903007e-05 
 3.00617619e-06  1.63534493e-04 
 3.00681237e-06  1.31005201e-05 
 3.00762693e-06  1.53840241e-04 
 3.00858543e-06  1.98732540e-05 
 3.00976394e-06  1.60350602e-04 
 3.01077941e-06  1.47510954e-05 
 3.01182227e-06  1.65656712e-04 
 3.01298557e-06  6.26116425e-05 
 3.01381354e-06  2.16428716e-04 
 3.01459156e-06  7.32113750e-05 
 3.01558705e-06  2.06451586e-04 
 3.01660532e-06  6.09784265e-05 
 3.01757428e-06  1.92618286e-04 
 3.01877406e-06  4.62469776e-05 
 3.02001221e-06  1.80296104e-04 
 3.02183001e-06  3.82219704e-05 
 3.02393083e-06  1.71449379e-04 
 3.02813248e-06  2.73275989e-05 
 3.03653577e-06  1.55900360e-04 
 3.04992622e-06  1.15260575e-05 
 3.07243641e-06  1.45623582e-04 
 3.09609815e-06  6.37254253e-06 
 3.12108788e-06  1.38569036e-04 
 3.15281708e-06 -4.66373677e-06 
 3.18001224e-06  1.29484565e-04 
 3.21033164e-06 -8.39019793e-06 
 3.24251208e-06  1.28049019e-04 
 3.25010000e-06 -8.71894622e-06 
 3.25011000e-06 -2.50870588e-03 
 3.25013000e-06 -2.85601179e-03 
 3.25017000e-06 -1.85113238e-03 
 3.25020000e-06 -2.03736040e-03 
 3.25020788e-06  4.83253099e-04 
 3.25022364e-06  5.70470313e-04 
 3.25025516e-06  5.11458041e-04 
 3.25031820e-06  5.00989963e-04 
 3.25044428e-06  3.89026428e-04 
 3.25057537e-06  4.39487706e-04 
 3.25080464e-06  4.08240714e-04 
 3.25121597e-06  3.90140246e-04 
 3.25163841e-06  3.23572573e-04 
 3.25212341e-06  2.06127187e-04 
 3.25269369e-06  8.80604432e-05 
 3.25346805e-06  1.34783256e-04 
 3.25398170e-06  7.61503939e-05 
 3.25456549e-06  1.00451656e-04 
 3.25527127e-06  5.53622948e-05 
 3.25598672e-06  9.33160561e-05 
 3.25687079e-06  4.44047938e-05 
 3.25838260e-06  7.95550064e-05 
 3.25998985e-06  4.04228521e-05 
 3.26292784e-06  7.92352479e-05 
 3.26764860e-06  4.04261870e-05 
 3.27709012e-06  7.90626395e-05 
 3.29597316e-06  4.03548063e-05 
 3.33373925e-06  7.89741381e-05 
 3.40927143e-06  4.03364626e-05 
 3.50000000e-06  7.89691336e-05 
 3.50001000e-06  2.54163192e-03 
 3.50003000e-06  2.21074916e-03 
 3.50007000e-06  2.86795925e-03 
 3.50010000e-06  3.84488385e-03 
 3.50010784e-06  9.57049284e-04 
 3.50012353e-06  6.13502944e-04 
 3.50015490e-06  7.49931826e-04 
 3.50021764e-06  4.87295921e-04 
 3.50033466e-06  5.66994179e-04 
 3.50049407e-06  3.63806047e-04 
 3.50081290e-06  5.58564464e-04 
 3.50132067e-06  3.40678931e-04 
 3.50177922e-06  3.25879556e-04 
 3.50219878e-06  1.49667357e-04 
 3.50266966e-06  2.17260086e-04 
 3.50327996e-06  3.04160214e-05 
 3.50393711e-06  1.60571259e-04 
 3.50469451e-06  7.78572509e-06 
 3.50547078e-06  1.59968330e-04 
 3.50653783e-06  2.59936944e-05 
 3.50733428e-06  1.59392776e-04 
 3.50822055e-06  1.14027036e-05 
 3.50908165e-06  1.36402003e-04 
 3.51004860e-06 -9.25627745e-06 
 3.51115077e-06  1.30629818e-04 
 3.51238265e-06 -1.02755040e-05 
 3.51484642e-06  1.29986060e-04 
 3.51847087e-06 -1.02026252e-05 
 3.52497656e-06  1.29786283e-04 
 3.53653001e-06 -1.02241227e-05 
 3.55610163e-06  1.29668659e-04 
 3.59524488e-06 -1.02676696e-05 
 3.67353136e-06  1.29609450e-04 
 3.75010000e-06 -1.02866011e-05 
 3.75011000e-06 -2.50280132e-03 
 3.75013000e-06 -2.84860923e-03 
 3.75017000e-06 -1.84711951e-03 
 3.75020000e-06 -2.03203920e-03 
 3.75020788e-06  4.84230493e-04 
 3.75022365e-06  5.70364459e-04 
 3.75025519e-06  5.10900429e-04 
 3.75031827e-06  4.99701818e-04 
 3.75044443e-06  3.87689562e-04 
 3.75057545e-06  4.38126032e-04 
 3.75080459e-06  4.07565522e-04 
 3.75121696e-06  3.90193568e-04 
 3.75163859e-06  3.24184792e-04 
 3.75212439e-06  2.06842130e-04 
 3.75269383e-06  9.01330198e-05 
 3.75345861e-06  1.39030765e-04 
 3.75397613e-06  8.60958545e-05 
 3.75456723e-06  1.18864683e-04 
 3.75512645e-06  6.84831827e-05 
 3.75574712e-06  1.07994111e-04 
 3.75658697e-06  5.97882902e-05 
 3.75749369e-06  8.63658896e-05 
 3.75840047e-06  4.97988798e-05 
 3.75934111e-06  8.15352580e-05 
 3.76060674e-06  4.17600359e-05 
 3.76192561e-06  7.81433620e-05 
 3.76456334e-06  4.15556771e-05 
 3.76787024e-06  7.79822063e-05 
 3.77448403e-06  4.15783876e-05 
 3.78623963e-06  7.78990766e-05 
 3.80638057e-06  4.15378390e-05 
 3.84666244e-06  7.78393882e-05 
 3.92722620e-06  4.15022460e-05 
 4.00000000e-06  7.78139204e-05 
 4.00001000e-06  2.53858195e-03 
 4.00003000e-06  2.20628705e-03 
 4.00007000e-06  2.86674434e-03 
 4.00010000e-06  3.84170780e-03 
 4.00010784e-06  9.56448579e-04 
 4.00012353e-06  6.13704686e-04 
 4.00015490e-06  7.50072320e-04 
 4.00021764e-06  4.87685409e-04 
 4.00033464e-06  5.67398955e-04 
 4.00049432e-06  3.64471957e-04 
 4.00081367e-06  5.59173235e-04 
 4.00127055e-06  3.55909250e-04 
 4.00174402e-06  3.29397004e-04 
 4.00217592e-06  1.57743657e-04 
 4.00266488e-06  2.31911674e-04 
 4.00332462e-06  3.15154769e-05 
 4.00392763e-06  1.68070561e-04 
 4.00442733e-06  2.34274616e-05 
 4.00500915e-06  1.73469660e-04 
 4.00555655e-06  2.70970229e-05 
 4.00617559e-06  1.58910195e-04 
 4.00681155e-06  8.35389958e-06 
 4.00762662e-06  1.49200150e-04 
 4.00858447e-06  1.49515131e-05 
 4.00976356e-06  1.55767990e-04 
 4.01077952e-06  4.30619930e-06 
 4.01182270e-06  1.54134535e-04 
 4.01298887e-06  5.38513121e-05 
 4.01382173e-06  2.02881313e-04 
 4.01460750e-06  6.01071290e-05 
 4.01570749e-06  1.90439843e-04 
 4.01670781e-06  4.35342144e-05 
 4.01774018e-06  1.72980777e-04 
 4.01896590e-06  2.63576882e-05 
 4.02025131e-06  1.59741746e-04 
 4.02210536e-06  1.79725666e-05 
 4.02450112e-06  1.50681060e-04 
 4.02929265e-06  8.51922094e-06 
 4.03878445e-06  1.42516249e-04 
 4.05005556e-06  4.13942937e-06 
 4.06015306e-06  1.37964498e-04 
 4.07067282e-06 -3.31454450e-06 
 4.07866724e-06  1.29731887e-04 
 4.08828161e-06 -8.96485190e-06 
 4.10099964e-06  1.25509158e-04 
 4.11448023e-06 -1.12923295e-05 
 4.13610586e-06  1.24557800e-04 
 4.16099116e-06 -1.15130500e-05 
 4.20442505e-06  1.24642576e-04 
 4.25010000e-06 -1.14124772e-05 
 4.25011000e-06 -2.51097886e-03 
 4.25013000e-06 -2.85734069e-03 
 4.25017000e-06 -1.84361223e-03 
 4.25020000e-06 -2.03824860e-03 
 4.25020773e-06  4.75401272e-04 
 4.25022320e-06  5.65399857e-04 
 4.25025413e-06  5.12752597e-04 
 4.25031600e-06  4.97316196e-04 
 4.25038285e-06  4.19277950e-04 
 4.25051654e-06  4.23791861e-04 
 4.25069140e-06  4.15165531e-04 
 4.25093507e-06  4.43049831e-04 
 4.25132674e-06  3.18202491e-04 
 4.25178035e-06  3.52001347e-04 
 4.25226101e-06  1.02052515e-04 
 4.25292333e-06  1.47829112e-04 
 4.25380185e-06  6.08542147e-05 
 4.25437165e-06  1.30633465e-04 
 4.25501420e-06  2.62100371e-05 
 4.25572940e-06  1.19577580e-04 
 4.25664930e-06  1.62765590e-05 
 4.25751412e-06  1.05476461e-04 
 4.25915992e-06  9.92380718e-06 
 4.26132722e-06  1.03813208e-04 
 4.26540771e-06  9.86639865e-06 
 4.27259131e-06  1.03713568e-04 
 4.28416183e-06  9.77798076e-06 
 4.30585727e-06  1.03647919e-04 
 4.34205046e-06  9.72648966e-06 
 4.40658185e-06  1.03618152e-04 
 4.50000000e-06  9.70737557e-06 
 4.50001000e-06  2.52662940e-03 
 4.50003000e-06  2.20192654e-03 
 4.50007000e-06  2.86328088e-03 
 4.50010000e-06  3.84620589e-03 
 4.50010783e-06  9.67412367e-04 
 4.50012349e-06  6.22709213e-04 
 4.50015482e-06  7.51881271e-04 
 4.50021747e-06  4.87532213e-04 
 4.50034276e-06  5.59347408e-04 
 4.50058945e-06  3.54170657e-04 
 4.50094755e-06  5.72005559e-04 
 4.50158053e-06  2.21023712e-04 
 4.50215858e-06  2.91070180e-04 
 4.50263283e-06  8.74344225e-05 
 4.50316679e-06  1.71191362e-04 
 4.50375728e-06  2.65628138e-05 
 4.50440531e-06  1.45640755e-04 
 4.50511173e-06  1.40656969e-05 
 4.50602640e-06  1.58881549e-04 
 4.50707485e-06  2.23919714e-05 
 4.50794970e-06  1.47090556e-04 
 4.50888759e-06  3.71008284e-06 
 4.50985316e-06  1.22748720e-04 
 4.51088742e-06 -7.13177711e-06 
 4.51253351e-06  1.21813340e-04 
 4.51408154e-06 -7.91970944e-06 
 4.51717760e-06  1.21798623e-04 
 4.52229561e-06 -8.06384798e-06 
 4.53065231e-06  1.21695146e-04 
 4.54731416e-06 -8.17204016e-06 
 4.58063786e-06  1.21604615e-04 
 4.64728525e-06 -8.23693965e-06 
 4.75010000e-06  1.21567954e-04 
 4.75011000e-06 -2.49710993e-03 
 4.75013000e-06 -2.85960288e-03 
 4.75017000e-06 -1.83321479e-03 
 4.75020000e-06 -2.04264918e-03 
 4.75020761e-06  4.74863539e-04 
 4.75022282e-06  5.65714202e-04 
 4.75025325e-06  5.12543901e-04 
 4.75031411e-06  4.98900252e-04 
 4.75037996e-06  4.19267752e-04 
 4.75051166e-06  4.23512048e-04 
 4.75068429e-06  4.13264691e-04 
 4.75092215e-06  4.45059356e-04 
 4.75131669e-06  3.18798477e-04 
 4.75176114e-06  3.58269669e-04 
 4.75223918e-06  1.07651916e-04 
 4.75288518e-06  1.49532835e-04 
 4.75376534e-06  6.70638832e-05 
 4.75432712e-06  1.43182622e-04 
 4.75496751e-06  4.59434136e-05 
 4.75565543e-06  1.29417678e-04 
 4.75635885e-06  3.50069265e-05 
 4.75718138e-06  1.12926486e-04 
 4.75813407e-06  1.96158382e-05 
 4.75925327e-06  1.07436687e-04 
 4.76030707e-06  1.15967762e-05 
 4.76188833e-06  1.02896461e-04 
 4.76361646e-06  1.07442910e-05 
 4.76680849e-06  1.02863551e-04 
 4.77251025e-06  1.06949576e-05 
 4.78109389e-06  1.02823141e-04 
 4.79719275e-06  1.06360347e-05 
 4.82300054e-06  1.02774573e-04 
 4.86771356e-06  1.05942519e-05 
 4.94908561e-06  1.02745448e-04 
 5.00000000e-06  1.05770487e-05 
 5.00001000e-06  2.52566059e-03 
 5.00003000e-06  2.19967733e-03 
 5.00007000e-06  2.86327484e-03 
 5.00010000e-06  3.84463326e-03 
 5.00010783e-06  9.66931470e-04 
 5.00012349e-06  6.22521813e-04 
 5.00015482e-06  7.51369201e-04 
 5.00021746e-06  4.87305611e-04 
 5.00034276e-06  5.59411907e-04 
 5.00058863e-06  3.54762150e-04 
 5.00094689e-06  5.72266857e-04 
 5.00157896e-06  2.19833448e-04 
 5.00215691e-06  2.91254717e-04 
 5.00265272e-06  9.50261472e-05 
 5.00321036e-06  1.79951005e-04 
 5.00377562e-06  3.11198805e-05 
 5.00443226e-06  1.57513510e-04 
 5.00494266e-06  3.75138722e-05 
 5.00552260e-06  1.69842546e-04 
 5.00605250e-06  2.61781581e-05 
 5.00664545e-06  1.45085787e-04 
 5.00753426e-06  7.78175547e-06 
 5.00835448e-06  1.44509527e-04 
 5.00963239e-06  2.45158969e-05 
 5.01053973e-06  1.42517670e-04 
 5.01153235e-06  6.32108981e-06 
 5.01268284e-06  1.72506972e-04 
 5.01372125e-06  5.65949262e-05 
 5.01467655e-06  1.81392383e-04 
 5.01576686e-06  3.98804756e-05 
 5.01685566e-06  1.61422007e-04 
 5.01794346e-06  2.16505565e-05 
 5.01936843e-06  1.42870093e-04 
 5.02066209e-06  1.05719768e-05 
 5.02268465e-06  1.38039417e-04 
 5.02545830e-06  7.16846643e-06 
 5.03100560e-06  1.35575790e-04 
 5.03814770e-06  1.62951873e-06 
 5.04767671e-06  1.24268777e-04 
 5.05403588e-06 -7.81420979e-06 
 5.06220436e-06  1.20730639e-04 
 5.06965637e-06 -9.31695501e-06 
 5.08388272e-06  1.20140909e-04 
 5.10087035e-06 -9.77484487e-06 
 5.11782668e-06  1.19962575e-04 
 5.13507968e-06 -9.70606391e-06 
 5.15306194e-06  1.19985842e-04 
 5.18902647e-06 -9.66481776e-06 
 5.25010000e-06  1.20010131e-04 
 5.25011000e-06 -2.49751461e-03 
 5.25013000e-06 -2.86332521e-03 
 5.25017000e-06 -1.83518064e-03 
 5.25020000e-06 -2.04358196e-03 
 5.25020760e-06  4.74069918e-04 
 5.25022279e-06  5.63633191e-04 
 5.25025318e-06  5.11119678e-04 
 5.25031395e-06  4.96804168e-04 
 5.25037999e-06  4.17881674e-04 
 5.25051205e-06  4.21770133e-04 
 5.25066094e-06  4.09057964e-04 
 5.25091096e-06  4.44219452e-04 
 5.25128553e-06  3.21371603e-04 
 5.25173452e-06  3.61150908e-04 
 5.25219731e-06  1.17484839e-04 
 5.25283485e-06  1.42454580e-04 
 5.25369051e-06  6.51238999e-05 
 5.25424686e-06  1.28957227e-04 
 5.25487312e-06  2.99398245e-05 
 5.25564529e-06  1.14130014e-04 
 5.25649463e-06  2.00310114e-05 
 5.25737265e-06  1.00599900e-04 
 5.25893171e-06  1.21784093e-05 
 5.26112345e-06  9.86784777e-05 
 5.26478797e-06  1.20467294e-05 
 5.27199930e-06  9.86159770e-05 
 5.28345716e-06  1.19460359e-05 
 5.30539548e-06  9.85566834e-05 
 5.34356188e-06  1.18858837e-05 
 5.41178179e-06  9.85232933e-05 
 5.50000000e-06  1.18623439e-05 
 5.50001000e-06  2.52434012e-03 
 5.50003000e-06  2.19772924e-03 
 5.50007000e-06  2.86257458e-03 
 5.50010000e-06  3.84333666e-03 
 5.50010783e-06  9.65560612e-04 
 5.50012349e-06  6.20942998e-04 
 5.50015481e-06  7.50096464e-04 
 5.50021746e-06  4.85944212e-04 
 5.50034275e-06  5.57868626e-04 
 5.50058942e-06  3.52746697e-04 
 5.50094725e-06  5.70503158e-04 
 5.50158038e-06  2.19557601e-04 
 5.50215822e-06  2.89593980e-04 
 5.50263231e-06  8.60849228e-05 
 5.50316623e-06  1.69687925e-04 
 5.50375713e-06  2.51832243e-05 
 5.50440517e-06  1.44089132e-04 
 5.50510830e-06  1.26746319e-05 
 5.50601872e-06  1.57374915e-04 
 5.50707245e-06  2.10097995e-05 
 5.50794657e-06  1.45644955e-04 
 5.50888427e-06  2.32094871e-06 
 5.50984530e-06  1.21300246e-04 
 5.51087789e-06 -8.58151119e-06 
 5.51253351e-06  1.20327187e-04 
 5.51406884e-06 -9.36945558e-06 
 5.51713952e-06  1.20310120e-04 
 5.52222421e-06 -9.51136997e-06 
 5.53045657e-06  1.20205317e-04 
 5.54690167e-06 -9.61881178e-06 
 5.57979187e-06  1.20113777e-04 
 5.64557228e-06 -9.68423283e-06 
 5.75010000e-06  1.20076231e-04 
 5.75011000e-06 -2.49855598e-03 
 5.75013000e-06 -2.86096599e-03 
 5.75017000e-06 -1.83332178e-03 
 5.75020000e-06 -2.04207354e-03 
 5.75020761e-06  4.73652595e-04 
 5.75022282e-06  5.64392133e-04 
 5.75025325e-06  5.11278036e-04 
 5.75031411e-06  4.97481992e-04 
 5.75037996e-06  4.17881176e-04 
 5.75051165e-06  4.22025765e-04 
 5.75068428e-06  4.11846676e-04 
 5.75092213e-06  4.43554120e-04 
 5.75131659e-06  3.17370805e-04 
 5.75176104e-06  3.56783692e-04 
 5.75223902e-06  1.06240970e-04 
 5.75288500e-06  1.48031493e-04 
 5.75376512e-06  6.56266171e-05 
 5.75432678e-06  1.41636353e-04 
 5.75496711e-06  4.45916100e-05 
 5.75565319e-06  1.27929161e-04 
 5.75635517e-06  3.36047008e-05 
 5.75717477e-06  1.11508088e-04 
 5.75813000e-06  1.81508419e-05 
 5.75925478e-06  1.05958153e-04 
 5.76030313e-06  1.01508069e-05 
 5.76187998e-06  1.01410810e-04 
 5.76360282e-06  9.29174726e-06 
 5.76678784e-06  1.01374948e-04 
 5.77249319e-06  9.24335983e-06 
 5.78108427e-06  1.01333848e-04 
 5.79723034e-06  9.18475512e-06 
 5.82314380e-06  1.01285071e-04 
 5.86809611e-06  9.14321571e-06 
 5.94783356e-06  1.01256305e-04 
 6.00000000e-06  9.12635353e-06 
 6.00001000e-06  2.52314869e-03 
 6.00003000e-06  2.19643221e-03 
 6.00007000e-06  2.86248580e-03 
 6.00010000e-06  3.84221827e-03 
 6.00010783e-06  9.65248118e-04 
 6.00012349e-06  6.20875182e-04 
 6.00015482e-06  7.49735815e-04 
 6.00021746e-06  4.85740305e-04 
 6.00034276e-06  5.57894388e-04 
 6.00058863e-06  3.53296122e-04 
 6.00094689e-06  5.70793198e-04 
 6.00157896e-06  2.18370603e-04 
 6.00215691e-06  2.89765913e-04 
 6.00265278e-06  9.35516622e-05 
 6.00321039e-06  1.78465532e-04 
 6.00377570e-06  2.96564807e-05 
 6.00443231e-06  1.56031510e-04 
 6.00494274e-06  3.60500624e-05 
 6.00552272e-06  1.68349255e-04 
 6.00605268e-06  2.47180987e-05 
 6.00664569e-06  1.43624113e-04 
 6.00753463e-06  6.38563774e-06 
 6.00835497e-06  1.43260420e-04 
 6.00963323e-06  2.34557355e-05 
 6.01054201e-06  1.41695183e-04 
 6.01153532e-06  4.93873836e-06 
 6.01256614e-06  1.66463152e-04 
 6.01367290e-06  4.78092636e-05 
 6.01470096e-06  1.66612847e-04 
 6.01576788e-06  2.58787435e-05 
 6.01689078e-06  1.48641937e-04 
 6.01800096e-06  1.15283546e-05 
 6.01934872e-06  1.35845321e-04 
 6.02070270e-06  6.12663212e-06 
 6.02263004e-06  1.34789971e-04 
 6.02575473e-06  8.90292640e-07 
 6.02943283e-06  1.24748243e-04 
 6.03334196e-06 -8.41299896e-06 
 6.03692952e-06  1.19920452e-04 
 6.04172598e-06 -1.02320543e-05 
 6.04821148e-06  1.19271616e-04 
 6.05984847e-06 -1.02723187e-05 
 6.08002112e-06  1.19367604e-04 
 6.12036642e-06 -1.02395700e-05 
 6.17240282e-06  1.19305770e-04 
 6.25010000e-06 -1.03119021e-05 
 6.25011000e-06 -2.50580859e-03 
 6.25013000e-06 -2.85642960e-03 
 6.25017000e-06 -1.84181546e-03 
 6.25020000e-06 -2.03561787e-03 
 6.25020773e-06  4.74713746e-04 
 6.25022320e-06  5.62661189e-04 
 6.25025413e-06  5.10625345e-04 
 6.25031599e-06  4.93858382e-04 
 6.25038276e-06  4.16628816e-04 
 6.25051629e-06  4.20256784e-04 
 6.25066653e-06  4.09650324e-04 
 6.25092184e-06  4.41501837e-04 
 6.25129247e-06  3.20109929e-04 
 6.25174828e-06  3.56946452e-04 
 6.25221078e-06  1.13417531e-04 
 6.25285939e-06  1.42093828e-04 
 6.25372177e-06  6.33821851e-05 
 6.25427408e-06  1.27947222e-04 
 6.25490729e-06  2.81604616e-05 
 6.25565401e-06  1.14161580e-04 
 6.25652371e-06  1.84575387e-05 
 6.25739335e-06  1.00398850e-04 
 6.25896609e-06  1.09340074e-05 
 6.26114717e-06  9.85092416e-05 
 6.26490236e-06  1.08231301e-05 
 6.27210275e-06  9.84380399e-05 
 6.28347373e-06  1.07257745e-05 
 6.30518740e-06  9.83754256e-05 
 6.34236031e-06  1.06642937e-05 
 6.40862513e-06  9.83388289e-05 
 6.50000000e-06  1.06386286e-05 
 6.50001000e-06  2.52270692e-03 
 6.50003000e-06  2.19572521e-03 
 6.50007000e-06  2.86245091e-03 
 6.50010000e-06  3.84190685e-03 
 6.50010783e-06  9.64710835e-04 
 6.50012349e-06  6.20117356e-04 
 6.50015482e-06  7.49285034e-04 
 6.50021747e-06  4.85155320e-04 
 6.50034276e-06  5.57105102e-04 
 6.50058944e-06  3.52036440e-04 
 6.50094734e-06  5.69806803e-04 
 6.50158044e-06  2.18840009e-04 
 6.50215833e-06  2.88870438e-04 
 6.50263253e-06  8.53309711e-05 
 6.50316643e-06  1.68977939e-04 
 6.50375778e-06  2.44772488e-05 
 6.50440583e-06  1.43370376e-04 
 6.50510780e-06  1.19756807e-05 
 6.50601631e-06  1.56595710e-04 
 6.50707116e-06  2.02678024e-05 
 6.50794473e-06  1.45001655e-04 
 6.50888211e-06  1.62540569e-06 
 6.50984021e-06  1.20653941e-04 
 6.51087108e-06 -9.31862667e-06 
 6.51253477e-06  1.19656958e-04 
 6.51405978e-06 -1.01073039e-05 
 6.51710981e-06  1.19639073e-04 
 6.52216493e-06 -1.02477013e-05 
 6.53029323e-06  1.19533618e-04 
 6.54654981e-06 -1.03545250e-05 
 6.57906298e-06  1.19441447e-04 
 6.64408932e-06 -1.04203344e-05 
 6.75010000e-06  1.19403213e-04 
 6.75011000e-06 -2.49924441e-03 
 6.75013000e-06 -2.86163144e-03 
 6.75017000e-06 -1.83348225e-03 
 6.75020000e-06 -2.04139763e-03 
 6.75020761e-06  4.73093679e-04 
 6.75022282e-06  5.63758870e-04 
 6.75025325e-06  5.10687771e-04 
 6.75031412e-06  4.96791942e-04 
 6.75037996e-06  4.17221921e-04 
 6.75051165e-06  4.21299280e-04 
 6.75068427e-06  4.11176604e-04 
 6.75092212e-06  4.42820704e-04 
 6.75131650e-06  3.16698764e-04 
 6.75176097e-06  3.56069550e-04 
 6.75223890e-06  1.05585498e-04 
 6.75288486e-06  1.47301145e-04 
 6.75376483e-06  6.49541656e-05 
 6.75432639e-06  1.40887149e-04 
 6.75496669e-06  4.39604945e-05 
 6.75565202e-06  1.27208736e-04 
 6.75635348e-06  3.29373282e-05 
 6.75717304e-06  1.10805382e-04 
 6.75812936e-06  1.74573844e-05 
 6.75925623e-06  1.05235770e-04 
 6.76030304e-06  9.46206024e-06 
 6.76187949e-06  1.00690469e-04 
 6.76360122e-06  8.60302065e-06 
 6.76678652e-06  1.00653440e-04 
 6.77250442e-06  8.55517066e-06 
 6.78111437e-06  1.00611955e-04 
 6.79732201e-06  8.49672984e-06 
 6.82335338e-06  1.00563022e-04 
 6.86855129e-06  8.45528977e-06 
 6.94865150e-06  1.00534298e-04 
 7.00000000e-06  8.43860451e-06 
 7.00001000e-06  2.52176584e-03 
 7.00003000e-06  2.19468651e-03 
 7.00007000e-06  2.86226304e-03 
 7.00010000e-06  3.84088225e-03 
 7.00010783e-06  9.64423793e-04 
 7.00012349e-06  6.20075963e-04 
 7.00015482e-06  7.48936197e-04 
 7.00021746e-06  4.84981854e-04 
 7.00034276e-06  5.57158592e-04 
 7.00058863e-06  3.52595654e-04 
 7.00094689e-06  5.70084981e-04 
 7.00157896e-06  2.17669549e-04 
 7.00215691e-06  2.89047861e-04 
 7.00265283e-06  9.28429655e-05 
 7.00321042e-06  1.77749513e-04 
 7.00377578e-06  2.89588100e-05 
 7.00443236e-06  1.55318810e-04 
 7.00494280e-06  3.53460740e-05 
 7.00552279e-06  1.67616253e-04 
 7.00605280e-06  2.40156320e-05 
 7.00664583e-06  1.42946160e-04 
 7.00753485e-06  5.79668159e-06 
 7.00835526e-06  1.42867944e-04 
 7.00963358e-06  2.30500104e-05 
 7.01054514e-06  1.41429382e-04 
 7.01153963e-06  4.67893311e-06 
 7.01257217e-06  1.64695114e-04 
 7.01366591e-06  3.95622174e-05 
 7.01467855e-06  1.54502725e-04 
 7.01574893e-06  1.88121902e-05 
 7.01686591e-06  1.46663969e-04 
 7.01797115e-06  1.04283243e-05 
 7.01936144e-06  1.31136724e-04 
 7.02068729e-06 -2.32664816e-06 
 7.02269173e-06  1.22238480e-04 
 7.02484214e-06 -9.73684791e-06 
 7.02784358e-06  1.18948463e-04 
 7.03182763e-06 -1.08708171e-05 
 7.03979574e-06  1.18838120e-04 
 7.05573194e-06 -1.07597726e-05 
 7.08644778e-06  1.18943118e-04 
 7.13209192e-06 -1.06977601e-05 
 7.19509087e-06  1.18956655e-04 
 7.25010000e-06 -1.07019356e-05 
 7.25011000e-06 -2.50613066e-03 
 7.25013000e-06 -2.85674789e-03 
 7.25017000e-06 -1.84179665e-03 
 7.25020000e-06 -2.03485891e-03 
 7.25020773e-06  4.74473195e-04 
 7.25022320e-06  5.62552308e-04 
 7.25025413e-06  5.10319732e-04 
 7.25031599e-06  4.93528388e-04 
 7.25038278e-06  4.16279021e-04 
 7.25051636e-06  4.19901698e-04 
 7.25066666e-06  4.09318101e-04 
 7.25092168e-06  4.41184883e-04 
 7.25129239e-06  3.19739520e-04 
 7.25174812e-06  3.56653448e-04 
 7.25221061e-06  1.13079853e-04 
 7.25285906e-06  1.41756904e-04 
 7.25372132e-06  6.30140009e-05 
 7.25427363e-06  1.27618762e-04 
 7.25490670e-06  2.77951754e-05 
 7.25565380e-06  1.13819866e-04 
 7.25652314e-06  1.80887097e-05 
 7.25739280e-06  1.00061594e-04 
 7.25896518e-06  1.05567379e-05 
 7.26114614e-06  9.81703939e-05 
 7.26489955e-06  1.04447989e-05 
 7.27209507e-06  9.80990418e-05 
 7.28344032e-06  1.03466434e-05 
 7.30510219e-06  9.80354131e-05 
 7.34214516e-06  1.02834192e-05 
 7.40813351e-06  9.79967541e-05 
 7.50000000e-06  1.02558204e-05 
 7.50001000e-06  2.52180798e-03 
 7.50003000e-06  2.19456026e-03 
 7.50007000e-06  2.86247073e-03 
 7.50010000e-06  3.84104148e-03 
 7.50010783e-06  9.64252149e-04 
 7.50012349e-06  6.19684868e-04 
 7.50015482e-06  7.48845093e-04 
 7.50021747e-06  4.84749722e-04 
 7.50034277e-06  5.56713111e-04 
 7.50058945e-06  3.51680582e-04 
 7.50094735e-06  5.69438411e-04 
 7.50158045e-06  2.18477746e-04 
 7.50215835e-06  2.88497181e-04 
 7.50263258e-06  8.49662645e-05 
 7.50316646e-06  1.68607058e-04 
 7.50375774e-06  2.41225737e-05 
 7.50440571e-06  1.43002716e-04 
 7.50510760e-06  1.16143961e-05 
 7.50601617e-06  1.56226348e-04 
 7.50707084e-06  1.99176909e-05 
 7.50794411e-06  1.44634247e-04 
 7.50888130e-06  1.28885340e-06 
 7.50983782e-06  1.20296506e-04 
 7.51086754e-06 -9.67599872e-06 
 7.51253544e-06  1.19290070e-04 
 7.51405498e-06 -1.04663667e-05 
 7.51709407e-06  1.19272783e-04 
 7.52213235e-06 -1.06063971e-05 
 7.53020405e-06  1.19167302e-04 
 7.54634744e-06 -1.07130516e-05 
 7.57863424e-06  1.19074825e-04 
 7.64320782e-06 -1.07792279e-05 
 7.75010000e-06  1.19036108e-04 
 7.75011000e-06 -2.49960189e-03 
 7.75013000e-06 -2.86197109e-03 
 7.75017000e-06 -1.83357183e-03 
 7.75020000e-06 -2.04089655e-03 
 7.75020761e-06  4.72815836e-04 
 7.75022282e-06  5.63434771e-04 
 7.75025325e-06  5.10395365e-04 
 7.75031412e-06  4.96444065e-04 
 7.75037996e-06  4.16898351e-04 
 7.75051165e-06  4.20932076e-04 
 7.75068426e-06  4.10833083e-04 
 7.75092211e-06  4.42438842e-04 
 7.75131653e-06  3.16348656e-04 
 7.75176098e-06  3.55683856e-04 
 7.75223893e-06  1.05230319e-04 
 7.75288489e-06  1.46921802e-04 
 7.75376487e-06  6.46135701e-05 
 7.75432644e-06  1.40497401e-04 
 7.75496673e-06  4.36166483e-05 
 7.75565214e-06  1.26823798e-04 
 7.75635364e-06  3.25942267e-05 
 7.75717305e-06  1.10423541e-04 
 7.75812914e-06  1.71146982e-05 
 7.75925608e-06  1.04854666e-04 
 7.76030274e-06  9.11853624e-06 
 7.76187898e-06  1.00308408e-04 
 7.76360049e-06  8.25837369e-06 
 7.76678508e-06  1.00271643e-04 
 7.77249720e-06  8.21045044e-06 
 7.78109899e-06  1.00230340e-04 
 7.79728256e-06  8.15198879e-06 
 7.82326883e-06  1.00181458e-04 
 7.86837602e-06  8.11052551e-06 
 7.94788801e-06  1.00152779e-04 
 8.00000000e-06  8.09380164e-06 
 8.00001000e-06  2.52098098e-03 
 8.00003000e-06  2.19369931e-03 
 8.00007000e-06  2.86218711e-03 
 8.00010000e-06  3.84009798e-03 
 8.00010783e-06  9.64009029e-04 
 8.00012349e-06  6.19637089e-04 
 8.00015482e-06  7.48541887e-04 
 8.00021746e-06  4.84577609e-04 
 8.00034276e-06  5.56794666e-04 
 8.00058863e-06  3.52200990e-04 
 8.00094688e-06  5.69704521e-04 
 8.00157896e-06  2.17456155e-04 
 8.00215611e-06  2.88584408e-04 
 8.00265152e-06  9.14480537e-05 
 8.00320883e-06  1.76176118e-04 
 8.00377424e-06  2.91095016e-05 
 8.00443110e-06  1.55889584e-04 
 8.00493677e-06  3.62513388e-05 
 8.00551813e-06  1.69210262e-04 
 8.00604583e-06  2.87926996e-05 
 8.00663682e-06  1.48995856e-04 
 8.00752129e-06  1.19341769e-05 
 8.00833619e-06  1.35252513e-04 
 8.00922753e-06  3.50366743e-06 
 8.01010745e-06  1.23819445e-04 
 8.01110993e-06 -1.51287978e-05 
 8.01224765e-06  1.16635452e-04 
 8.01335581e-06 -1.49393357e-05 
 8.01512966e-06  1.17009580e-04 
 8.01586049e-06 -1.28042233e-05 
 8.01679544e-06  1.17181837e-04 
 8.01786258e-06 -1.18070275e-05 
 8.01999686e-06  1.17504021e-04 
 8.02322994e-06 -1.11633288e-05 
 8.02888981e-06  1.17814303e-04 
 8.03822306e-06 -1.06635949e-05 
 8.05425421e-06  1.18704911e-04 
 8.07937595e-06 -8.08911757e-06 
 8.12682703e-06  1.26252719e-04 
 8.20007331e-06  4.29531088e-06 
 8.25010000e-06  1.34196587e-04 
 8.25011000e-06 -2.48380408e-03 
 8.25013000e-06 -2.84292498e-03 
 8.25017000e-06 -1.82455981e-03 
 8.25020000e-06 -2.03439830e-03 
 8.25020774e-06  4.74232401e-04 
 8.25022321e-06  5.61693767e-04 
 8.25025416e-06  5.07420374e-04 
 8.25031606e-06  4.98537336e-04 
 8.25043421e-06  3.91154778e-04 
 8.25056749e-06  4.36846436e-04 
 8.25075397e-06  4.12583418e-04 
 8.25112694e-06  4.09548854e-04 
 8.25151518e-06  3.26999461e-04 
 8.25199840e-06  2.63867612e-04 
 8.25255682e-06  7.45195900e-05 
 8.25321003e-06  1.35805149e-04 
 8.25420993e-06  5.85579799e-05 
 8.25525958e-06  1.16776460e-04 
 8.25618934e-06  5.15224495e-05 
 8.25715476e-06  1.05123250e-04 
 8.25859957e-06  3.84879387e-05 
 8.26014033e-06  1.01858892e-04 
 8.26307790e-06  3.84431238e-05 
 8.26829861e-06  1.01859850e-04 
 8.27874002e-06  3.85180763e-05 
 8.29962285e-06  1.02010830e-04 
 8.34138851e-06  3.88145839e-05 
 8.42491982e-06  1.02457943e-04 
 8.50000000e-06  3.92545889e-05 
