 0.00000000e+00  6.00715410e-05 
 1.00000000e-12  3.88854864e-03 
 2.00000000e-12  4.20598405e-03 
 4.00000000e-12  4.28726871e-03 
 8.00000000e-12  4.13707205e-03 
 1.60000000e-11  3.97487179e-03 
 3.20000000e-11  3.86249716e-03 
 6.40000000e-11  4.92073251e-03 
 1.00000000e-10  7.54950811e-03 
 1.06400000e-10  2.63389216e-03 
 1.19200000e-10  2.01991714e-03 
 1.44800000e-10  2.14348806e-03 
 1.96000000e-10  1.46922017e-03 
 2.98400000e-10  1.45834006e-03 
 4.51211514e-10  9.83816316e-04 
 7.56834541e-10  1.03280690e-03 
 1.04167229e-09  6.85377664e-04 
 1.50290022e-09  9.29626745e-04 
 1.91791338e-09  6.52012623e-04 
 2.38889562e-09  1.02474616e-03 
 2.84757421e-09  5.30165833e-04 
 3.24814365e-09  9.54053242e-04 
 3.71865917e-09  5.90128554e-04 
 4.21189063e-09  8.52746884e-04 
 4.70542791e-09  3.65168638e-04 
 5.25289910e-09  5.35894759e-04 
 5.84556601e-09  1.49817256e-04 
 6.65008079e-09  4.55550102e-04 
 7.41462440e-09  1.16354703e-04 
 8.29557180e-09  3.75657569e-04 
 9.24331485e-09 -3.87120849e-05 
 1.01510776e-08  2.73404832e-04 
 1.12072542e-08  1.57163714e-05 
 1.23549328e-08  3.57054210e-04 
 1.32220900e-08 -4.20337586e-05 
 1.40603925e-08  2.76091244e-04 
 1.49603437e-08 -5.46080849e-05 
 1.58127420e-08  2.70912243e-04 
 1.75175387e-08 -6.05465833e-05 
 1.92594204e-08  3.15181365e-04 
 2.10500408e-08  2.96077326e-05 
 2.30752463e-08  4.00812494e-04 
 2.43779473e-08 -8.60273706e-05 
 2.55842255e-08  3.09732014e-04 
 2.65326497e-08 -6.23664220e-05 
 2.75502139e-08  2.89435417e-04 
 2.92504335e-08 -5.83588392e-05 
 3.13349926e-08  2.82179283e-04 
 3.49657141e-08 -6.40774148e-05 
 3.86393418e-08  2.84284356e-04 
 4.27629078e-08 -5.64107512e-05 
 4.73009256e-08  2.79584693e-04 
 5.16531616e-08 -5.82555598e-05 
 5.95705951e-08  2.77663133e-04 
 6.76701909e-08 -6.16090946e-05 
 8.15811566e-08  2.74679340e-04 
 1.03911535e-07 -6.57813108e-05 
 1.43976464e-07  2.71166942e-04 
 2.24106323e-07 -6.77739387e-05 
 2.50100000e-07  2.70202541e-04 
 2.50110000e-07 -4.60181227e-03 
 2.50130000e-07 -5.10674542e-03 
 2.50170000e-07 -3.44078068e-03 
 2.50200000e-07 -3.65642830e-03 
 2.50206657e-07  4.73474930e-04 
 2.50219972e-07  6.41623977e-04 
 2.50246602e-07  5.72928285e-04 
 2.50299862e-07  5.66996861e-04 
 2.50406381e-07  4.30484210e-04 
 2.50519491e-07  4.59564568e-04 
 2.50732416e-07  4.27211666e-04 
 2.50955374e-07  4.94899971e-04 
 2.51401292e-07  3.71485321e-04 
 2.51898440e-07  3.72274307e-04 
 2.52363916e-07  1.56360088e-04 
 2.53019105e-07  2.06226233e-04 
 2.53899801e-07  1.21472526e-04 
 2.54508787e-07  2.00237329e-04 
 2.55209863e-07  8.09753307e-05 
 2.55954815e-07  1.66139108e-04 
 2.56776921e-07  7.21238459e-05 
 2.57728734e-07  1.51653241e-04 
 2.59097706e-07  5.80565688e-05 
 2.60726920e-07  1.45357861e-04 
 2.63534686e-07  5.71317887e-05 
 2.67167931e-07  1.44951683e-04 
 2.74434422e-07  5.67304804e-05 
 2.85691368e-07  1.44279099e-04 
 3.05135335e-07  5.56559877e-05 
 3.39178117e-07  1.42037181e-04 
 3.95543693e-07  5.09875413e-05 
 4.94789548e-07  1.33382732e-04 
 5.00000000e-07  4.52343216e-05 
 5.00010000e-07  2.45007172e-03 
 5.00030000e-07  2.19083253e-03 
 5.00070000e-07  2.93147876e-03 
 5.00100000e-07  3.80935571e-03 
 5.00108000e-07  1.05837586e-03 
 5.00124000e-07  7.28598569e-04 
 5.00156000e-07  8.25246732e-04 
 5.00220000e-07  5.41711408e-04 
 5.00348000e-07  6.17564522e-04 
 5.00519727e-07  4.25902864e-04 
 5.00863182e-07  6.03294592e-04 
 5.01296992e-07  3.13106002e-04 
 5.01759154e-07  3.08476447e-04 
 5.02236596e-07  1.74788598e-04 
 5.02764406e-07  2.66261457e-04 
 5.03391640e-07  6.93156331e-05 
 5.03998259e-07  1.87967545e-04 
 5.04678586e-07  4.12671587e-05 
 5.05397531e-07  1.73147200e-04 
 5.06383766e-07  3.92535653e-05 
 5.07586601e-07  1.78221923e-04 
 5.09483826e-07  4.45556973e-05 
 5.10805703e-07  1.73312625e-04 
 5.12266936e-07  6.24027841e-05 
 5.13783819e-07  2.01461813e-04 
 5.15521613e-07  4.78841474e-05 
 5.17559805e-07  1.71511992e-04 
 5.19554655e-07  3.88052392e-05 
 5.21944542e-07  1.54549886e-04 
 5.25864631e-07  2.59412439e-05 
 5.30659322e-07  1.50407339e-04 
 5.38452086e-07  2.50232794e-05 
 5.52295869e-07  1.49639102e-04 
 5.74013882e-07  2.36381365e-05 
 6.13477539e-07  1.47712632e-04 
 6.79201028e-07  2.09869443e-05 
 7.50100000e-07  1.45282344e-04 
 7.50110000e-07 -2.37925352e-03 
 7.50130000e-07 -2.68230429e-03 
 7.50170000e-07 -1.93519674e-03 
 7.50200000e-07 -2.00211885e-03 
 7.50207769e-07  3.24416943e-04 
 7.50223306e-07  4.17269368e-04 
 7.50254382e-07  3.90600266e-04 
 7.50316532e-07  4.26008422e-04 
 7.50440834e-07  3.43018478e-04 
 7.50614454e-07  3.93795207e-04 
 7.50848701e-07  4.07038566e-04 
 7.51261973e-07  4.31747544e-04 
 7.51750282e-07  3.28837027e-04 
 7.52255971e-07  2.24710566e-04 
 7.52826002e-07  1.16872822e-04 
 7.53616722e-07  1.57913454e-04 
 7.54187157e-07  1.05472442e-04 
 7.54842272e-07  1.31339932e-04 
 7.55427773e-07  7.84266868e-05 
 7.56077651e-07  1.18175597e-04 
 7.56934771e-07  7.11118569e-05 
 7.57836467e-07  1.07101099e-04 
 7.59626080e-07  6.15866990e-05 
 7.61867987e-07  1.03662259e-04 
 7.65269840e-07  6.15570724e-05 
 7.71199621e-07  1.03528260e-04 
 7.83059182e-07  6.13627052e-05 
 8.06778305e-07  1.03194761e-04 
 8.54216550e-07  6.08480181e-05 
 9.49093040e-07  1.02510368e-04 
 1.00000000e-06  6.03636313e-05 
 1.00001000e-06  2.43795641e-03 
 1.00003000e-06  2.17052248e-03 
 1.00007000e-06  2.92239352e-03 
 1.00010000e-06  3.79419553e-03 
 1.00010800e-06  1.04776141e-03 
 1.00012400e-06  7.19794205e-04 
 1.00015600e-06  8.16671699e-04 
 1.00022000e-06  5.34694756e-04 
 1.00034800e-06  6.09784614e-04 
 1.00052007e-06  4.19197647e-04 
 1.00086421e-06  5.95518946e-04 
 1.00129874e-06  3.05128785e-04 
 1.00176132e-06  2.98277840e-04 
 1.00223491e-06  1.68639968e-04 
 1.00276497e-06  2.61118998e-04 
 1.00340322e-06  6.38026766e-05 
 1.00403072e-06  1.76500773e-04 
 1.00457503e-06  4.18673540e-05 
 1.00519861e-06  1.74878641e-04 
 1.00580143e-06  4.04774490e-05 
 1.00647059e-06  1.63455413e-04 
 1.00715529e-06  2.73866996e-05 
 1.00803658e-06  1.52523869e-04 
 1.00914849e-06  2.46417073e-05 
 1.01086877e-06  1.67622646e-04 
 1.01269430e-06  4.40192443e-05 
 1.01416323e-06  1.92188689e-04 
 1.01541374e-06  7.88448182e-05 
 1.01661382e-06  2.05119521e-04 
 1.01786906e-06  6.95094587e-05 
 1.01896216e-06  1.91756233e-04 
 1.02014545e-06  5.81309778e-05 
 1.02143852e-06  1.82787928e-04 
 1.02308403e-06  5.20057001e-05 
 1.02502236e-06  1.78255078e-04 
 1.02805866e-06  4.69858364e-05 
 1.03377304e-06  1.71093353e-04 
 1.04260524e-06  3.78938617e-05 
 1.05936295e-06  1.60322262e-04 
 1.08795362e-06  2.73813336e-05 
 1.13873530e-06  1.53584228e-04 
 1.22829912e-06  2.29924041e-05 
 1.25010000e-06  1.50501636e-04 
 1.25011000e-06 -2.37985660e-03 
 1.25013000e-06 -2.68577810e-03 
 1.25017000e-06 -1.92888376e-03 
 1.25020000e-06 -1.99297928e-03 
 1.25020777e-06  3.30083977e-04 
 1.25022331e-06  4.23152880e-04 
 1.25025440e-06  3.96918191e-04 
 1.25031657e-06  4.31911957e-04 
 1.25044091e-06  3.48679535e-04 
 1.25061451e-06  3.98994374e-04 
 1.25084877e-06  4.11857153e-04 
 1.25126187e-06  4.34943775e-04 
 1.25174984e-06  3.32995916e-04 
 1.25225982e-06  2.26424759e-04 
 1.25282872e-06  1.21482559e-04 
 1.25363033e-06  1.63072648e-04 
 1.25421317e-06  1.09358092e-04 
 1.25488176e-06  1.28694999e-04 
 1.25550201e-06  7.89445912e-05 
 1.25617382e-06  1.21672256e-04 
 1.25719878e-06  7.26096231e-05 
 1.25836396e-06  1.08646406e-04 
 1.26015146e-06  6.51822522e-05 
 1.26274876e-06  1.06857051e-04 
 1.26652801e-06  6.48813033e-05 
 1.27408652e-06  1.06324959e-04 
 1.28920353e-06  6.39249863e-05 
 1.31943756e-06  1.04605221e-04 
 1.37990562e-06  6.12896038e-05 
 1.50000000e-06  1.02037036e-04 
 1.50001000e-06  2.43854382e-03 
 1.50003000e-06  2.16494617e-03 
 1.50007000e-06  2.92797290e-03 
 1.50010000e-06  3.79093540e-03 
 1.50010800e-06  1.04700832e-03 
 1.50012400e-06  7.18664021e-04 
 1.50015600e-06  8.15487350e-04 
 1.50022000e-06  5.33731077e-04 
 1.50034800e-06  6.08963790e-04 
 1.50051967e-06  4.18647283e-04 
 1.50086302e-06  5.95082410e-04 
 1.50129669e-06  3.06392137e-04 
 1.50175877e-06  2.98712778e-04 
 1.50223237e-06  1.67608685e-04 
 1.50276331e-06  2.57694772e-04 
 1.50339251e-06  6.06513319e-05 
 1.50399103e-06  1.79268563e-04 
 1.50463118e-06  3.59700700e-05 
 1.50532349e-06  1.70477249e-04 
 1.50629962e-06  4.33365373e-05 
 1.50746545e-06  1.72586512e-04 
 1.50855535e-06  3.52839414e-05 
 1.50963668e-06  1.53441738e-04 
 1.51090286e-06  1.54806284e-05 
 1.51229200e-06  1.47905444e-04 
 1.51368880e-06  1.53486818e-05 
 1.51648241e-06  1.47282169e-04 
 1.52110285e-06  1.54318064e-05 
 1.52835106e-06  1.47154716e-04 
 1.54207533e-06  1.54657757e-05 
 1.56417290e-06  1.47135616e-04 
 1.60372941e-06  1.55495723e-05 
 1.67681263e-06  1.47275346e-04 
 1.75010000e-06  1.57379003e-05 
 1.75011000e-06 -2.38751892e-03 
 1.75013000e-06 -2.67479863e-03 
 1.75017000e-06 -1.93322831e-03 
 1.75020000e-06 -1.98276553e-03 
 1.75020791e-06  3.27192320e-04 
 1.75022374e-06  4.18167018e-04 
 1.75025540e-06  3.92249990e-04 
 1.75031870e-06  4.24005951e-04 
 1.75044532e-06  3.42040559e-04 
 1.75061847e-06  3.93097506e-04 
 1.75085685e-06  4.07181822e-04 
 1.75127207e-06  4.28723725e-04 
 1.75175892e-06  3.26597259e-04 
 1.75226290e-06  2.20704995e-04 
 1.75283544e-06  1.16535385e-04 
 1.75363262e-06  1.55962950e-04 
 1.75420133e-06  1.04990003e-04 
 1.75485404e-06  1.28913208e-04 
 1.75543332e-06  7.83927525e-05 
 1.75607622e-06  1.16385797e-04 
 1.75691934e-06  7.12830965e-05 
 1.75783576e-06  1.05097366e-04 
 1.75961480e-06  6.16987993e-05 
 1.76187160e-06  1.01664451e-04 
 1.76525563e-06  6.17019956e-05 
 1.77125542e-06  1.01602721e-04 
 1.78325500e-06  6.16768012e-05 
 1.80725416e-06  1.01586479e-04 
 1.85525247e-06  6.16900072e-05 
 1.95124910e-06  1.01627330e-04 
 2.00000000e-06  6.17298327e-05 
 2.00001000e-06  2.43339891e-03 
 2.00003000e-06  2.16018430e-03 
 2.00007000e-06  2.92747864e-03 
 2.00010000e-06  3.78789745e-03 
 2.00010800e-06  1.04672032e-03 
 2.00012400e-06  7.19152769e-04 
 2.00015600e-06  8.16164957e-04 
 2.00022000e-06  5.34819779e-04 
 2.00034800e-06  6.09853805e-04 
 2.00052003e-06  4.19498165e-04 
 2.00086409e-06  5.95760220e-04 
 2.00129862e-06  3.05671330e-04 
 2.00176110e-06  2.98306311e-04 
 2.00223361e-06  1.69034463e-04 
 2.00276442e-06  2.60806594e-04 
 2.00340125e-06  6.42551628e-05 
 2.00402863e-06  1.76694448e-04 
 2.00457357e-06  4.20929037e-05 
 2.00519641e-06  1.74898513e-04 
 2.00580080e-06  4.09573849e-05 
 2.00646861e-06  1.63783058e-04 
 2.00715259e-06  2.80101324e-05 
 2.00803579e-06  1.52626784e-04 
 2.00914383e-06  2.50219002e-05 
 2.01086581e-06  1.67693282e-04 
 2.01269227e-06  4.43990536e-05 
 2.01416072e-06  1.90534206e-04 
 2.01541209e-06  7.18254575e-05 
 2.01661321e-06  1.94858595e-04 
 2.01786877e-06  6.09965783e-05 
 2.01896218e-06  1.81290528e-04 
 2.02014606e-06  4.65284539e-05 
 2.02143997e-06  1.67739576e-04 
 2.02308581e-06  3.35731945e-05 
 2.02502432e-06  1.58749371e-04 
 2.02806115e-06  2.62593693e-05 
 2.03116070e-06  1.49270883e-04 
 2.03464456e-06  1.77458578e-05 
 2.03712375e-06  1.47229108e-04 
 2.04044733e-06  3.21195260e-05 
 2.04423391e-06  1.60788289e-04 
 2.04703202e-06  5.61312246e-06 
 2.05012618e-06  1.49702258e-04 
 2.05469153e-06  7.42013502e-06 
 2.05886601e-06  1.42298507e-04 
 2.06411541e-06  6.41107818e-07 
 2.06993848e-06  1.36204470e-04 
 2.07677812e-06  1.59925625e-06 
 2.08336381e-06  1.34992233e-04 
 2.09653518e-06  1.86869761e-06 
 2.11500113e-06  1.34108210e-04 
 2.14363769e-06  9.10186699e-07 
 2.20081640e-06  1.31053544e-04 
 2.25010000e-06 -1.72545674e-06 
 2.25011000e-06 -2.41216350e-03 
 2.25013000e-06 -2.70311198e-03 
 2.25017000e-06 -1.95660463e-03 
 2.25020000e-06 -2.00222442e-03 
 2.25020791e-06  3.07744309e-04 
 2.25022373e-06  4.00126970e-04 
 2.25025537e-06  3.76168878e-04 
 2.25031865e-06  4.08696641e-04 
 2.25044520e-06  3.26789755e-04 
 2.25061840e-06  3.77056588e-04 
 2.25085691e-06  3.91052983e-04 
 2.25127143e-06  4.11112725e-04 
 2.25175850e-06  3.09456210e-04 
 2.25226390e-06  2.02578780e-04 
 2.25283599e-06  9.79288282e-05 
 2.25364035e-06  1.35472771e-04 
 2.25419338e-06  8.25702242e-05 
 2.25482402e-06  1.01273992e-04 
 2.25546827e-06  5.64095046e-05 
 2.25614774e-06  9.80582028e-05 
 2.25707623e-06  5.28681123e-05 
 2.25845004e-06  8.54940279e-05 
 2.26005728e-06  4.49075020e-05 
 2.26283997e-06  8.42688295e-05 
 2.26630330e-06  4.48263125e-05 
 2.27322997e-06  8.42596044e-05 
 2.28708330e-06  4.48510091e-05 
 2.31478997e-06  8.43982222e-05 
 2.37020330e-06  4.51842104e-05 
 2.47709887e-06  8.48811555e-05 
 2.50000000e-06  4.54636668e-05 
 2.50001000e-06  2.41775361e-03 
 2.50003000e-06  2.14495278e-03 
 2.50007000e-06  2.91557998e-03 
 2.50010000e-06  3.77331559e-03 
 2.50010800e-06  1.03172800e-03 
 2.50012400e-06  7.02766800e-04 
 2.50015600e-06  7.98517743e-04 
 2.50022000e-06  5.16367693e-04 
 2.50034800e-06  5.92555955e-04 
 2.50051977e-06  4.02425273e-04 
 2.50086330e-06  5.79135003e-04 
 2.50129969e-06  2.90798531e-04 
 2.50176308e-06  2.84276155e-04 
 2.50220515e-06  1.45634342e-04 
 2.50269806e-06  2.39379789e-04 
 2.50331343e-06  4.62265032e-05 
 2.50404379e-06  1.60920069e-04 
 2.50484664e-06  1.78969161e-05 
 2.50558253e-06  1.57679408e-04 
 2.50674004e-06  3.16914272e-05 
 2.50755973e-06  1.55778789e-04 
 2.50849600e-06  2.04576335e-05 
 2.50949791e-06  1.39314639e-04 
 2.51062817e-06 -1.55423443e-07 
 2.51177875e-06  1.31993604e-04 
 2.51325702e-06 -4.64373171e-07 
 2.51548239e-06  1.31150516e-04 
 2.51917179e-06 -3.65316592e-07 
 2.52567302e-06  1.30978731e-04 
 2.53761980e-06 -3.56531288e-07 
 2.56067631e-06  1.30899297e-04 
 2.60678934e-06 -3.68357731e-07 
 2.69901539e-06  1.30885464e-04 
 2.75010000e-06 -3.56197648e-07 
 2.75011000e-06 -2.40404498e-03 
 2.75013000e-06 -2.69200822e-03 
 2.75017000e-06 -1.94848630e-03 
 2.75020000e-06 -1.99371852e-03 
 2.75020791e-06  3.10803759e-04 
 2.75022374e-06  4.02184569e-04 
 2.75025540e-06  3.77383754e-04 
 2.75031871e-06  4.08749105e-04 
 2.75044533e-06  3.26254476e-04 
 2.75061847e-06  3.76525937e-04 
 2.75085675e-06  3.91047614e-04 
 2.75127198e-06  4.12084373e-04 
 2.75175847e-06  3.10490824e-04 
 2.75226263e-06  2.04115122e-04 
 2.75283531e-06  1.00558226e-04 
 2.75360729e-06  1.40254490e-04 
 2.75417211e-06  9.15506532e-05 
 2.75482190e-06  1.18891121e-04 
 2.75539875e-06  7.15118673e-05 
 2.75603982e-06  1.10997225e-04 
 2.75688054e-06  6.79805913e-05 
 2.75778659e-06  9.28819147e-05 
 2.75868675e-06  5.37817253e-05 
 2.75990828e-06  8.92723989e-05 
 2.76111247e-06  4.66316918e-05 
 2.76289730e-06  8.50294890e-05 
 2.76524020e-06  4.56874672e-05 
 2.76852513e-06  8.49958524e-05 
 2.77449623e-06  4.56785396e-05 
 2.78275590e-06  8.49719701e-05 
 2.79678933e-06  4.56567294e-05 
 2.81858913e-06  8.49461296e-05 
 2.85291282e-06  4.56364829e-05 
 2.91043938e-06  8.49282825e-05 
 3.00000000e-06  4.56239737e-05 
 3.00001000e-06  2.41486568e-03 
 3.00003000e-06  2.14041693e-03 
 3.00007000e-06  2.91521248e-03 
 3.00010000e-06  3.76958670e-03 
 3.00010800e-06  1.03092684e-03 
 3.00012400e-06  7.02817238e-04 
 3.00015600e-06  7.98413358e-04 
 3.00022000e-06  5.16910509e-04 
 3.00034800e-06  5.92978882e-04 
 3.00052004e-06  4.03294353e-04 
 3.00086411e-06  5.79452854e-04 
 3.00129878e-06  2.89765322e-04 
 3.00176129e-06  2.81969846e-04 
 3.00223347e-06  1.51890836e-04 
 3.00276371e-06  2.43591067e-04 
 3.00340060e-06  4.97407351e-05 
 3.00402510e-06  1.62670872e-04 
 3.00456859e-06  3.43458305e-05 
 3.00520327e-06  1.69747942e-04 
 3.00581073e-06  3.42053644e-05 
 3.00648866e-06  1.51552771e-04 
 3.00718047e-06  1.66669238e-05 
 3.00806171e-06  1.43015537e-04 
 3.00908077e-06  2.23662169e-05 
 3.01047002e-06  1.62584389e-04 
 3.01146722e-06  3.65425351e-05 
 3.01255037e-06  1.69515780e-04 
 3.01356014e-06  5.54328524e-05 
 3.01468666e-06  2.13839076e-04 
 3.01543166e-06  7.93203758e-05 
 3.01626118e-06  2.05688324e-04 
 3.01736646e-06  7.23495459e-05 
 3.01850229e-06  1.91848583e-04 
 3.01955482e-06  5.99684781e-05 
 3.02084761e-06  1.80724694e-04 
 3.02220980e-06  5.01508122e-05 
 3.02421979e-06  1.74752843e-04 
 3.02681669e-06  4.42596084e-05 
 3.03201050e-06  1.67660859e-04 
 3.04017448e-06  3.70707825e-05 
 3.05412870e-06  1.63571300e-04 
 3.07446732e-06  3.59677880e-05 
 3.09357592e-06  1.60470380e-04 
 3.11111648e-06  2.86974287e-05 
 3.13088702e-06  1.50805916e-04 
 3.15155760e-06  1.55450243e-05 
 3.17299667e-06  1.38003712e-04 
 3.19184043e-06  7.29178251e-06 
 3.20475457e-06  1.32858095e-04 
 3.21726139e-06  4.76796825e-06 
 3.22922618e-06  1.31371801e-04 
 3.24277682e-06  3.50006744e-06 
 3.25010000e-06  1.30558039e-04 
 3.25011000e-06 -2.39910909e-03 
 3.25013000e-06 -2.70551475e-03 
 3.25017000e-06 -1.94439409e-03 
 3.25020000e-06 -2.00059063e-03 
 3.25020777e-06  3.11104822e-04 
 3.25022331e-06  4.04100947e-04 
 3.25025440e-06  3.79293978e-04 
 3.25031657e-06  4.13441474e-04 
 3.25044092e-06  3.29713453e-04 
 3.25061455e-06  3.79104061e-04 
 3.25084907e-06  3.92818041e-04 
 3.25126212e-06  4.15023682e-04 
 3.25174951e-06  3.13407023e-04 
 3.25225967e-06  2.05318435e-04 
 3.25282831e-06  1.00594812e-04 
 3.25362978e-06  1.40097032e-04 
 3.25420433e-06  8.59991640e-05 
 3.25485282e-06  1.04731807e-04 
 3.25547273e-06  5.86186715e-05 
 3.25613876e-06  1.01040867e-04 
 3.25711798e-06  5.45937048e-05 
 3.25833551e-06  8.86528793e-05 
 3.26003582e-06  4.66974628e-05 
 3.26266149e-06  8.68896127e-05 
 3.26623522e-06  4.64592439e-05 
 3.27338268e-06  8.65967268e-05 
 3.28767759e-06  4.60068881e-05 
 3.31626742e-06  8.59713712e-05 
 3.37344707e-06  4.53030580e-05 
 3.48780638e-06  8.54142948e-05 
 3.50000000e-06  4.50906119e-05 
 3.50001000e-06  2.41597884e-03 
 3.50003000e-06  2.14210511e-03 
 3.50007000e-06  2.91748764e-03 
 3.50010000e-06  3.77122166e-03 
 3.50010800e-06  1.03145502e-03 
 3.50012400e-06  7.02602298e-04 
 3.50015600e-06  7.98323070e-04 
 3.50022000e-06  5.16342997e-04 
 3.50034800e-06  5.92513829e-04 
 3.50051977e-06  4.02507972e-04 
 3.50086330e-06  5.79163407e-04 
 3.50129970e-06  2.90919634e-04 
 3.50176308e-06  2.84227837e-04 
 3.50220525e-06  1.45750514e-04 
 3.50269813e-06  2.39314473e-04 
 3.50331360e-06  4.63338720e-05 
 3.50404394e-06  1.60918713e-04 
 3.50484686e-06  1.79901656e-05 
 3.50558652e-06  1.57741249e-04 
 3.50674139e-06  3.12989869e-05 
 3.50756092e-06  1.55779380e-04 
 3.50849672e-06  2.05632862e-05 
 3.50949923e-06  1.39286673e-04 
 3.51062888e-06 -3.01666338e-08 
 3.51177599e-06  1.31975956e-04 
 3.51325673e-06 -3.43091796e-07 
 3.51547198e-06  1.31131251e-04 
 3.51915277e-06 -2.51559628e-07 
 3.52562488e-06  1.30950557e-04 
 3.53749389e-06 -2.59800103e-07 
 3.56042174e-06  1.30843595e-04 
 3.60627744e-06 -3.15181506e-07 
 3.69798883e-06  1.30772656e-04 
 3.75010000e-06 -3.43902055e-07 
 3.75011000e-06 -2.40409174e-03 
 3.75013000e-06 -2.69205578e-03 
 3.75017000e-06 -1.94775297e-03 
 3.75020000e-06 -1.99042363e-03 
 3.75020791e-06  3.11105181e-04 
 3.75022374e-06  4.02280039e-04 
 3.75025540e-06  3.77597150e-04 
 3.75031871e-06  4.08675868e-04 
 3.75044533e-06  3.26147818e-04 
 3.75061847e-06  3.76399356e-04 
 3.75085676e-06  3.91053449e-04 
 3.75127198e-06  4.11959317e-04 
 3.75175827e-06  3.10492035e-04 
 3.75226251e-06  2.03983863e-04 
 3.75283505e-06  1.00566055e-04 
 3.75360690e-06  1.40143831e-04 
 3.75417177e-06  9.15448333e-05 
 3.75482165e-06  1.18799956e-04 
 3.75539833e-06  7.15425550e-05 
 3.75603947e-06  1.10873335e-04 
 3.75688087e-06  6.79845812e-05 
 3.75778502e-06  9.27816056e-05 
 3.75868616e-06  5.37820356e-05 
 3.75990691e-06  8.91640829e-05 
 3.76111123e-06  4.66324012e-05 
 3.76289745e-06  8.49163303e-05 
 3.76523838e-06  4.56854352e-05 
 3.76852400e-06  8.48828818e-05 
 3.77449368e-06  4.56748440e-05 
 3.78275139e-06  8.48574313e-05 
 3.79678449e-06  4.56502347e-05 
 3.81857890e-06  8.48278424e-05 
 3.85289981e-06  4.56247993e-05 
 3.91040282e-06  8.48035108e-05 
 4.00000000e-06  4.56051459e-05 
 4.00001000e-06  2.41330918e-03 
 4.00003000e-06  2.13825891e-03 
 4.00007000e-06  2.91648779e-03 
 4.00010000e-06  3.76790316e-03 
 4.00010800e-06  1.03061700e-03 
 4.00012400e-06  7.02558541e-04 
 4.00015600e-06  7.98156048e-04 
 4.00022000e-06  5.16764464e-04 
 4.00034800e-06  5.92844699e-04 
 4.00052004e-06  4.03229121e-04 
 4.00086411e-06  5.79357288e-04 
 4.00129878e-06  2.89730278e-04 
 4.00176129e-06  2.81816623e-04 
 4.00223318e-06  1.51821057e-04 
 4.00276353e-06  2.43403839e-04 
 4.00340011e-06  4.97004607e-05 
 4.00402459e-06  1.62837834e-04 
 4.00456820e-06  3.42977185e-05 
 4.00520290e-06  1.69637530e-04 
 4.00581076e-06  3.41300620e-05 
 4.00648854e-06  1.51464317e-04 
 4.00718030e-06  1.65568497e-05 
 4.00806190e-06  1.42917729e-04 
 4.00908078e-06  2.23725285e-05 
 4.01047004e-06  1.62505322e-04 
 4.01146800e-06  3.47723442e-05 
 4.01255146e-06  1.58180937e-04 
 4.01387148e-06  5.78716771e-05 
 4.01514061e-06  2.00473589e-04 
 4.01638880e-06  6.76497954e-05 
 4.01765632e-06  1.89427302e-04 
 4.01881366e-06  5.29199611e-05 
 4.02003013e-06  1.73395249e-04 
 4.02138658e-06  4.08470670e-05 
 4.02300456e-06  1.64230055e-04 
 4.02498182e-06  3.56907916e-05 
 4.02796920e-06  1.58651118e-04 
 4.03342870e-06  3.13850196e-05 
 4.04200085e-06  1.73528700e-04 
 4.05046780e-06  8.22052376e-05 
 4.05708561e-06  1.90016770e-04 
 4.06028725e-06  3.17634595e-05 
 4.06316290e-06  1.76933698e-04 
 4.06628902e-06  3.46312415e-05 
 4.07129333e-06  1.68787877e-04 
 4.07709392e-06  3.00500718e-05 
 4.08467821e-06  1.59788954e-04 
 4.09762151e-06  2.27894936e-05 
 4.11299124e-06  1.51947748e-04 
 4.13683469e-06  1.85906000e-05 
 4.17044404e-06  1.48702781e-04 
 4.22549526e-06  1.65957362e-05 
 4.25010000e-06  1.45213517e-04 
 4.25011000e-06 -2.38224280e-03 
 4.25013000e-06 -2.68672172e-03 
 4.25017000e-06 -1.91826123e-03 
 4.25020000e-06 -1.98022737e-03 
 4.25020772e-06  3.22992165e-04 
 4.25022316e-06  4.14530976e-04 
 4.25025405e-06  3.94516575e-04 
 4.25031582e-06  4.23628877e-04 
 4.25040216e-06  3.55259520e-04 
 4.25057484e-06  3.79694700e-04 
 4.25077972e-06  4.01631921e-04 
 4.25104933e-06  4.43182512e-04 
 4.25157143e-06  3.50599644e-04 
 4.25210413e-06  2.61787338e-04 
 4.25265200e-06  1.19963430e-04 
 4.25338939e-06  1.51425487e-04 
 4.25422061e-06  1.00623335e-04 
 4.25481246e-06  1.26457145e-04 
 4.25549744e-06  6.75430635e-05 
 4.25617153e-06  1.18046990e-04 
 4.25701458e-06  6.27531385e-05 
 4.25791995e-06  1.06236690e-04 
 4.25970241e-06  5.26942140e-05 
 4.26201381e-06  1.02754785e-04 
 4.26552386e-06  5.25808415e-05 
 4.27153495e-06  1.04684348e-04 
 4.27804973e-06  6.64794384e-05 
 4.28464413e-06  1.03790893e-04 
 4.29078614e-06  5.22800070e-05 
 4.29706055e-06  1.03195478e-04 
 4.30447476e-06  5.17696851e-05 
 4.31930317e-06  9.69109394e-05 
 4.33448872e-06  4.03893221e-05 
 4.34818920e-06  9.14431197e-05 
 4.36295341e-06  4.01000285e-05 
 4.38117934e-06  9.08220397e-05 
 4.40705159e-06  4.01066815e-05 
 4.44081542e-06  9.05116323e-05 
 4.49350373e-06  4.00466359e-05 
 4.50000000e-06  9.02174353e-05 
 4.50001000e-06  2.40666153e-03 
 4.50003000e-06  2.13259672e-03 
 4.50007000e-06  2.91884197e-03 
 4.50010000e-06  3.77258608e-03 
 4.50010800e-06  1.04345985e-03 
 4.50012400e-06  7.13985414e-04 
 4.50015600e-06  8.03714466e-04 
 4.50022000e-06  5.20781754e-04 
 4.50034800e-06  5.93525233e-04 
 4.50059749e-06  3.95033091e-04 
 4.50097269e-06  5.68613838e-04 
 4.50155959e-06  1.76539891e-04 
 4.50211535e-06  2.77367900e-04 
 4.50257471e-06  1.22145843e-04 
 4.50311905e-06  1.94354059e-04 
 4.50371050e-06  3.64111226e-05 
 4.50443655e-06  1.55114417e-04 
 4.50512283e-06  2.07398132e-05 
 4.50590325e-06  1.62175295e-04 
 4.50691810e-06  2.82379065e-05 
 4.50765272e-06  1.55560710e-04 
 4.50849052e-06  1.88862298e-05 
 4.50952850e-06  1.42787127e-04 
 4.51062131e-06 -1.11190521e-06 
 4.51167208e-06  1.33453728e-04 
 4.51294842e-06 -1.52186971e-06 
 4.51435424e-06  1.32534401e-04 
 4.51697547e-06 -1.59758495e-06 
 4.52071138e-06  1.32353946e-04 
 4.52734297e-06 -1.62881136e-06 
 4.53880443e-06  1.32247609e-04 
 4.55808408e-06 -1.69427494e-06 
 4.59664340e-06  1.32166093e-04 
 4.67376204e-06 -1.75585366e-06 
 4.75010000e-06  1.32121902e-04 
 4.75011000e-06 -2.39557053e-03 
 4.75013000e-06 -2.69950843e-03 
 4.75017000e-06 -1.93251357e-03 
 4.75020000e-06 -1.99551957e-03 
 4.75020775e-06  3.05812865e-04 
 4.75022324e-06  3.97855122e-04 
 4.75025422e-06  3.79057832e-04 
 4.75031618e-06  4.09227320e-04 
 4.75040275e-06  3.41364009e-04 
 4.75057589e-06  3.66453484e-04 
 4.75078083e-06  3.88942132e-04 
 4.75105092e-06  4.30940054e-04 
 4.75157416e-06  3.38604012e-04 
 4.75210532e-06  2.49488070e-04 
 4.75265614e-06  1.07107534e-04 
 4.75339466e-06  1.38601830e-04 
 4.75421005e-06  9.01221520e-05 
 4.75480399e-06  1.23330092e-04 
 4.75548853e-06  6.85280152e-05 
 4.75623952e-06  1.14679135e-04 
 4.75709658e-06  6.20389185e-05 
 4.75804873e-06  9.66140226e-05 
 4.75898803e-06  4.85882244e-05 
 4.76013469e-06  9.39986064e-05 
 4.76138980e-06  4.13639661e-05 
 4.76333912e-06  9.00910304e-05 
 4.76557961e-06  4.03512557e-05 
 4.76916105e-06  9.02175709e-05 
 4.77514679e-06  4.02640955e-05 
 4.78368852e-06  9.02338699e-05 
 4.79825851e-06  4.02081153e-05 
 4.82048453e-06  9.02192262e-05 
 4.85615634e-06  4.01703293e-05 
 4.91343270e-06  9.02011909e-05 
 5.00000000e-06  4.01468362e-05 
 5.00001000e-06  2.40715760e-03 
 5.00003000e-06  2.13113314e-03 
 5.00007000e-06  2.91805110e-03 
 5.00010000e-06  3.77078983e-03 
 5.00010800e-06  1.04244236e-03 
 5.00012400e-06  7.13190447e-04 
 5.00015600e-06  8.02752206e-04 
 5.00022000e-06  5.20080688e-04 
 5.00034800e-06  5.93204864e-04 
 5.00059677e-06  3.95390306e-04 
 5.00097200e-06  5.68925018e-04 
 5.00155740e-06  1.75875608e-04 
 5.00211356e-06  2.75267497e-04 
 5.00258698e-06  1.29253562e-04 
 5.00315192e-06  2.02886696e-04 
 5.00374342e-06  4.29438333e-05 
 5.00441539e-06  1.60113488e-04 
 5.00497603e-06  4.02241644e-05 
 5.00558806e-06  1.75959663e-04 
 5.00609535e-06  3.30694656e-05 
 5.00669147e-06  1.52824243e-04 
 5.00741580e-06  1.39329166e-05 
 5.00823568e-06  1.43197111e-04 
 5.00922882e-06  2.09303198e-05 
 5.01078318e-06  1.65678359e-04 
 5.01176188e-06  3.02181775e-05 
 5.01291306e-06  1.56957741e-04 
 5.01414701e-06  5.62297518e-05 
 5.01511688e-06  1.90889526e-04 
 5.01607551e-06  5.66551938e-05 
 5.01726777e-06  1.83855953e-04 
 5.01835441e-06  5.24266689e-05 
 5.01955737e-06  1.88506803e-04 
 5.02094274e-06  6.39714924e-05 
 5.02220577e-06  1.98291432e-04 
 5.02450803e-06  7.13172638e-05 
 5.02661981e-06  2.14789305e-04 
 5.02895876e-06  1.21655625e-04 
 5.03065507e-06  1.47565959e-04 
 5.03226429e-06  6.08555570e-05 
 5.03367721e-06  1.61031265e-04 
 5.03547662e-06  4.77164108e-05 
 5.03784757e-06  1.62797064e-04 
 5.04074265e-06  4.04363029e-05 
 5.04510246e-06  1.56326630e-04 
 5.04954808e-06  3.01131210e-05 
 5.05843931e-06  1.48449939e-04 
 5.07097552e-06  2.29012479e-05 
 5.08537089e-06  1.45699319e-04 
 5.10625333e-06  2.12827929e-05 
 5.14771876e-06  1.44413875e-04 
 5.20615046e-06  2.00545857e-05 
 5.25010000e-06  1.43908960e-04 
 5.25011000e-06 -2.38051113e-03 
 5.25013000e-06 -2.68577411e-03 
 5.25017000e-06 -1.91723240e-03 
 5.25020000e-06 -1.97801166e-03 
 5.25020772e-06  3.22566577e-04 
 5.25022316e-06  4.13755684e-04 
 5.25025404e-06  3.94032261e-04 
 5.25031580e-06  4.24787913e-04 
 5.25040218e-06  3.57010269e-04 
 5.25057496e-06  3.83380709e-04 
 5.25074805e-06  3.98155441e-04 
 5.25103408e-06  4.49163160e-04 
 5.25152031e-06  3.60088283e-04 
 5.25207550e-06  2.78142143e-04 
 5.25258022e-06  1.32312360e-04 
 5.25335647e-06  1.55006333e-04 
 5.25419779e-06  1.08233260e-04 
 5.25479820e-06  1.33182877e-04 
 5.25549082e-06  7.16942671e-05 
 5.25617007e-06  1.21365458e-04 
 5.25700633e-06  6.64167952e-05 
 5.25790338e-06  1.10354213e-04 
 5.25968254e-06  5.69745437e-05 
 5.26198238e-06  1.07142363e-04 
 5.26547980e-06  5.68429002e-05 
 5.27140932e-06  1.07123546e-04 
 5.28233890e-06  5.67346217e-05 
 5.30028599e-06  1.07069922e-04 
 5.33307226e-06  5.66459468e-05 
 5.38976517e-06  1.07000432e-04 
 5.48946857e-06  5.65803359e-05 
 5.50000000e-06  1.06987200e-04 
 5.50001000e-06  2.42127082e-03 
 5.50003000e-06  2.14567198e-03 
 5.50007000e-06  2.93467145e-03 
 5.50010000e-06  3.78601852e-03 
 5.50010800e-06  1.05810396e-03 
 5.50012400e-06  7.29165721e-04 
 5.50015600e-06  8.20170883e-04 
 5.50022000e-06  5.37816833e-04 
 5.50034800e-06  6.09960547e-04 
 5.50059745e-06  4.11453683e-04 
 5.50097267e-06  5.85361035e-04 
 5.50155981e-06  1.91581012e-04 
 5.50211548e-06  2.92136134e-04 
 5.50258728e-06  1.45716945e-04 
 5.50314930e-06  2.17634533e-04 
 5.50366761e-06  5.73093046e-05 
 5.50430322e-06  1.74034204e-04 
 5.50498100e-06  3.78689751e-05 
 5.50562815e-06  1.73886856e-04 
 5.50662748e-06  4.28303619e-05 
 5.50736873e-06  1.73043921e-04 
 5.50824854e-06  3.59116563e-05 
 5.50923422e-06  1.63926191e-04 
 5.51027828e-06  1.58125079e-05 
 5.51125470e-06  1.50629243e-04 
 5.51237373e-06  1.48819434e-05 
 5.51364308e-06  1.49346693e-04 
 5.51618179e-06  1.47683518e-05 
 5.52125922e-06  1.49082077e-04 
 5.53073292e-06  1.47351462e-05 
 5.54968034e-06  1.48967861e-04 
 5.58757516e-06  1.46720471e-05 
 5.66336481e-06  1.48904008e-04 
 5.75010000e-06  1.46429007e-05 
 5.75011000e-06 -2.38580160e-03 
 5.75013000e-06 -2.67582648e-03 
 5.75017000e-06 -1.91976560e-03 
 5.75020000e-06 -1.96914934e-03 
 5.75020783e-06  3.24348744e-04 
 5.75022349e-06  4.14967349e-04 
 5.75025480e-06  3.95757729e-04 
 5.75031744e-06  4.24059954e-04 
 5.75040373e-06  3.57672332e-04 
 5.75057631e-06  3.82609745e-04 
 5.75078226e-06  4.06286349e-04 
 5.75105242e-06  4.47048659e-04 
 5.75157798e-06  3.55302915e-04 
 5.75210698e-06  2.64928975e-04 
 5.75266172e-06  1.23899439e-04 
 5.75339709e-06  1.54285496e-04 
 5.75421563e-06  1.05818918e-04 
 5.75481095e-06  1.35272094e-04 
 5.75549681e-06  7.70154132e-05 
 5.75624541e-06  1.19938965e-04 
 5.75711825e-06  6.64388781e-05 
 5.75805716e-06  1.08901086e-04 
 5.75970439e-06  5.76576576e-05 
 5.76219376e-06  1.06310154e-04 
 5.76568967e-06  5.74122865e-05 
 5.77230158e-06  1.06336223e-04 
 5.78348271e-06  5.73198393e-05 
 5.80265973e-06  1.06319786e-04 
 5.83733720e-06  5.72696188e-05 
 5.89663930e-06  1.06296282e-04 
 6.00000000e-06  5.72420444e-05 
 6.00001000e-06  2.42213386e-03 
 6.00003000e-06  2.14502049e-03 
 6.00007000e-06  2.93410698e-03 
 6.00010000e-06  3.78491222e-03 
 6.00010800e-06  1.05768451e-03 
 6.00012400e-06  7.29170318e-04 
 6.00015600e-06  8.20101492e-04 
 6.00022000e-06  5.37989131e-04 
 6.00034800e-06  6.10074791e-04 
 6.00059672e-06  4.11712330e-04 
 6.00097194e-06  5.85525372e-04 
 6.00155742e-06  1.92044402e-04 
 6.00211354e-06  2.91557306e-04 
 6.00258697e-06  1.46903355e-04 
 6.00315191e-06  2.20066711e-04 
 6.00373569e-06  5.79361246e-05 
 6.00441063e-06  1.73902211e-04 
 6.00497856e-06  4.74514624e-05 
 6.00558615e-06  1.81415718e-04 
 6.00609237e-06  3.93635746e-05 
 6.00668832e-06  1.64662551e-04 
 6.00754048e-06  2.43635727e-05 
 6.00831960e-06  1.53787774e-04 
 6.00987784e-06  2.89504776e-05 
 6.01169724e-06  1.73271997e-04 
 6.01324660e-06  3.99877654e-05 
 6.01485471e-06  1.97445795e-04 
 6.01600885e-06  4.71696348e-05 
 6.01705564e-06  1.76392864e-04 
 6.01817569e-06  3.87168428e-05 
 6.01940323e-06  1.68086762e-04 
 6.02073284e-06  2.88858466e-05 
 6.02199002e-06  1.59314049e-04 
 6.02400818e-06  2.28637131e-05 
 6.02613522e-06  1.48120708e-04 
 6.03038932e-06  8.52312091e-06 
 6.03509601e-06  1.37208728e-04 
 6.04073874e-06  1.53919953e-05 
 6.04747605e-06  1.46821229e-04 
 6.05218297e-06 -1.26414064e-06 
 6.05736684e-06  1.42669774e-04 
 6.06453631e-06 -5.79995397e-06 
 6.07115880e-06  1.36392836e-04 
 6.07783177e-06 -5.03948808e-06 
 6.08518187e-06  1.35190925e-04 
 6.09988207e-06 -3.83459929e-06 
 6.11706978e-06  1.36766812e-04 
 6.14612938e-06  4.98016759e-06 
 6.18451763e-06  1.51523158e-04 
 6.22011606e-06  1.28679788e-05 
 6.25010000e-06  1.52563979e-04 
 6.25011000e-06 -2.37383882e-03 
 6.25013000e-06 -2.67921966e-03 
 6.25017000e-06 -1.91088549e-03 
 6.25020000e-06 -1.97020364e-03 
 6.25020771e-06  3.28317434e-04 
 6.25022314e-06  4.19030413e-04 
 6.25025398e-06  3.98800474e-04 
 6.25031568e-06  4.28943681e-04 
 6.25040210e-06  3.60581774e-04 
 6.25057493e-06  3.86554200e-04 
 6.25074798e-06  4.01261961e-04 
 6.25103400e-06  4.52116305e-04 
 6.25151971e-06  3.62917449e-04 
 6.25207513e-06  2.80697390e-04 
 6.25257942e-06  1.34646779e-04 
 6.25335602e-06  1.52093783e-04 
 6.25413350e-06  1.05515900e-04 
 6.25471963e-06  1.31131343e-04 
 6.25539502e-06  7.15050542e-05 
 6.25605459e-06  1.23310026e-04 
 6.25689546e-06  6.99628691e-05 
 6.25778828e-06  1.14280017e-04 
 6.25952201e-06  6.10120327e-05 
 6.26172908e-06  1.12633008e-04 
 6.26507820e-06  6.48894422e-05 
 6.26910815e-06  1.18193334e-04 
 6.27395080e-06  5.54987664e-05 
 6.27895639e-06  1.13232259e-04 
 6.28443748e-06  5.57045876e-05 
 6.29439468e-06  1.12574817e-04 
 6.30688909e-06  5.38771946e-05 
 6.32028403e-06  1.10118410e-04 
 6.33493961e-06  5.37080799e-05 
 6.35272522e-06  1.09876110e-04 
 6.38829645e-06  5.37494735e-05 
 6.45943891e-06  1.09810211e-04 
 6.50000000e-06  5.37942178e-05 
 6.50001000e-06  2.42007494e-03 
 6.50003000e-06  2.14315244e-03 
 6.50007000e-06  2.93366404e-03 
 6.50010000e-06  3.78391563e-03 
 6.50010800e-06  1.05680133e-03 
 6.50012400e-06  7.28058641e-04 
 6.50015600e-06  8.19491106e-04 
 6.50022000e-06  5.37343982e-04 
 6.50034800e-06  6.10048505e-04 
 6.50059740e-06  4.11314868e-04 
 6.50097266e-06  5.85511102e-04 
 6.50155974e-06  1.91337934e-04 
 6.50211545e-06  2.92291325e-04 
 6.50258606e-06  1.45836401e-04 
 6.50314866e-06  2.17811940e-04 
 6.50366299e-06  5.73939356e-05 
 6.50429558e-06  1.74357502e-04 
 6.50497232e-06  3.77243941e-05 
 6.50562042e-06  1.74210498e-04 
 6.50661489e-06  4.23972929e-05 
 6.50736510e-06  1.73351107e-04 
 6.50825816e-06  3.57543984e-05 
 6.50925118e-06  1.63919760e-04 
 6.51030504e-06  1.55919824e-05 
 6.51128521e-06  1.50722846e-04 
 6.51241028e-06  1.47997615e-05 
 6.51368576e-06  1.49430123e-04 
 6.51623671e-06  1.47085329e-05 
 6.52114994e-06  1.49165730e-04 
 6.53027556e-06  1.46827891e-05 
 6.54852681e-06  1.49053016e-04 
 6.58502929e-06  1.46246620e-05 
 6.65803426e-06  1.48994125e-04 
 6.75010000e-06  1.46004381e-05 
 6.75011000e-06 -2.38573405e-03 
 6.75013000e-06 -2.67567936e-03 
 6.75017000e-06 -1.91925941e-03 
 6.75020000e-06 -1.96724579e-03 
 6.75020783e-06  3.24696607e-04 
 6.75022349e-06  4.15179902e-04 
 6.75025481e-06  3.95877087e-04 
 6.75031744e-06  4.24012568e-04 
 6.75040374e-06  3.57639828e-04 
 6.75057633e-06  3.82583941e-04 
 6.75078227e-06  4.06333243e-04 
 6.75105244e-06  4.47070132e-04 
 6.75157800e-06  3.55348910e-04 
 6.75210685e-06  2.64931927e-04 
 6.75266165e-06  1.23992486e-04 
 6.75339689e-06  1.54360260e-04 
 6.75421291e-06  1.05828455e-04 
 6.75480794e-06  1.35188889e-04 
 6.75549326e-06  7.70927472e-05 
 6.75624277e-06  1.19986337e-04 
 6.75710070e-06  6.66293475e-05 
 6.75804795e-06  1.08938759e-04 
 6.75965952e-06  5.77274150e-05 
 6.76216652e-06  1.06314536e-04 
 6.76559990e-06  5.74516168e-05 
 6.77220527e-06  1.06347329e-04 
 6.78328216e-06  5.73575614e-05 
 6.80229237e-06  1.06332497e-04 
 6.83676079e-06  5.73078725e-05 
 6.89548591e-06  1.06310464e-04 
 7.00000000e-06  5.72815295e-05 
 7.00001000e-06  2.42130032e-03 
 7.00003000e-06  2.14390601e-03 
 7.00007000e-06  2.93450118e-03 
 7.00010000e-06  3.78393598e-03 
 7.00010800e-06  1.05740911e-03 
 7.00012400e-06  7.29009655e-04 
 7.00015600e-06  8.20061981e-04 
 7.00022000e-06  5.38101840e-04 
 7.00034800e-06  6.10169842e-04 
 7.00059672e-06  4.11732203e-04 
 7.00097194e-06  5.85540970e-04 
 7.00155742e-06  1.92003478e-04 
 7.00211355e-06  2.91583602e-04 
 7.00258693e-06  1.47061406e-04 
 7.00315189e-06  2.20120726e-04 
 7.00373549e-06  5.78999397e-05 
 7.00441082e-06  1.73909097e-04 
 7.00497882e-06  4.74751520e-05 
 7.00558633e-06  1.81426172e-04 
 7.00609256e-06  3.93932007e-05 
 7.00668852e-06  1.64678871e-04 
 7.00754084e-06  2.43958951e-05 
 7.00832001e-06  1.53807042e-04 
 7.00987834e-06  2.89870093e-05 
 7.01169789e-06  1.73290864e-04 
 7.01324721e-06  3.98868153e-05 
 7.01485550e-06  1.92130235e-04 
 7.01601167e-06  3.89111682e-05 
 7.01706028e-06  1.72432159e-04 
 7.01818162e-06  3.58568659e-05 
 7.01941016e-06  1.63953409e-04 
 7.02074799e-06  2.02181663e-05 
 7.02200934e-06  1.46564290e-04 
 7.02404653e-06  8.72466331e-06 
 7.02618583e-06  1.38582400e-04 
 7.02952188e-06  5.09587059e-06 
 7.03319961e-06  1.37651623e-04 
 7.03762971e-06  1.84124372e-05 
 7.04356154e-06  1.49825232e-04 
 7.04762843e-06  5.78402528e-07 
 7.05207745e-06  1.46192351e-04 
 7.05859458e-06  2.44277429e-06 
 7.06582757e-06  1.39182869e-04 
 7.07558553e-06 -3.55585303e-06 
 7.08502842e-06  1.35167779e-04 
 7.09486551e-06 -3.85981770e-06 
 7.11453968e-06  1.34243010e-04 
 7.13952698e-06 -3.78212596e-06 
 7.18411550e-06  1.34049362e-04 
 7.24387393e-06 -3.58501868e-06 
 7.25010000e-06  1.33656804e-04 
 7.25011000e-06 -2.39224107e-03 
 7.25013000e-06 -2.69825432e-03 
 7.25017000e-06 -1.93067246e-03 
 7.25020000e-06 -1.98867257e-03 
 7.25020771e-06  3.08590785e-04 
 7.25022314e-06  3.99748846e-04 
 7.25025398e-06  3.80425107e-04 
 7.25031568e-06  4.10290338e-04 
 7.25040211e-06  3.41851059e-04 
 7.25057499e-06  3.66819789e-04 
 7.25074804e-06  3.81734767e-04 
 7.25103409e-06  4.32300203e-04 
 7.25151998e-06  3.43598734e-04 
 7.25207516e-06  2.61121425e-04 
 7.25257967e-06  1.15174454e-04 
 7.25335597e-06  1.33496736e-04 
 7.25413620e-06  8.69580809e-05 
 7.25472153e-06  1.11820629e-04 
 7.25539658e-06  5.23791983e-05 
 7.25605600e-06  1.03675487e-04 
 7.25689626e-06  5.03776357e-05 
 7.25778821e-06  9.40885001e-05 
 7.25952213e-06  4.04304387e-05 
 7.26172951e-06  9.04790107e-05 
 7.26507927e-06  4.02708777e-05 
 7.27059095e-06  9.05045636e-05 
 7.28128045e-06  4.02026815e-05 
 7.29842747e-06  9.05090978e-05 
 7.33047581e-06  4.02019796e-05 
 7.38625214e-06  9.05602580e-05 
 7.48466477e-06  4.02706914e-05 
 7.50000000e-06  9.06150722e-05 
 7.50001000e-06  2.40357038e-03 
 7.50003000e-06  2.12779908e-03 
 7.50007000e-06  2.92051543e-03 
 7.50010000e-06  3.76887656e-03 
 7.50010800e-06  1.04229084e-03 
 7.50012400e-06  7.12982974e-04 
 7.50015600e-06  8.02916583e-04 
 7.50022000e-06  5.20384995e-04 
 7.50034800e-06  5.93339767e-04 
 7.50059749e-06  3.95169991e-04 
 7.50097273e-06  5.68779553e-04 
 7.50155959e-06  1.76700163e-04 
 7.50211535e-06  2.77515066e-04 
 7.50257402e-06  1.22436195e-04 
 7.50311827e-06  1.94587418e-04 
 7.50370942e-06  3.66835709e-05 
 7.50443506e-06  1.55308532e-04 
 7.50512109e-06  2.09551110e-05 
 7.50590338e-06  1.62241144e-04 
 7.50691654e-06  2.82565277e-05 
 7.50765172e-06  1.55747288e-04 
 7.50848913e-06  1.91564008e-05 
 7.50952824e-06  1.42976805e-04 
 7.51062029e-06 -8.24828638e-07 
 7.51166867e-06  1.33619963e-04 
 7.51293980e-06 -1.23338478e-06 
 7.51433930e-06  1.32703320e-04 
 7.51694359e-06 -1.30906645e-06 
 7.52064884e-06  1.32527431e-04 
 7.52721376e-06 -1.33330265e-06 
 7.53853281e-06  1.32432809e-04 
 7.55753724e-06 -1.38161190e-06 
 7.59554610e-06  1.32376785e-04 
 7.67156383e-06 -1.40820914e-06 
 7.75010000e-06  1.32362980e-04 
 7.75011000e-06 -2.39526725e-03 
 7.75013000e-06 -2.69911482e-03 
 7.75017000e-06 -1.93046916e-03 
 7.75020000e-06 -1.98940754e-03 
 7.75020775e-06  3.07004959e-04 
 7.75022324e-06  3.98702968e-04 
 7.75025422e-06  3.79884059e-04 
 7.75031618e-06  4.09597095e-04 
 7.75040275e-06  3.41774242e-04 
 7.75057589e-06  3.66654922e-04 
 7.75078083e-06  3.89343826e-04 
 7.75105092e-06  4.31171451e-04 
 7.75157415e-06  3.38997598e-04 
 7.75210487e-06  2.49727919e-04 
 7.75265579e-06  1.07515374e-04 
 7.75339396e-06  1.38844808e-04 
 7.75420889e-06  9.05357349e-05 
 7.75480258e-06  1.23540677e-04 
 7.75548684e-06  6.89353124e-05 
 7.75623850e-06  1.14890392e-04 
 7.75709166e-06  6.24752618e-05 
 7.75804648e-06  9.68454046e-05 
 7.75898197e-06  4.89574957e-05 
 7.76013225e-06  9.42454750e-05 
 7.76138241e-06  4.17350113e-05 
 7.76333487e-06  9.03289074e-05 
 7.76556788e-06  4.07111093e-05 
 7.76914787e-06  9.04583435e-05 
 7.77510797e-06  4.06244301e-05 
 7.78361462e-06  9.04765913e-05 
 7.79810868e-06  4.05703035e-05 
 7.82018591e-06  9.04651333e-05 
 7.85560411e-06  4.05363885e-05 
 7.91239298e-06  9.04521930e-05 
 8.00000000e-06  4.05182083e-05 
 8.00001000e-06  2.40478659e-03 
 8.00003000e-06  2.12779347e-03 
 8.00007000e-06  2.91997092e-03 
 8.00010000e-06  3.76824368e-03 
 8.00010800e-06  1.04212824e-03 
 8.00012400e-06  7.13027569e-04 
 8.00015600e-06  8.02750104e-04 
 8.00022000e-06  5.20355749e-04 
 8.00034800e-06  5.93541897e-04 
 8.00059677e-06  3.95710318e-04 
 8.00097199e-06  5.69177603e-04 
 8.00155740e-06  1.76293501e-04 
 8.00211359e-06  2.75583319e-04 
 8.00258702e-06  1.28722057e-04 
 8.00315197e-06  2.01651612e-04 
 8.00374337e-06  4.32325668e-05 
 8.00441554e-06  1.61290025e-04 
 8.00496884e-06  4.12060095e-05 
 8.00558429e-06  1.77464005e-04 
 8.00609164e-06  3.55442132e-05 
 8.00668750e-06  1.58248847e-04 
 8.00741117e-06  2.13132739e-05 
 8.00822959e-06  1.50474844e-04 
 8.00906926e-06  1.61109962e-05 
 8.00995809e-06  1.48519787e-04 
 8.01077847e-06  1.83279932e-05 
 8.01176067e-06  1.43565302e-04 
 8.01281750e-06  1.94843656e-05 
 8.01391210e-06  1.63123437e-04 
 8.01610129e-06  4.63444983e-05 
 8.01830968e-06  1.61254852e-04 
 8.02061127e-06  3.04871211e-05 
 8.02293906e-06  1.55813444e-04 
 8.02638508e-06  3.74619230e-05 
 8.03026173e-06  1.68498445e-04 
 8.03292935e-06  2.19574728e-05 
 8.03595454e-06  1.56502481e-04 
 8.03988069e-06  1.37663012e-05 
 8.04377253e-06  1.50893469e-04 
 8.04822262e-06  1.54764972e-05 
 8.05565035e-06  1.49258630e-04 
 8.06714961e-06  1.58175320e-05 
 8.08424019e-06  1.48551166e-04 
 8.11474295e-06  1.57854522e-05 
 8.16001708e-06  1.48124355e-04 
 8.21697010e-06  1.56860298e-05 
 8.25010000e-06  1.47906997e-04 
 8.25011000e-06 -2.37635951e-03 
 8.25013000e-06 -2.67713909e-03 
 8.25017000e-06 -1.91360724e-03 
 8.25020000e-06 -1.97872013e-03 
 8.25020777e-06  3.14429935e-04 
 8.25022331e-06  4.05775272e-04 
 8.25025439e-06  3.83052301e-04 
 8.25031655e-06  4.15351408e-04 
 8.25043742e-06  3.35746467e-04 
 8.25061309e-06  3.84095094e-04 
 8.25080578e-06  3.96039816e-04 
 8.25118126e-06  4.32340064e-04 
 8.25165817e-06  3.33678850e-04 
 8.25218466e-06  2.31879687e-04 
 8.25274053e-06  1.02570535e-04 
 8.25348858e-06  1.38634189e-04 
 8.25437800e-06  7.93646539e-05 
 8.25530610e-06  1.15543413e-04 
 8.25626959e-06  7.25902251e-05 
 8.25731111e-06  1.12447852e-04 
 8.25893433e-06  5.87741061e-05 
 8.26055847e-06  1.05539030e-04 
 8.26351107e-06  5.82931271e-05 
 8.26703114e-06  1.05557598e-04 
 8.27407128e-06  5.82179734e-05 
 8.28529197e-06  1.05540259e-04 
 8.30468263e-06  5.81641296e-05 
 8.34346396e-06  1.05505865e-04 
 8.42102662e-06  5.81198644e-05 
 8.50000000e-06  1.05481586e-04 
