 1.00000000e-12  1.78200000e+00  5.60580175e-01 
 1.02800000e-12  1.78149600e+00  5.55766248e-01 
 1.08400000e-12  1.78048800e+00  5.50834623e-01 
 1.19600000e-12  1.77847200e+00  5.51845258e-01 
 1.42000000e-12  1.77444000e+00  5.55423007e-01 
 1.69737116e-12  1.76944732e+00  5.59214860e-01 
 2.25211348e-12  1.75946196e+00  5.64207631e-01 
 3.24346608e-12  1.74161761e+00  5.67115948e-01 
 4.47691973e-12  1.71941544e+00  5.67569487e-01 
 6.46242100e-12  1.68367642e+00  5.67248125e-01 
 9.41369971e-12  1.63055341e+00  5.66893029e-01 
 1.39693120e-11  1.54855238e+00  5.66166481e-01 
 2.00328385e-11  1.43940891e+00  5.65407639e-01 
 3.21598916e-11  1.22112195e+00  5.63794580e-01 
 5.64139977e-11  7.84548041e-01  5.61573922e-01 
 1.00000000e-10  0.00000000e+00  5.59123575e-01 
 1.04850821e-10  0.00000000e+00  5.59299044e-01 
 1.14552464e-10  0.00000000e+00  5.59703530e-01 
 1.33955749e-10  0.00000000e+00  5.60461353e-01 
 1.72762318e-10  0.00000000e+00  5.62240864e-01 
 2.50375458e-10  0.00000000e+00  5.66645645e-01 
 4.05601737e-10  0.00000000e+00  5.74864708e-01 
 6.62277376e-10  0.00000000e+00  5.86512225e-01 
 9.67486174e-10  0.00000000e+00  6.01213418e-01 
 1.37891639e-09  0.00000000e+00  6.15480573e-01 
 1.92581091e-09  0.00000000e+00  6.12650787e-01 
 2.50020661e-09  0.00000000e+00  5.91450748e-01 
 3.30659987e-09  0.00000000e+00  5.45204673e-01 
 4.19048620e-09  0.00000000e+00  4.91484053e-01 
 5.06696540e-09  0.00000000e+00  4.39724205e-01 
 6.00781776e-09  0.00000000e+00  3.89489871e-01 
 7.19030485e-09  0.00000000e+00  3.27505496e-01 
 8.18928763e-09  0.00000000e+00  2.77092532e-01 
 8.85368624e-09  0.00000000e+00  2.46992576e-01 
 9.53966268e-09  0.00000000e+00  2.18200958e-01 
 1.04921308e-08  0.00000000e+00  1.82881870e-01 
 1.13651159e-08  0.00000000e+00  1.56887999e-01 
 1.27941727e-08  0.00000000e+00  1.24056447e-01 
 1.39650907e-08  0.00000000e+00  1.01825204e-01 
 1.47704220e-08  0.00000000e+00  8.74884692e-02 
 1.55927676e-08  0.00000000e+00  7.42474487e-02 
 1.65233910e-08  0.00000000e+00  6.13739564e-02 
 1.76290664e-08  0.00000000e+00  4.91174835e-02 
 1.92869901e-08  0.00000000e+00  3.46712926e-02 
 2.15677565e-08  0.00000000e+00  2.15725612e-02 
 2.52479379e-08  0.00000000e+00  9.52735648e-03 
 2.96992842e-08  0.00000000e+00  3.59917836e-03 
 3.42474027e-08  0.00000000e+00  1.17331359e-03 
 3.85236870e-08  0.00000000e+00  5.75046482e-04 
 4.54812757e-08  0.00000000e+00  1.29284696e-05 
 5.33972310e-08  0.00000000e+00  1.00378252e-04 
 6.64575432e-08  0.00000000e+00 -6.61729177e-05 
 9.01356286e-08  0.00000000e+00  8.23463049e-05 
 1.25598012e-07  0.00000000e+00 -7.27885502e-05 
 1.90473957e-07  0.00000000e+00  7.59150602e-05 
 2.50100000e-07  0.00000000e+00 -7.59149834e-05 
 2.50110000e-07  1.80000000e-01  1.39937345e-03 
 2.50130000e-07  5.40000000e-01  4.82006278e-03 
 2.50170000e-07  1.26000000e+00  9.55223457e-03 
 2.50200000e-07  1.80000000e+00  1.06728031e-02 
 2.50207595e-07  1.80000000e+00  9.66029023e-03 
 2.50222784e-07  1.80000000e+00  7.31721987e-03 
 2.50253162e-07  1.80000000e+00  3.34979585e-03 
 2.50307542e-07  1.80000000e+00 -1.79250360e-04 
 2.50379033e-07  1.80000000e+00 -1.94751929e-03 
 2.50522014e-07  1.80000000e+00 -2.96546490e-03 
 2.50652938e-07  1.80000000e+00 -2.43246149e-03 
 2.50914786e-07  1.80000000e+00  9.27032251e-05 
 2.51226711e-07  1.80000000e+00  3.19485722e-03 
 2.51636171e-07  1.80000000e+00  3.30173398e-03 
 2.52082298e-07  1.80000000e+00  1.89955845e-03 
 2.52677709e-07  1.80000000e+00  1.13759324e-03 
 2.53418362e-07  1.80000000e+00  2.09603383e-04 
 2.53967268e-07  1.80000000e+00 -2.51511095e-05 
 2.54618611e-07  1.80000000e+00  1.24664784e-03 
 2.55233555e-07  1.80000000e+00  1.04435844e-03 
 2.55884876e-07  1.80000000e+00  9.54367702e-04 
 2.56688825e-07  1.80000000e+00  1.02350801e-03 
 2.57829920e-07  1.80000000e+00  9.00716870e-04 
 2.59099482e-07  1.80000000e+00  7.93594242e-04 
 2.61133150e-07  1.80000000e+00  5.04960468e-04 
 2.63916866e-07  1.80000000e+00  3.40964611e-04 
 2.69484297e-07  1.80000000e+00  1.02182929e-04 
 2.80150720e-07  1.80000000e+00  5.12922813e-05 
 2.98774319e-07  1.80000000e+00 -3.65413424e-06 
 3.36021516e-07  1.80000000e+00  2.53363627e-05 
 4.10515910e-07  1.80000000e+00 -1.59210872e-05 
 5.00000000e-07  1.80000000e+00  2.20845253e-05 
 5.00010000e-07  1.62000000e+00 -8.07073838e-04 
 5.00030000e-07  1.26000000e+00 -2.31967990e-03 
 5.00070000e-07  5.40000000e-01 -4.43397347e-03 
 5.00100000e-07  0.00000000e+00 -5.53487223e-03 
 5.00107842e-07  0.00000000e+00 -5.15568408e-03 
 5.00123527e-07  0.00000000e+00 -4.33355141e-03 
 5.00154897e-07  0.00000000e+00 -3.07469257e-03 
 5.00217637e-07  0.00000000e+00 -1.68924360e-03 
 5.00334710e-07  0.00000000e+00 -5.43279435e-04 
 5.00494148e-07  0.00000000e+00 -7.71917878e-05 
 5.00813025e-07  0.00000000e+00  7.88072840e-04 
 5.01269556e-07  0.00000000e+00 -1.89161041e-03 
 5.01742820e-07  0.00000000e+00 -1.45808196e-02 
 5.02176871e-07  0.00000000e+00 -1.64273278e-02 
 5.02665161e-07  0.00000000e+00  1.93981399e-02 
 5.03240115e-07  0.00000000e+00  8.49016520e-02 
 5.03832716e-07  0.00000000e+00  1.53470726e-01 
 5.04472004e-07  0.00000000e+00  2.27653507e-01 
 5.05164560e-07  0.00000000e+00  3.06043198e-01 
 5.06230967e-07  0.00000000e+00  4.21249567e-01 
 5.07278466e-07  0.00000000e+00  5.29510382e-01 
 5.08777712e-07  0.00000000e+00  6.80469143e-01 
 5.09979256e-07  0.00000000e+00  7.92845319e-01 
 5.11234103e-07  0.00000000e+00  8.85116340e-01 
 5.12794236e-07  0.00000000e+00  9.98404446e-01 
 5.14506658e-07  0.00000000e+00  1.09630679e+00 
 5.16030087e-07  0.00000000e+00  1.23859645e+00 
 5.17738100e-07  0.00000000e+00  1.45447583e+00 
 5.20107644e-07  0.00000000e+00  1.66553964e+00 
 5.22583047e-07  0.00000000e+00  1.75978913e+00 
 5.26784024e-07  0.00000000e+00  1.79846563e+00 
 5.33584852e-07  0.00000000e+00  1.80081775e+00 
 5.42789202e-07  0.00000000e+00  1.79931598e+00 
 5.61197902e-07  0.00000000e+00  1.80064865e+00 
 5.98015301e-07  0.00000000e+00  1.79936017e+00 
 6.71650101e-07  0.00000000e+00  1.80063208e+00 
 7.50100000e-07  9.52912066e-13  1.79936952e+00 
 7.50110000e-07  1.80000000e-01  1.80025790e+00 
 7.50130000e-07  5.40000000e-01  1.80218583e+00 
 7.50170000e-07  1.26000000e+00  1.80565679e+00 
 7.50200000e-07  1.80000000e+00  1.80785035e+00 
 7.50207736e-07  1.80000000e+00  1.80760524e+00 
 7.50223209e-07  1.80000000e+00  1.80708306e+00 
 7.50254155e-07  1.80000000e+00  1.80625810e+00 
 7.50316046e-07  1.80000000e+00  1.80517906e+00 
 7.50439828e-07  1.80000000e+00  1.80387089e+00 
 7.50570614e-07  1.80000000e+00  1.80292718e+00 
 7.50795023e-07  1.80000000e+00  1.80265569e+00 
 7.51192810e-07  1.80000000e+00  1.80583647e+00 
 7.51623747e-07  1.80000000e+00  1.80570813e+00 
 7.52098664e-07  1.80000000e+00  1.80290246e+00 
 7.52669624e-07  1.80000000e+00  1.80102887e+00 
 7.53419841e-07  1.80000000e+00  1.79985543e+00 
 7.53945646e-07  1.80000000e+00  1.80040217e+00 
 7.54539544e-07  1.80000000e+00  1.80198467e+00 
 7.55091530e-07  1.80000000e+00  1.80013835e+00 
 7.55709303e-07  1.80000000e+00  1.80003630e+00 
 7.56530487e-07  1.80000000e+00  1.79997205e+00 
 7.57401734e-07  1.80000000e+00  1.80005670e+00 
 7.59010061e-07  1.80000000e+00  1.79998130e+00 
 7.61239920e-07  1.80000000e+00  1.80003256e+00 
 7.64873789e-07  1.80000000e+00  1.79997909e+00 
 7.72141525e-07  1.80000000e+00  1.80002249e+00 
 7.86676998e-07  1.80000000e+00  1.79997820e+00 
 8.15747944e-07  1.80000000e+00  1.80002146e+00 
 8.73889835e-07  1.80000000e+00  1.79997860e+00 
 9.90173619e-07  1.80000000e+00  1.80002124e+00 
 1.00000000e-06  1.80000000e+00  1.79997945e+00 
 1.00001000e-06  1.62000000e+00  1.79882044e+00 
 1.00003000e-06  1.26000000e+00  1.79670678e+00 
 1.00007000e-06  5.40000000e-01  1.79352927e+00 
 1.00010000e-06  0.00000000e+00  1.79191907e+00 
 1.00010783e-06  0.00000000e+00  1.79245974e+00 
 1.00012350e-06  0.00000000e+00  1.79354337e+00 
 1.00015484e-06  0.00000000e+00  1.79519730e+00 
 1.00021750e-06  0.00000000e+00  1.79725051e+00 
 1.00033453e-06  0.00000000e+00  1.79946723e+00 
 1.00049405e-06  0.00000000e+00  1.80080533e+00 
 1.00081309e-06  0.00000000e+00  1.80187902e+00 
 1.00132054e-06  0.00000000e+00  1.80173456e+00 
 1.00177726e-06  0.00000000e+00  1.80028630e+00 
 1.00220001e-06  0.00000000e+00  1.79822982e+00 
 1.00270054e-06  0.00000000e+00  1.79842844e+00 
 1.00330315e-06  0.00000000e+00  1.79853800e+00 
 1.00393508e-06  0.00000000e+00  1.79794482e+00 
 1.00443469e-06  0.00000000e+00  1.79952496e+00 
 1.00501637e-06  0.00000000e+00  1.79958196e+00 
 1.00555758e-06  0.00000000e+00  1.79947149e+00 
 1.00618028e-06  0.00000000e+00  1.79827749e+00 
 1.00681795e-06  0.00000000e+00  1.79763267e+00 
 1.00762663e-06  0.00000000e+00  1.79823698e+00 
 1.00865785e-06  0.00000000e+00  1.79886423e+00 
 1.01003624e-06  0.00000000e+00  1.79946455e+00 
 1.01150227e-06  0.00000000e+00  1.80001445e+00 
 1.01275608e-06  0.00000000e+00  1.80029347e+00 
 1.01380591e-06  0.00000000e+00  1.79963491e+00 
 1.01481871e-06  0.00000000e+00  1.79862115e+00 
 1.01589262e-06  0.00000000e+00  1.79930512e+00 
 1.01695546e-06  0.00000000e+00  1.79862550e+00 
 1.01806998e-06  0.00000000e+00  1.79734434e+00 
 1.01926833e-06  0.00000000e+00  1.79810498e+00 
 1.02084678e-06  0.00000000e+00  1.79913234e+00 
 1.02255128e-06  0.00000000e+00  1.79954127e+00 
 1.02582571e-06  0.00000000e+00  1.79988147e+00 
 1.03021518e-06  0.00000000e+00  1.79981858e+00 
 1.03436950e-06  0.00000000e+00  1.79998597e+00 
 1.03824945e-06  0.00000000e+00  1.79987923e+00 
 1.04214253e-06  0.00000000e+00  1.80003280e+00 
 1.04434641e-06  0.00000000e+00  1.80005130e+00 
 1.04767389e-06  0.00000000e+00  1.80031229e+00 
 1.04990791e-06  0.00000000e+00  1.79954262e+00 
 1.05245676e-06  0.00000000e+00  1.80017901e+00 
 1.05531772e-06  0.00000000e+00  1.79979498e+00 
 1.05841492e-06  0.00000000e+00  1.80011435e+00 
 1.06342246e-06  0.00000000e+00  1.79986364e+00 
 1.06825917e-06  0.00000000e+00  1.80008061e+00 
 1.07385347e-06  0.00000000e+00  1.79988558e+00 
 1.07976194e-06  0.00000000e+00  1.80005739e+00 
 1.08824335e-06  0.00000000e+00  1.79990833e+00 
 1.10433855e-06  0.00000000e+00  1.80005241e+00 
 1.12875537e-06  0.00000000e+00  1.79992034e+00 
 1.17758902e-06  0.00000000e+00  1.80005634e+00 
 1.25010000e-06  0.00000000e+00  1.79992891e+00 
 1.25011000e-06  1.80000000e-01  1.80050853e+00 
 1.25013000e-06  5.40000000e-01  1.80210537e+00 
 1.25017000e-06  1.26000000e+00  1.80568990e+00 
 1.25020000e-06  1.80000000e+00  1.80804402e+00 
 1.25020774e-06  1.80000000e+00  1.80782136e+00 
 1.25022322e-06  1.80000000e+00  1.80732914e+00 
 1.25025417e-06  1.80000000e+00  1.80651308e+00 
 1.25031609e-06  1.80000000e+00  1.80541426e+00 
 1.25043991e-06  1.80000000e+00  1.80407389e+00 
 1.25057074e-06  1.80000000e+00  1.80313001e+00 
 1.25079544e-06  1.80000000e+00  1.80285256e+00 
 1.25119281e-06  1.80000000e+00  1.80555014e+00 
 1.25162285e-06  1.80000000e+00  1.80527252e+00 
 1.25209774e-06  1.80000000e+00  1.80233114e+00 
 1.25267012e-06  1.80000000e+00  1.80072759e+00 
 1.25341583e-06  1.80000000e+00  1.80006370e+00 
 1.25391982e-06  1.80000000e+00  1.80012589e+00 
 1.25449742e-06  1.80000000e+00  1.80007336e+00 
 1.25517103e-06  1.80000000e+00  1.79997672e+00 
 1.25586086e-06  1.80000000e+00  1.80000399e+00 
 1.25675157e-06  1.80000000e+00  1.79998671e+00 
 1.25818968e-06  1.80000000e+00  1.80000441e+00 
 1.25967681e-06  1.80000000e+00  1.79999048e+00 
 1.26252092e-06  1.80000000e+00  1.80000567e+00 
 1.26671232e-06  1.80000000e+00  1.79999260e+00 
 1.27509511e-06  1.80000000e+00  1.80000655e+00 
 1.29186068e-06  1.80000000e+00  1.79999320e+00 
 1.32539183e-06  1.80000000e+00  1.80000662e+00 
 1.39245413e-06  1.80000000e+00  1.79999327e+00 
 1.50000000e-06  1.80000000e+00  1.80000663e+00 
 1.50001000e-06  1.62000000e+00  1.79881893e+00 
 1.50003000e-06  1.26000000e+00  1.79664481e+00 
 1.50007000e-06  5.40000000e-01  1.79339535e+00 
 1.50010000e-06  0.00000000e+00  1.79173761e+00 
 1.50010784e-06  0.00000000e+00  1.79229004e+00 
 1.50012353e-06  0.00000000e+00  1.79339880e+00 
 1.50015490e-06  0.00000000e+00  1.79510682e+00 
 1.50021765e-06  0.00000000e+00  1.79723716e+00 
 1.50033467e-06  0.00000000e+00  1.79949251e+00 
 1.50049408e-06  0.00000000e+00  1.80081126e+00 
 1.50081292e-06  0.00000000e+00  1.80187132e+00 
 1.50132068e-06  0.00000000e+00  1.80173837e+00 
 1.50177904e-06  0.00000000e+00  1.80030365e+00 
 1.50219728e-06  0.00000000e+00  1.79811522e+00 
 1.50266771e-06  0.00000000e+00  1.79773206e+00 
 1.50327750e-06  0.00000000e+00  1.79818011e+00 
 1.50393739e-06  0.00000000e+00  1.79863904e+00 
 1.50469404e-06  0.00000000e+00  1.79905459e+00 
 1.50546994e-06  0.00000000e+00  1.79931640e+00 
 1.50653931e-06  0.00000000e+00  1.79947941e+00 
 1.50733621e-06  0.00000000e+00  1.79965820e+00 
 1.50822256e-06  0.00000000e+00  1.79971554e+00 
 1.50908849e-06  0.00000000e+00  1.79978945e+00 
 1.51005389e-06  0.00000000e+00  1.79980907e+00 
 1.51115756e-06  0.00000000e+00  1.79985660e+00 
 1.51239531e-06  0.00000000e+00  1.79986322e+00 
 1.51487080e-06  0.00000000e+00  1.79990308e+00 
 1.51854322e-06  0.00000000e+00  1.79990961e+00 
 1.52515615e-06  0.00000000e+00  1.79994197e+00 
 1.53697474e-06  0.00000000e+00  1.79994823e+00 
 1.55710674e-06  0.00000000e+00  1.79997649e+00 
 1.59737076e-06  0.00000000e+00  1.79997666e+00 
 1.67789878e-06  0.00000000e+00  1.79999745e+00 
 1.75010000e-06  0.00000000e+00  1.79998761e+00 
 1.75011000e-06  1.80000000e-01  1.80055641e+00 
 1.75013000e-06  5.40000000e-01  1.80210654e+00 
 1.75017000e-06  1.26000000e+00  1.80558542e+00 
 1.75020000e-06  1.80000000e+00  1.80792386e+00 
 1.75020788e-06  1.80000000e+00  1.80770312e+00 
 1.75022365e-06  1.80000000e+00  1.80721637e+00 
 1.75025519e-06  1.80000000e+00  1.80641473e+00 
 1.75031827e-06  1.80000000e+00  1.80533929e+00 
 1.75044442e-06  1.80000000e+00  1.80401885e+00 
 1.75057529e-06  1.80000000e+00  1.80310115e+00 
 1.75080459e-06  1.80000000e+00  1.80288352e+00 
 1.75121652e-06  1.80000000e+00  1.80574051e+00 
 1.75163929e-06  1.80000000e+00  1.80520722e+00 
 1.75212432e-06  1.80000000e+00  1.80230486e+00 
 1.75269447e-06  1.80000000e+00  1.80057500e+00 
 1.75345910e-06  1.80000000e+00  1.79950372e+00 
 1.75397806e-06  1.80000000e+00  1.79990451e+00 
 1.75457080e-06  1.80000000e+00  1.80031894e+00 
 1.75512893e-06  1.80000000e+00  1.80060460e+00 
 1.75574948e-06  1.80000000e+00  1.80118493e+00 
 1.75658539e-06  1.80000000e+00  1.80160596e+00 
 1.75748960e-06  1.80000000e+00  1.80164648e+00 
 1.75839536e-06  1.80000000e+00  1.80125682e+00 
 1.75933622e-06  1.80000000e+00  1.80107644e+00 
 1.76060317e-06  1.80000000e+00  1.80079593e+00 
 1.76192079e-06  1.80000000e+00  1.80060410e+00 
 1.76455604e-06  1.80000000e+00  1.80029776e+00 
 1.76783903e-06  1.80000000e+00  1.80014764e+00 
 1.77440503e-06  1.80000000e+00  1.80000526e+00 
 1.78609006e-06  1.80000000e+00  1.80000851e+00 
 1.80573655e-06  1.80000000e+00  1.79998969e+00 
 1.84502955e-06  1.80000000e+00  1.80001052e+00 
 1.92361553e-06  1.80000000e+00  1.79998925e+00 
 2.00000000e-06  1.80000000e+00  1.80001075e+00 
 2.00001000e-06  1.62000000e+00  1.79882362e+00 
 2.00003000e-06  1.26000000e+00  1.79665240e+00 
 2.00007000e-06  5.40000000e-01  1.79340865e+00 
 2.00010000e-06  3.67639252e-12  1.79174862e+00 
 2.00010784e-06  0.00000000e+00  1.79230263e+00 
 2.00012353e-06  0.00000000e+00  1.79341114e+00 
 2.00015490e-06  0.00000000e+00  1.79511631e+00 
 2.00021764e-06  0.00000000e+00  1.79724092e+00 
 2.00033464e-06  0.00000000e+00  1.79948999e+00 
 2.00049432e-06  0.00000000e+00  1.80080905e+00 
 2.00081368e-06  0.00000000e+00  1.80187151e+00 
 2.00127041e-06  0.00000000e+00  1.80184027e+00 
 2.00174379e-06  0.00000000e+00  1.80048775e+00 
 2.00217621e-06  0.00000000e+00  1.79824453e+00 
 2.00266521e-06  0.00000000e+00  1.79836388e+00 
 2.00332517e-06  0.00000000e+00  1.79869800e+00 
 2.00392676e-06  0.00000000e+00  1.79766804e+00 
 2.00442575e-06  0.00000000e+00  1.79910280e+00 
 2.00500771e-06  0.00000000e+00  1.79986873e+00 
 2.00555615e-06  0.00000000e+00  1.80074380e+00 
 2.00617439e-06  0.00000000e+00  1.80089994e+00 
 2.00680993e-06  0.00000000e+00  1.80057795e+00 
 2.00762617e-06  0.00000000e+00  1.80037142e+00 
 2.00858071e-06  0.00000000e+00  1.80018464e+00 
 2.00976346e-06  0.00000000e+00  1.80017998e+00 
 2.01077664e-06  0.00000000e+00  1.80015997e+00 
 2.01181804e-06  0.00000000e+00  1.80046996e+00 
 2.01298090e-06  0.00000000e+00  1.80034805e+00 
 2.01381240e-06  0.00000000e+00  1.79971693e+00 
 2.01459722e-06  0.00000000e+00  1.79877944e+00 
 2.01558325e-06  0.00000000e+00  1.79901028e+00 
 2.01659401e-06  0.00000000e+00  1.79949947e+00 
 2.01756236e-06  0.00000000e+00  1.79783199e+00 
 2.01876291e-06  0.00000000e+00  1.79755788e+00 
 2.02000013e-06  0.00000000e+00  1.79864261e+00 
 2.02182393e-06  0.00000000e+00  1.79937537e+00 
 2.02391802e-06  0.00000000e+00  1.79977840e+00 
 2.02810618e-06  0.00000000e+00  1.79991110e+00 
 2.03648250e-06  0.00000000e+00  1.79998127e+00 
 2.04991205e-06  0.00000000e+00  1.79993738e+00 
 2.07677114e-06  0.00000000e+00  1.80000568e+00 
 2.10630242e-06  0.00000000e+00  1.79995604e+00 
 2.13535018e-06  0.00000000e+00  1.80001652e+00 
 2.15590361e-06  0.00000000e+00  1.80007591e+00 
 2.17147874e-06  0.00000000e+00  1.79969711e+00 
 2.18587037e-06  0.00000000e+00  1.80037831e+00 
 2.20247404e-06  0.00000000e+00  1.79959391e+00 
 2.21242425e-06  0.00000000e+00  1.80006635e+00 
 2.22000692e-06  0.00000000e+00  1.80029561e+00 
 2.22761850e-06  0.00000000e+00  1.79968730e+00 
 2.23480415e-06  0.00000000e+00  1.80029356e+00 
 2.24175773e-06  0.00000000e+00  1.79972242e+00 
 2.24711694e-06  0.00000000e+00  1.80024634e+00 
 2.25010000e-06  0.00000000e+00  1.79977041e+00 
 2.25011000e-06  1.80000000e-01  1.80037875e+00 
 2.25013000e-06  5.40000000e-01  1.80197996e+00 
 2.25017000e-06  1.26000000e+00  1.80547116e+00 
 2.25020000e-06  1.80000000e+00  1.80780718e+00 
 2.25020788e-06  1.80000000e+00  1.80758962e+00 
 2.25022365e-06  1.80000000e+00  1.80710942e+00 
 2.25025518e-06  1.80000000e+00  1.80632504e+00 
 2.25031824e-06  1.80000000e+00  1.80527968e+00 
 2.25044437e-06  1.80000000e+00  1.80399352e+00 
 2.25057529e-06  1.80000000e+00  1.80308746e+00 
 2.25080482e-06  1.80000000e+00  1.80287757e+00 
 2.25121601e-06  1.80000000e+00  1.80572278e+00 
 2.25163894e-06  1.80000000e+00  1.80517524e+00 
 2.25212364e-06  1.80000000e+00  1.80223029e+00 
 2.25269429e-06  1.80000000e+00  1.80070251e+00 
 2.25346917e-06  1.80000000e+00  1.80006473e+00 
 2.25396774e-06  1.80000000e+00  1.80013693e+00 
 2.25455438e-06  1.80000000e+00  1.80007080e+00 
 2.25532194e-06  1.80000000e+00  1.79997957e+00 
 2.25608407e-06  1.80000000e+00  1.80001206e+00 
 2.25698146e-06  1.80000000e+00  1.79998917e+00 
 2.25852537e-06  1.80000000e+00  1.80000982e+00 
 2.26020817e-06  1.80000000e+00  1.79999086e+00 
 2.26322238e-06  1.80000000e+00  1.80000868e+00 
 2.26842466e-06  1.80000000e+00  1.79999121e+00 
 2.27882922e-06  1.80000000e+00  1.80000837e+00 
 2.29963835e-06  1.80000000e+00  1.79999143e+00 
 2.34125659e-06  1.80000000e+00  1.80000841e+00 
 2.42449309e-06  1.80000000e+00  1.79999150e+00 
 2.50000000e-06  1.80000000e+00  1.80000840e+00 
 2.50001000e-06  1.62000000e+00  1.79882332e+00 
 2.50003000e-06  1.26000000e+00  1.79665732e+00 
 2.50007000e-06  5.40000000e-01  1.79341904e+00 
 2.50010000e-06  3.67639252e-12  1.79175579e+00 
 2.50010784e-06  0.00000000e+00  1.79230916e+00 
 2.50012353e-06  0.00000000e+00  1.79341501e+00 
 2.50015490e-06  0.00000000e+00  1.79511765e+00 
 2.50021764e-06  0.00000000e+00  1.79724200e+00 
 2.50033466e-06  0.00000000e+00  1.79949312e+00 
 2.50049407e-06  0.00000000e+00  1.80081065e+00 
 2.50081289e-06  0.00000000e+00  1.80187044e+00 
 2.50132067e-06  0.00000000e+00  1.80173341e+00 
 2.50177901e-06  0.00000000e+00  1.80029754e+00 
 2.50219713e-06  0.00000000e+00  1.79811154e+00 
 2.50266759e-06  0.00000000e+00  1.79773283e+00 
 2.50327711e-06  0.00000000e+00  1.79817946e+00 
 2.50393704e-06  0.00000000e+00  1.79863924e+00 
 2.50468972e-06  0.00000000e+00  1.79905170e+00 
 2.50546247e-06  0.00000000e+00  1.79931593e+00 
 2.50653189e-06  0.00000000e+00  1.79948076e+00 
 2.50732955e-06  0.00000000e+00  1.79965801e+00 
 2.50821915e-06  0.00000000e+00  1.79971486e+00 
 2.50908443e-06  0.00000000e+00  1.79978934e+00 
 2.51005031e-06  0.00000000e+00  1.79980867e+00 
 2.51115153e-06  0.00000000e+00  1.79985669e+00 
 2.51238470e-06  0.00000000e+00  1.79986298e+00 
 2.51485103e-06  0.00000000e+00  1.79990320e+00 
 2.51849982e-06  0.00000000e+00  1.79990938e+00 
 2.52506232e-06  0.00000000e+00  1.79994197e+00 
 2.53676646e-06  0.00000000e+00  1.79994787e+00 
 2.55666542e-06  0.00000000e+00  1.79997642e+00 
 2.59646332e-06  0.00000000e+00  1.79997634e+00 
 2.67605912e-06  0.00000000e+00  1.79999749e+00 
 2.75010000e-06  0.00000000e+00  1.79998747e+00 
 2.75011000e-06  1.80000000e-01  1.80055634e+00 
 2.75013000e-06  5.40000000e-01  1.80210617e+00 
 2.75017000e-06  1.26000000e+00  1.80557236e+00 
 2.75020000e-06  1.80000000e+00  1.80789612e+00 
 2.75020788e-06  1.80000000e+00  1.80767628e+00 
 2.75022365e-06  1.80000000e+00  1.80719221e+00 
 2.75025519e-06  1.80000000e+00  1.80639727e+00 
 2.75031827e-06  1.80000000e+00  1.80533210e+00 
 2.75044442e-06  1.80000000e+00  1.80401946e+00 
 2.75057529e-06  1.80000000e+00  1.80310161e+00 
 2.75080459e-06  1.80000000e+00  1.80288645e+00 
 2.75121652e-06  1.80000000e+00  1.80574813e+00 
 2.75163864e-06  1.80000000e+00  1.80521206e+00 
 2.75212401e-06  1.80000000e+00  1.80230699e+00 
 2.75269375e-06  1.80000000e+00  1.80057721e+00 
 2.75345792e-06  1.80000000e+00  1.79950512e+00 
 2.75397686e-06  1.80000000e+00  1.79990525e+00 
 2.75456919e-06  1.80000000e+00  1.80032071e+00 
 2.75512792e-06  1.80000000e+00  1.80060425e+00 
 2.75574872e-06  1.80000000e+00  1.80118463e+00 
 2.75658598e-06  1.80000000e+00  1.80160557e+00 
 2.75749141e-06  1.80000000e+00  1.80164613e+00 
 2.75839536e-06  1.80000000e+00  1.80125676e+00 
 2.75933760e-06  1.80000000e+00  1.80107625e+00 
 2.76074549e-06  1.80000000e+00  1.80076997e+00 
 2.76201367e-06  1.80000000e+00  1.80059102e+00 
 2.76455002e-06  1.80000000e+00  1.80029877e+00 
 2.76789650e-06  1.80000000e+00  1.80014573e+00 
 2.77458947e-06  1.80000000e+00  1.80000371e+00 
 2.78605960e-06  1.80000000e+00  1.80000893e+00 
 2.80596053e-06  1.80000000e+00  1.79998951e+00 
 2.84576238e-06  1.80000000e+00  1.80001065e+00 
 2.92536609e-06  1.80000000e+00  1.79998914e+00 
 3.00000000e-06  1.80000000e+00  1.80001085e+00 
 3.00001000e-06  1.62000000e+00  1.79882562e+00 
 3.00003000e-06  1.26000000e+00  1.79666114e+00 
 3.00007000e-06  5.40000000e-01  1.79342349e+00 
 3.00010000e-06  3.67639252e-12  1.79175961e+00 
 3.00010784e-06  0.00000000e+00  1.79231439e+00 
 3.00012353e-06  0.00000000e+00  1.79342221e+00 
 3.00015490e-06  0.00000000e+00  1.79512351e+00 
 3.00021764e-06  0.00000000e+00  1.79724371e+00 
 3.00033464e-06  0.00000000e+00  1.79949044e+00 
 3.00049431e-06  0.00000000e+00  1.80080912e+00 
 3.00081367e-06  0.00000000e+00  1.80187102e+00 
 3.00127040e-06  0.00000000e+00  1.80183706e+00 
 3.00174378e-06  0.00000000e+00  1.80048372e+00 
 3.00217587e-06  0.00000000e+00  1.79824243e+00 
 3.00266500e-06  0.00000000e+00  1.79836383e+00 
 3.00332452e-06  0.00000000e+00  1.79870009e+00 
 3.00392604e-06  0.00000000e+00  1.79766719e+00 
 3.00442491e-06  0.00000000e+00  1.79910105e+00 
 3.00500679e-06  0.00000000e+00  1.79986815e+00 
 3.00555586e-06  0.00000000e+00  1.80074343e+00 
 3.00617352e-06  0.00000000e+00  1.80090067e+00 
 3.00680875e-06  0.00000000e+00  1.80057845e+00 
 3.00762574e-06  0.00000000e+00  1.80037194e+00 
 3.00857941e-06  0.00000000e+00  1.80018473e+00 
 3.00976332e-06  0.00000000e+00  1.80017989e+00 
 3.01077667e-06  0.00000000e+00  1.80015981e+00 
 3.01181826e-06  0.00000000e+00  1.80047015e+00 
 3.01298129e-06  0.00000000e+00  1.80034840e+00 
 3.01381114e-06  0.00000000e+00  1.79972027e+00 
 3.01459290e-06  0.00000000e+00  1.79878438e+00 
 3.01558488e-06  0.00000000e+00  1.79900951e+00 
 3.01660030e-06  0.00000000e+00  1.79949133e+00 
 3.01756931e-06  0.00000000e+00  1.79782671e+00 
 3.01877784e-06  0.00000000e+00  1.79756496e+00 
 3.02002241e-06  0.00000000e+00  1.79865757e+00 
 3.02184580e-06  0.00000000e+00  1.79938015e+00 
 3.02395734e-06  0.00000000e+00  1.79978308e+00 
 3.02818041e-06  0.00000000e+00  1.79991153e+00 
 3.03662657e-06  0.00000000e+00  1.79998172e+00 
 3.04551940e-06  0.00000000e+00  1.79993346e+00 
 3.05533085e-06  0.00000000e+00  1.79999754e+00 
 3.06322160e-06  0.00000000e+00  1.80008638e+00 
 3.06999802e-06  0.00000000e+00  1.80030916e+00 
 3.07286870e-06  0.00000000e+00  1.79871370e+00 
 3.07555623e-06  0.00000000e+00  1.80081577e+00 
 3.07847648e-06  0.00000000e+00  1.79920718e+00 
 3.08329877e-06  0.00000000e+00  1.80065245e+00 
 3.08911514e-06  0.00000000e+00  1.79935632e+00 
 3.09543661e-06  0.00000000e+00  1.80055922e+00 
 3.10807955e-06  0.00000000e+00  1.79942557e+00 
 3.12226609e-06  0.00000000e+00  1.80052696e+00 
 3.14658787e-06  0.00000000e+00  1.79945670e+00 
 3.18835683e-06  0.00000000e+00  1.80051739e+00 
 3.25010000e-06  0.00000000e+00  1.79947081e+00 
 3.25011000e-06  1.80000000e-01  1.80008979e+00 
 3.25013000e-06  5.40000000e-01  1.80173149e+00 
 3.25017000e-06  1.26000000e+00  1.80530914e+00 
 3.25020000e-06  1.80000000e+00  1.80767955e+00 
 3.25020788e-06  1.80000000e+00  1.80748584e+00 
 3.25022363e-06  1.80000000e+00  1.80705031e+00 
 3.25025514e-06  1.80000000e+00  1.80631064e+00 
 3.25031816e-06  1.80000000e+00  1.80526882e+00 
 3.25044420e-06  1.80000000e+00  1.80395283e+00 
 3.25057512e-06  1.80000000e+00  1.80304304e+00 
 3.25080447e-06  1.80000000e+00  1.80283103e+00 
 3.25121509e-06  1.80000000e+00  1.80571217e+00 
 3.25163780e-06  1.80000000e+00  1.80526405e+00 
 3.25212235e-06  1.80000000e+00  1.80251201e+00 
 3.25269272e-06  1.80000000e+00  1.80128237e+00 
 3.25346617e-06  1.80000000e+00  1.80014587e+00 
 3.25399815e-06  1.80000000e+00  1.79945745e+00 
 3.25459825e-06  1.80000000e+00  1.79849308e+00 
 3.25523529e-06  1.80000000e+00  1.79815832e+00 
 3.25590855e-06  1.80000000e+00  1.79828739e+00 
 3.25681655e-06  1.80000000e+00  1.79856273e+00 
 3.25821734e-06  1.80000000e+00  1.79897212e+00 
 3.25982255e-06  1.80000000e+00  1.79929302e+00 
 3.26262750e-06  1.80000000e+00  1.79965203e+00 
 3.26715998e-06  1.80000000e+00  1.79988844e+00 
 3.27622493e-06  1.80000000e+00  1.80000814e+00 
 3.29435483e-06  1.80000000e+00  1.79999314e+00 
 3.32047559e-06  1.80000000e+00  1.79999811e+00 
 3.34865393e-06  1.80000000e+00  1.79995772e+00 
 3.37733935e-06  1.80000000e+00  1.80062397e+00 
 3.39643161e-06  1.80000000e+00  1.79970935e+00 
 3.41478908e-06  1.80000000e+00  1.80016643e+00 
 3.42842451e-06  1.80000000e+00  1.79989130e+00 
 3.44406137e-06  1.80000000e+00  1.80009376e+00 
 3.47533507e-06  1.80000000e+00  1.79990965e+00 
 3.50000000e-06  1.80000000e+00  1.80008700e+00 
 3.50001000e-06  1.62000000e+00  1.79889307e+00 
 3.50003000e-06  1.26000000e+00  1.79671901e+00 
 3.50007000e-06  5.40000000e-01  1.79346918e+00 
 3.50010000e-06  3.67639252e-12  1.79179661e+00 
 3.50010784e-06  0.00000000e+00  1.79234819e+00 
 3.50012353e-06  0.00000000e+00  1.79345190e+00 
 3.50015490e-06  0.00000000e+00  1.79514618e+00 
 3.50021764e-06  0.00000000e+00  1.79725787e+00 
 3.50033466e-06  0.00000000e+00  1.79949616e+00 
 3.50049408e-06  0.00000000e+00  1.80080732e+00 
 3.50081292e-06  0.00000000e+00  1.80186555e+00 
 3.50132068e-06  0.00000000e+00  1.80173291e+00 
 3.50177955e-06  0.00000000e+00  1.80028947e+00 
 3.50220101e-06  0.00000000e+00  1.79809495e+00 
 3.50267288e-06  0.00000000e+00  1.79772791e+00 
 3.50328305e-06  0.00000000e+00  1.79817858e+00 
 3.50393751e-06  0.00000000e+00  1.79863618e+00 
 3.50469873e-06  0.00000000e+00  1.79905633e+00 
 3.50547774e-06  0.00000000e+00  1.79931780e+00 
 3.50654238e-06  0.00000000e+00  1.79948229e+00 
 3.50733765e-06  0.00000000e+00  1.79966008e+00 
 3.50822098e-06  0.00000000e+00  1.79971745e+00 
 3.50907973e-06  0.00000000e+00  1.79979098e+00 
 3.51004682e-06  0.00000000e+00  1.79981062e+00 
 3.51114965e-06  0.00000000e+00  1.79985827e+00 
 3.51238148e-06  0.00000000e+00  1.79986446e+00 
 3.51484515e-06  0.00000000e+00  1.79990426e+00 
 3.51846391e-06  0.00000000e+00  1.79991006e+00 
 3.52495331e-06  0.00000000e+00  1.79994220e+00 
 3.53646316e-06  0.00000000e+00  1.79994777e+00 
 3.55593606e-06  0.00000000e+00  1.79997612e+00 
 3.59488185e-06  0.00000000e+00  1.79997608e+00 
 3.67277344e-06  0.00000000e+00  1.79999730e+00 
 3.75010000e-06  0.00000000e+00  1.79998749e+00 
 3.75011000e-06  1.80000000e-01  1.80055622e+00 
 3.75013000e-06  5.40000000e-01  1.80210568e+00 
 3.75017000e-06  1.26000000e+00  1.80556712e+00 
 3.75020000e-06  1.80000000e+00  1.80788233e+00 
 3.75020788e-06  1.80000000e+00  1.80766293e+00 
 3.75022365e-06  1.80000000e+00  1.80718023e+00 
 3.75025519e-06  1.80000000e+00  1.80638891e+00 
 3.75031827e-06  1.80000000e+00  1.80532878e+00 
 3.75044443e-06  1.80000000e+00  1.80402100e+00 
 3.75057530e-06  1.80000000e+00  1.80310149e+00 
 3.75080460e-06  1.80000000e+00  1.80288812e+00 
 3.75121655e-06  1.80000000e+00  1.80575268e+00 
 3.75163832e-06  1.80000000e+00  1.80521467e+00 
 3.75212388e-06  1.80000000e+00  1.80230822e+00 
 3.75269338e-06  1.80000000e+00  1.80057315e+00 
 3.75345793e-06  1.80000000e+00  1.79950161e+00 
 3.75397488e-06  1.80000000e+00  1.79991384e+00 
 3.75456533e-06  1.80000000e+00  1.80032298e+00 
 3.75512504e-06  1.80000000e+00  1.80061007e+00 
 3.75574540e-06  1.80000000e+00  1.80118975e+00 
 3.75658636e-06  1.80000000e+00  1.80160864e+00 
 3.75749343e-06  1.80000000e+00  1.80164305e+00 
 3.75840118e-06  1.80000000e+00  1.80125256e+00 
 3.75934130e-06  1.80000000e+00  1.80107406e+00 
 3.76060612e-06  1.80000000e+00  1.80079378e+00 
 3.76192557e-06  1.80000000e+00  1.80060245e+00 
 3.76456448e-06  1.80000000e+00  1.80029648e+00 
 3.76787977e-06  1.80000000e+00  1.80014594e+00 
 3.77451035e-06  1.80000000e+00  1.80000434e+00 
 3.78632695e-06  1.80000000e+00  1.80000861e+00 
 3.80669072e-06  1.80000000e+00  1.79998966e+00 
 3.84741826e-06  1.80000000e+00  1.80001055e+00 
 3.92887333e-06  1.80000000e+00  1.79998922e+00 
 4.00000000e-06  1.80000000e+00  1.80001079e+00 
 4.00001000e-06  1.62000000e+00  1.79882556e+00 
 4.00003000e-06  1.26000000e+00  1.79666822e+00 
 4.00007000e-06  5.40000000e-01  1.79343308e+00 
 4.00010000e-06  0.00000000e+00  1.79176707e+00 
 4.00010784e-06  0.00000000e+00  1.79232086e+00 
 4.00012353e-06  0.00000000e+00  1.79342969e+00 
 4.00015490e-06  0.00000000e+00  1.79512771e+00 
 4.00021764e-06  0.00000000e+00  1.79724436e+00 
 4.00033464e-06  0.00000000e+00  1.79948979e+00 
 4.00049432e-06  0.00000000e+00  1.80080844e+00 
 4.00081370e-06  0.00000000e+00  1.80187074e+00 
 4.00127078e-06  0.00000000e+00  1.80183841e+00 
 4.00174438e-06  0.00000000e+00  1.80047946e+00 
 4.00217627e-06  0.00000000e+00  1.79824127e+00 
 4.00266617e-06  0.00000000e+00  1.79838244e+00 
 4.00332634e-06  0.00000000e+00  1.79867167e+00 
 4.00393146e-06  0.00000000e+00  1.79768117e+00 
 4.00443224e-06  0.00000000e+00  1.79912600e+00 
 4.00501413e-06  0.00000000e+00  1.79987854e+00 
 4.00555809e-06  0.00000000e+00  1.80075254e+00 
 4.00618021e-06  0.00000000e+00  1.80089304e+00 
 4.00681785e-06  0.00000000e+00  1.80057506e+00 
 4.00762897e-06  0.00000000e+00  1.80036704e+00 
 4.00859322e-06  0.00000000e+00  1.80018492e+00 
 4.00976523e-06  0.00000000e+00  1.80017443e+00 
 4.01078339e-06  0.00000000e+00  1.80015420e+00 
 4.01182781e-06  0.00000000e+00  1.80045556e+00 
 4.01299293e-06  0.00000000e+00  1.80036524e+00 
 4.01382649e-06  0.00000000e+00  1.79974540e+00 
 4.01461313e-06  0.00000000e+00  1.79880369e+00 
 4.01571343e-06  0.00000000e+00  1.79913011e+00 
 4.01671238e-06  0.00000000e+00  1.79920546e+00 
 4.01774713e-06  0.00000000e+00  1.79764314e+00 
 4.01897712e-06  0.00000000e+00  1.79773131e+00 
 4.02025627e-06  0.00000000e+00  1.79883981e+00 
 4.02213103e-06  0.00000000e+00  1.79945705e+00 
 4.02455494e-06  0.00000000e+00  1.79993774e+00 
 4.02728103e-06  0.00000000e+00  1.80043302e+00 
 4.02997628e-06  0.00000000e+00  1.80115691e+00 
 4.03186548e-06  0.00000000e+00  1.79765444e+00 
 4.03360784e-06  0.00000000e+00  1.80045760e+00 
 4.03525958e-06  0.00000000e+00  1.79922212e+00 
 4.03703128e-06  0.00000000e+00  1.80021021e+00 
 4.03979225e-06  0.00000000e+00  1.79965793e+00 
 4.04277552e-06  0.00000000e+00  1.80016316e+00 
 4.04734494e-06  0.00000000e+00  1.79977780e+00 
 4.05182308e-06  0.00000000e+00  1.80012595e+00 
 4.06077936e-06  0.00000000e+00  1.79982107e+00 
 4.07228558e-06  0.00000000e+00  1.80011847e+00 
 4.09033012e-06  0.00000000e+00  1.79984277e+00 
 4.12017718e-06  0.00000000e+00  1.80012131e+00 
 4.15218497e-06  0.00000000e+00  1.79985600e+00 
 4.19740635e-06  0.00000000e+00  1.80012312e+00 
 4.25010000e-06  6.67038446e-12  1.79986372e+00 
 4.25011000e-06  1.80000000e-01  1.80040190e+00 
 4.25013000e-06  5.40000000e-01  1.80193458e+00 
 4.25017000e-06  1.26000000e+00  1.80544635e+00 
 4.25020000e-06  1.80000000e+00  1.80779172e+00 
 4.25020773e-06  1.80000000e+00  1.80759819e+00 
 4.25022320e-06  1.80000000e+00  1.80716339e+00 
 4.25025414e-06  1.80000000e+00  1.80642387e+00 
 4.25031602e-06  1.80000000e+00  1.80537073e+00 
 4.25038286e-06  1.80000000e+00  1.80458433e+00 
 4.25051654e-06  1.80000000e+00  1.80342812e+00 
 4.25069141e-06  1.80000000e+00  1.80272174e+00 
 4.25093503e-06  1.80000000e+00  1.80347286e+00 
 4.25132670e-06  1.80000000e+00  1.80635867e+00 
 4.25177995e-06  1.80000000e+00  1.80432097e+00 
 4.25226068e-06  1.80000000e+00  1.80204628e+00 
 4.25292263e-06  1.80000000e+00  1.80103209e+00 
 4.25380705e-06  1.80000000e+00  1.79995630e+00 
 4.25437790e-06  1.80000000e+00  1.79919546e+00 
 4.25502546e-06  1.80000000e+00  1.79827642e+00 
 4.25578738e-06  1.80000000e+00  1.79824347e+00 
 4.25669625e-06  1.80000000e+00  1.79848901e+00 
 4.25757144e-06  1.80000000e+00  1.79877383e+00 
 4.25924454e-06  1.80000000e+00  1.79917196e+00 
 4.26141782e-06  1.80000000e+00  1.79951387e+00 
 4.26557957e-06  1.80000000e+00  1.79983243e+00 
 4.27275954e-06  1.80000000e+00  1.79998726e+00 
 4.28441456e-06  1.80000000e+00  1.80000115e+00 
 4.30610766e-06  1.80000000e+00  1.79999972e+00 
 4.34215236e-06  1.80000000e+00  1.79999983e+00 
 4.40636159e-06  1.80000000e+00  1.80000016e+00 
 4.50000000e-06  1.80000000e+00  1.79999969e+00 
 4.50001000e-06  1.62000000e+00  1.79884043e+00 
 4.50003000e-06  1.26000000e+00  1.79671728e+00 
 4.50007000e-06  5.40000000e-01  1.79347590e+00 
 4.50010000e-06  0.00000000e+00  1.79177058e+00 
 4.50010783e-06  0.00000000e+00  1.79229343e+00 
 4.50012349e-06  0.00000000e+00  1.79335450e+00 
 4.50015482e-06  0.00000000e+00  1.79503300e+00 
 4.50021747e-06  0.00000000e+00  1.79719804e+00 
 4.50034277e-06  0.00000000e+00  1.79963654e+00 
 4.50058934e-06  0.00000000e+00  1.80135487e+00 
 4.50094751e-06  0.00000000e+00  1.80209829e+00 
 4.50158029e-06  0.00000000e+00  1.80087597e+00 
 4.50215842e-06  0.00000000e+00  1.79781853e+00 
 4.50265607e-06  0.00000000e+00  1.79817263e+00 
 4.50321048e-06  0.00000000e+00  1.80004342e+00 
 4.50376612e-06  0.00000000e+00  1.80033275e+00 
 4.50439012e-06  0.00000000e+00  1.80014932e+00 
 4.50513828e-06  0.00000000e+00  1.80003706e+00 
 4.50590351e-06  0.00000000e+00  1.79993117e+00 
 4.50707353e-06  0.00000000e+00  1.79986635e+00 
 4.50795016e-06  0.00000000e+00  1.79991982e+00 
 4.50889948e-06  0.00000000e+00  1.79984453e+00 
 4.50986888e-06  0.00000000e+00  1.79987415e+00 
 4.51091904e-06  0.00000000e+00  1.79983533e+00 
 4.51254920e-06  0.00000000e+00  1.79987285e+00 
 4.51414369e-06  0.00000000e+00  1.79985084e+00 
 4.51733266e-06  0.00000000e+00  1.79990165e+00 
 4.52262974e-06  0.00000000e+00  1.79989864e+00 
 4.53147271e-06  0.00000000e+00  1.79995333e+00 
 4.54912104e-06  0.00000000e+00  1.79994745e+00 
 4.58441769e-06  0.00000000e+00  1.79999354e+00 
 4.65501101e-06  0.00000000e+00  1.79997500e+00 
 4.75010000e-06  6.67038446e-12  1.80000828e+00 
 4.75011000e-06  1.80000000e-01  1.80055926e+00 
 4.75013000e-06  5.40000000e-01  1.80207783e+00 
 4.75017000e-06  1.26000000e+00  1.80551567e+00 
 4.75020000e-06  1.80000000e+00  1.80783342e+00 
 4.75020761e-06  1.80000000e+00  1.80764254e+00 
 4.75022282e-06  1.80000000e+00  1.80721144e+00 
 4.75025324e-06  1.80000000e+00  1.80647878e+00 
 4.75031409e-06  1.80000000e+00  1.80543141e+00 
 4.75037994e-06  1.80000000e+00  1.80464425e+00 
 4.75051163e-06  1.80000000e+00  1.80348951e+00 
 4.75068426e-06  1.80000000e+00  1.80274920e+00 
 4.75092204e-06  1.80000000e+00  1.80340556e+00 
 4.75131662e-06  1.80000000e+00  1.80634162e+00 
 4.75176113e-06  1.80000000e+00  1.80446190e+00 
 4.75223912e-06  1.80000000e+00  1.80212701e+00 
 4.75288550e-06  1.80000000e+00  1.80113573e+00 
 4.75376343e-06  1.80000000e+00  1.80033785e+00 
 4.75432512e-06  1.80000000e+00  1.79968915e+00 
 4.75496639e-06  1.80000000e+00  1.79850324e+00 
 4.75564450e-06  1.80000000e+00  1.79808850e+00 
 4.75634105e-06  1.80000000e+00  1.79831676e+00 
 4.75731915e-06  1.80000000e+00  1.79857721e+00 
 4.75834989e-06  1.80000000e+00  1.79892380e+00 
 4.76041135e-06  1.80000000e+00  1.79931414e+00 
 4.76335446e-06  1.80000000e+00  1.79969444e+00 
 4.76914531e-06  1.80000000e+00  1.79992254e+00 
 4.77907244e-06  1.80000000e+00  1.80002097e+00 
 4.79675671e-06  1.80000000e+00  1.79998193e+00 
 4.82948630e-06  1.80000000e+00  1.80001705e+00 
 4.88702588e-06  1.80000000e+00  1.79998313e+00 
 4.99275141e-06  1.80000000e+00  1.80001662e+00 
 5.00000000e-06  1.80000000e+00  1.79998439e+00 
 5.00001000e-06  1.62000000e+00  1.79882924e+00 
 5.00003000e-06  1.26000000e+00  1.79672134e+00 
 5.00007000e-06  5.40000000e-01  1.79348174e+00 
 5.00010000e-06  0.00000000e+00  1.79177376e+00 
 5.00010784e-06  0.00000000e+00  1.79229678e+00 
 5.00012353e-06  0.00000000e+00  1.79335832e+00 
 5.00015491e-06  0.00000000e+00  1.79503596e+00 
 5.00021767e-06  0.00000000e+00  1.79720136e+00 
 5.00034319e-06  0.00000000e+00  1.79964222e+00 
 5.00058926e-06  0.00000000e+00  1.80135379e+00 
 5.00094734e-06  0.00000000e+00  1.80209795e+00 
 5.00157999e-06  0.00000000e+00  1.80086969e+00 
 5.00215778e-06  0.00000000e+00  1.79781463e+00 
 5.00265447e-06  0.00000000e+00  1.79817287e+00 
 5.00321214e-06  0.00000000e+00  1.79987646e+00 
 5.00378743e-06  0.00000000e+00  1.80021301e+00 
 5.00444890e-06  0.00000000e+00  1.80017132e+00 
 5.00501469e-06  0.00000000e+00  1.80008189e+00 
 5.00563116e-06  0.00000000e+00  1.80009556e+00 
 5.00625239e-06  0.00000000e+00  1.79997306e+00 
 5.00690992e-06  0.00000000e+00  1.79995299e+00 
 5.00779937e-06  0.00000000e+00  1.79986887e+00 
 5.00882133e-06  0.00000000e+00  1.79990556e+00 
 5.01024418e-06  0.00000000e+00  1.79995912e+00 
 5.01167121e-06  0.00000000e+00  1.80027604e+00 
 5.01296981e-06  0.00000000e+00  1.80032114e+00 
 5.01399247e-06  0.00000000e+00  1.79961056e+00 
 5.01495875e-06  0.00000000e+00  1.79857736e+00 
 5.01605505e-06  0.00000000e+00  1.79942654e+00 
 5.01709697e-06  0.00000000e+00  1.79843025e+00 
 5.01819178e-06  0.00000000e+00  1.79734043e+00 
 5.01937760e-06  0.00000000e+00  1.79812359e+00 
 5.02104742e-06  0.00000000e+00  1.79919572e+00 
 5.02272394e-06  0.00000000e+00  1.79953417e+00 
 5.02607697e-06  0.00000000e+00  1.79993064e+00 
 5.03165416e-06  0.00000000e+00  1.79987706e+00 
 5.03996511e-06  0.00000000e+00  1.79991101e+00 
 5.04759755e-06  0.00000000e+00  1.79993927e+00 
 5.05697620e-06  0.00000000e+00  1.80015912e+00 
 5.06324496e-06  0.00000000e+00  1.79974275e+00 
 5.06913959e-06  0.00000000e+00  1.80020737e+00 
 5.07664876e-06  0.00000000e+00  1.79976214e+00 
 5.08331066e-06  0.00000000e+00  1.80017907e+00 
 5.09089106e-06  0.00000000e+00  1.79979062e+00 
 5.10190235e-06  0.00000000e+00  1.80016516e+00 
 5.11566811e-06  0.00000000e+00  1.79981041e+00 
 5.13577984e-06  0.00000000e+00  1.80016138e+00 
 5.16190400e-06  0.00000000e+00  1.79985807e+00 
 5.18207798e-06  0.00000000e+00  1.80004374e+00 
 5.20048486e-06  0.00000000e+00  1.79997271e+00 
 5.21626076e-06  0.00000000e+00  1.79999016e+00 
 5.23325428e-06  0.00000000e+00  1.80000285e+00 
 5.25010000e-06  6.67038446e-12  1.79998115e+00 
 5.25011000e-06  1.80000000e-01  1.80054335e+00 
 5.25013000e-06  5.40000000e-01  1.80206461e+00 
 5.25017000e-06  1.26000000e+00  1.80547351e+00 
 5.25020000e-06  1.80000000e+00  1.80777407e+00 
 5.25020760e-06  1.80000000e+00  1.80758113e+00 
 5.25022281e-06  1.80000000e+00  1.80714959e+00 
 5.25025321e-06  1.80000000e+00  1.80641706e+00 
 5.25031403e-06  1.80000000e+00  1.80537507e+00 
 5.25038010e-06  1.80000000e+00  1.80459182e+00 
 5.25051224e-06  1.80000000e+00  1.80344929e+00 
 5.25066116e-06  1.80000000e+00  1.80275087e+00 
 5.25091141e-06  1.80000000e+00  1.80331733e+00 
 5.25128576e-06  1.80000000e+00  1.80620714e+00 
 5.25173480e-06  1.80000000e+00  1.80460680e+00 
 5.25219759e-06  1.80000000e+00  1.80222505e+00 
 5.25283550e-06  1.80000000e+00  1.80110177e+00 
 5.25368946e-06  1.80000000e+00  1.80006235e+00 
 5.25426553e-06  1.80000000e+00  1.79936009e+00 
 5.25490539e-06  1.80000000e+00  1.79838135e+00 
 5.25576832e-06  1.80000000e+00  1.79820559e+00 
 5.25654521e-06  1.80000000e+00  1.79844546e+00 
 5.25750303e-06  1.80000000e+00  1.79874540e+00 
 5.25904080e-06  1.80000000e+00  1.79913292e+00 
 5.26131506e-06  1.80000000e+00  1.79949689e+00 
 5.26503953e-06  1.80000000e+00  1.79980793e+00 
 5.27248848e-06  1.80000000e+00  1.79998469e+00 
 5.28396950e-06  1.80000000e+00  1.80000458e+00 
 5.30600939e-06  1.80000000e+00  1.79999614e+00 
 5.34382730e-06  1.80000000e+00  1.80000343e+00 
 5.41065744e-06  1.80000000e+00  1.79999655e+00 
 5.50000000e-06  1.80000000e+00  1.80000329e+00 
 5.50001000e-06  1.62000000e+00  1.79884822e+00 
 5.50003000e-06  1.26000000e+00  1.79673313e+00 
 5.50007000e-06  5.40000000e-01  1.79349227e+00 
 5.50010000e-06  0.00000000e+00  1.79178257e+00 
 5.50010783e-06  0.00000000e+00  1.79230208e+00 
 5.50012349e-06  0.00000000e+00  1.79335698e+00 
 5.50015482e-06  0.00000000e+00  1.79502744e+00 
 5.50021747e-06  0.00000000e+00  1.79718924e+00 
 5.50034277e-06  0.00000000e+00  1.79963377e+00 
 5.50058932e-06  0.00000000e+00  1.80135654e+00 
 5.50094722e-06  0.00000000e+00  1.80209857e+00 
 5.50158015e-06  0.00000000e+00  1.80087575e+00 
 5.50215811e-06  0.00000000e+00  1.79781931e+00 
 5.50265542e-06  0.00000000e+00  1.79817350e+00 
 5.50320990e-06  0.00000000e+00  1.80004489e+00 
 5.50376745e-06  0.00000000e+00  1.80033147e+00 
 5.50439282e-06  0.00000000e+00  1.80014825e+00 
 5.50514489e-06  0.00000000e+00  1.80003607e+00 
 5.50591344e-06  0.00000000e+00  1.79992883e+00 
 5.50708310e-06  0.00000000e+00  1.79986553e+00 
 5.50796591e-06  0.00000000e+00  1.79992009e+00 
 5.50891875e-06  0.00000000e+00  1.79984426e+00 
 5.50990297e-06  0.00000000e+00  1.79987438e+00 
 5.51096277e-06  0.00000000e+00  1.79983523e+00 
 5.51254953e-06  0.00000000e+00  1.79987310e+00 
 5.51421441e-06  0.00000000e+00  1.79985111e+00 
 5.51754416e-06  0.00000000e+00  1.79990310e+00 
 5.52304523e-06  0.00000000e+00  1.79990006e+00 
 5.53261689e-06  0.00000000e+00  1.79995586e+00 
 5.55156005e-06  0.00000000e+00  1.79994918e+00 
 5.58944636e-06  0.00000000e+00  1.79999509e+00 
 5.66521898e-06  0.00000000e+00  1.79997552e+00 
 5.75010000e-06  6.67038446e-12  1.80000848e+00 
 5.75011000e-06  1.80000000e-01  1.80055817e+00 
 5.75013000e-06  5.40000000e-01  1.80207191e+00 
 5.75017000e-06  1.26000000e+00  1.80550217e+00 
 5.75020000e-06  1.80000000e+00  1.80781622e+00 
 5.75020761e-06  1.80000000e+00  1.80762820e+00 
 5.75022282e-06  1.80000000e+00  1.80720296e+00 
 5.75025324e-06  1.80000000e+00  1.80647789e+00 
 5.75031409e-06  1.80000000e+00  1.80543729e+00 
 5.75037994e-06  1.80000000e+00  1.80464893e+00 
 5.75051164e-06  1.80000000e+00  1.80349098e+00 
 5.75068428e-06  1.80000000e+00  1.80274963e+00 
 5.75092207e-06  1.80000000e+00  1.80340690e+00 
 5.75131657e-06  1.80000000e+00  1.80634278e+00 
 5.75176114e-06  1.80000000e+00  1.80446409e+00 
 5.75223907e-06  1.80000000e+00  1.80212619e+00 
 5.75288546e-06  1.80000000e+00  1.80113649e+00 
 5.75376322e-06  1.80000000e+00  1.80033592e+00 
 5.75432478e-06  1.80000000e+00  1.79968456e+00 
 5.75496571e-06  1.80000000e+00  1.79850082e+00 
 5.75564534e-06  1.80000000e+00  1.79808859e+00 
 5.75634288e-06  1.80000000e+00  1.79831803e+00 
 5.75732388e-06  1.80000000e+00  1.79857892e+00 
 5.75835595e-06  1.80000000e+00  1.79892617e+00 
 5.76042009e-06  1.80000000e+00  1.79931553e+00 
 5.76336753e-06  1.80000000e+00  1.79969597e+00 
 5.76913972e-06  1.80000000e+00  1.79992197e+00 
 5.77904164e-06  1.80000000e+00  1.80002122e+00 
 5.79663986e-06  1.80000000e+00  1.79998166e+00 
 5.82916108e-06  1.80000000e+00  1.80001732e+00 
 5.88627746e-06  1.80000000e+00  1.79998285e+00 
 5.99102221e-06  1.80000000e+00  1.80001690e+00 
 6.00000000e-06  1.80000000e+00  1.79998395e+00 
 6.00001000e-06  1.62000000e+00  1.79883332e+00 
 6.00003000e-06  1.26000000e+00  1.79673333e+00 
 6.00007000e-06  5.40000000e-01  1.79349586e+00 
 6.00010000e-06  0.00000000e+00  1.79178460e+00 
 6.00010784e-06  0.00000000e+00  1.79230447e+00 
 6.00012353e-06  0.00000000e+00  1.79335983e+00 
 6.00015491e-06  0.00000000e+00  1.79503021e+00 
 6.00021767e-06  0.00000000e+00  1.79719252e+00 
 6.00034319e-06  0.00000000e+00  1.79963894e+00 
 6.00058926e-06  0.00000000e+00  1.80135513e+00 
 6.00094734e-06  0.00000000e+00  1.80209806e+00 
 6.00157997e-06  0.00000000e+00  1.80086934e+00 
 6.00215776e-06  0.00000000e+00  1.79781414e+00 
 6.00265441e-06  0.00000000e+00  1.79817318e+00 
 6.00321209e-06  0.00000000e+00  1.79987679e+00 
 6.00378742e-06  0.00000000e+00  1.80021323e+00 
 6.00444881e-06  0.00000000e+00  1.80017156e+00 
 6.00501476e-06  0.00000000e+00  1.80008165e+00 
 6.00563135e-06  0.00000000e+00  1.80009554e+00 
 6.00625276e-06  0.00000000e+00  1.79997289e+00 
 6.00691042e-06  0.00000000e+00  1.79995281e+00 
 6.00779985e-06  0.00000000e+00  1.79986880e+00 
 6.00882222e-06  0.00000000e+00  1.79990545e+00 
 6.01024526e-06  0.00000000e+00  1.79995919e+00 
 6.01167235e-06  0.00000000e+00  1.80027597e+00 
 6.01297114e-06  0.00000000e+00  1.80032158e+00 
 6.01399379e-06  0.00000000e+00  1.79961086e+00 
 6.01495965e-06  0.00000000e+00  1.79857566e+00 
 6.01605611e-06  0.00000000e+00  1.79942461e+00 
 6.01709931e-06  0.00000000e+00  1.79842925e+00 
 6.01819367e-06  0.00000000e+00  1.79733784e+00 
 6.01938053e-06  0.00000000e+00  1.79812420e+00 
 6.02105134e-06  0.00000000e+00  1.79919257e+00 
 6.02272839e-06  0.00000000e+00  1.79952621e+00 
 6.02608248e-06  0.00000000e+00  1.79989035e+00 
 6.03165667e-06  0.00000000e+00  1.79980274e+00 
 6.03761539e-06  0.00000000e+00  1.80000964e+00 
 6.04458035e-06  0.00000000e+00  1.80005678e+00 
 6.05003697e-06  0.00000000e+00  1.79992198e+00 
 6.05573755e-06  0.00000000e+00  1.79996709e+00 
 6.06149325e-06  0.00000000e+00  1.79999694e+00 
 6.06784152e-06  0.00000000e+00  1.79995208e+00 
 6.07610545e-06  0.00000000e+00  1.80000304e+00 
 6.08402313e-06  0.00000000e+00  1.79994824e+00 
 6.09238727e-06  0.00000000e+00  1.80001215e+00 
 6.10911555e-06  0.00000000e+00  1.79995103e+00 
 6.13619605e-06  0.00000000e+00  1.80002027e+00 
 6.17869894e-06  0.00000000e+00  1.79995716e+00 
 6.24923364e-06  0.00000000e+00  1.80002715e+00 
 6.25010000e-06  6.67038446e-12  1.79994721e+00 
 6.25011000e-06  1.80000000e-01  1.80052872e+00 
 6.25013000e-06  5.40000000e-01  1.80208926e+00 
 6.25017000e-06  1.26000000e+00  1.80554456e+00 
 6.25020000e-06  1.80000000e+00  1.80784753e+00 
 6.25020773e-06  1.80000000e+00  1.80763832e+00 
 6.25022318e-06  1.80000000e+00  1.80717740e+00 
 6.25025409e-06  1.80000000e+00  1.80641808e+00 
 6.25031591e-06  1.80000000e+00  1.80538042e+00 
 6.25038266e-06  1.80000000e+00  1.80461806e+00 
 6.25051618e-06  1.80000000e+00  1.80347206e+00 
 6.25066635e-06  1.80000000e+00  1.80277450e+00 
 6.25092158e-06  1.80000000e+00  1.80339888e+00 
 6.25129224e-06  1.80000000e+00  1.80623344e+00 
 6.25174787e-06  1.80000000e+00  1.80444086e+00 
 6.25221033e-06  1.80000000e+00  1.80194280e+00 
 6.25285878e-06  1.80000000e+00  1.80051266e+00 
 6.25371921e-06  1.80000000e+00  1.80004332e+00 
 6.25427262e-06  1.80000000e+00  1.80015153e+00 
 6.25490333e-06  1.80000000e+00  1.80005811e+00 
 6.25564188e-06  1.80000000e+00  1.80000007e+00 
 6.25651310e-06  1.80000000e+00  1.80003064e+00 
 6.25738286e-06  1.80000000e+00  1.79999910e+00 
 6.25894891e-06  1.80000000e+00  1.80002093e+00 
 6.26113172e-06  1.80000000e+00  1.79999342e+00 
 6.26485401e-06  1.80000000e+00  1.80001298e+00 
 6.27203992e-06  1.80000000e+00  1.79998901e+00 
 6.28336402e-06  1.80000000e+00  1.80001068e+00 
 6.30499787e-06  1.80000000e+00  1.79998916e+00 
 6.34210424e-06  1.80000000e+00  1.80001067e+00 
 6.40819377e-06  1.80000000e+00  1.79998924e+00 
 6.50000000e-06  1.80000000e+00  1.80001065e+00 
 6.50001000e-06  1.62000000e+00  1.79883869e+00 
 6.50003000e-06  1.26000000e+00  1.79670051e+00 
 6.50007000e-06  5.40000000e-01  1.79346840e+00 
 6.50010000e-06  0.00000000e+00  1.79179133e+00 
 6.50010783e-06  0.00000000e+00  1.79233620e+00 
 6.50012349e-06  0.00000000e+00  1.79342946e+00 
 6.50015482e-06  0.00000000e+00  1.79511228e+00 
 6.50021747e-06  0.00000000e+00  1.79722455e+00 
 6.50034277e-06  0.00000000e+00  1.79960006e+00 
 6.50058945e-06  0.00000000e+00  1.80130027e+00 
 6.50094734e-06  0.00000000e+00  1.80203357e+00 
 6.50158042e-06  0.00000000e+00  1.80126259e+00 
 6.50215831e-06  0.00000000e+00  1.79854221e+00 
 6.50263221e-06  0.00000000e+00  1.79779700e+00 
 6.50316629e-06  0.00000000e+00  1.79824328e+00 
 6.50375560e-06  0.00000000e+00  1.79853148e+00 
 6.50440524e-06  0.00000000e+00  1.79885768e+00 
 6.50511755e-06  0.00000000e+00  1.79916557e+00 
 6.50603324e-06  0.00000000e+00  1.79933965e+00 
 6.50708580e-06  0.00000000e+00  1.79953388e+00 
 6.50797084e-06  0.00000000e+00  1.79964468e+00 
 6.50891526e-06  0.00000000e+00  1.79970000e+00 
 6.50990185e-06  0.00000000e+00  1.79975757e+00 
 6.51094917e-06  0.00000000e+00  1.79978552e+00 
 6.51253620e-06  0.00000000e+00  1.79983164e+00 
 6.51417803e-06  0.00000000e+00  1.79984845e+00 
 6.51746169e-06  0.00000000e+00  1.79988913e+00 
 6.52282781e-06  0.00000000e+00  1.79990960e+00 
 6.53209334e-06  0.00000000e+00  1.79994384e+00 
 6.55030120e-06  0.00000000e+00  1.79995872e+00 
 6.58671692e-06  0.00000000e+00  1.79998376e+00 
 6.65954836e-06  0.00000000e+00  1.79998569e+00 
 6.75010000e-06  6.67038446e-12  1.79999792e+00 
 6.75011000e-06  1.80000000e-01  1.80056067e+00 
 6.75013000e-06  5.40000000e-01  1.80209641e+00 
 6.75017000e-06  1.26000000e+00  1.80553109e+00 
 6.75020000e-06  1.80000000e+00  1.80783317e+00 
 6.75020761e-06  1.80000000e+00  1.80763015e+00 
 6.75022282e-06  1.80000000e+00  1.80718007e+00 
 6.75025325e-06  1.80000000e+00  1.80643550e+00 
 6.75031411e-06  1.80000000e+00  1.80540875e+00 
 6.75037996e-06  1.80000000e+00  1.80464708e+00 
 6.75051166e-06  1.80000000e+00  1.80350609e+00 
 6.75068431e-06  1.80000000e+00  1.80276517e+00 
 6.75092213e-06  1.80000000e+00  1.80342385e+00 
 6.75131653e-06  1.80000000e+00  1.80633859e+00 
 6.75176115e-06  1.80000000e+00  1.80439455e+00 
 6.75223904e-06  1.80000000e+00  1.80191968e+00 
 6.75288512e-06  1.80000000e+00  1.80035993e+00 
 6.75376540e-06  1.80000000e+00  1.79948379e+00 
 6.75432763e-06  1.80000000e+00  1.80007530e+00 
 6.75496891e-06  1.80000000e+00  1.80047378e+00 
 6.75565314e-06  1.80000000e+00  1.80089462e+00 
 6.75635411e-06  1.80000000e+00  1.80152449e+00 
 6.75717812e-06  1.80000000e+00  1.80169341e+00 
 6.75813696e-06  1.80000000e+00  1.80147643e+00 
 6.75926985e-06  1.80000000e+00  1.80108072e+00 
 6.76031428e-06  1.80000000e+00  1.80093188e+00 
 6.76189483e-06  1.80000000e+00  1.80060005e+00 
 6.76361832e-06  1.80000000e+00  1.80043205e+00 
 6.76681549e-06  1.80000000e+00  1.80016598e+00 
 6.77259276e-06  1.80000000e+00  1.80005279e+00 
 6.78128978e-06  1.80000000e+00  1.79998136e+00 
 6.79774711e-06  1.80000000e+00  1.80001777e+00 
 6.82423417e-06  1.80000000e+00  1.79998228e+00 
 6.87035422e-06  1.80000000e+00  1.80001748e+00 
 6.95380431e-06  1.80000000e+00  1.79998247e+00 
 7.00000000e-06  1.80000000e+00  1.80001734e+00 
 7.00001000e-06  1.62000000e+00  1.79884328e+00 
 7.00003000e-06  1.26000000e+00  1.79670308e+00 
 7.00007000e-06  5.40000000e-01  1.79346944e+00 
 7.00010000e-06  0.00000000e+00  1.79179355e+00 
 7.00010783e-06  0.00000000e+00  1.79234026e+00 
 7.00012349e-06  0.00000000e+00  1.79343648e+00 
 7.00015482e-06  0.00000000e+00  1.79511960e+00 
 7.00021747e-06  0.00000000e+00  1.79722736e+00 
 7.00034276e-06  0.00000000e+00  1.79959847e+00 
 7.00058863e-06  0.00000000e+00  1.80129527e+00 
 7.00094690e-06  0.00000000e+00  1.80203238e+00 
 7.00157893e-06  0.00000000e+00  1.80128205e+00 
 7.00215689e-06  0.00000000e+00  1.79853985e+00 
 7.00265277e-06  0.00000000e+00  1.79788985e+00 
 7.00321037e-06  0.00000000e+00  1.79941320e+00 
 7.00377621e-06  0.00000000e+00  1.79827200e+00 
 7.00443367e-06  0.00000000e+00  1.79815478e+00 
 7.00494301e-06  0.00000000e+00  1.79950522e+00 
 7.00552270e-06  0.00000000e+00  1.80007823e+00 
 7.00605257e-06  0.00000000e+00  1.80093316e+00 
 7.00664549e-06  0.00000000e+00  1.80078912e+00 
 7.00753436e-06  0.00000000e+00  1.80049869e+00 
 7.00835468e-06  0.00000000e+00  1.80020914e+00 
 7.00962361e-06  0.00000000e+00  1.80018644e+00 
 7.01053482e-06  0.00000000e+00  1.80012802e+00 
 7.01152730e-06  0.00000000e+00  1.80037070e+00 
 7.01255938e-06  0.00000000e+00  1.80061823e+00 
 7.01366778e-06  0.00000000e+00  1.80003995e+00 
 7.01470079e-06  0.00000000e+00  1.79899777e+00 
 7.01576771e-06  0.00000000e+00  1.79952117e+00 
 7.01681081e-06  0.00000000e+00  1.79992187e+00 
 7.01794595e-06  0.00000000e+00  1.79764442e+00 
 7.01926276e-06  0.00000000e+00  1.79709063e+00 
 7.02061037e-06  0.00000000e+00  1.79941989e+00 
 7.02185411e-06  0.00000000e+00  1.79875035e+00 
 7.02348911e-06  0.00000000e+00  1.79982088e+00 
 7.02559215e-06  0.00000000e+00  1.79946652e+00 
 7.02888728e-06  0.00000000e+00  1.80006854e+00 
 7.03329052e-06  0.00000000e+00  1.79974122e+00 
 7.03798470e-06  0.00000000e+00  1.80012849e+00 
 7.04736229e-06  0.00000000e+00  1.79978332e+00 
 7.06405579e-06  0.00000000e+00  1.80014352e+00 
 7.09010932e-06  0.00000000e+00  1.79980927e+00 
 7.14193609e-06  0.00000000e+00  1.80015762e+00 
 7.20900954e-06  0.00000000e+00  1.79982336e+00 
 7.25010000e-06  6.67038446e-12  1.80016119e+00 
 7.25011000e-06  1.80000000e-01  1.80070128e+00 
 7.25013000e-06  5.40000000e-01  1.80218434e+00 
 7.25017000e-06  1.26000000e+00  1.80556132e+00 
 7.25020000e-06  1.80000000e+00  1.80784337e+00 
 7.25020773e-06  1.80000000e+00  1.80764637e+00 
 7.25022320e-06  1.80000000e+00  1.80720759e+00 
 7.25025412e-06  1.80000000e+00  1.80646795e+00 
 7.25031598e-06  1.80000000e+00  1.80541325e+00 
 7.25038276e-06  1.80000000e+00  1.80461851e+00 
 7.25051633e-06  1.80000000e+00  1.80345074e+00 
 7.25066661e-06  1.80000000e+00  1.80275255e+00 
 7.25092156e-06  1.80000000e+00  1.80337910e+00 
 7.25129228e-06  1.80000000e+00  1.80624155e+00 
 7.25174775e-06  1.80000000e+00  1.80452444e+00 
 7.25221028e-06  1.80000000e+00  1.80218575e+00 
 7.25285841e-06  1.80000000e+00  1.80108124e+00 
 7.25372043e-06  1.80000000e+00  1.80003401e+00 
 7.25429281e-06  1.80000000e+00  1.79931830e+00 
 7.25493479e-06  1.80000000e+00  1.79834954e+00 
 7.25574194e-06  1.80000000e+00  1.79821736e+00 
 7.25658399e-06  1.80000000e+00  1.79845419e+00 
 7.25749433e-06  1.80000000e+00  1.79874595e+00 
 7.25907826e-06  1.80000000e+00  1.79913987e+00 
 7.26129850e-06  1.80000000e+00  1.79949644e+00 
 7.26520289e-06  1.80000000e+00  1.79981614e+00 
 7.27249060e-06  1.80000000e+00  1.79998447e+00 
 7.28397480e-06  1.80000000e+00  1.80000367e+00 
 7.30570980e-06  1.80000000e+00  1.79999717e+00 
 7.34240867e-06  1.80000000e+00  1.80000237e+00 
 7.40747222e-06  1.80000000e+00  1.79999762e+00 
 7.50000000e-06  1.80000000e+00  1.80000223e+00 
 7.50001000e-06  1.62000000e+00  1.79885252e+00 
 7.50003000e-06  1.26000000e+00  1.79674733e+00 
 7.50007000e-06  5.40000000e-01  1.79350866e+00 
 7.50010000e-06  0.00000000e+00  1.79179423e+00 
 7.50010783e-06  0.00000000e+00  1.79231067e+00 
 7.50012350e-06  0.00000000e+00  1.79335901e+00 
 7.50015482e-06  0.00000000e+00  1.79502461e+00 
 7.50021748e-06  0.00000000e+00  1.79718300e+00 
 7.50034278e-06  0.00000000e+00  1.79962954e+00 
 7.50058936e-06  0.00000000e+00  1.80135714e+00 
 7.50094732e-06  0.00000000e+00  1.80209928e+00 
 7.50158020e-06  0.00000000e+00  1.80087492e+00 
 7.50215819e-06  0.00000000e+00  1.79781751e+00 
 7.50265593e-06  0.00000000e+00  1.79817227e+00 
 7.50321024e-06  0.00000000e+00  1.80004246e+00 
 7.50376557e-06  0.00000000e+00  1.80033311e+00 
 7.50438924e-06  0.00000000e+00  1.80015389e+00 
 7.50523933e-06  0.00000000e+00  1.80002540e+00 
 7.50600480e-06  0.00000000e+00  1.79991870e+00 
 7.50720353e-06  0.00000000e+00  1.79986975e+00 
 7.50830705e-06  0.00000000e+00  1.79991330e+00 
 7.50932291e-06  0.00000000e+00  1.79983267e+00 
 7.51049990e-06  0.00000000e+00  1.79987433e+00 
 7.51170677e-06  0.00000000e+00  1.79983314e+00 
 7.51302100e-06  0.00000000e+00  1.79987731e+00 
 7.51564947e-06  0.00000000e+00  1.79985845e+00 
 7.51950959e-06  0.00000000e+00  1.79991604e+00 
 7.52624209e-06  0.00000000e+00  1.79990909e+00 
 7.53853642e-06  0.00000000e+00  1.79996721e+00 
 7.55905495e-06  0.00000000e+00  1.79995217e+00 
 7.60009202e-06  0.00000000e+00  1.79999912e+00 
 7.67480667e-06  0.00000000e+00  1.79997422e+00 
 7.75010000e-06  0.00000000e+00  1.80001023e+00 
 7.75011000e-06  1.80000000e-01  1.80055841e+00 
 7.75013000e-06  5.40000000e-01  1.80206940e+00 
 7.75017000e-06  1.26000000e+00  1.80549135e+00 
 7.75020000e-06  1.80000000e+00  1.80779610e+00 
 7.75020761e-06  1.80000000e+00  1.80760981e+00 
 7.75022282e-06  1.80000000e+00  1.80718888e+00 
 7.75025324e-06  1.80000000e+00  1.80647316e+00 
 7.75031408e-06  1.80000000e+00  1.80544098e+00 
 7.75037994e-06  1.80000000e+00  1.80465336e+00 
 7.75051165e-06  1.80000000e+00  1.80349427e+00 
 7.75068433e-06  1.80000000e+00  1.80275131e+00 
 7.75092216e-06  1.80000000e+00  1.80340905e+00 
 7.75131663e-06  1.80000000e+00  1.80634395e+00 
 7.75176131e-06  1.80000000e+00  1.80446445e+00 
 7.75223923e-06  1.80000000e+00  1.80212349e+00 
 7.75288567e-06  1.80000000e+00  1.80113460e+00 
 7.75376368e-06  1.80000000e+00  1.80033391e+00 
 7.75432531e-06  1.80000000e+00  1.79968228e+00 
 7.75496654e-06  1.80000000e+00  1.79849421e+00 
 7.75564332e-06  1.80000000e+00  1.79808934e+00 
 7.75633889e-06  1.80000000e+00  1.79831769e+00 
 7.75729082e-06  1.80000000e+00  1.79856839e+00 
 7.75830459e-06  1.80000000e+00  1.79891292e+00 
 7.76033214e-06  1.80000000e+00  1.79930111e+00 
 7.76326103e-06  1.80000000e+00  1.79968741e+00 
 7.76874086e-06  1.80000000e+00  1.79991215e+00 
 7.77825192e-06  1.80000000e+00  1.80002053e+00 
 7.79531935e-06  1.80000000e+00  1.79998199e+00 
 7.82640807e-06  1.80000000e+00  1.80001707e+00 
 7.88176429e-06  1.80000000e+00  1.79998306e+00 
 7.98264561e-06  1.80000000e+00  1.80001670e+00 
 8.00000000e-06  1.80000000e+00  1.79998371e+00 
 8.00001000e-06  1.62000000e+00  1.79883840e+00 
 8.00003000e-06  1.26000000e+00  1.79674784e+00 
 8.00007000e-06  5.40000000e-01  1.79351170e+00 
 8.00010000e-06  0.00000000e+00  1.79179574e+00 
 8.00010785e-06  0.00000000e+00  1.79231253e+00 
 8.00012354e-06  0.00000000e+00  1.79336107e+00 
 8.00015492e-06  0.00000000e+00  1.79502647e+00 
 8.00021768e-06  0.00000000e+00  1.79718550e+00 
 8.00034320e-06  0.00000000e+00  1.79963471e+00 
 8.00058930e-06  0.00000000e+00  1.80135589e+00 
 8.00094746e-06  0.00000000e+00  1.80209867e+00 
 8.00157997e-06  0.00000000e+00  1.80086854e+00 
 8.00215704e-06  0.00000000e+00  1.79781338e+00 
 8.00265340e-06  0.00000000e+00  1.79816834e+00 
 8.00321075e-06  0.00000000e+00  1.79987355e+00 
 8.00378612e-06  0.00000000e+00  1.80021732e+00 
 8.00444771e-06  0.00000000e+00  1.80017644e+00 
 8.00500373e-06  0.00000000e+00  1.80008314e+00 
 8.00562206e-06  0.00000000e+00  1.80009710e+00 
 8.00623277e-06  0.00000000e+00  1.79997675e+00 
 8.00688419e-06  0.00000000e+00  1.79995731e+00 
 8.00778332e-06  0.00000000e+00  1.79987179e+00 
 8.00862713e-06  0.00000000e+00  1.79987923e+00 
 8.00951462e-06  0.00000000e+00  1.79983736e+00 
 8.01052668e-06  0.00000000e+00  1.79985976e+00 
 8.01166842e-06  0.00000000e+00  1.79983765e+00 
 8.01395190e-06  0.00000000e+00  1.79987471e+00 
 8.01781646e-06  0.00000000e+00  1.79987789e+00 
 8.02469963e-06  0.00000000e+00  1.79993233e+00 
 8.03810615e-06  0.00000000e+00  1.79993911e+00 
 8.06193285e-06  0.00000000e+00  1.79998155e+00 
 8.10958626e-06  0.00000000e+00  1.79997334e+00 
 8.20489306e-06  0.00000000e+00  1.80000341e+00 
 8.25010000e-06  0.00000000e+00  1.79998277e+00 
 8.25011000e-06  1.80000000e-01  1.80054222e+00 
 8.25013000e-06  5.40000000e-01  1.80206505e+00 
 8.25017000e-06  1.26000000e+00  1.80549301e+00 
 8.25020000e-06  1.80000000e+00  1.80779907e+00 
 8.25020789e-06  1.80000000e+00  1.80760538e+00 
 8.25022366e-06  1.80000000e+00  1.80717035e+00 
 8.25025520e-06  1.80000000e+00  1.80643004e+00 
 8.25031828e-06  1.80000000e+00  1.80537385e+00 
 8.25043873e-06  1.80000000e+00  1.80407157e+00 
 8.25057203e-06  1.80000000e+00  1.80311027e+00 
 8.25076216e-06  1.80000000e+00  1.80278152e+00 
 8.25114242e-06  1.80000000e+00  1.80513840e+00 
 8.25154020e-06  1.80000000e+00  1.80578465e+00 
 8.25202147e-06  1.80000000e+00  1.80269684e+00 
 8.25257970e-06  1.80000000e+00  1.80094508e+00 
 8.25325224e-06  1.80000000e+00  1.80021312e+00 
 8.25420804e-06  1.80000000e+00  1.80000172e+00 
 8.25532969e-06  1.80000000e+00  1.80000233e+00 
 8.25637758e-06  1.80000000e+00  1.80000967e+00 
 8.25734126e-06  1.80000000e+00  1.80001611e+00 
 8.25885020e-06  1.80000000e+00  1.80000761e+00 
 8.26048081e-06  1.80000000e+00  1.80000820e+00 
 8.26353348e-06  1.80000000e+00  1.80000160e+00 
 8.26957605e-06  1.80000000e+00  1.80000140e+00 
 8.28166119e-06  1.80000000e+00  1.79999868e+00 
 8.30583147e-06  1.80000000e+00  1.80000102e+00 
 8.35417204e-06  1.80000000e+00  1.79999887e+00 
 8.45085317e-06  1.80000000e+00  1.80000102e+00 
 8.50000000e-06  1.80000000e+00  1.79999891e+00 
 8.50001000e-06  1.62000000e+00  1.79885037e+00 
 8.50003000e-06  1.26000000e+00  1.79674836e+00 
 8.50007000e-06  5.40000000e-01  1.79350407e+00 
 8.50010000e-06  0.00000000e+00  1.79178265e+00 
 8.50010783e-06  0.00000000e+00  1.79229961e+00 
 8.50012350e-06  0.00000000e+00  1.79334810e+00 
 8.50015484e-06  0.00000000e+00  1.79500923e+00 
 8.50021751e-06  0.00000000e+00  1.79716706e+00 
 8.50034285e-06  0.00000000e+00  1.79963463e+00 
 8.50059353e-06  0.00000000e+00  1.80144172e+00 
 8.50094942e-06  0.00000000e+00  1.80225361e+00 
 8.50158786e-06  0.00000000e+00  1.79994108e+00 
 8.50216675e-06  0.00000000e+00  1.79866154e+00 
 8.50267511e-06  0.00000000e+00  1.80895070e+00 
 8.50323463e-06  0.00000000e+00  1.82922081e+00 
 8.50392332e-06  0.00000000e+00  1.82043133e+00 
 8.50464722e-06  0.00000000e+00  1.76987469e+00 
 8.50535564e-06  0.00000000e+00  1.71585587e+00 
 8.50607551e-06  0.00000000e+00  1.66237623e+00 
 8.50680847e-06  0.00000000e+00  1.60674757e+00 
 8.50766157e-06  0.00000000e+00  1.54200259e+00 
 8.50910283e-06  0.00000000e+00  1.43170996e+00 
 8.51080722e-06  0.00000000e+00  1.30070939e+00 
 8.51421598e-06  0.00000000e+00  1.03963620e+00 
 8.52007746e-06  0.00000000e+00  6.33441318e-01 
 8.52080490e-06  0.00000000e+00  5.88492107e-01 
 8.52225980e-06  0.00000000e+00  5.00574815e-01 
 8.52464940e-06  0.00000000e+00  3.73899155e-01 
 8.52667974e-06  0.00000000e+00  2.82770328e-01 
 8.52883836e-06  0.00000000e+00  1.97903315e-01 
 8.53041486e-06  0.00000000e+00  1.49031224e-01 
 8.53205974e-06  0.00000000e+00  1.11336205e-01 
 8.53371393e-06  0.00000000e+00  8.06142612e-02 
 8.53535618e-06  0.00000000e+00  5.97401801e-02 
 8.53692238e-06  0.00000000e+00  4.34873273e-02 
 8.53821275e-06  0.00000000e+00  3.42899747e-02 
 8.53955679e-06  0.00000000e+00  2.59735755e-02 
 8.54150417e-06  0.00000000e+00  1.79497780e-02 
 8.54353455e-06  0.00000000e+00  1.17106605e-02 
 8.54691542e-06  0.00000000e+00  6.04402602e-03 
 8.54997705e-06  0.00000000e+00  3.11464395e-03 
 8.55610029e-06  0.00000000e+00  9.69043915e-04 
 8.56324957e-06  0.00000000e+00  1.66776646e-04 
 8.57314779e-06  0.00000000e+00  2.16590319e-04 
 8.58819588e-06  0.00000000e+00  2.99083409e-05 
 8.60484180e-06  0.00000000e+00  1.89950985e-04 
 8.63006039e-06  0.00000000e+00  8.28547302e-06 
 8.67435541e-06  0.00000000e+00  1.57762803e-04 
 8.75010000e-06  0.00000000e+00 -2.56967479e-05 
 8.75011000e-06  1.80000000e-01  1.03063317e-03 
 8.75013000e-06  5.40000000e-01  3.02934482e-03 
 8.75017000e-06  1.26000000e+00  5.88397651e-03 
 8.75020000e-06  1.80000000e+00  7.28420323e-03 
 8.75020781e-06  1.80000000e+00  6.94662887e-03 
 8.75022342e-06  1.80000000e+00  6.24046678e-03 
 8.75025465e-06  1.80000000e+00  5.06782770e-03 
 8.75031711e-06  1.80000000e+00  3.50519996e-03 
 8.75044202e-06  1.80000000e+00  1.98899889e-03 
 8.75057288e-06  1.80000000e+00  1.43985277e-03 
 8.75079983e-06  1.80000000e+00  1.69601206e-03 
 8.75120346e-06  1.80000000e+00  4.06911588e-03 
 8.75162831e-06  1.80000000e+00  3.70567188e-03 
 8.75210868e-06  1.80000000e+00  2.40794488e-03 
 8.75267917e-06  1.80000000e+00  1.65994896e-03 
 8.75341760e-06  1.80000000e+00 -2.41267720e-03 
 8.75394585e-06  1.80000000e+00 -2.58391601e-03 
 8.75453693e-06  1.80000000e+00 -7.79047231e-04 
 8.75513532e-06  1.80000000e+00 -8.21102978e-06 
 8.75578004e-06  1.80000000e+00  2.92927833e-04 
 8.75671421e-06  1.80000000e+00  7.54470020e-04 
 8.75791900e-06  1.80000000e+00  9.83456363e-04 
 8.75946726e-06  1.80000000e+00  1.02914261e-03 
 8.76203785e-06  1.80000000e+00  8.52274210e-04 
 8.76615398e-06  1.80000000e+00  6.22859091e-04 
 8.77438625e-06  1.80000000e+00  2.87909290e-04 
 8.79085078e-06  1.80000000e+00  1.47908476e-04 
 8.82377985e-06  1.80000000e+00  7.32363217e-05 
 8.88963798e-06  1.80000000e+00  6.47219421e-05 
 9.00000000e-06  1.80000000e+00  2.45252479e-05 
