 1.00000000e-12  1.78200000e+00  5.65283467e-01 
 1.02800000e-12  1.78149600e+00  5.61508447e-01 
 1.08400000e-12  1.78048800e+00  5.58847404e-01 
 1.19600000e-12  1.77847200e+00  5.63841865e-01 
 1.42000000e-12  1.77444000e+00  5.72626109e-01 
 1.68424154e-12  1.76968365e+00  5.79776573e-01 
 2.21272461e-12  1.76017096e+00  5.87885252e-01 
 3.09134589e-12  1.74435577e+00  5.92341203e-01 
 4.20201304e-12  1.72436377e+00  5.93366025e-01 
 6.12904632e-12  1.68967717e+00  5.93425916e-01 
 9.16206052e-12  1.63508291e+00  5.93447530e-01 
 1.32940713e-11  1.56070672e+00  5.93408247e-01 
 1.97252567e-11  1.44494538e+00  5.93479924e-01 
 3.25876276e-11  1.21342270e+00  5.93587281e-01 
 5.83123693e-11  7.50377352e-01  5.94316694e-01 
 1.00000000e-10  0.00000000e+00  5.97252910e-01 
 1.05144948e-10  0.00000000e+00  5.98100128e-01 
 1.15434845e-10  0.00000000e+00  5.99735667e-01 
 1.36014638e-10  0.00000000e+00  6.02734945e-01 
 1.77174225e-10  0.00000000e+00  6.08277240e-01 
 2.59493399e-10  0.00000000e+00  6.18226650e-01 
 4.24131746e-10  0.00000000e+00  6.33233402e-01 
 6.59828584e-10  0.00000000e+00  6.47568497e-01 
 9.18282899e-10  0.00000000e+00  6.58153073e-01 
 1.33762972e-09  0.00000000e+00  6.68282619e-01 
 1.82806756e-09  0.00000000e+00  6.69777308e-01 
 2.38621152e-09  0.00000000e+00  6.54735341e-01 
 3.12729376e-09  0.00000000e+00  6.19522010e-01 
 4.00090515e-09  0.00000000e+00  5.75252999e-01 
 4.88103288e-09  0.00000000e+00  5.28093378e-01 
 5.91860587e-09  0.00000000e+00  4.71682211e-01 
 6.52184700e-09  0.00000000e+00  4.40275994e-01 
 7.15580381e-09  0.00000000e+00  4.07981645e-01 
 7.80183541e-09  0.00000000e+00  3.76738368e-01 
 8.51006303e-09  0.00000000e+00  3.45388619e-01 
 9.35853096e-09  0.00000000e+00  3.10350983e-01 
 1.01249565e-08  0.00000000e+00  2.79804567e-01 
 1.08809407e-08  0.00000000e+00  2.51131654e-01 
 1.15628982e-08  0.00000000e+00  2.26700591e-01 
 1.24455484e-08  0.00000000e+00  1.97889350e-01 
 1.34529960e-08  0.00000000e+00  1.68953092e-01 
 1.51135385e-08  0.00000000e+00  1.29030188e-01 
 1.76523727e-08  0.00000000e+00  8.42597232e-02 
 2.09888416e-08  0.00000000e+00  4.69874541e-02 
 2.51602170e-08  0.00000000e+00  2.21025078e-02 
 2.91265461e-08  0.00000000e+00  1.06659864e-02 
 3.31428272e-08  0.00000000e+00  5.13887664e-03 
 3.77055383e-08  0.00000000e+00  2.14896551e-03 
 4.27866041e-08  0.00000000e+00  8.69022356e-04 
 5.01354611e-08  0.00000000e+00  1.52578874e-04 
 6.23373246e-08  0.00000000e+00  3.65036219e-05 
 7.88070807e-08  0.00000000e+00 -2.58400706e-05 
 1.08979941e-07  0.00000000e+00  3.62154834e-05 
 1.57402143e-07  0.00000000e+00 -3.18492879e-05 
 2.50100000e-07  0.00000000e+00  3.42361027e-05 
 2.50110000e-07  1.80000000e-01  1.38836495e-03 
 2.50130000e-07  5.40000000e-01  4.29553360e-03 
 2.50170000e-07  1.26000000e+00  9.05338158e-03 
 2.50200000e-07  1.80000000e+00  1.02529893e-02 
 2.50207803e-07  1.80000000e+00  9.30869654e-03 
 2.50223409e-07  1.80000000e+00  7.29599366e-03 
 2.50254622e-07  1.80000000e+00  3.78667476e-03 
 2.50317047e-07  1.80000000e+00  8.07558020e-05 
 2.50411020e-07  1.80000000e+00 -1.34131655e-03 
 2.50550487e-07  1.80000000e+00 -1.63576233e-03 
 2.50763604e-07  1.80000000e+00 -1.06975094e-03 
 2.51013644e-07  1.80000000e+00  8.26393153e-04 
 2.51486853e-07  1.80000000e+00  3.51653414e-03 
 2.51971221e-07  1.80000000e+00  1.64842354e-03 
 2.52429014e-07  1.80000000e+00  1.00080391e-03 
 2.53134886e-07  1.80000000e+00  2.90104235e-04 
 2.53825587e-07  1.80000000e+00  2.17744416e-04 
 2.54451643e-07  1.80000000e+00  1.00003128e-03 
 2.55086997e-07  1.80000000e+00  7.10213409e-04 
 2.55765870e-07  1.80000000e+00  6.60523998e-04 
 2.56454079e-07  1.80000000e+00  7.57252881e-04 
 2.57817621e-07  1.80000000e+00  7.38350273e-04 
 2.59358602e-07  1.80000000e+00  6.22225065e-04 
 2.61343063e-07  1.80000000e+00  5.06164276e-04 
 2.64279378e-07  1.80000000e+00  2.89089649e-04 
 2.69339114e-07  1.80000000e+00  1.88407613e-04 
 2.79458585e-07  1.80000000e+00  1.71906129e-05 
 2.99209312e-07  1.80000000e+00  4.41857169e-05 
 3.38710767e-07  1.80000000e+00 -2.47193259e-05 
 4.17713676e-07  1.80000000e+00  3.32824417e-05 
 5.00000000e-07  1.80000000e+00 -2.82707711e-05 
 5.00010000e-07  1.62000000e+00 -8.25617306e-04 
 5.00030000e-07  1.26000000e+00 -2.25671048e-03 
 5.00070000e-07  5.40000000e-01 -4.17257005e-03 
 5.00100000e-07  0.00000000e+00 -4.98299783e-03 
 5.00108000e-07  0.00000000e+00 -4.52000587e-03 
 5.00124000e-07  0.00000000e+00 -3.58025055e-03 
 5.00156000e-07  0.00000000e+00 -2.18124085e-03 
 5.00220000e-07  0.00000000e+00 -6.81219522e-04 
 5.00348000e-07  0.00000000e+00  2.77218304e-04 
 5.00536977e-07  0.00000000e+00  7.43315645e-04 
 5.00857394e-07  0.00000000e+00  9.68202301e-04 
 5.01189753e-07  0.00000000e+00 -3.25233692e-03 
 5.01626869e-07  0.00000000e+00 -1.47223781e-02 
 5.02095226e-07  0.00000000e+00 -2.57206940e-03 
 5.02570407e-07  0.00000000e+00  5.53390688e-02 
 5.03085119e-07  0.00000000e+00  1.40008764e-01 
 5.03660370e-07  0.00000000e+00  2.39643751e-01 
 5.04228384e-07  0.00000000e+00  3.38744081e-01 
 5.04989162e-07  0.00000000e+00  4.65897188e-01 
 5.05804429e-07  0.00000000e+00  5.93102820e-01 
 5.07182008e-07  0.00000000e+00  7.95430173e-01 
 5.08675153e-07  0.00000000e+00  9.97186958e-01 
 5.09872198e-07  0.00000000e+00  1.12897954e+00 
 5.11199972e-07  0.00000000e+00  1.24507649e+00 
 5.12529327e-07  0.00000000e+00  1.37317455e+00 
 5.14156486e-07  0.00000000e+00  1.56906101e+00 
 5.16005584e-07  0.00000000e+00  1.71896538e+00 
 5.17890184e-07  0.00000000e+00  1.77691875e+00 
 5.21659385e-07  0.00000000e+00  1.80177277e+00 
 5.25614508e-07  0.00000000e+00  1.79985995e+00 
 5.33319938e-07  0.00000000e+00  1.80024045e+00 
 5.47110103e-07  0.00000000e+00  1.79986781e+00 
 5.68279220e-07  0.00000000e+00  1.80017468e+00 
 6.09497845e-07  0.00000000e+00  1.79985612e+00 
 6.91935093e-07  0.00000000e+00  1.80015731e+00 
 7.50100000e-07  9.52912066e-13  1.79985277e+00 
 7.50110000e-07  1.80000000e-01  1.80047085e+00 
 7.50130000e-07  5.40000000e-01  1.80190735e+00 
 7.50170000e-07  1.26000000e+00  1.80546649e+00 
 7.50200000e-07  1.80000000e+00  1.80782625e+00 
 7.50207988e-07  1.80000000e+00  1.80753515e+00 
 7.50223964e-07  1.80000000e+00  1.80693255e+00 
 7.50255915e-07  1.80000000e+00  1.80599449e+00 
 7.50319819e-07  1.80000000e+00  1.80481330e+00 
 7.50447625e-07  1.80000000e+00  1.80351030e+00 
 7.50703238e-07  1.80000000e+00  1.80206225e+00 
 7.51108429e-07  1.80000000e+00  1.80460022e+00 
 7.51575573e-07  1.80000000e+00  1.80822726e+00 
 7.52039776e-07  1.80000000e+00  1.80583936e+00 
 7.52525687e-07  1.80000000e+00  1.80271508e+00 
 7.53260164e-07  1.80000000e+00  1.80003565e+00 
 7.53779694e-07  1.80000000e+00  1.80030054e+00 
 7.54364498e-07  1.80000000e+00  1.80192740e+00 
 7.54922935e-07  1.80000000e+00  1.79952734e+00 
 7.55511978e-07  1.80000000e+00  1.79964882e+00 
 7.56350004e-07  1.80000000e+00  1.79968134e+00 
 7.57216685e-07  1.80000000e+00  1.79980676e+00 
 7.58950047e-07  1.80000000e+00  1.79988629e+00 
 7.61209745e-07  1.80000000e+00  1.79994268e+00 
 7.64417482e-07  1.80000000e+00  1.79999495e+00 
 7.69853239e-07  1.80000000e+00  1.79999508e+00 
 7.80724754e-07  1.80000000e+00  1.80001745e+00 
 8.02467784e-07  1.80000000e+00  1.79999468e+00 
 8.45953844e-07  1.80000000e+00  1.80001639e+00 
 9.32925964e-07  1.80000000e+00  1.79999250e+00 
 1.00000000e-06  1.80000000e+00  1.80001480e+00 
 1.00001000e-06  1.62000000e+00  1.79882038e+00 
 1.00003000e-06  1.26000000e+00  1.79662826e+00 
 1.00007000e-06  5.40000000e-01  1.79331318e+00 
 1.00010000e-06  0.00000000e+00  1.79180523e+00 
 1.00010800e-06  0.00000000e+00  1.79238309e+00 
 1.00012400e-06  0.00000000e+00  1.79351773e+00 
 1.00015600e-06  0.00000000e+00  1.79526966e+00 
 1.00022000e-06  0.00000000e+00  1.79766050e+00 
 1.00034800e-06  0.00000000e+00  1.80016245e+00 
 1.00053703e-06  0.00000000e+00  1.80179499e+00 
 1.00085721e-06  0.00000000e+00  1.80247624e+00 
 1.00118969e-06  0.00000000e+00  1.80164822e+00 
 1.00162656e-06  0.00000000e+00  1.79948172e+00 
 1.00209377e-06  0.00000000e+00  1.79742415e+00 
 1.00257602e-06  0.00000000e+00  1.79857104e+00 
 1.00306463e-06  0.00000000e+00  1.79830424e+00 
 1.00363306e-06  0.00000000e+00  1.79785346e+00 
 1.00417727e-06  0.00000000e+00  1.79126496e+00 
 1.00472896e-06  0.00000000e+00  1.78895621e+00 
 1.00523876e-06  0.00000000e+00  1.78857332e+00 
 1.00579588e-06  0.00000000e+00  1.78553705e+00 
 1.00648575e-06  0.00000000e+00  1.78843017e+00 
 1.00730969e-06  0.00000000e+00  1.79284250e+00 
 1.00866686e-06  0.00000000e+00  1.79702938e+00 
 1.01030393e-06  0.00000000e+00  1.79901216e+00 
 1.01188870e-06  0.00000000e+00  1.80009108e+00 
 1.01341778e-06  0.00000000e+00  1.79985689e+00 
 1.01454488e-06  0.00000000e+00  1.79926466e+00 
 1.01556612e-06  0.00000000e+00  1.79977934e+00 
 1.01646145e-06  0.00000000e+00  1.79884225e+00 
 1.01752520e-06  0.00000000e+00  1.79782842e+00 
 1.01864865e-06  0.00000000e+00  1.79807416e+00 
 1.01982462e-06  0.00000000e+00  1.79884960e+00 
 1.02184972e-06  0.00000000e+00  1.79975127e+00 
 1.02432170e-06  0.00000000e+00  1.79989250e+00 
 1.02926566e-06  0.00000000e+00  1.80002352e+00 
 1.03900172e-06  0.00000000e+00  1.79993641e+00 
 1.05575572e-06  0.00000000e+00  1.80002529e+00 
 1.08926372e-06  0.00000000e+00  1.79994797e+00 
 1.14480315e-06  0.00000000e+00  1.80003311e+00 
 1.24421864e-06  0.00000000e+00  1.79995535e+00 
 1.25010000e-06  0.00000000e+00  1.80003347e+00 
 1.25011000e-06  1.80000000e-01  1.80067923e+00 
 1.25013000e-06  5.40000000e-01  1.80217893e+00 
 1.25017000e-06  1.26000000e+00  1.80581587e+00 
 1.25020000e-06  1.80000000e+00  1.80827616e+00 
 1.25020799e-06  1.80000000e+00  1.80798614e+00 
 1.25022396e-06  1.80000000e+00  1.80737683e+00 
 1.25025592e-06  1.80000000e+00  1.80639535e+00 
 1.25031982e-06  1.80000000e+00  1.80510902e+00 
 1.25044762e-06  1.80000000e+00  1.80366776e+00 
 1.25070324e-06  1.80000000e+00  1.80219499e+00 
 1.25110283e-06  1.80000000e+00  1.80420464e+00 
 1.25157084e-06  1.80000000e+00  1.80788314e+00 
 1.25203355e-06  1.80000000e+00  1.80551774e+00 
 1.25251843e-06  1.80000000e+00  1.80292663e+00 
 1.25325138e-06  1.80000000e+00  1.80062988e+00 
 1.25378674e-06  1.80000000e+00  1.79957232e+00 
 1.25438540e-06  1.80000000e+00  1.79864942e+00 
 1.25503632e-06  1.80000000e+00  1.79798358e+00 
 1.25569816e-06  1.80000000e+00  1.79804583e+00 
 1.25648459e-06  1.80000000e+00  1.79830462e+00 
 1.25805747e-06  1.80000000e+00  1.79893750e+00 
 1.25971376e-06  1.80000000e+00  1.79935368e+00 
 1.26259343e-06  1.80000000e+00  1.79975921e+00 
 1.26596151e-06  1.80000000e+00  1.79991145e+00 
 1.27269767e-06  1.80000000e+00  1.80000875e+00 
 1.28616998e-06  1.80000000e+00  1.79999181e+00 
 1.31311460e-06  1.80000000e+00  1.80000787e+00 
 1.36700384e-06  1.80000000e+00  1.79999213e+00 
 1.47478234e-06  1.80000000e+00  1.80000777e+00 
 1.50000000e-06  1.80000000e+00  1.79999230e+00 
 1.50001000e-06  1.62000000e+00  1.79878616e+00 
 1.50003000e-06  1.26000000e+00  1.79655458e+00 
 1.50007000e-06  5.40000000e-01  1.79312716e+00 
 1.50010000e-06  0.00000000e+00  1.79148628e+00 
 1.50010800e-06  0.00000000e+00  1.79204632e+00 
 1.50012400e-06  0.00000000e+00  1.79317528e+00 
 1.50015600e-06  0.00000000e+00  1.79499147e+00 
 1.50022000e-06  0.00000000e+00  1.79751954e+00 
 1.50034800e-06  0.00000000e+00  1.80016720e+00 
 1.50053695e-06  0.00000000e+00  1.80188673e+00 
 1.50085707e-06  0.00000000e+00  1.80235695e+00 
 1.50118956e-06  0.00000000e+00  1.80103948e+00 
 1.50162914e-06  0.00000000e+00  1.79884771e+00 
 1.50209764e-06  0.00000000e+00  1.79777356e+00 
 1.50257731e-06  0.00000000e+00  1.79886604e+00 
 1.50306426e-06  0.00000000e+00  1.79926671e+00 
 1.50362557e-06  0.00000000e+00  1.79936450e+00 
 1.50417986e-06  0.00000000e+00  1.79959870e+00 
 1.50488650e-06  0.00000000e+00  1.79970202e+00 
 1.50568480e-06  0.00000000e+00  1.79980564e+00 
 1.50629357e-06  0.00000000e+00  1.79990199e+00 
 1.50702024e-06  0.00000000e+00  1.79991840e+00 
 1.50793833e-06  0.00000000e+00  1.79995051e+00 
 1.50889107e-06  0.00000000e+00  1.79994825e+00 
 1.50982227e-06  0.00000000e+00  1.79996448e+00 
 1.51092723e-06  0.00000000e+00  1.79995699e+00 
 1.51208799e-06  0.00000000e+00  1.79996910e+00 
 1.51440951e-06  0.00000000e+00  1.79996218e+00 
 1.51901461e-06  0.00000000e+00  1.79997513e+00 
 1.52665568e-06  0.00000000e+00  1.79997004e+00 
 1.54193783e-06  0.00000000e+00  1.79998512e+00 
 1.57250213e-06  0.00000000e+00  1.79998216e+00 
 1.63363072e-06  0.00000000e+00  1.79999681e+00 
 1.75010000e-06  0.00000000e+00  1.79999115e+00 
 1.75011000e-06  1.80000000e-01  1.80054275e+00 
 1.75013000e-06  5.40000000e-01  1.80187992e+00 
 1.75017000e-06  1.26000000e+00  1.80539481e+00 
 1.75020000e-06  1.80000000e+00  1.80787908e+00 
 1.75020799e-06  1.80000000e+00  1.80761552e+00 
 1.75022396e-06  1.80000000e+00  1.80705662e+00 
 1.75025591e-06  1.80000000e+00  1.80614838e+00 
 1.75031982e-06  1.80000000e+00  1.80494710e+00 
 1.75044762e-06  1.80000000e+00  1.80358218e+00 
 1.75070323e-06  1.80000000e+00  1.80217068e+00 
 1.75110049e-06  1.80000000e+00  1.80421133e+00 
 1.75156995e-06  1.80000000e+00  1.80793559e+00 
 1.75203289e-06  1.80000000e+00  1.80557412e+00 
 1.75251790e-06  1.80000000e+00  1.80298561e+00 
 1.75325162e-06  1.80000000e+00  1.80085747e+00 
 1.75377499e-06  1.80000000e+00  1.79988471e+00 
 1.75436257e-06  1.80000000e+00  1.79897444e+00 
 1.75491151e-06  1.80000000e+00  1.79820633e+00 
 1.75549495e-06  1.80000000e+00  1.79797434e+00 
 1.75635447e-06  1.80000000e+00  1.79817073e+00 
 1.75725026e-06  1.80000000e+00  1.79854931e+00 
 1.75901700e-06  1.80000000e+00  1.79915057e+00 
 1.76127821e-06  1.80000000e+00  1.79958998e+00 
 1.76452842e-06  1.80000000e+00  1.79985838e+00 
 1.77009146e-06  1.80000000e+00  1.79999036e+00 
 1.78121753e-06  1.80000000e+00  1.80000086e+00 
 1.80346967e-06  1.80000000e+00  1.80000034e+00 
 1.84797395e-06  1.80000000e+00  1.79999915e+00 
 1.93698252e-06  1.80000000e+00  1.80000094e+00 
 2.00000000e-06  1.80000000e+00  1.79999881e+00 
 2.00001000e-06  1.62000000e+00  1.79879826e+00 
 2.00003000e-06  1.26000000e+00  1.79658183e+00 
 2.00007000e-06  5.40000000e-01  1.79315560e+00 
 2.00010000e-06  3.67639252e-12  1.79150553e+00 
 2.00010800e-06  0.00000000e+00  1.79206343e+00 
 2.00012400e-06  0.00000000e+00  1.79318835e+00 
 2.00015600e-06  0.00000000e+00  1.79499991e+00 
 2.00022000e-06  0.00000000e+00  1.79752651e+00 
 2.00034800e-06  0.00000000e+00  1.80017441e+00 
 2.00053680e-06  0.00000000e+00  1.80189052e+00 
 2.00085675e-06  0.00000000e+00  1.80234675e+00 
 2.00118931e-06  0.00000000e+00  1.80102383e+00 
 2.00162762e-06  0.00000000e+00  1.79885289e+00 
 2.00209504e-06  0.00000000e+00  1.79778654e+00 
 2.00257752e-06  0.00000000e+00  1.79876662e+00 
 2.00306572e-06  0.00000000e+00  1.79918861e+00 
 2.00363492e-06  0.00000000e+00  1.79938287e+00 
 2.00417901e-06  0.00000000e+00  1.79959744e+00 
 2.00473166e-06  0.00000000e+00  1.79976128e+00 
 2.00524166e-06  0.00000000e+00  1.79981627e+00 
 2.00580024e-06  0.00000000e+00  1.79987646e+00 
 2.00648877e-06  0.00000000e+00  1.79989418e+00 
 2.00731575e-06  0.00000000e+00  1.79992953e+00 
 2.00865472e-06  0.00000000e+00  1.79995922e+00 
 2.01028217e-06  0.00000000e+00  1.80006112e+00 
 2.01186437e-06  0.00000000e+00  1.80042288e+00 
 2.01340841e-06  0.00000000e+00  1.80002936e+00 
 2.01454307e-06  0.00000000e+00  1.79932822e+00 
 2.01557694e-06  0.00000000e+00  1.79981506e+00 
 2.01648245e-06  0.00000000e+00  1.79882713e+00 
 2.01755630e-06  0.00000000e+00  1.79783388e+00 
 2.01869363e-06  0.00000000e+00  1.79808538e+00 
 2.01988089e-06  0.00000000e+00  1.79887154e+00 
 2.02191788e-06  0.00000000e+00  1.79968327e+00 
 2.02444643e-06  0.00000000e+00  1.79981377e+00 
 2.02709187e-06  0.00000000e+00  1.80001359e+00 
 2.03017187e-06  0.00000000e+00  1.79986387e+00 
 2.03315559e-06  0.00000000e+00  1.80003657e+00 
 2.03600888e-06  0.00000000e+00  1.79997446e+00 
 2.03938446e-06  0.00000000e+00  1.80020597e+00 
 2.04263058e-06  0.00000000e+00  1.79999245e+00 
 2.04570636e-06  0.00000000e+00  1.79980870e+00 
 2.04884740e-06  0.00000000e+00  1.80009280e+00 
 2.05269377e-06  0.00000000e+00  1.79991955e+00 
 2.05922058e-06  0.00000000e+00  1.80004201e+00 
 2.06733589e-06  0.00000000e+00  1.79994898e+00 
 2.07466150e-06  0.00000000e+00  1.80001345e+00 
 2.08266256e-06  0.00000000e+00  1.79996830e+00 
 2.09041472e-06  0.00000000e+00  1.80000125e+00 
 2.10456489e-06  0.00000000e+00  1.79998094e+00 
 2.12315543e-06  0.00000000e+00  1.79999788e+00 
 2.15790159e-06  0.00000000e+00  1.79998794e+00 
 2.22196355e-06  0.00000000e+00  1.79999954e+00 
 2.25010000e-06  0.00000000e+00  1.79999269e+00 
 2.25011000e-06  1.80000000e-01  1.80054426e+00 
 2.25013000e-06  5.40000000e-01  1.80188214e+00 
 2.25017000e-06  1.26000000e+00  1.80538399e+00 
 2.25020000e-06  1.80000000e+00  1.80784032e+00 
 2.25020799e-06  1.80000000e+00  1.80756208e+00 
 2.25022396e-06  1.80000000e+00  1.80697861e+00 
 2.25025591e-06  1.80000000e+00  1.80605064e+00 
 2.25031982e-06  1.80000000e+00  1.80488010e+00 
 2.25044762e-06  1.80000000e+00  1.80357422e+00 
 2.25070323e-06  1.80000000e+00  1.80217785e+00 
 2.25109735e-06  1.80000000e+00  1.80418274e+00 
 2.25156707e-06  1.80000000e+00  1.80787259e+00 
 2.25202916e-06  1.80000000e+00  1.80529504e+00 
 2.25251377e-06  1.80000000e+00  1.80232076e+00 
 2.25324321e-06  1.80000000e+00  1.80027378e+00 
 2.25375434e-06  1.80000000e+00  1.79994159e+00 
 2.25432467e-06  1.80000000e+00  1.79978792e+00 
 2.25500782e-06  1.80000000e+00  1.79967481e+00 
 2.25569862e-06  1.80000000e+00  1.79975745e+00 
 2.25645761e-06  1.80000000e+00  1.79977100e+00 
 2.25797558e-06  1.80000000e+00  1.79988040e+00 
 2.25962995e-06  1.80000000e+00  1.79990696e+00 
 2.26245959e-06  1.80000000e+00  1.79998078e+00 
 2.26578143e-06  1.80000000e+00  1.79997745e+00 
 2.27242513e-06  1.80000000e+00  1.80001182e+00 
 2.28571251e-06  1.80000000e+00  1.79998824e+00 
 2.31228728e-06  1.80000000e+00  1.80001160e+00 
 2.36543682e-06  1.80000000e+00  1.79998837e+00 
 2.47173590e-06  1.80000000e+00  1.80001155e+00 
 2.50000000e-06  1.80000000e+00  1.79998846e+00 
 2.50001000e-06  1.62000000e+00  1.79877573e+00 
 2.50003000e-06  1.26000000e+00  1.79655064e+00 
 2.50007000e-06  5.40000000e-01  1.79314794e+00 
 2.50010000e-06  3.67639252e-12  1.79153592e+00 
 2.50010800e-06  0.00000000e+00  1.79211707e+00 
 2.50012400e-06  0.00000000e+00  1.79327609e+00 
 2.50015600e-06  0.00000000e+00  1.79509471e+00 
 2.50022000e-06  0.00000000e+00  1.79756332e+00 
 2.50034800e-06  0.00000000e+00  1.80009666e+00 
 2.50053707e-06  0.00000000e+00  1.80173720e+00 
 2.50085688e-06  0.00000000e+00  1.80242944e+00 
 2.50118899e-06  0.00000000e+00  1.80167763e+00 
 2.50158809e-06  0.00000000e+00  1.79980743e+00 
 2.50203499e-06  0.00000000e+00  1.79735279e+00 
 2.50251451e-06  0.00000000e+00  1.79693587e+00 
 2.50300337e-06  0.00000000e+00  1.79746564e+00 
 2.50356155e-06  0.00000000e+00  1.79816211e+00 
 2.50410792e-06  0.00000000e+00  1.79873754e+00 
 2.50489781e-06  0.00000000e+00  1.79920522e+00 
 2.50562238e-06  0.00000000e+00  1.79948040e+00 
 2.50624811e-06  0.00000000e+00  1.79965056e+00 
 2.50695273e-06  0.00000000e+00  1.79976119e+00 
 2.50794925e-06  0.00000000e+00  1.79985756e+00 
 2.50886660e-06  0.00000000e+00  1.79990129e+00 
 2.50985675e-06  0.00000000e+00  1.79993077e+00 
 2.51098633e-06  0.00000000e+00  1.79994552e+00 
 2.51215729e-06  0.00000000e+00  1.79995599e+00 
 2.51449921e-06  0.00000000e+00  1.79996257e+00 
 2.51902014e-06  0.00000000e+00  1.79996918e+00 
 2.52655293e-06  0.00000000e+00  1.79997228e+00 
 2.54161853e-06  0.00000000e+00  1.79998020e+00 
 2.57174972e-06  0.00000000e+00  1.79998549e+00 
 2.63201211e-06  0.00000000e+00  1.79999269e+00 
 2.75010000e-06  0.00000000e+00  1.79999499e+00 
 2.75011000e-06  1.80000000e-01  1.80055308e+00 
 2.75013000e-06  5.40000000e-01  1.80189981e+00 
 2.75017000e-06  1.26000000e+00  1.80540861e+00 
 2.75020000e-06  1.80000000e+00  1.80786104e+00 
 2.75020799e-06  1.80000000e+00  1.80758656e+00 
 2.75022396e-06  1.80000000e+00  1.80700872e+00 
 2.75025592e-06  1.80000000e+00  1.80608428e+00 
 2.75031982e-06  1.80000000e+00  1.80490862e+00 
 2.75044762e-06  1.80000000e+00  1.80359188e+00 
 2.75070324e-06  1.80000000e+00  1.80218856e+00 
 2.75109635e-06  1.80000000e+00  1.80418909e+00 
 2.75156715e-06  1.80000000e+00  1.80789616e+00 
 2.75202971e-06  1.80000000e+00  1.80536352e+00 
 2.75251449e-06  1.80000000e+00  1.80227542e+00 
 2.75324571e-06  1.80000000e+00  1.79976175e+00 
 2.75376962e-06  1.80000000e+00  1.79962134e+00 
 2.75435785e-06  1.80000000e+00  1.79999971e+00 
 2.75490436e-06  1.80000000e+00  1.80043827e+00 
 2.75548693e-06  1.80000000e+00  1.80117894e+00 
 2.75623132e-06  1.80000000e+00  1.80152887e+00 
 2.75704341e-06  1.80000000e+00  1.80131864e+00 
 2.75786323e-06  1.80000000e+00  1.80098106e+00 
 2.75889662e-06  1.80000000e+00  1.80073668e+00 
 2.76045474e-06  1.80000000e+00  1.80046921e+00 
 2.76208563e-06  1.80000000e+00  1.80029401e+00 
 2.76483267e-06  1.80000000e+00  1.80011259e+00 
 2.76800396e-06  1.80000000e+00  1.80004581e+00 
 2.77434655e-06  1.80000000e+00  1.79999587e+00 
 2.78501717e-06  1.80000000e+00  1.80000439e+00 
 2.80334385e-06  1.80000000e+00  1.79999548e+00 
 2.83999722e-06  1.80000000e+00  1.80000443e+00 
 2.91330395e-06  1.80000000e+00  1.79999551e+00 
 3.00000000e-06  1.80000000e+00  1.80000443e+00 
 3.00001000e-06  1.62000000e+00  1.79879204e+00 
 3.00003000e-06  1.26000000e+00  1.79656597e+00 
 3.00007000e-06  5.40000000e-01  1.79315682e+00 
 3.00010000e-06  3.67639252e-12  1.79154144e+00 
 3.00010800e-06  0.00000000e+00  1.79212240e+00 
 3.00012400e-06  0.00000000e+00  1.79328169e+00 
 3.00015600e-06  0.00000000e+00  1.79509951e+00 
 3.00022000e-06  0.00000000e+00  1.79756650e+00 
 3.00034800e-06  0.00000000e+00  1.80009810e+00 
 3.00053674e-06  0.00000000e+00  1.80173393e+00 
 3.00085672e-06  0.00000000e+00  1.80244085e+00 
 3.00118923e-06  0.00000000e+00  1.80168719e+00 
 3.00162649e-06  0.00000000e+00  1.79955984e+00 
 3.00209311e-06  0.00000000e+00  1.79736568e+00 
 3.00257563e-06  0.00000000e+00  1.79846980e+00 
 3.00307753e-06  0.00000000e+00  1.79724813e+00 
 3.00363616e-06  0.00000000e+00  1.79725429e+00 
 3.00419214e-06  0.00000000e+00  1.79933635e+00 
 3.00470505e-06  0.00000000e+00  1.80021358e+00 
 3.00519390e-06  0.00000000e+00  1.80098813e+00 
 3.00573873e-06  0.00000000e+00  1.80058937e+00 
 3.00639438e-06  0.00000000e+00  1.80046084e+00 
 3.00710386e-06  0.00000000e+00  1.80021619e+00 
 3.00807020e-06  0.00000000e+00  1.80015570e+00 
 3.00921035e-06  0.00000000e+00  1.80005837e+00 
 3.01009803e-06  0.00000000e+00  1.80011696e+00 
 3.01104590e-06  0.00000000e+00  1.80019078e+00 
 3.01197028e-06  0.00000000e+00  1.80053519e+00 
 3.01298756e-06  0.00000000e+00  1.80029778e+00 
 3.01370853e-06  0.00000000e+00  1.79972404e+00 
 3.01439959e-06  0.00000000e+00  1.79926800e+00 
 3.01525565e-06  0.00000000e+00  1.79945103e+00 
 3.01616789e-06  0.00000000e+00  1.79984679e+00 
 3.01707226e-06  0.00000000e+00  1.79812683e+00 
 3.01803034e-06  0.00000000e+00  1.79790077e+00 
 3.01904668e-06  0.00000000e+00  1.79816746e+00 
 3.02086318e-06  0.00000000e+00  1.79945246e+00 
 3.02261436e-06  0.00000000e+00  1.79975335e+00 
 3.02573802e-06  0.00000000e+00  1.80001104e+00 
 3.03198534e-06  0.00000000e+00  1.79993792e+00 
 3.04019191e-06  0.00000000e+00  1.80001793e+00 
 3.05639805e-06  0.00000000e+00  1.79994640e+00 
 3.08363974e-06  0.00000000e+00  1.80002514e+00 
 3.11248939e-06  0.00000000e+00  1.79995409e+00 
 3.14412976e-06  0.00000000e+00  1.80002874e+00 
 3.17051185e-06  0.00000000e+00  1.79995795e+00 
 3.19475447e-06  0.00000000e+00  1.80002943e+00 
 3.21727515e-06  0.00000000e+00  1.79996057e+00 
 3.23987680e-06  0.00000000e+00  1.80002909e+00 
 3.25010000e-06  0.00000000e+00  1.79996341e+00 
 3.25011000e-06  1.80000000e-01  1.80051433e+00 
 3.25013000e-06  5.40000000e-01  1.80186312e+00 
 3.25017000e-06  1.26000000e+00  1.80538955e+00 
 3.25020000e-06  1.80000000e+00  1.80783923e+00 
 3.25020799e-06  1.80000000e+00  1.80756491e+00 
 3.25022396e-06  1.80000000e+00  1.80698795e+00 
 3.25025591e-06  1.80000000e+00  1.80606909e+00 
 3.25031982e-06  1.80000000e+00  1.80490384e+00 
 3.25044762e-06  1.80000000e+00  1.80359633e+00 
 3.25070323e-06  1.80000000e+00  1.80219113e+00 
 3.25109424e-06  1.80000000e+00  1.80416448e+00 
 3.25156500e-06  1.80000000e+00  1.80788629e+00 
 3.25202665e-06  1.80000000e+00  1.80532603e+00 
 3.25251114e-06  1.80000000e+00  1.80229179e+00 
 3.25323865e-06  1.80000000e+00  1.80024129e+00 
 3.25376091e-06  1.80000000e+00  1.79999236e+00 
 3.25434983e-06  1.80000000e+00  1.79981814e+00 
 3.25499390e-06  1.80000000e+00  1.79968845e+00 
 3.25564865e-06  1.80000000e+00  1.79976007e+00 
 3.25641990e-06  1.80000000e+00  1.79977218e+00 
 3.25796241e-06  1.80000000e+00  1.79987585e+00 
 3.25956876e-06  1.80000000e+00  1.79990605e+00 
 3.26240735e-06  1.80000000e+00  1.79997724e+00 
 3.26564698e-06  1.80000000e+00  1.79997886e+00 
 3.27212623e-06  1.80000000e+00  1.80000944e+00 
 3.28508473e-06  1.80000000e+00  1.79999051e+00 
 3.31100174e-06  1.80000000e+00  1.80000934e+00 
 3.36283576e-06  1.80000000e+00  1.79999062e+00 
 3.46650381e-06  1.80000000e+00  1.80000931e+00 
 3.50000000e-06  1.80000000e+00  1.79999068e+00 
 3.50001000e-06  1.62000000e+00  1.79878219e+00 
 3.50003000e-06  1.26000000e+00  1.79656848e+00 
 3.50007000e-06  5.40000000e-01  1.79316451e+00 
 3.50010000e-06  3.67639252e-12  1.79154779e+00 
 3.50010800e-06  0.00000000e+00  1.79212794e+00 
 3.50012400e-06  0.00000000e+00  1.79328508e+00 
 3.50015600e-06  0.00000000e+00  1.79510139e+00 
 3.50022000e-06  0.00000000e+00  1.79756706e+00 
 3.50034800e-06  0.00000000e+00  1.80009788e+00 
 3.50053708e-06  0.00000000e+00  1.80173751e+00 
 3.50085688e-06  0.00000000e+00  1.80242769e+00 
 3.50118899e-06  0.00000000e+00  1.80167478e+00 
 3.50158827e-06  0.00000000e+00  1.79980217e+00 
 3.50203516e-06  0.00000000e+00  1.79735041e+00 
 3.50251468e-06  0.00000000e+00  1.79693657e+00 
 3.50300335e-06  0.00000000e+00  1.79746650e+00 
 3.50356147e-06  0.00000000e+00  1.79816097e+00 
 3.50410776e-06  0.00000000e+00  1.79873537e+00 
 3.50488242e-06  0.00000000e+00  1.79919828e+00 
 3.50561020e-06  0.00000000e+00  1.79947651e+00 
 3.50624680e-06  0.00000000e+00  1.79965110e+00 
 3.50694429e-06  0.00000000e+00  1.79976091e+00 
 3.50794486e-06  0.00000000e+00  1.79985765e+00 
 3.50885692e-06  0.00000000e+00  1.79990130e+00 
 3.50985433e-06  0.00000000e+00  1.79993082e+00 
 3.51110109e-06  0.00000000e+00  1.79994694e+00 
 3.51223882e-06  0.00000000e+00  1.79995646e+00 
 3.51451428e-06  0.00000000e+00  1.79996266e+00 
 3.51906520e-06  0.00000000e+00  1.79996917e+00 
 3.52622186e-06  0.00000000e+00  1.79997218e+00 
 3.54053518e-06  0.00000000e+00  1.79997977e+00 
 3.56916181e-06  0.00000000e+00  1.79998515e+00 
 3.62641509e-06  0.00000000e+00  1.79999229e+00 
 3.74092163e-06  0.00000000e+00  1.79999490e+00 
 3.75010000e-06  0.00000000e+00  1.79999636e+00 
 3.75011000e-06  1.80000000e-01  1.80055251e+00 
 3.75013000e-06  5.40000000e-01  1.80189907e+00 
 3.75017000e-06  1.26000000e+00  1.80540345e+00 
 3.75020000e-06  1.80000000e+00  1.80783845e+00 
 3.75020799e-06  1.80000000e+00  1.80756549e+00 
 3.75022398e-06  1.80000000e+00  1.80699090e+00 
 3.75025594e-06  1.80000000e+00  1.80607162e+00 
 3.75031988e-06  1.80000000e+00  1.80490236e+00 
 3.75044775e-06  1.80000000e+00  1.80359040e+00 
 3.75070349e-06  1.80000000e+00  1.80218904e+00 
 3.75109401e-06  1.80000000e+00  1.80417263e+00 
 3.75156589e-06  1.80000000e+00  1.80790212e+00 
 3.75202841e-06  1.80000000e+00  1.80537320e+00 
 3.75251314e-06  1.80000000e+00  1.80228463e+00 
 3.75324369e-06  1.80000000e+00  1.79976538e+00 
 3.75376843e-06  1.80000000e+00  1.79962298e+00 
 3.75435730e-06  1.80000000e+00  1.80000460e+00 
 3.75490289e-06  1.80000000e+00  1.80043870e+00 
 3.75548556e-06  1.80000000e+00  1.80117615e+00 
 3.75623010e-06  1.80000000e+00  1.80152850e+00 
 3.75704265e-06  1.80000000e+00  1.80131841e+00 
 3.75786080e-06  1.80000000e+00  1.80098190e+00 
 3.75889460e-06  1.80000000e+00  1.80073654e+00 
 3.76043962e-06  1.80000000e+00  1.80047148e+00 
 3.76207647e-06  1.80000000e+00  1.80029451e+00 
 3.76480761e-06  1.80000000e+00  1.80011387e+00 
 3.76797779e-06  1.80000000e+00  1.80004591e+00 
 3.77431815e-06  1.80000000e+00  1.79999615e+00 
 3.78485507e-06  1.80000000e+00  1.80000413e+00 
 3.80285707e-06  1.80000000e+00  1.79999574e+00 
 3.83886107e-06  1.80000000e+00  1.80000417e+00 
 3.91086908e-06  1.80000000e+00  1.79999577e+00 
 4.00000000e-06  1.80000000e+00  1.80000417e+00 
 4.00001000e-06  1.62000000e+00  1.79879614e+00 
 4.00003000e-06  1.26000000e+00  1.79658004e+00 
 4.00007000e-06  5.40000000e-01  1.79316953e+00 
 4.00010000e-06  0.00000000e+00  1.79155043e+00 
 4.00010800e-06  0.00000000e+00  1.79213059e+00 
 4.00012400e-06  0.00000000e+00  1.79328838e+00 
 4.00015600e-06  0.00000000e+00  1.79510448e+00 
 4.00022000e-06  0.00000000e+00  1.79756923e+00 
 4.00034800e-06  0.00000000e+00  1.80009894e+00 
 4.00053674e-06  0.00000000e+00  1.80173410e+00 
 4.00085672e-06  0.00000000e+00  1.80243949e+00 
 4.00118923e-06  0.00000000e+00  1.80168486e+00 
 4.00162658e-06  0.00000000e+00  1.79955603e+00 
 4.00209316e-06  0.00000000e+00  1.79736469e+00 
 4.00257572e-06  0.00000000e+00  1.79847093e+00 
 4.00307766e-06  0.00000000e+00  1.79724870e+00 
 4.00363634e-06  0.00000000e+00  1.79725532e+00 
 4.00419237e-06  0.00000000e+00  1.79933754e+00 
 4.00470530e-06  0.00000000e+00  1.80021423e+00 
 4.00519428e-06  0.00000000e+00  1.80098842e+00 
 4.00573920e-06  0.00000000e+00  1.80058898e+00 
 4.00639521e-06  0.00000000e+00  1.80046075e+00 
 4.00710467e-06  0.00000000e+00  1.80021590e+00 
 4.00807061e-06  0.00000000e+00  1.80015561e+00 
 4.00921048e-06  0.00000000e+00  1.80005773e+00 
 4.01009861e-06  0.00000000e+00  1.80011614e+00 
 4.01104631e-06  0.00000000e+00  1.80019015e+00 
 4.01196824e-06  0.00000000e+00  1.80053437e+00 
 4.01298357e-06  0.00000000e+00  1.80030119e+00 
 4.01370232e-06  0.00000000e+00  1.79973081e+00 
 4.01439322e-06  0.00000000e+00  1.79927396e+00 
 4.01524790e-06  0.00000000e+00  1.79942861e+00 
 4.01615898e-06  0.00000000e+00  1.79987886e+00 
 4.01706076e-06  0.00000000e+00  1.79813664e+00 
 4.01801612e-06  0.00000000e+00  1.79790137e+00 
 4.01902778e-06  0.00000000e+00  1.79815315e+00 
 4.02081099e-06  0.00000000e+00  1.79942547e+00 
 4.02256728e-06  0.00000000e+00  1.79974906e+00 
 4.02561995e-06  0.00000000e+00  1.80000619e+00 
 4.03172531e-06  0.00000000e+00  1.79994099e+00 
 4.03979177e-06  0.00000000e+00  1.80001484e+00 
 4.05276274e-06  0.00000000e+00  1.79994863e+00 
 4.06464280e-06  0.00000000e+00  1.80002927e+00 
 4.07622872e-06  0.00000000e+00  1.80020262e+00 
 4.08285663e-06  0.00000000e+00  1.79929139e+00 
 4.08982078e-06  0.00000000e+00  1.80069218e+00 
 4.09761237e-06  0.00000000e+00  1.79935187e+00 
 4.10556777e-06  0.00000000e+00  1.80053687e+00 
 4.11682843e-06  0.00000000e+00  1.79950363e+00 
 4.12746883e-06  0.00000000e+00  1.80041494e+00 
 4.14436342e-06  0.00000000e+00  1.79960601e+00 
 4.16221865e-06  0.00000000e+00  1.80034438e+00 
 4.18679116e-06  0.00000000e+00  1.79966788e+00 
 4.21241269e-06  0.00000000e+00  1.80029356e+00 
 4.23585092e-06  0.00000000e+00  1.79973154e+00 
 4.25010000e-06  6.67038446e-12  1.80010887e+00 
 4.25011000e-06  1.80000000e-01  1.80066308e+00 
 4.25013000e-06  5.40000000e-01  1.80201203e+00 
 4.25017000e-06  1.26000000e+00  1.80553488e+00 
 4.25020000e-06  1.80000000e+00  1.80798613e+00 
 4.25020799e-06  1.80000000e+00  1.80773232e+00 
 4.25022396e-06  1.80000000e+00  1.80719523e+00 
 4.25025591e-06  1.80000000e+00  1.80632593e+00 
 4.25031982e-06  1.80000000e+00  1.80517647e+00 
 4.25044762e-06  1.80000000e+00  1.80385539e+00 
 4.25070323e-06  1.80000000e+00  1.80244102e+00 
 4.25109224e-06  1.80000000e+00  1.80437007e+00 
 4.25156367e-06  1.80000000e+00  1.80812370e+00 
 4.25202503e-06  1.80000000e+00  1.80565630e+00 
 4.25250941e-06  1.80000000e+00  1.80276015e+00 
 4.25323566e-06  1.80000000e+00  1.80049438e+00 
 4.25375338e-06  1.80000000e+00  1.79992389e+00 
 4.25433785e-06  1.80000000e+00  1.79968200e+00 
 4.25498704e-06  1.80000000e+00  1.79946974e+00 
 4.25564470e-06  1.80000000e+00  1.79950568e+00 
 4.25641227e-06  1.80000000e+00  1.79950384e+00 
 4.25794740e-06  1.80000000e+00  1.79967403e+00 
 4.25954488e-06  1.80000000e+00  1.79985733e+00 
 4.26237929e-06  1.80000000e+00  1.80021200e+00 
 4.26560051e-06  1.80000000e+00  1.80034681e+00 
 4.26827473e-06  1.80000000e+00  1.79980170e+00 
 4.27143144e-06  1.80000000e+00  1.80009624e+00 
 4.27516159e-06  1.80000000e+00  1.79994175e+00 
 4.27908722e-06  1.80000000e+00  1.80004792e+00 
 4.28687041e-06  1.80000000e+00  1.79996696e+00 
 4.29693712e-06  1.80000000e+00  1.80003426e+00 
 4.30969790e-06  1.80000000e+00  1.79997506e+00 
 4.32152460e-06  1.80000000e+00  1.80002588e+00 
 4.33391881e-06  1.80000000e+00  1.79997612e+00 
 4.34685006e-06  1.80000000e+00  1.80002147e+00 
 4.37271255e-06  1.80000000e+00  1.79997956e+00 
 4.41526704e-06  1.80000000e+00  1.80001972e+00 
 4.47474300e-06  1.80000000e+00  1.79998068e+00 
 4.50000000e-06  1.80000000e+00  1.80001818e+00 
 4.50001000e-06  1.62000000e+00  1.79881294e+00 
 4.50003000e-06  1.26000000e+00  1.79660507e+00 
 4.50007000e-06  5.40000000e-01  1.79319504e+00 
 4.50010000e-06  0.00000000e+00  1.79157272e+00 
 4.50010800e-06  0.00000000e+00  1.79215194e+00 
 4.50012400e-06  0.00000000e+00  1.79330761e+00 
 4.50015600e-06  0.00000000e+00  1.79512109e+00 
 4.50022000e-06  0.00000000e+00  1.79758071e+00 
 4.50034800e-06  0.00000000e+00  1.80010380e+00 
 4.50053706e-06  0.00000000e+00  1.80173886e+00 
 4.50085687e-06  0.00000000e+00  1.80242600e+00 
 4.50118898e-06  0.00000000e+00  1.80167189e+00 
 4.50158891e-06  0.00000000e+00  1.79979460e+00 
 4.50203618e-06  0.00000000e+00  1.79734549e+00 
 4.50251565e-06  0.00000000e+00  1.79693696e+00 
 4.50300423e-06  0.00000000e+00  1.79746731e+00 
 4.50356238e-06  0.00000000e+00  1.79816180e+00 
 4.50410865e-06  0.00000000e+00  1.79873578e+00 
 4.50488372e-06  0.00000000e+00  1.79919878e+00 
 4.50561196e-06  0.00000000e+00  1.79947704e+00 
 4.50624873e-06  0.00000000e+00  1.79965156e+00 
 4.50694638e-06  0.00000000e+00  1.79976118e+00 
 4.50794850e-06  0.00000000e+00  1.79985802e+00 
 4.50886081e-06  0.00000000e+00  1.79990149e+00 
 4.50985752e-06  0.00000000e+00  1.79993102e+00 
 4.51110603e-06  0.00000000e+00  1.79994704e+00 
 4.51224147e-06  0.00000000e+00  1.79995660e+00 
 4.51451235e-06  0.00000000e+00  1.79996268e+00 
 4.51905410e-06  0.00000000e+00  1.79996926e+00 
 4.52618638e-06  0.00000000e+00  1.79997216e+00 
 4.54045093e-06  0.00000000e+00  1.79997981e+00 
 4.56898002e-06  0.00000000e+00  1.79998509e+00 
 4.62603822e-06  0.00000000e+00  1.79999231e+00 
 4.74015461e-06  0.00000000e+00  1.79999484e+00 
 4.75010000e-06  6.67038446e-12  1.79999641e+00 
 4.75011000e-06  1.80000000e-01  1.80055269e+00 
 4.75013000e-06  5.40000000e-01  1.80189939e+00 
 4.75017000e-06  1.26000000e+00  1.80540113e+00 
 4.75020000e-06  1.80000000e+00  1.80782452e+00 
 4.75020799e-06  1.80000000e+00  1.80755230e+00 
 4.75022398e-06  1.80000000e+00  1.80697963e+00 
 4.75025594e-06  1.80000000e+00  1.80606354e+00 
 4.75031988e-06  1.80000000e+00  1.80489860e+00 
 4.75044775e-06  1.80000000e+00  1.80358994e+00 
 4.75070349e-06  1.80000000e+00  1.80218945e+00 
 4.75109230e-06  1.80000000e+00  1.80416024e+00 
 4.75156476e-06  1.80000000e+00  1.80790709e+00 
 4.75202705e-06  1.80000000e+00  1.80538283e+00 
 4.75251173e-06  1.80000000e+00  1.80229414e+00 
 4.75324123e-06  1.80000000e+00  1.79977034e+00 
 4.75376697e-06  1.80000000e+00  1.79962218e+00 
 4.75435680e-06  1.80000000e+00  1.80000404e+00 
 4.75490126e-06  1.80000000e+00  1.80043706e+00 
 4.75548392e-06  1.80000000e+00  1.80117339e+00 
 4.75622859e-06  1.80000000e+00  1.80152891e+00 
 4.75704167e-06  1.80000000e+00  1.80131942e+00 
 4.75785804e-06  1.80000000e+00  1.80098351e+00 
 4.75889222e-06  1.80000000e+00  1.80073718e+00 
 4.76042298e-06  1.80000000e+00  1.80047421e+00 
 4.76206671e-06  1.80000000e+00  1.80029539e+00 
 4.76478011e-06  1.80000000e+00  1.80011524e+00 
 4.76794942e-06  1.80000000e+00  1.80004619e+00 
 4.77428802e-06  1.80000000e+00  1.79999632e+00 
 4.78468285e-06  1.80000000e+00  1.80000397e+00 
 4.80232689e-06  1.80000000e+00  1.79999590e+00 
 4.83761495e-06  1.80000000e+00  1.80000401e+00 
 4.90819108e-06  1.80000000e+00  1.79999593e+00 
 5.00000000e-06  1.80000000e+00  1.80000400e+00 
 5.00001000e-06  1.62000000e+00  1.79879907e+00 
 5.00003000e-06  1.26000000e+00  1.79658939e+00 
 5.00007000e-06  5.40000000e-01  1.79317720e+00 
 5.00010000e-06  0.00000000e+00  1.79155557e+00 
 5.00010800e-06  0.00000000e+00  1.79213548e+00 
 5.00012400e-06  0.00000000e+00  1.79329277e+00 
 5.00015600e-06  0.00000000e+00  1.79510811e+00 
 5.00022000e-06  0.00000000e+00  1.79757131e+00 
 5.00034800e-06  0.00000000e+00  1.80009951e+00 
 5.00053674e-06  0.00000000e+00  1.80173423e+00 
 5.00085672e-06  0.00000000e+00  1.80243854e+00 
 5.00118923e-06  0.00000000e+00  1.80168305e+00 
 5.00162687e-06  0.00000000e+00  1.79955191e+00 
 5.00209359e-06  0.00000000e+00  1.79736327e+00 
 5.00257617e-06  0.00000000e+00  1.79847238e+00 
 5.00307816e-06  0.00000000e+00  1.79724875e+00 
 5.00363690e-06  0.00000000e+00  1.79725688e+00 
 5.00419307e-06  0.00000000e+00  1.79933959e+00 
 5.00470604e-06  0.00000000e+00  1.80021534e+00 
 5.00519540e-06  0.00000000e+00  1.80098891e+00 
 5.00574056e-06  0.00000000e+00  1.80058801e+00 
 5.00639758e-06  0.00000000e+00  1.80046042e+00 
 5.00710699e-06  0.00000000e+00  1.80021522e+00 
 5.00807201e-06  0.00000000e+00  1.80015538e+00 
 5.00921119e-06  0.00000000e+00  1.80005636e+00 
 5.01010088e-06  0.00000000e+00  1.80011558e+00 
 5.01104809e-06  0.00000000e+00  1.80019146e+00 
 5.01196937e-06  0.00000000e+00  1.80053471e+00 
 5.01298378e-06  0.00000000e+00  1.80030220e+00 
 5.01370082e-06  0.00000000e+00  1.79973380e+00 
 5.01439473e-06  0.00000000e+00  1.79927573e+00 
 5.01525054e-06  0.00000000e+00  1.79943790e+00 
 5.01616450e-06  0.00000000e+00  1.79987191e+00 
 5.01706726e-06  0.00000000e+00  1.79813672e+00 
 5.01802407e-06  0.00000000e+00  1.79790809e+00 
 5.01903817e-06  0.00000000e+00  1.79817138e+00 
 5.02083774e-06  0.00000000e+00  1.79945721e+00 
 5.02259010e-06  0.00000000e+00  1.79977059e+00 
 5.02567393e-06  0.00000000e+00  1.80002849e+00 
 5.02966827e-06  0.00000000e+00  1.80017677e+00 
 5.03368681e-06  0.00000000e+00  1.80047882e+00 
 5.03651992e-06  0.00000000e+00  1.79868732e+00 
 5.03919137e-06  0.00000000e+00  1.80054566e+00 
 5.04188425e-06  0.00000000e+00  1.79958992e+00 
 5.04478669e-06  0.00000000e+00  1.80020315e+00 
 5.04927662e-06  0.00000000e+00  1.79981226e+00 
 5.05427697e-06  0.00000000e+00  1.80010333e+00 
 5.06037131e-06  0.00000000e+00  1.79989306e+00 
 5.06831492e-06  0.00000000e+00  1.80005719e+00 
 5.08090454e-06  0.00000000e+00  1.79992694e+00 
 5.09713390e-06  0.00000000e+00  1.80004233e+00 
 5.12199068e-06  0.00000000e+00  1.79994303e+00 
 5.15723780e-06  0.00000000e+00  1.80003816e+00 
 5.20835320e-06  0.00000000e+00  1.79995180e+00 
 5.25010000e-06  6.67038446e-12  1.80003598e+00 
 5.25011000e-06  1.80000000e-01  1.80062804e+00 
 5.25013000e-06  5.40000000e-01  1.80199740e+00 
 5.25017000e-06  1.26000000e+00  1.80544431e+00 
 5.25020000e-06  1.80000000e+00  1.80782975e+00 
 5.25020799e-06  1.80000000e+00  1.80756617e+00 
 5.25022398e-06  1.80000000e+00  1.80701296e+00 
 5.25025594e-06  1.80000000e+00  1.80612601e+00 
 5.25031988e-06  1.80000000e+00  1.80495552e+00 
 5.25044775e-06  1.80000000e+00  1.80360817e+00 
 5.25070349e-06  1.80000000e+00  1.80218396e+00 
 5.25109108e-06  1.80000000e+00  1.80412802e+00 
 5.25156322e-06  1.80000000e+00  1.80794942e+00 
 5.25202461e-06  1.80000000e+00  1.80560302e+00 
 5.25250897e-06  1.80000000e+00  1.80300240e+00 
 5.25323507e-06  1.80000000e+00  1.80071004e+00 
 5.25377386e-06  1.80000000e+00  1.79962496e+00 
 5.25437595e-06  1.80000000e+00  1.79868011e+00 
 5.25501153e-06  1.80000000e+00  1.79800769e+00 
 5.25566433e-06  1.80000000e+00  1.79804950e+00 
 5.25645167e-06  1.80000000e+00  1.79830497e+00 
 5.25802634e-06  1.80000000e+00  1.79893332e+00 
 5.25964712e-06  1.80000000e+00  1.79934693e+00 
 5.26251890e-06  1.80000000e+00  1.79975347e+00 
 5.26581171e-06  1.80000000e+00  1.79990944e+00 
 5.27239732e-06  1.80000000e+00  1.80000620e+00 
 5.28556855e-06  1.80000000e+00  1.79999383e+00 
 5.31191102e-06  1.80000000e+00  1.80000600e+00 
 5.36459594e-06  1.80000000e+00  1.79999396e+00 
 5.46996580e-06  1.80000000e+00  1.80000597e+00 
 5.50000000e-06  1.80000000e+00  1.79999403e+00 
 5.50001000e-06  1.62000000e+00  1.79880966e+00 
 5.50003000e-06  1.26000000e+00  1.79663223e+00 
 5.50007000e-06  5.40000000e-01  1.79321176e+00 
 5.50010000e-06  0.00000000e+00  1.79155046e+00 
 5.50010800e-06  0.00000000e+00  1.79210369e+00 
 5.50012400e-06  0.00000000e+00  1.79321831e+00 
 5.50015600e-06  0.00000000e+00  1.79501578e+00 
 5.50022000e-06  0.00000000e+00  1.79752500e+00 
 5.50034800e-06  0.00000000e+00  1.80016606e+00 
 5.50053695e-06  0.00000000e+00  1.80188876e+00 
 5.50085706e-06  0.00000000e+00  1.80235063e+00 
 5.50118956e-06  0.00000000e+00  1.80102971e+00 
 5.50163008e-06  0.00000000e+00  1.79882604e+00 
 5.50209862e-06  0.00000000e+00  1.79776954e+00 
 5.50257849e-06  0.00000000e+00  1.79887059e+00 
 5.50306578e-06  0.00000000e+00  1.79927154e+00 
 5.50362812e-06  0.00000000e+00  1.79936724e+00 
 5.50418273e-06  0.00000000e+00  1.79959948e+00 
 5.50487959e-06  0.00000000e+00  1.79970193e+00 
 5.50568261e-06  0.00000000e+00  1.79980628e+00 
 5.50630174e-06  0.00000000e+00  1.79990410e+00 
 5.50702240e-06  0.00000000e+00  1.79991972e+00 
 5.50793648e-06  0.00000000e+00  1.79995099e+00 
 5.50888905e-06  0.00000000e+00  1.79994853e+00 
 5.50982153e-06  0.00000000e+00  1.79996449e+00 
 5.51093462e-06  0.00000000e+00  1.79995695e+00 
 5.51209405e-06  0.00000000e+00  1.79996897e+00 
 5.51441291e-06  0.00000000e+00  1.79996202e+00 
 5.51897488e-06  0.00000000e+00  1.79997495e+00 
 5.52652526e-06  0.00000000e+00  1.79996987e+00 
 5.54162601e-06  0.00000000e+00  1.79998495e+00 
 5.57182753e-06  0.00000000e+00  1.79998203e+00 
 5.63223055e-06  0.00000000e+00  1.79999672e+00 
 5.75010000e-06  6.67038446e-12  1.79999116e+00 
 5.75011000e-06  1.80000000e-01  1.80054058e+00 
 5.75013000e-06  5.40000000e-01  1.80187232e+00 
 5.75017000e-06  1.26000000e+00  1.80535462e+00 
 5.75020000e-06  1.80000000e+00  1.80777118e+00 
 5.75020799e-06  1.80000000e+00  1.80751610e+00 
 5.75022396e-06  1.80000000e+00  1.80697612e+00 
 5.75025591e-06  1.80000000e+00  1.80609735e+00 
 5.75031982e-06  1.80000000e+00  1.80492919e+00 
 5.75044762e-06  1.80000000e+00  1.80358344e+00 
 5.75070323e-06  1.80000000e+00  1.80217446e+00 
 5.75109088e-06  1.80000000e+00  1.80413967e+00 
 5.75156356e-06  1.80000000e+00  1.80796421e+00 
 5.75202538e-06  1.80000000e+00  1.80562671e+00 
 5.75250996e-06  1.80000000e+00  1.80302353e+00 
 5.75323793e-06  1.80000000e+00  1.80089034e+00 
 5.75376582e-06  1.80000000e+00  1.79990704e+00 
 5.75435768e-06  1.80000000e+00  1.79899739e+00 
 5.75490016e-06  1.80000000e+00  1.79822808e+00 
 5.75548291e-06  1.80000000e+00  1.79797521e+00 
 5.75634104e-06  1.80000000e+00  1.79816613e+00 
 5.75723824e-06  1.80000000e+00  1.79854211e+00 
 5.75898954e-06  1.80000000e+00  1.79914334e+00 
 5.76124875e-06  1.80000000e+00  1.79958499e+00 
 5.76446873e-06  1.80000000e+00  1.79985593e+00 
 5.76998051e-06  1.80000000e+00  1.79998879e+00 
 5.78100407e-06  1.80000000e+00  1.80000168e+00 
 5.80305120e-06  1.80000000e+00  1.79999963e+00 
 5.84714544e-06  1.80000000e+00  1.79999983e+00 
 5.93533393e-06  1.80000000e+00  1.80000028e+00 
 6.00000000e-06  1.80000000e+00  1.79999946e+00 
 6.00001000e-06  1.62000000e+00  1.79881788e+00 
 6.00003000e-06  1.26000000e+00  1.79664361e+00 
 6.00007000e-06  5.40000000e-01  1.79321856e+00 
 6.00010000e-06  0.00000000e+00  1.79155334e+00 
 6.00010800e-06  0.00000000e+00  1.79210553e+00 
 6.00012400e-06  0.00000000e+00  1.79321815e+00 
 6.00015600e-06  0.00000000e+00  1.79501406e+00 
 6.00022000e-06  0.00000000e+00  1.79752667e+00 
 6.00034800e-06  0.00000000e+00  1.80017251e+00 
 6.00053680e-06  0.00000000e+00  1.80189207e+00 
 6.00085675e-06  0.00000000e+00  1.80234248e+00 
 6.00118931e-06  0.00000000e+00  1.80101630e+00 
 6.00162817e-06  0.00000000e+00  1.79883839e+00 
 6.00209559e-06  0.00000000e+00  1.79778328e+00 
 6.00257820e-06  0.00000000e+00  1.79876924e+00 
 6.00306653e-06  0.00000000e+00  1.79919226e+00 
 6.00363580e-06  0.00000000e+00  1.79938597e+00 
 6.00418014e-06  0.00000000e+00  1.79959974e+00 
 6.00473311e-06  0.00000000e+00  1.79976282e+00 
 6.00524396e-06  0.00000000e+00  1.79981736e+00 
 6.00580310e-06  0.00000000e+00  1.79987720e+00 
 6.00649378e-06  0.00000000e+00  1.79989459e+00 
 6.00732177e-06  0.00000000e+00  1.79992980e+00 
 6.00866293e-06  0.00000000e+00  1.79995943e+00 
 6.01029659e-06  0.00000000e+00  1.80006237e+00 
 6.01187561e-06  0.00000000e+00  1.80042359e+00 
 6.01341283e-06  0.00000000e+00  1.80002330e+00 
 6.01454576e-06  0.00000000e+00  1.79932183e+00 
 6.01557485e-06  0.00000000e+00  1.79981848e+00 
 6.01647640e-06  0.00000000e+00  1.79883186e+00 
 6.01754574e-06  0.00000000e+00  1.79783341e+00 
 6.01868212e-06  0.00000000e+00  1.79807976e+00 
 6.01986711e-06  0.00000000e+00  1.79887997e+00 
 6.02190107e-06  0.00000000e+00  1.79974215e+00 
 6.02442824e-06  0.00000000e+00  1.79985272e+00 
 6.02948260e-06  0.00000000e+00  1.79993919e+00 
 6.03438836e-06  0.00000000e+00  1.79995785e+00 
 6.03966611e-06  0.00000000e+00  1.80005665e+00 
 6.04655387e-06  0.00000000e+00  1.80006577e+00 
 6.05098086e-06  0.00000000e+00  1.79983168e+00 
 6.05577225e-06  0.00000000e+00  1.80012031e+00 
 6.06215412e-06  0.00000000e+00  1.79987734e+00 
 6.06871283e-06  0.00000000e+00  1.80007737e+00 
 6.07846410e-06  0.00000000e+00  1.79990844e+00 
 6.09050365e-06  0.00000000e+00  1.80006021e+00 
 6.10717719e-06  0.00000000e+00  1.79992496e+00 
 6.13282619e-06  0.00000000e+00  1.80005433e+00 
 6.16741368e-06  0.00000000e+00  1.79993434e+00 
 6.19796094e-06  0.00000000e+00  1.80005737e+00 
 6.21378831e-06  0.00000000e+00  1.79994855e+00 
 6.23215332e-06  0.00000000e+00  1.80002315e+00 
 6.25010000e-06  6.67038446e-12  1.79996147e+00 
 6.25011000e-06  1.80000000e-01  1.80050155e+00 
 6.25013000e-06  5.40000000e-01  1.80182059e+00 
 6.25017000e-06  1.26000000e+00  1.80528826e+00 
 6.25020000e-06  1.80000000e+00  1.80769710e+00 
 6.25020799e-06  1.80000000e+00  1.80744311e+00 
 6.25022396e-06  1.80000000e+00  1.80690655e+00 
 6.25025591e-06  1.80000000e+00  1.80603720e+00 
 6.25031982e-06  1.80000000e+00  1.80488682e+00 
 6.25044762e-06  1.80000000e+00  1.80355678e+00 
 6.25070323e-06  1.80000000e+00  1.80216088e+00 
 6.25108988e-06  1.80000000e+00  1.80412114e+00 
 6.25156214e-06  1.80000000e+00  1.80796244e+00 
 6.25202318e-06  1.80000000e+00  1.80563728e+00 
 6.25250742e-06  1.80000000e+00  1.80302158e+00 
 6.25323229e-06  1.80000000e+00  1.80070105e+00 
 6.25377378e-06  1.80000000e+00  1.79960770e+00 
 6.25437766e-06  1.80000000e+00  1.79871045e+00 
 6.25501356e-06  1.80000000e+00  1.79804404e+00 
 6.25566658e-06  1.80000000e+00  1.79806837e+00 
 6.25646104e-06  1.80000000e+00  1.79831341e+00 
 6.25804996e-06  1.80000000e+00  1.79893554e+00 
 6.25966923e-06  1.80000000e+00  1.79934847e+00 
 6.26255698e-06  1.80000000e+00  1.79975449e+00 
 6.26586076e-06  1.80000000e+00  1.79991043e+00 
 6.27246833e-06  1.80000000e+00  1.80000543e+00 
 6.28568347e-06  1.80000000e+00  1.79999405e+00 
 6.31211373e-06  1.80000000e+00  1.80000551e+00 
 6.36497427e-06  1.80000000e+00  1.79999438e+00 
 6.47069535e-06  1.80000000e+00  1.80000554e+00 
 6.50000000e-06  1.80000000e+00  1.79999445e+00 
 6.50001000e-06  1.62000000e+00  1.79881513e+00 
 6.50003000e-06  1.26000000e+00  1.79664633e+00 
 6.50007000e-06  5.40000000e-01  1.79322825e+00 
 6.50010000e-06  0.00000000e+00  1.79156384e+00 
 6.50010800e-06  0.00000000e+00  1.79211406e+00 
 6.50012400e-06  0.00000000e+00  1.79322171e+00 
 6.50015600e-06  0.00000000e+00  1.79501097e+00 
 6.50022000e-06  0.00000000e+00  1.79751641e+00 
 6.50034800e-06  0.00000000e+00  1.80016300e+00 
 6.50053695e-06  0.00000000e+00  1.80188969e+00 
 6.50085706e-06  0.00000000e+00  1.80234976e+00 
 6.50118956e-06  0.00000000e+00  1.80102814e+00 
 6.50163003e-06  0.00000000e+00  1.79882735e+00 
 6.50209852e-06  0.00000000e+00  1.79777247e+00 
 6.50257840e-06  0.00000000e+00  1.79886900e+00 
 6.50306560e-06  0.00000000e+00  1.79926927e+00 
 6.50362740e-06  0.00000000e+00  1.79936787e+00 
 6.50418207e-06  0.00000000e+00  1.79960271e+00 
 6.50488817e-06  0.00000000e+00  1.79970354e+00 
 6.50568837e-06  0.00000000e+00  1.79980734e+00 
 6.50629837e-06  0.00000000e+00  1.79990320e+00 
 6.50702551e-06  0.00000000e+00  1.79991878e+00 
 6.50794426e-06  0.00000000e+00  1.79995083e+00 
 6.50889914e-06  0.00000000e+00  1.79994816e+00 
 6.50983162e-06  0.00000000e+00  1.79996443e+00 
 6.51093926e-06  0.00000000e+00  1.79995680e+00 
 6.51209772e-06  0.00000000e+00  1.79996894e+00 
 6.51441465e-06  0.00000000e+00  1.79996197e+00 
 6.51897896e-06  0.00000000e+00  1.79997496e+00 
 6.52651419e-06  0.00000000e+00  1.79996983e+00 
 6.54158465e-06  0.00000000e+00  1.79998495e+00 
 6.57172557e-06  0.00000000e+00  1.79998200e+00 
 6.63200741e-06  0.00000000e+00  1.79999672e+00 
 6.75010000e-06  6.67038446e-12  1.79999114e+00 
 6.75011000e-06  1.80000000e-01  1.80053891e+00 
 6.75013000e-06  5.40000000e-01  1.80186701e+00 
 6.75017000e-06  1.26000000e+00  1.80534264e+00 
 6.75020000e-06  1.80000000e+00  1.80775214e+00 
 6.75020799e-06  1.80000000e+00  1.80749984e+00 
 6.75022396e-06  1.80000000e+00  1.80696573e+00 
 6.75025591e-06  1.80000000e+00  1.80609510e+00 
 6.75031982e-06  1.80000000e+00  1.80493338e+00 
 6.75044762e-06  1.80000000e+00  1.80358644e+00 
 6.75070323e-06  1.80000000e+00  1.80217512e+00 
 6.75108999e-06  1.80000000e+00  1.80413291e+00 
 6.75156298e-06  1.80000000e+00  1.80796739e+00 
 6.75202467e-06  1.80000000e+00  1.80563467e+00 
 6.75250920e-06  1.80000000e+00  1.80302699e+00 
 6.75323658e-06  1.80000000e+00  1.80089093e+00 
 6.75376486e-06  1.80000000e+00  1.79990210e+00 
 6.75435714e-06  1.80000000e+00  1.79899520e+00 
 6.75489907e-06  1.80000000e+00  1.79823294e+00 
 6.75548160e-06  1.80000000e+00  1.79798006e+00 
 6.75633443e-06  1.80000000e+00  1.79816594e+00 
 6.75722643e-06  1.80000000e+00  1.79853715e+00 
 6.75897460e-06  1.80000000e+00  1.79913893e+00 
 6.76122879e-06  1.80000000e+00  1.79958221e+00 
 6.76443931e-06  1.80000000e+00  1.79985436e+00 
 6.76990857e-06  1.80000000e+00  1.79998818e+00 
 6.78084709e-06  1.80000000e+00  1.80000173e+00 
 6.80272413e-06  1.80000000e+00  1.79999965e+00 
 6.84647822e-06  1.80000000e+00  1.79999979e+00 
 6.93398638e-06  1.80000000e+00  1.80000032e+00 
 7.00000000e-06  1.80000000e+00  1.79999941e+00 
 7.00001000e-06  1.62000000e+00  1.79882275e+00 
 7.00003000e-06  1.26000000e+00  1.79665680e+00 
 7.00007000e-06  5.40000000e-01  1.79323435e+00 
 7.00010000e-06  0.00000000e+00  1.79156627e+00 
 7.00010800e-06  0.00000000e+00  1.79211554e+00 
 7.00012400e-06  0.00000000e+00  1.79322139e+00 
 7.00015600e-06  0.00000000e+00  1.79500930e+00 
 7.00022000e-06  0.00000000e+00  1.79751817e+00 
 7.00034800e-06  0.00000000e+00  1.80016948e+00 
 7.00053680e-06  0.00000000e+00  1.80189312e+00 
 7.00085675e-06  0.00000000e+00  1.80234175e+00 
 7.00118931e-06  0.00000000e+00  1.80101473e+00 
 7.00162814e-06  0.00000000e+00  1.79883967e+00 
 7.00209551e-06  0.00000000e+00  1.79778678e+00 
 7.00257813e-06  0.00000000e+00  1.79876754e+00 
 7.00306647e-06  0.00000000e+00  1.79918988e+00 
 7.00363572e-06  0.00000000e+00  1.79938561e+00 
 7.00418005e-06  0.00000000e+00  1.79960058e+00 
 7.00473300e-06  0.00000000e+00  1.79976310e+00 
 7.00524378e-06  0.00000000e+00  1.79981770e+00 
 7.00580287e-06  0.00000000e+00  1.79987738e+00 
 7.00649339e-06  0.00000000e+00  1.79989469e+00 
 7.00732130e-06  0.00000000e+00  1.79992981e+00 
 7.00866229e-06  0.00000000e+00  1.79995944e+00 
 7.01029529e-06  0.00000000e+00  1.80006224e+00 
 7.01187447e-06  0.00000000e+00  1.80042348e+00 
 7.01341292e-06  0.00000000e+00  1.80002393e+00 
 7.01454936e-06  0.00000000e+00  1.79931951e+00 
 7.01558204e-06  0.00000000e+00  1.79981219e+00 
 7.01648560e-06  0.00000000e+00  1.79879764e+00 
 7.01755687e-06  0.00000000e+00  1.79781614e+00 
 7.01869825e-06  0.00000000e+00  1.79806123e+00 
 7.01988629e-06  0.00000000e+00  1.79884920e+00 
 7.02192475e-06  0.00000000e+00  1.79968614e+00 
 7.02447592e-06  0.00000000e+00  1.79985493e+00 
 7.02729479e-06  0.00000000e+00  1.79999854e+00 
 7.03163332e-06  0.00000000e+00  1.79994421e+00 
 7.03764809e-06  0.00000000e+00  1.80006400e+00 
 7.04442318e-06  0.00000000e+00  1.80003341e+00 
 7.04903832e-06  0.00000000e+00  1.79985328e+00 
 7.05407334e-06  0.00000000e+00  1.80010154e+00 
 7.06183433e-06  0.00000000e+00  1.79988835e+00 
 7.06887916e-06  0.00000000e+00  1.80006836e+00 
 7.08053644e-06  0.00000000e+00  1.79991575e+00 
 7.09449969e-06  0.00000000e+00  1.80005607e+00 
 7.10931484e-06  0.00000000e+00  1.79992936e+00 
 7.12574175e-06  0.00000000e+00  1.80004739e+00 
 7.14513849e-06  0.00000000e+00  1.79994082e+00 
 7.18393196e-06  0.00000000e+00  1.80004374e+00 
 7.22779262e-06  0.00000000e+00  1.79994721e+00 
 7.25010000e-06  6.67038446e-12  1.80004016e+00 
 7.25011000e-06  1.80000000e-01  1.80060389e+00 
 7.25013000e-06  5.40000000e-01  1.80195593e+00 
 7.25017000e-06  1.26000000e+00  1.80543847e+00 
 7.25020000e-06  1.80000000e+00  1.80782885e+00 
 7.25020799e-06  1.80000000e+00  1.80755782e+00 
 7.25022398e-06  1.80000000e+00  1.80699026e+00 
 7.25025594e-06  1.80000000e+00  1.80608562e+00 
 7.25031988e-06  1.80000000e+00  1.80493280e+00 
 7.25044775e-06  1.80000000e+00  1.80361502e+00 
 7.25070349e-06  1.80000000e+00  1.80218994e+00 
 7.25108936e-06  1.80000000e+00  1.80412497e+00 
 7.25156210e-06  1.80000000e+00  1.80789865e+00 
 7.25202326e-06  1.80000000e+00  1.80534596e+00 
 7.25250752e-06  1.80000000e+00  1.80235517e+00 
 7.25323260e-06  1.80000000e+00  1.80028858e+00 
 7.25374741e-06  1.80000000e+00  1.79994422e+00 
 7.25432076e-06  1.80000000e+00  1.79979221e+00 
 7.25502227e-06  1.80000000e+00  1.79967644e+00 
 7.25569415e-06  1.80000000e+00  1.79975807e+00 
 7.25647423e-06  1.80000000e+00  1.79977427e+00 
 7.25803439e-06  1.80000000e+00  1.79988308e+00 
 7.25967420e-06  1.80000000e+00  1.79990939e+00 
 7.26254950e-06  1.80000000e+00  1.79998120e+00 
 7.26588375e-06  1.80000000e+00  1.79997863e+00 
 7.27255226e-06  1.80000000e+00  1.80001110e+00 
 7.28588927e-06  1.80000000e+00  1.79998897e+00 
 7.31256330e-06  1.80000000e+00  1.80001087e+00 
 7.36591137e-06  1.80000000e+00  1.79998910e+00 
 7.47260749e-06  1.80000000e+00  1.80001082e+00 
 7.50000000e-06  1.80000000e+00  1.79998919e+00 
 7.50001000e-06  1.62000000e+00  1.79879730e+00 
 7.50003000e-06  1.26000000e+00  1.79661461e+00 
 7.50007000e-06  5.40000000e-01  1.79321457e+00 
 7.50010000e-06  0.00000000e+00  1.79158830e+00 
 7.50010800e-06  0.00000000e+00  1.79216235e+00 
 7.50012400e-06  0.00000000e+00  1.79330482e+00 
 7.50015600e-06  0.00000000e+00  1.79510180e+00 
 7.50022000e-06  0.00000000e+00  1.79755153e+00 
 7.50034800e-06  0.00000000e+00  1.80008659e+00 
 7.50053707e-06  0.00000000e+00  1.80173909e+00 
 7.50085688e-06  0.00000000e+00  1.80242874e+00 
 7.50118899e-06  0.00000000e+00  1.80167230e+00 
 7.50158835e-06  0.00000000e+00  1.79979593e+00 
 7.50203513e-06  0.00000000e+00  1.79734692e+00 
 7.50251475e-06  0.00000000e+00  1.79693385e+00 
 7.50300368e-06  0.00000000e+00  1.79746743e+00 
 7.50356185e-06  0.00000000e+00  1.79816393e+00 
 7.50410830e-06  0.00000000e+00  1.79873974e+00 
 7.50489846e-06  0.00000000e+00  1.79920671e+00 
 7.50562319e-06  0.00000000e+00  1.79948159e+00 
 7.50624906e-06  0.00000000e+00  1.79965119e+00 
 7.50695375e-06  0.00000000e+00  1.79976161e+00 
 7.50795106e-06  0.00000000e+00  1.79985776e+00 
 7.50886854e-06  0.00000000e+00  1.79990146e+00 
 7.50986177e-06  0.00000000e+00  1.79993088e+00 
 7.51111036e-06  0.00000000e+00  1.79994693e+00 
 7.51224447e-06  0.00000000e+00  1.79995650e+00 
 7.51451270e-06  0.00000000e+00  1.79996261e+00 
 7.51904916e-06  0.00000000e+00  1.79996920e+00 
 7.52615378e-06  0.00000000e+00  1.79997211e+00 
 7.54036303e-06  0.00000000e+00  1.79997975e+00 
 7.56878152e-06  0.00000000e+00  1.79998505e+00 
 7.62561850e-06  0.00000000e+00  1.79999227e+00 
 7.73929247e-06  0.00000000e+00  1.79999483e+00 
 7.75010000e-06  0.00000000e+00  1.79999640e+00 
 7.75011000e-06  1.80000000e-01  1.80055006e+00 
 7.75013000e-06  5.40000000e-01  1.80188964e+00 
 7.75017000e-06  1.26000000e+00  1.80537369e+00 
 7.75020000e-06  1.80000000e+00  1.80777321e+00 
 7.75020799e-06  1.80000000e+00  1.80750662e+00 
 7.75022398e-06  1.80000000e+00  1.80694695e+00 
 7.75025594e-06  1.80000000e+00  1.80605104e+00 
 7.75031988e-06  1.80000000e+00  1.80490650e+00 
 7.75044775e-06  1.80000000e+00  1.80360013e+00 
 7.75070348e-06  1.80000000e+00  1.80219043e+00 
 7.75108793e-06  1.80000000e+00  1.80412084e+00 
 7.75156194e-06  1.80000000e+00  1.80792171e+00 
 7.75202359e-06  1.80000000e+00  1.80541427e+00 
 7.75250804e-06  1.80000000e+00  1.80231604e+00 
 7.75323474e-06  1.80000000e+00  1.79978157e+00 
 7.75376219e-06  1.80000000e+00  1.79961588e+00 
 7.75435376e-06  1.80000000e+00  1.79999658e+00 
 7.75489544e-06  1.80000000e+00  1.80043059e+00 
 7.75547754e-06  1.80000000e+00  1.80116701e+00 
 7.75622235e-06  1.80000000e+00  1.80153142e+00 
 7.75703675e-06  1.80000000e+00  1.80132371e+00 
 7.75784832e-06  1.80000000e+00  1.80098835e+00 
 7.75888407e-06  1.80000000e+00  1.80073939e+00 
 7.76037834e-06  1.80000000e+00  1.80048139e+00 
 7.76203964e-06  1.80000000e+00  1.80029791e+00 
 7.76470822e-06  1.80000000e+00  1.80011872e+00 
 7.76787508e-06  1.80000000e+00  1.80004701e+00 
 7.77420881e-06  1.80000000e+00  1.79999668e+00 
 7.78425490e-06  1.80000000e+00  1.80000365e+00 
 7.80102078e-06  1.80000000e+00  1.79999622e+00 
 7.83455254e-06  1.80000000e+00  1.80000369e+00 
 7.90161605e-06  1.80000000e+00  1.79999626e+00 
 8.00000000e-06  1.80000000e+00  1.80000368e+00 
 8.00001000e-06  1.62000000e+00  1.79881080e+00 
 8.00003000e-06  1.26000000e+00  1.79662256e+00 
 8.00007000e-06  5.40000000e-01  1.79321615e+00 
 8.00010000e-06  0.00000000e+00  1.79158854e+00 
 8.00010800e-06  0.00000000e+00  1.79216272e+00 
 8.00012400e-06  0.00000000e+00  1.79330606e+00 
 8.00015600e-06  0.00000000e+00  1.79510334e+00 
 8.00022000e-06  0.00000000e+00  1.79755283e+00 
 8.00034800e-06  0.00000000e+00  1.80008744e+00 
 8.00053674e-06  0.00000000e+00  1.80173574e+00 
 8.00085672e-06  0.00000000e+00  1.80244110e+00 
 8.00118923e-06  0.00000000e+00  1.80168337e+00 
 8.00162664e-06  0.00000000e+00  1.79955067e+00 
 8.00209319e-06  0.00000000e+00  1.79736076e+00 
 8.00257578e-06  0.00000000e+00  1.79846809e+00 
 8.00307784e-06  0.00000000e+00  1.79725538e+00 
 8.00363666e-06  0.00000000e+00  1.79725862e+00 
 8.00414503e-06  0.00000000e+00  1.79919363e+00 
 8.00467368e-06  0.00000000e+00  1.80017068e+00 
 8.00515358e-06  0.00000000e+00  1.80096556e+00 
 8.00568842e-06  0.00000000e+00  1.80063230e+00 
 8.00631170e-06  0.00000000e+00  1.80047268e+00 
 8.00702769e-06  0.00000000e+00  1.80023991e+00 
 8.00772814e-06  0.00000000e+00  1.80017881e+00 
 8.00858619e-06  0.00000000e+00  1.80006680e+00 
 8.00930138e-06  0.00000000e+00  1.80005812e+00 
 8.01007671e-06  0.00000000e+00  1.80001389e+00 
 8.01093370e-06  0.00000000e+00  1.80001570e+00 
 8.01185049e-06  0.00000000e+00  1.79999595e+00 
 8.01368406e-06  0.00000000e+00  1.80001924e+00 
 8.01563115e-06  0.00000000e+00  1.79999931e+00 
 8.01770745e-06  0.00000000e+00  1.79997394e+00 
 8.02073301e-06  0.00000000e+00  1.79998465e+00 
 8.02426409e-06  0.00000000e+00  1.80002369e+00 
 8.02802846e-06  0.00000000e+00  1.80020340e+00 
 8.03361390e-06  0.00000000e+00  1.79962528e+00 
 8.03715128e-06  0.00000000e+00  1.80035290e+00 
 8.04108996e-06  0.00000000e+00  1.79954503e+00 
 8.04636682e-06  0.00000000e+00  1.80025462e+00 
 8.05178419e-06  0.00000000e+00  1.79974683e+00 
 8.05792452e-06  0.00000000e+00  1.80019167e+00 
 8.07020519e-06  0.00000000e+00  1.79978882e+00 
 8.08642962e-06  0.00000000e+00  1.80017726e+00 
 8.11351821e-06  0.00000000e+00  1.79980644e+00 
 8.15808999e-06  0.00000000e+00  1.80017453e+00 
 8.22458166e-06  0.00000000e+00  1.79981560e+00 
 8.25010000e-06  0.00000000e+00  1.80017020e+00 
 8.25011000e-06  1.80000000e-01  1.80073127e+00 
 8.25013000e-06  5.40000000e-01  1.80206675e+00 
 8.25017000e-06  1.26000000e+00  1.80550118e+00 
 8.25020000e-06  1.80000000e+00  1.80786704e+00 
 8.25020799e-06  1.80000000e+00  1.80760736e+00 
 8.25022398e-06  1.80000000e+00  1.80706022e+00 
 8.25025594e-06  1.80000000e+00  1.80617205e+00 
 8.25031988e-06  1.80000000e+00  1.80498385e+00 
 8.25044775e-06  1.80000000e+00  1.80359574e+00 
 8.25070349e-06  1.80000000e+00  1.80216468e+00 
 8.25109105e-06  1.80000000e+00  1.80413842e+00 
 8.25156321e-06  1.80000000e+00  1.80786750e+00 
 8.25202458e-06  1.80000000e+00  1.80531828e+00 
 8.25250895e-06  1.80000000e+00  1.80240013e+00 
 8.25323508e-06  1.80000000e+00  1.80036747e+00 
 8.25392317e-06  1.80000000e+00  1.79975035e+00 
 8.25482788e-06  1.80000000e+00  1.79969205e+00 
 8.25575549e-06  1.80000000e+00  1.79973734e+00 
 8.25675557e-06  1.80000000e+00  1.79981868e+00 
 8.25838085e-06  1.80000000e+00  1.79988682e+00 
 8.26013849e-06  1.80000000e+00  1.79993767e+00 
 8.26309042e-06  1.80000000e+00  1.79997482e+00 
 8.26683505e-06  1.80000000e+00  1.79999378e+00 
 8.27432431e-06  1.80000000e+00  1.79999998e+00 
 8.28930285e-06  1.80000000e+00  1.80000007e+00 
 8.31925991e-06  1.80000000e+00  1.79999982e+00 
 8.37917405e-06  1.80000000e+00  1.80000012e+00 
 8.49900231e-06  1.80000000e+00  1.79999983e+00 
 8.50000000e-06  1.80000000e+00  1.79999930e+00 
 8.50001000e-06  1.62000000e+00  1.79882441e+00 
 8.50003000e-06  1.26000000e+00  1.79666119e+00 
 8.50007000e-06  5.40000000e-01  1.79324375e+00 
 8.50010000e-06  0.00000000e+00  1.79157681e+00 
 8.50010800e-06  0.00000000e+00  1.79212810e+00 
 8.50012400e-06  0.00000000e+00  1.79323390e+00 
 8.50015600e-06  0.00000000e+00  1.79501383e+00 
 8.50022000e-06  0.00000000e+00  1.79750529e+00 
 8.50034800e-06  0.00000000e+00  1.80014834e+00 
 8.50057729e-06  0.00000000e+00  1.80219849e+00 
 8.50096415e-06  0.00000000e+00  1.80227612e+00 
 8.50141183e-06  0.00000000e+00  1.79941278e+00 
 8.50196586e-06  0.00000000e+00  1.80115444e+00 
 8.50247714e-06  0.00000000e+00  1.81814055e+00 
 8.50310024e-06  0.00000000e+00  1.82936909e+00 
 8.50368401e-06  0.00000000e+00  1.80294077e+00 
 8.50428676e-06  0.00000000e+00  1.76626709e+00 
 8.50474749e-06  0.00000000e+00  1.74179937e+00 
 8.50529873e-06  0.00000000e+00  1.71039394e+00 
 8.50596473e-06  0.00000000e+00  1.67304036e+00 
 8.50666830e-06  0.00000000e+00  1.63313822e+00 
 8.50807545e-06  0.00000000e+00  1.55333761e+00 
 8.50982559e-06  0.00000000e+00  1.45362722e+00 
 8.51291928e-06  0.00000000e+00  1.27789766e+00 
 8.51832331e-06  0.00000000e+00  9.79184790e-01 
 8.52407758e-06  0.00000000e+00  6.96415363e-01 
 8.52949418e-06  0.00000000e+00  4.34901974e-01 
 8.53330176e-06  0.00000000e+00  2.71355664e-01 
 8.53721504e-06  0.00000000e+00  1.51035124e-01 
 8.54011710e-06  0.00000000e+00  9.57973642e-02 
 8.54283022e-06  0.00000000e+00  6.04105889e-02 
 8.54526424e-06  0.00000000e+00  4.06831313e-02 
 8.54787887e-06  0.00000000e+00  2.54277607e-02 
 8.55120442e-06  0.00000000e+00  1.46898832e-02 
 8.55475224e-06  0.00000000e+00  7.42109920e-03 
 8.55959766e-06  0.00000000e+00  3.44843332e-03 
 8.56561164e-06  0.00000000e+00  7.76828111e-04 
 8.57357572e-06  0.00000000e+00  4.62536383e-04 
 8.58446003e-06  0.00000000e+00 -2.04456506e-04 
 8.59900657e-06  0.00000000e+00  2.68264270e-04 
 8.62041886e-06  0.00000000e+00 -2.06366163e-04 
 8.65065634e-06  0.00000000e+00  2.61085714e-04 
 8.69962600e-06  0.00000000e+00 -2.08827782e-04 
 8.75010000e-06  0.00000000e+00  2.53839737e-04 
 8.75011000e-06  1.80000000e-01  1.08913279e-03 
 8.75013000e-06  5.40000000e-01  2.73255644e-03 
 8.75017000e-06  1.26000000e+00  5.48767232e-03 
 8.75020000e-06  1.80000000e+00  6.84589022e-03 
 8.75020799e-06  1.80000000e+00  6.44758478e-03 
 8.75022396e-06  1.80000000e+00  5.65422509e-03 
 8.75025592e-06  1.80000000e+00  4.42090103e-03 
 8.75031982e-06  1.80000000e+00  2.94055707e-03 
 8.75044763e-06  1.80000000e+00  1.75463225e-03 
 8.75070325e-06  1.80000000e+00  1.34005482e-03 
 8.75108891e-06  1.80000000e+00  2.64836897e-03 
 8.75156128e-06  1.80000000e+00  3.97941365e-03 
 8.75202179e-06  1.80000000e+00  2.32204579e-03 
 8.75250606e-06  1.80000000e+00  1.71314411e-03 
 8.75322008e-06  1.80000000e+00 -6.72102402e-05 
 8.75375371e-06  1.80000000e+00 -1.12814513e-03 
 8.75435426e-06  1.80000000e+00 -5.70604961e-04 
 8.75495882e-06  1.80000000e+00 -3.72508186e-04 
 8.75558738e-06  1.80000000e+00 -6.16934331e-05 
 8.75637581e-06  1.80000000e+00  2.06609772e-04 
 8.75788877e-06  1.80000000e+00  5.52484421e-04 
 8.75944071e-06  1.80000000e+00  7.03771392e-04 
 8.76225053e-06  1.80000000e+00  6.36142020e-04 
 8.76538735e-06  1.80000000e+00  5.55670427e-04 
 8.77166098e-06  1.80000000e+00  3.33361665e-04 
 8.78420824e-06  1.80000000e+00  1.71703494e-04 
 8.80930277e-06  1.80000000e+00  6.18299642e-05 
 8.85949182e-06  1.80000000e+00  5.91631883e-05 
 8.95986992e-06  1.80000000e+00  1.17629561e-05 
 9.00000000e-06  1.80000000e+00  3.74673125e-05 
