 0.00000000e+00  9.73873323e-05 
 1.00000000e-12  6.68704802e-03 
 2.00000000e-12  7.51408362e-03 
 4.00000000e-12  7.77428326e-03 
 8.00000000e-12  7.39501291e-03 
 1.60000000e-11  7.47166636e-03 
 3.20000000e-11  7.24142899e-03 
 6.40000000e-11  8.72068940e-03 
 1.00000000e-10  1.11818832e-02 
 1.01502810e-10  3.80370204e-03 
 1.04508430e-10  2.17254633e-03 
 1.10519669e-10  3.31546204e-03 
 1.22542148e-10  2.20538974e-03 
 1.46587105e-10  2.92696545e-03 
 1.94677021e-10  1.76442485e-03 
 2.90856851e-10  2.24559428e-03 
 4.45340386e-10  1.13337513e-03 
 7.21184408e-10  1.77959389e-03 
 1.20324837e-09  6.22292475e-04 
 1.65763085e-09  1.36509647e-03 
 2.29654499e-09  5.28572979e-04 
 3.01773061e-09  1.33097830e-03 
 3.71765240e-09  4.37063158e-04 
 4.63049934e-09  1.33172395e-03 
 5.37166975e-09  3.07786077e-04 
 6.15576660e-09  9.83147457e-04 
 6.84644545e-09 -3.90978498e-06 
 7.67890707e-09  8.06750782e-04 
 8.63440507e-09 -1.11986681e-04 
 9.64678056e-09  7.28522213e-04 
 1.07874738e-08 -2.01625530e-04 
 1.20600737e-08  5.39710773e-04 
 1.32464650e-08 -3.21126425e-04 
 1.46515692e-08  5.66750268e-04 
 1.61478357e-08 -2.70311394e-04 
 1.73091932e-08  5.31167577e-04 
 1.86323082e-08 -3.38555568e-04 
 2.00294325e-08  5.15574199e-04 
 2.15568925e-08 -3.39858529e-04 
 2.32686895e-08  5.16139579e-04 
 2.58754301e-08 -3.37904320e-04 
 2.82973785e-08  5.17610797e-04 
 3.09534863e-08 -3.36643580e-04 
 3.43302159e-08  5.10822484e-04 
 3.82653785e-08 -3.37860445e-04 
 4.23807366e-08  6.33928454e-04 
 4.56183281e-08 -2.84001528e-04 
 4.70594144e-08  5.19060462e-04 
 4.83521109e-08 -3.12422772e-04 
 4.97629177e-08  5.27389926e-04 
 5.15565898e-08 -3.25428623e-04 
 5.37738773e-08  5.31076288e-04 
 5.69353067e-08 -3.13368751e-04 
 6.05519764e-08  5.36417641e-04 
 6.51761204e-08 -3.16049649e-04 
 6.99652746e-08  5.36634570e-04 
 7.95435828e-08 -3.16624658e-04 
 9.24730346e-08  5.35097650e-04 
 1.12180258e-07 -3.18156760e-04 
 1.42098152e-07  5.33393873e-04 
 1.81151415e-07 -3.19108255e-04 
 2.38491820e-07  5.32051508e-04 
 2.50100000e-07 -3.20092385e-04 
 2.50110000e-07 -7.88897731e-03 
 2.50130000e-07 -8.47304522e-03 
 2.50170000e-07 -6.89454597e-03 
 2.50200000e-07 -6.93490125e-03 
 2.50200523e-07 -9.69100340e-04 
 2.50201569e-07  1.15425607e-03 
 2.50203660e-07  1.19231635e-04 
 2.50207843e-07  6.29048937e-04 
 2.50216208e-07  2.79626352e-04 
 2.50232939e-07  6.78485896e-04 
 2.50266400e-07  3.40711223e-04 
 2.50333324e-07  6.13221792e-04 
 2.50415218e-07  2.83329678e-04 
 2.50579007e-07  5.64285623e-04 
 2.50754875e-07  2.77820449e-04 
 2.51079696e-07  6.50829918e-04 
 2.51466618e-07  3.50850898e-04 
 2.52029555e-07  5.96274521e-04 
 2.52633159e-07  1.31934803e-04 
 2.53380240e-07  3.18998806e-04 
 2.54346753e-07  2.79992044e-05 
 2.55206825e-07  3.34778045e-04 
 2.56070745e-07 -1.89602934e-06 
 2.56958540e-07  2.77361212e-04 
 2.57902709e-07 -2.22408440e-05 
 2.58850589e-07  2.69181133e-04 
 2.60284331e-07 -3.60356371e-05 
 2.62474926e-07  2.53694148e-04 
 2.64886838e-07 -4.16308244e-05 
 2.68835872e-07  2.53113555e-04 
 2.74180070e-07 -4.20233978e-05 
 2.84868465e-07  2.52348624e-04 
 3.06245254e-07 -4.33729958e-05 
 3.48167131e-07  2.49252963e-04 
 4.32010885e-07 -5.06165727e-05 
 5.00000000e-07  2.40525258e-04 
 5.00010000e-07  3.82470938e-03 
 5.00030000e-07  3.67692313e-03 
 5.00070000e-07  4.45194325e-03 
 5.00100000e-07  5.33346469e-03 
 5.00104240e-07  1.34849068e-03 
 5.00112721e-07  8.95480717e-04 
 5.00129681e-07  1.16010266e-03 
 5.00163603e-07  7.34590932e-04 
 5.00231446e-07  9.62536824e-04 
 5.00367132e-07  5.39459075e-04 
 5.00555259e-07  7.97870158e-04 
 5.00931512e-07  4.55129173e-04 
 5.01445648e-07  6.77880723e-04 
 5.01995637e-07  1.53897848e-04 
 5.02583554e-07  4.25954120e-04 
 5.03316313e-07  7.33503502e-05 
 5.04010070e-07  3.29642682e-04 
 5.04936754e-07 -3.23495669e-05 
 5.05791208e-07  2.77359980e-04 
 5.06837487e-07 -4.82548778e-05 
 5.08099043e-07  2.71691488e-04 
 5.09667474e-07 -4.76887357e-05 
 5.11849868e-07  2.77346001e-04 
 5.14330842e-07 -4.62983146e-05 
 5.16288588e-07  2.69036110e-04 
 5.18410895e-07 -3.74415312e-05 
 5.21052262e-07  2.88927192e-04 
 5.23879924e-07 -5.65091579e-05 
 5.26704485e-07  2.67758801e-04 
 5.29448045e-07 -6.20147049e-05 
 5.32603041e-07  2.47709786e-04 
 5.35918405e-07 -7.43732927e-05 
 5.39802369e-07  2.50270650e-04 
 5.44691103e-07 -4.67266995e-05 
 5.48101462e-07  2.23047834e-04 
 5.51843160e-07 -6.40276215e-05 
 5.55765192e-07  2.29462475e-04 
 5.60163329e-07 -6.99930414e-05 
 5.66570576e-07  2.26018791e-04 
 5.73708074e-07 -7.92199661e-05 
 5.80915330e-07  2.24161028e-04 
 5.86802237e-07 -8.08705630e-05 
 5.93359315e-07  2.24822778e-04 
 6.06473470e-07 -8.23166485e-05 
 6.24692529e-07  2.24204492e-04 
 6.55085735e-07 -8.40033564e-05 
 7.07749791e-07  2.22349715e-04 
 7.50100000e-07 -8.59904917e-05 
 7.50110000e-07 -3.75651423e-03 
 7.50130000e-07 -4.09508779e-03 
 7.50170000e-07 -3.37858008e-03 
 7.50200000e-07 -3.38265803e-03 
 7.50200745e-07 -3.49377797e-04 
 7.50202235e-07  6.16654599e-04 
 7.50205215e-07 -1.75020977e-05 
 7.50211174e-07  4.36363228e-04 
 7.50223093e-07  1.08306441e-04 
 7.50246931e-07  4.74050680e-04 
 7.50294607e-07  1.77631904e-04 
 7.50389959e-07  4.90196653e-04 
 7.50580663e-07  1.96828787e-04 
 7.50958658e-07  5.94082127e-04 
 7.51482526e-07  3.06127527e-04 
 7.52141492e-07  5.50519601e-04 
 7.52794990e-07  4.40329245e-05 
 7.53543226e-07  2.87574341e-04 
 7.54583825e-07 -3.09694878e-05 
 7.55346035e-07  2.79675855e-04 
 7.56213809e-07 -5.47139591e-05 
 7.56973237e-07  2.55469545e-04 
 7.57824375e-07 -6.22427811e-05 
 7.58844704e-07  2.50724630e-04 
 7.59969188e-07 -8.06071149e-05 
 7.61127001e-07  2.35527438e-04 
 7.62845844e-07 -8.64704069e-05 
 7.64639279e-07  2.27178728e-04 
 7.67208676e-07 -9.08533516e-05 
 7.70344416e-07  2.26258954e-04 
 7.74964422e-07 -9.08410041e-05 
 7.84204434e-07  2.25927554e-04 
 7.98200357e-07 -9.11086802e-05 
 8.26192201e-07  2.25438412e-04 
 8.82175891e-07 -9.18164292e-05 
 9.94143269e-07  2.24478718e-04 
 1.00000000e-06 -9.23001887e-05 
 1.00001000e-06  3.78244417e-03 
 1.00003000e-06  3.64626288e-03 
 1.00007000e-06  4.41788644e-03 
 1.00010000e-06  5.30728661e-03 
 1.00010426e-06  1.32108327e-03 
 1.00011277e-06  8.66429563e-04 
 1.00012979e-06  1.13009041e-03 
 1.00016384e-06  7.05320448e-04 
 1.00023193e-06  9.32592782e-04 
 1.00036812e-06  5.11660085e-04 
 1.00055662e-06  7.70269061e-04 
 1.00093363e-06  4.28955165e-04 
 1.00144808e-06  6.49973977e-04 
 1.00199851e-06  1.25519406e-04 
 1.00258084e-06  3.98763685e-04 
 1.00323410e-06  5.58024815e-05 
 1.00391403e-06  3.15771629e-04 
 1.00470106e-06 -5.12775528e-05 
 1.00553677e-06  2.62690291e-04 
 1.00640727e-06 -5.03856254e-05 
 1.00723481e-06  2.66277969e-04 
 1.00815541e-06 -6.30000033e-05 
 1.00910640e-06  2.48907496e-04 
 1.01003495e-06 -7.83118588e-05 
 1.01134860e-06  2.36004470e-04 
 1.01299412e-06 -7.35631401e-05 
 1.01556273e-06  2.59033881e-04 
 1.01726919e-06 -6.55872309e-05 
 1.01915520e-06  2.57101419e-04 
 1.02098804e-06 -3.12503223e-05 
 1.02252610e-06  3.15702959e-04 
 1.02405530e-06 -4.73844616e-06 
 1.02548012e-06  3.03494314e-04 
 1.02698778e-06 -1.89948943e-05 
 1.02873449e-06  2.93639032e-04 
 1.03070419e-06 -2.64913752e-05 
 1.03321379e-06  2.88975285e-04 
 1.03680853e-06 -3.24492541e-05 
 1.04297979e-06  2.81393648e-04 
 1.05161026e-06 -4.18543302e-05 
 1.06531164e-06  2.70227057e-04 
 1.08381576e-06 -5.49873018e-05 
 1.10175639e-06  2.58074045e-04 
 1.12040572e-06  7.77654155e-06 
 1.13285843e-06  2.25067635e-04 
 1.14490279e-06 -4.58406124e-06 
 1.15806176e-06  2.30167619e-04 
 1.17182557e-06 -1.16067919e-05 
 1.18835917e-06  2.32349175e-04 
 1.21254835e-06 -1.61002297e-05 
 1.24002797e-06  2.32833014e-04 
 1.25010000e-06 -2.00572134e-05 
 1.25011000e-06 -3.70103951e-03 
 1.25013000e-06 -4.04351780e-03 
 1.25017000e-06 -3.32299705e-03 
 1.25020000e-06 -3.32233501e-03 
 1.25020075e-06 -2.95974395e-04 
 1.25020224e-06  6.65330054e-04 
 1.25020522e-06  3.42158629e-05 
 1.25021118e-06  4.86057255e-04 
 1.25022310e-06  1.58560028e-04 
 1.25024694e-06  5.22032489e-04 
 1.25029463e-06  2.24430038e-04 
 1.25039000e-06  5.33621884e-04 
 1.25058075e-06  2.38901754e-04 
 1.25091339e-06  6.20493293e-04 
 1.25146380e-06  3.49565562e-04 
 1.25208712e-06  5.99243580e-04 
 1.25276178e-06  9.44447432e-05 
 1.25349819e-06  3.27531916e-04 
 1.25453102e-06  1.04686521e-05 
 1.25531413e-06  3.17031389e-04 
 1.25620884e-06 -2.79821013e-05 
 1.25710011e-06  2.78840592e-04 
 1.25804187e-06 -3.61370721e-05 
 1.25940865e-06  2.73443947e-04 
 1.26117389e-06 -4.86735971e-05 
 1.26344480e-06  2.64571007e-04 
 1.26671636e-06 -4.99549643e-05 
 1.27114178e-06  2.64254511e-04 
 1.27999263e-06 -5.01328528e-05 
 1.29769432e-06  2.63675545e-04 
 1.32826321e-06 -5.10847956e-05 
 1.38940098e-06  2.61332148e-04 
 1.50000000e-06 -5.93580229e-05 
 1.50001000e-06  3.80958183e-03 
 1.50003000e-06  3.67084614e-03 
 1.50007000e-06  4.45393165e-03 
 1.50010000e-06  5.33678038e-03 
 1.50010426e-06  1.35581519e-03 
 1.50011278e-06  9.01347468e-04 
 1.50012981e-06  1.16417059e-03 
 1.50016388e-06  7.41723119e-04 
 1.50023201e-06  9.68068587e-04 
 1.50036828e-06  5.46942762e-04 
 1.50054894e-06  8.04279714e-04 
 1.50091028e-06  4.61465634e-04 
 1.50141950e-06  6.92299447e-04 
 1.50196954e-06  1.65639628e-04 
 1.50256198e-06  4.27535523e-04 
 1.50320727e-06  8.98634416e-05 
 1.50388625e-06  3.42732365e-04 
 1.50466649e-06 -1.67296080e-05 
 1.50550793e-06  2.83941775e-04 
 1.50642118e-06 -3.92386862e-05 
 1.50761399e-06  2.82018749e-04 
 1.50887533e-06 -3.20753472e-05 
 1.51013813e-06  2.78750064e-04 
 1.51151406e-06 -3.82358178e-05 
 1.51313584e-06  2.70915785e-04 
 1.51468304e-06 -6.04863871e-05 
 1.51630001e-06  2.56238062e-04 
 1.51796608e-06 -6.13822014e-05 
 1.51981452e-06  2.54226281e-04 
 1.52351141e-06 -6.18624081e-05 
 1.53090517e-06  2.53040141e-04 
 1.54355308e-06 -6.33365196e-05 
 1.56884891e-06  2.50191579e-04 
 1.61944055e-06 -6.83101425e-05 
 1.72062385e-06  2.42797716e-04 
 1.75010000e-06 -7.32477044e-05 
 1.75011000e-06 -3.74478940e-03 
 1.75013000e-06 -4.08242956e-03 
 1.75017000e-06 -3.35793896e-03 
 1.75020000e-06 -3.35269937e-03 
 1.75020074e-06 -3.32418028e-04 
 1.75020223e-06  6.25022612e-04 
 1.75020521e-06 -3.69622301e-06 
 1.75021117e-06  4.47283904e-04 
 1.75022309e-06  1.21319772e-04 
 1.75024692e-06  4.85314332e-04 
 1.75029459e-06  1.90621262e-04 
 1.75038992e-06  5.02701589e-04 
 1.75058059e-06  2.12043211e-04 
 1.75091427e-06  5.96107395e-04 
 1.75146055e-06  3.26577773e-04 
 1.75208689e-06  5.76101818e-04 
 1.75275877e-06  7.21670701e-05 
 1.75349643e-06  3.03306521e-04 
 1.75452467e-06 -1.42906502e-05 
 1.75529507e-06  2.94267480e-04 
 1.75617828e-06 -4.49622048e-05 
 1.75693880e-06  2.58053023e-04 
 1.75778731e-06 -5.92427794e-05 
 1.75879881e-06  2.53388769e-04 
 1.75993380e-06 -6.71805820e-05 
 1.76220379e-06  2.41144964e-04 
 1.76468009e-06 -7.25204310e-05 
 1.76875992e-06  2.40749993e-04 
 1.77410905e-06 -7.25988909e-05 
 1.78480730e-06  2.40340399e-04 
 1.80620381e-06 -7.31136217e-05 
 1.84899683e-06  2.39419257e-04 
 1.93458286e-06 -7.43282697e-05 
 2.00000000e-06  2.38460196e-04 
 2.00001000e-06  3.80344731e-03 
 2.00003000e-06  3.63823023e-03 
 2.00007000e-06  4.45032992e-03 
 2.00010000e-06  5.30650122e-03 
 2.00010421e-06  1.34057657e-03 
 2.00011263e-06  8.84163223e-04 
 2.00012948e-06  1.14964749e-03 
 2.00016317e-06  7.25969602e-04 
 2.00023056e-06  9.54164252e-04 
 2.00036533e-06  5.32218089e-04 
 2.00054485e-06  7.90015453e-04 
 2.00090388e-06  4.45406129e-04 
 2.00141311e-06  6.79595361e-04 
 2.00196291e-06  1.50976923e-04 
 2.00255656e-06  4.12490385e-04 
 2.00320512e-06  7.53597244e-05 
 2.00388613e-06  3.31056356e-04 
 2.00465706e-06 -3.27776414e-05 
 2.00549080e-06  2.70391457e-04 
 2.00639385e-06 -4.81752944e-05 
 2.00728204e-06  2.72125416e-04 
 2.00810334e-06 -4.94433520e-05 
 2.00899192e-06  2.60108105e-04 
 2.00992120e-06 -6.36023156e-05 
 2.01113388e-06  2.47080578e-04 
 2.01281056e-06 -6.80549999e-05 
 2.01529543e-06  2.63781991e-04 
 2.01802559e-06 -4.62305595e-05 
 2.02020174e-06  2.88675174e-04 
 2.02211659e-06  4.61030238e-07 
 2.02401882e-06  3.13867462e-04 
 2.02584276e-06 -1.68238184e-05 
 2.02777912e-06  2.91651804e-04 
 2.02995688e-06 -3.23427556e-05 
 2.03218788e-06  2.81141757e-04 
 2.03496582e-06 -3.90136670e-05 
 2.03908958e-06  2.72456478e-04 
 2.04503400e-06 -4.77193622e-05 
 2.05477919e-06  2.63007091e-04 
 2.07060339e-06 -5.61061369e-05 
 2.09692084e-06  2.58123596e-04 
 2.13470108e-06 -5.87517314e-05 
 2.19118834e-06  2.51619792e-04 
 2.25010000e-06 -6.96835092e-05 
 2.25011000e-06 -3.74699381e-03 
 2.25013000e-06 -4.08569229e-03 
 2.25017000e-06 -3.35729527e-03 
 2.25020000e-06 -3.34547379e-03 
 2.25020074e-06 -3.26804660e-04 
 2.25020223e-06  6.29278591e-04 
 2.25020521e-06  1.06728016e-06 
 2.25021117e-06  4.51834689e-04 
 2.25022309e-06  1.26299172e-04 
 2.25024693e-06  4.90281264e-04 
 2.25029461e-06  1.96021155e-04 
 2.25038997e-06  5.08010790e-04 
 2.25058068e-06  2.17430666e-04 
 2.25091288e-06  6.00494084e-04 
 2.25145852e-06  3.30821353e-04 
 2.25208404e-06  5.79816768e-04 
 2.25275589e-06  7.64953959e-05 
 2.25349408e-06  3.07236073e-04 
 2.25452010e-06 -8.89198386e-06 
 2.25530430e-06  2.97421578e-04 
 2.25620313e-06 -4.69701606e-05 
 2.25709871e-06  2.58883986e-04 
 2.25804410e-06 -5.53393088e-05 
 2.25941660e-06  2.53282873e-04 
 2.26115659e-06 -6.79859909e-05 
 2.26343942e-06  2.44260657e-04 
 2.26669484e-06 -6.95484507e-05 
 2.27113917e-06  2.43643565e-04 
 2.28002782e-06 -7.02025348e-05 
 2.29737377e-06  2.42310490e-04 
 2.32723154e-06 -7.19930277e-05 
 2.38694706e-06  2.40071899e-04 
 2.47892772e-06 -7.39077780e-05 
 2.50000000e-06  2.39265393e-04 
 2.50001000e-06  3.80290448e-03 
 2.50003000e-06  3.63729953e-03 
 2.50007000e-06  4.45325915e-03 
 2.50010000e-06  5.30627905e-03 
 2.50010421e-06  1.34113943e-03 
 2.50011263e-06  8.85396837e-04 
 2.50012948e-06  1.15018628e-03 
 2.50016317e-06  7.26932536e-04 
 2.50023056e-06  9.54553555e-04 
 2.50036532e-06  5.33109122e-04 
 2.50054490e-06  7.90295878e-04 
 2.50090405e-06  4.46224317e-04 
 2.50141284e-06  6.80250162e-04 
 2.50196225e-06  1.52432850e-04 
 2.50255681e-06  4.12655456e-04 
 2.50320223e-06  7.52761660e-05 
 2.50388116e-06  3.28463566e-04 
 2.50466004e-06 -3.13691551e-05 
 2.50550125e-06  2.69719613e-04 
 2.50641361e-06 -5.39069891e-05 
 2.50761022e-06  2.67611925e-04 
 2.50886725e-06 -4.68654620e-05 
 2.51012940e-06  2.63935208e-04 
 2.51150286e-06 -5.19129716e-05 
 2.51312190e-06  2.57348187e-04 
 2.51466667e-06 -7.46233149e-05 
 2.51623352e-06  2.42467339e-04 
 2.51783329e-06 -7.50085513e-05 
 2.51965316e-06  2.40626593e-04 
 2.52329292e-06 -7.50370765e-05 
 2.53009059e-06  2.40264984e-04 
 2.54321926e-06 -7.50124012e-05 
 2.56947658e-06  2.40135973e-04 
 2.62199122e-06 -7.51070425e-05 
 2.72702051e-06  2.40005766e-04 
 2.75010000e-06 -7.51511303e-05 
 2.75011000e-06 -3.74673447e-03 
 2.75013000e-06 -4.08426702e-03 
 2.75017000e-06 -3.35771805e-03 
 2.75020000e-06 -3.34561156e-03 
 2.75020074e-06 -3.30944027e-04 
 2.75020223e-06  6.22578980e-04 
 2.75020521e-06 -4.24074031e-06 
 2.75021117e-06  4.45649716e-04 
 2.75022309e-06  1.20439744e-04 
 2.75024692e-06  4.83585495e-04 
 2.75029459e-06  1.89332135e-04 
 2.75038992e-06  5.00532052e-04 
 2.75058059e-06  2.10230243e-04 
 2.75091416e-06  5.93889054e-04 
 2.75145772e-06  3.25052031e-04 
 2.75208466e-06  5.74103260e-04 
 2.75275511e-06  7.13664944e-05 
 2.75349347e-06  3.01089345e-04 
 2.75451791e-06 -1.58798052e-05 
 2.75528611e-06  2.92067221e-04 
 2.75616957e-06 -4.64224538e-05 
 2.75692947e-06  2.55895835e-04 
 2.75777651e-06 -6.06011757e-05 
 2.75879394e-06  2.51224814e-04 
 2.75993116e-06 -6.85157507e-05 
 2.76220559e-06  2.38983890e-04 
 2.76467477e-06 -7.37863499e-05 
 2.76875736e-06  2.38719102e-04 
 2.77408946e-06 -7.36859149e-05 
 2.78475367e-06  2.38597385e-04 
 2.80608207e-06 -7.36770044e-05 
 2.84820918e-06  2.38539937e-04 
 2.93246341e-06 -7.36999366e-05 
 3.00000000e-06  2.38509103e-04 
 3.00001000e-06  3.80030947e-03 
 3.00003000e-06  3.63319644e-03 
 3.00007000e-06  4.45371649e-03 
 3.00010000e-06  5.30274838e-03 
 3.00010421e-06  1.34025055e-03 
 3.00011263e-06  8.84150383e-04 
 3.00012948e-06  1.14935886e-03 
 3.00016317e-06  7.26211447e-04 
 3.00023056e-06  9.54223353e-04 
 3.00036533e-06  5.32814268e-04 
 3.00054486e-06  7.90260113e-04 
 3.00090392e-06  4.46076275e-04 
 3.00141271e-06  6.80050334e-04 
 3.00196212e-06  1.51897392e-04 
 3.00255545e-06  4.12869645e-04 
 3.00320426e-06  7.56810667e-05 
 3.00388516e-06  3.30470823e-04 
 3.00465589e-06 -3.41712138e-05 
 3.00548974e-06  2.69793724e-04 
 3.00634185e-06 -4.71728768e-05 
 3.00724222e-06  2.72312886e-04 
 3.00805806e-06 -4.88254728e-05 
 3.00894374e-06  2.60345600e-04 
 3.00986762e-06 -6.29745150e-05 
 3.01107141e-06  2.47491762e-04 
 3.01273963e-06 -6.71218691e-05 
 3.01520650e-06  2.64261660e-04 
 3.01789660e-06 -4.56726874e-05 
 3.02006762e-06  3.02698786e-04 
 3.02184122e-06 -3.30668999e-06 
 3.02352269e-06  3.03850579e-04 
 3.02536718e-06 -2.30862177e-05 
 3.02713991e-06  2.82703107e-04 
 3.02914401e-06 -4.18135215e-05 
 3.03131932e-06  2.69241137e-04 
 3.03440272e-06 -5.02166175e-05 
 3.03807734e-06  2.60913282e-04 
 3.04531944e-06 -5.79246135e-05 
 3.05636176e-06  2.55169005e-04 
 3.07490281e-06 -6.00236256e-05 
 3.10254799e-06  2.52316661e-04 
 3.12366457e-06 -7.74932457e-05 
 3.14508326e-06  2.47607989e-04 
 3.15986138e-06 -9.86172045e-05 
 3.17367931e-06  2.36917107e-04 
 3.18314486e-06 -1.00228348e-04 
 3.19464120e-06  2.34708982e-04 
 3.21288518e-06 -9.72221206e-05 
 3.23142492e-06  2.57153794e-04 
 3.25010000e-06 -7.08615120e-05 
 3.25011000e-06 -3.74770022e-03 
 3.25013000e-06 -4.08497743e-03 
 3.25017000e-06 -3.35481919e-03 
 3.25020000e-06 -3.33727040e-03 
 3.25020074e-06 -3.22466663e-04 
 3.25020223e-06  6.30928413e-04 
 3.25020521e-06  4.06195888e-06 
 3.25021117e-06  4.54055496e-04 
 3.25022309e-06  1.29065249e-04 
 3.25024693e-06  4.92530948e-04 
 3.25029461e-06  1.98841854e-04 
 3.25038997e-06  5.11014852e-04 
 3.25058069e-06  2.22572894e-04 
 3.25091299e-06  6.08017348e-04 
 3.25145690e-06  3.41514563e-04 
 3.25208289e-06  5.92683511e-04 
 3.25275368e-06  9.30793057e-05 
 3.25349236e-06  3.24948296e-04 
 3.25451596e-06  1.36575905e-05 
 3.25528565e-06  3.28536025e-04 
 3.25617187e-06 -1.79673359e-05 
 3.25706094e-06  2.70750751e-04 
 3.25799709e-06 -4.08693180e-05 
 3.25935802e-06  2.64165657e-04 
 3.26108909e-06 -6.01647643e-05 
 3.26335424e-06  2.42904455e-04 
 3.26655895e-06 -7.28452603e-05 
 3.27049689e-06  2.40018699e-04 
 3.27458308e-06 -7.29853136e-05 
 3.28275544e-06  2.39397664e-04 
 3.29910018e-06 -7.32768383e-05 
 3.32648170e-06  2.39054029e-04 
 3.38124473e-06 -7.33876557e-05 
 3.45162740e-06  2.39006501e-04 
 3.50000000e-06 -7.35625098e-05 
 3.50001000e-06  3.78757703e-03 
 3.50003000e-06  3.64432543e-03 
 3.50007000e-06  4.44525896e-03 
 3.50010000e-06  5.31310861e-03 
 3.50010426e-06  1.33895885e-03 
 3.50011277e-06  8.85647943e-04 
 3.50012981e-06  1.14735159e-03 
 3.50016387e-06  7.26475988e-04 
 3.50023200e-06  9.51975570e-04 
 3.50036825e-06  5.32482583e-04 
 3.50054892e-06  7.88671764e-04 
 3.50091027e-06  4.47201528e-04 
 3.50141916e-06  6.77019954e-04 
 3.50196888e-06  1.51589304e-04 
 3.50256084e-06  4.12254523e-04 
 3.50320650e-06  7.51891415e-05 
 3.50388515e-06  3.26433482e-04 
 3.50466542e-06 -3.28203686e-05 
 3.50550543e-06  2.67930602e-04 
 3.50637204e-06 -5.28139932e-05 
 3.50758274e-06  2.66891802e-04 
 3.50881354e-06 -4.57216133e-05 
 3.51009018e-06  2.65277104e-04 
 3.51149614e-06 -5.13102039e-05 
 3.51304991e-06  2.54996100e-04 
 3.51463908e-06 -7.52234275e-05 
 3.51608416e-06  2.42282757e-04 
 3.51762423e-06 -7.46827107e-05 
 3.51940258e-06  2.40399701e-04 
 3.52266297e-06 -7.45899464e-05 
 3.52765289e-06  2.40032717e-04 
 3.53763274e-06 -7.45068254e-05 
 3.55759242e-06  2.39945978e-04 
 3.59751180e-06 -7.45219603e-05 
 3.67735056e-06  2.39891082e-04 
 3.75010000e-06 -7.45425754e-05 
 3.75011000e-06 -3.74671999e-03 
 3.75013000e-06 -4.08415630e-03 
 3.75017000e-06 -3.35645171e-03 
 3.75020000e-06 -3.34036437e-03 
 3.75020074e-06 -3.28711307e-04 
 3.75020223e-06  6.22754465e-04 
 3.75020521e-06 -3.01021501e-06 
 3.75021117e-06  4.46240235e-04 
 3.75022309e-06  1.21483939e-04 
 3.75024692e-06  4.84087281e-04 
 3.75029459e-06  1.90097909e-04 
 3.75038993e-06  5.00690365e-04 
 3.75058060e-06  2.10605833e-04 
 3.75091412e-06  5.93966124e-04 
 3.75145673e-06  3.25516031e-04 
 3.75208385e-06  5.74196785e-04 
 3.75275362e-06  7.21777873e-05 
 3.75349250e-06  3.01122812e-04 
 3.75451537e-06 -1.53351524e-05 
 3.75527909e-06  2.92095672e-04 
 3.75615907e-06 -4.57272587e-05 
 3.75691684e-06  2.55992565e-04 
 3.75776191e-06 -6.00533592e-05 
 3.75877615e-06  2.51298210e-04 
 3.75990897e-06 -6.78686015e-05 
 3.76217462e-06  2.38967511e-04 
 3.76462927e-06 -7.32491811e-05 
 3.76869269e-06  2.38684446e-04 
 3.77396190e-06 -7.31448234e-05 
 3.78450032e-06  2.38562557e-04 
 3.80557716e-06 -7.31322445e-05 
 3.84683115e-06  2.38509322e-04 
 3.92933915e-06 -7.31488699e-05 
 4.00000000e-06  2.38482632e-04 
 4.00001000e-06  3.79830922e-03 
 4.00003000e-06  3.63064865e-03 
 4.00007000e-06  4.45544535e-03 
 4.00010000e-06  5.30074136e-03 
 4.00010421e-06  1.34003900e-03 
 4.00011263e-06  8.84120134e-04 
 4.00012948e-06  1.14920245e-03 
 4.00016317e-06  7.26352266e-04 
 4.00023056e-06  9.54305665e-04 
 4.00036533e-06  5.33165242e-04 
 4.00054486e-06  7.90433274e-04 
 4.00090391e-06  4.46451443e-04 
 4.00141279e-06  6.80205586e-04 
 4.00196228e-06  1.52146142e-04 
 4.00255538e-06  4.12973230e-04 
 4.00320446e-06  7.61068917e-05 
 4.00388544e-06  3.31240495e-04 
 4.00465601e-06 -3.18361532e-05 
 4.00549001e-06  2.71128866e-04 
 4.00639234e-06 -4.64200455e-05 
 4.00728468e-06  2.73292835e-04 
 4.00806777e-06 -4.89890482e-05 
 4.00901644e-06  2.59901360e-04 
 4.00992729e-06 -6.44364973e-05 
 4.01114375e-06  2.46492816e-04 
 4.01287286e-06 -6.57870119e-05 
 4.01552058e-06  2.66714572e-04 
 4.01794883e-06 -4.50082139e-05 
 4.02010794e-06  3.07213185e-04 
 4.02179036e-06 -9.84997841e-06 
 4.02336444e-06  2.93979899e-04 
 4.02502657e-06 -3.11291661e-05 
 4.02675209e-06  2.72651209e-04 
 4.02859623e-06 -5.03437703e-05 
 4.03063496e-06  2.59472045e-04 
 4.03370653e-06 -5.72964723e-05 
 4.03695007e-06  2.53946867e-04 
 4.04204507e-06 -6.74425637e-05 
 4.04719972e-06  2.43711967e-04 
 4.05134572e-06 -6.97670590e-05 
 4.05653372e-06  2.43368005e-04 
 4.06240992e-06 -4.12844165e-05 
 4.06675125e-06  2.20933681e-04 
 4.07136880e-06 -6.10348392e-05 
 4.07593453e-06  2.23428568e-04 
 4.08101129e-06 -7.03872071e-05 
 4.08771032e-06  2.15599371e-04 
 4.09446962e-06 -7.84313985e-05 
 4.10213875e-06  2.15729792e-04 
 4.10988514e-06 -8.10010186e-05 
 4.12537792e-06  2.15648383e-04 
 4.14603092e-06 -8.22769075e-05 
 4.17882957e-06  2.15354915e-04 
 4.22720579e-06 -8.30933063e-05 
 4.25010000e-06  2.15197869e-04 
 4.25011000e-06 -3.76810332e-03 
 4.25013000e-06 -4.12228024e-03 
 4.25017000e-06 -3.37481630e-03 
 4.25020000e-06 -3.37185807e-03 
 4.25020076e-06 -3.40558328e-04 
 4.25020228e-06  6.04315497e-04 
 4.25020531e-06 -2.87223337e-05 
 4.25021138e-06  4.31054065e-04 
 4.25022351e-06  9.83102797e-05 
 4.25024778e-06  4.71267160e-04 
 4.25029631e-06  1.69906848e-04 
 4.25039339e-06  4.90288234e-04 
 4.25058753e-06  1.92109802e-04 
 4.25092564e-06  5.86803339e-04 
 4.25146529e-06  3.03616784e-04 
 4.25210197e-06  5.58654049e-04 
 4.25276172e-06  4.75263877e-05 
 4.25350495e-06  2.86759228e-04 
 4.25452949e-06 -4.04619624e-05 
 4.25526605e-06  2.73494728e-04 
 4.25611097e-06 -7.68633686e-05 
 4.25700246e-06  2.40215292e-04 
 4.25793186e-06 -8.19078726e-05 
 4.25921908e-06  2.37192419e-04 
 4.26108229e-06 -9.37263617e-05 
 4.26327439e-06  2.27244200e-04 
 4.26647350e-06 -9.51492194e-05 
 4.27074836e-06  2.27024835e-04 
 4.27929809e-06 -9.51182494e-05 
 4.29639754e-06  2.26875994e-04 
 4.32582156e-06 -9.52126361e-05 
 4.38466960e-06  2.26721934e-04 
 4.49595892e-06 -9.53380931e-05 
 4.50000000e-06  2.26586158e-04 
 4.50001000e-06  3.78254903e-03 
 4.50003000e-06  3.61588502e-03 
 4.50007000e-06  4.44183226e-03 
 4.50010000e-06  5.28688386e-03 
 4.50010421e-06  1.32381909e-03 
 4.50011264e-06  8.70118655e-04 
 4.50012950e-06  1.13240116e-03 
 4.50016321e-06  7.09443496e-04 
 4.50023064e-06  9.35161633e-04 
 4.50036549e-06  5.15434686e-04 
 4.50054482e-06  7.71888108e-04 
 4.50090346e-06  4.29325744e-04 
 4.50141243e-06  6.63116576e-04 
 4.50196189e-06  1.38160986e-04 
 4.50251400e-06  3.94630374e-04 
 4.50321961e-06  4.55072426e-05 
 4.50386400e-06  3.04366038e-04 
 4.50463495e-06 -4.89277779e-05 
 4.50546095e-06  2.50467296e-04 
 4.50631559e-06 -7.07835407e-05 
 4.50755990e-06  2.51896280e-04 
 4.50874688e-06 -6.04131185e-05 
 4.51002383e-06  2.48402744e-04 
 4.51144692e-06 -6.83457970e-05 
 4.51294476e-06  2.36871457e-04 
 4.51437153e-06 -9.21038988e-05 
 4.51585198e-06  2.25147636e-04 
 4.51745606e-06 -9.20510014e-05 
 4.51928617e-06  2.23517570e-04 
 4.52262743e-06 -9.18988126e-05 
 4.52755079e-06  2.23219221e-04 
 4.53729178e-06 -9.18070450e-05 
 4.55577555e-06  2.23144592e-04 
 4.59110994e-06 -9.18055663e-05 
 4.66177872e-06  2.23104209e-04 
 4.75010000e-06 -9.18190709e-05 
 4.75011000e-06 -3.76473517e-03 
 4.75013000e-06 -4.10238092e-03 
 4.75017000e-06 -3.37549517e-03 
 4.75020000e-06 -3.35671839e-03 
 4.75020074e-06 -3.46428570e-04 
 4.75020223e-06  6.04293702e-04 
 4.75020521e-06 -2.16114077e-05 
 4.75021117e-06  4.27678129e-04 
 4.75022308e-06  1.03937403e-04 
 4.75024690e-06  4.66965243e-04 
 4.75029455e-06  1.74342214e-04 
 4.75038985e-06  4.84756096e-04 
 4.75058044e-06  1.94579530e-04 
 4.75091179e-06  5.76201863e-04 
 4.75145581e-06  3.08874742e-04 
 4.75207888e-06  5.57373352e-04 
 4.75275094e-06  5.60813657e-05 
 4.75348804e-06  2.84245317e-04 
 4.75450618e-06 -3.14064867e-05 
 4.75527064e-06  2.76752167e-04 
 4.75615558e-06 -5.41603662e-05 
 4.75691287e-06  2.50625965e-04 
 4.75776193e-06 -6.18909883e-05 
 4.75877324e-06  2.46625704e-04 
 4.75990267e-06 -7.93224690e-05 
 4.76100944e-06  2.30795926e-04 
 4.76276908e-06 -8.52043455e-05 
 4.76444908e-06  2.22334877e-04 
 4.76706553e-06 -8.98268979e-05 
 4.77003017e-06  2.21093500e-04 
 4.77462185e-06 -8.96179488e-05 
 4.78304663e-06  2.20953627e-04 
 4.79456187e-06 -8.95626481e-05 
 4.81589430e-06  2.20886759e-04 
 4.85855916e-06 -8.95614486e-05 
 4.93704449e-06  2.20851469e-04 
 5.00000000e-06 -8.95662742e-05 
 5.00001000e-06  3.76785617e-03 
 5.00003000e-06  3.62401752e-03 
 5.00007000e-06  4.43199209e-03 
 5.00010000e-06  5.29519770e-03 
 5.00010426e-06  1.32298190e-03 
 5.00011278e-06  8.69803726e-04 
 5.00012982e-06  1.13032323e-03 
 5.00016390e-06  7.08791894e-04 
 5.00023207e-06  9.33348102e-04 
 5.00036840e-06  5.14452562e-04 
 5.00054864e-06  7.71418120e-04 
 5.00090912e-06  4.30093277e-04 
 5.00141746e-06  6.60390295e-04 
 5.00196685e-06  1.34719159e-04 
 5.00255552e-06  3.94783594e-04 
 5.00321251e-06  5.79407744e-05 
 5.00389856e-06  3.13648130e-04 
 5.00466992e-06 -4.61943657e-05 
 5.00550873e-06  2.60038543e-04 
 5.00629194e-06 -4.84929371e-05 
 5.00710127e-06  2.66209371e-04 
 5.00786730e-06 -5.95771154e-05 
 5.00876797e-06  2.47946989e-04 
 5.00964800e-06 -7.42581528e-05 
 5.01082784e-06  2.37830740e-04 
 5.01249199e-06 -6.84087148e-05 
 5.01388686e-06  2.41653245e-04 
 5.01535480e-06 -5.85467417e-05 
 5.01682871e-06  2.59477371e-04 
 5.01844632e-06 -5.12480035e-05 
 5.01993889e-06  2.98704565e-04 
 5.02109133e-06 -1.38633546e-05 
 5.02216671e-06  2.88598718e-04 
 5.02346291e-06 -2.89492406e-05 
 5.02481099e-06  2.69560451e-04 
 5.02612734e-06 -4.53521668e-05 
 5.02769788e-06  2.54840276e-04 
 5.02933357e-06 -5.73007050e-05 
 5.03207861e-06  2.50738538e-04 
 5.03467684e-06 -5.91885892e-05 
 5.03987329e-06  2.53295992e-04 
 5.04581749e-06 -3.12465516e-05 
 5.05121264e-06  2.74938149e-04 
 5.05785167e-06 -1.71383333e-05 
 5.06248751e-06  2.49142495e-04 
 5.06690411e-06 -6.27379975e-05 
 5.07135833e-06  2.37329846e-04 
 5.07577159e-06 -6.55916604e-05 
 5.08056079e-06  2.35217567e-04 
 5.08783231e-06 -6.79254055e-05 
 5.09637276e-06  2.34224162e-04 
 5.10971145e-06 -6.90272867e-05 
 5.12774248e-06  2.33842998e-04 
 5.15331057e-06 -7.14186736e-05 
 5.19223097e-06  2.46430585e-04 
 5.21790799e-06 -9.47420494e-05 
 5.24277808e-06  2.33666810e-04 
 5.25010000e-06 -1.00767959e-04 
 5.25011000e-06 -3.78199176e-03 
 5.25013000e-06 -4.11877778e-03 
 5.25017000e-06 -3.38613750e-03 
 5.25020000e-06 -3.36347415e-03 
 5.25020075e-06 -3.51320194e-04 
 5.25020224e-06  5.99795024e-04 
 5.25020522e-06 -2.66057226e-05 
 5.25021118e-06  4.23505211e-04 
 5.25022310e-06  9.98350599e-05 
 5.25024695e-06  4.64370038e-04 
 5.25029464e-06  1.72724675e-04 
 5.25039002e-06  4.85217558e-04 
 5.25058078e-06  1.95840925e-04 
 5.25091555e-06  5.79377679e-04 
 5.25145702e-06  3.09357501e-04 
 5.25207928e-06  5.57994246e-04 
 5.25275052e-06  5.59666041e-05 
 5.25348745e-06  2.82244470e-04 
 5.25451051e-06 -3.60947021e-05 
 5.25525663e-06  2.69554192e-04 
 5.25612433e-06 -7.18479099e-05 
 5.25700714e-06  2.35620683e-04 
 5.25793323e-06 -7.68751591e-05 
 5.25927010e-06  2.32143004e-04 
 5.26103015e-06 -8.87867033e-05 
 5.26326331e-06  2.22463767e-04 
 5.26641895e-06 -9.03246975e-05 
 5.27074266e-06  2.22215938e-04 
 5.27939008e-06 -9.03303436e-05 
 5.29616676e-06  2.22016028e-04 
 5.32508636e-06 -9.04753809e-05 
 5.38292557e-06  2.21823597e-04 
 5.45352054e-06 -9.05774436e-05 
 5.50000000e-06  2.21782481e-04 
 5.50001000e-06  3.78129188e-03 
 5.50003000e-06  3.61495758e-03 
 5.50007000e-06  4.44216499e-03 
 5.50010000e-06  5.28626820e-03 
 5.50010421e-06  1.32420513e-03 
 5.50011264e-06  8.69880117e-04 
 5.50012948e-06  1.13267847e-03 
 5.50016318e-06  7.09694149e-04 
 5.50023056e-06  9.35731384e-04 
 5.50036534e-06  5.15821048e-04 
 5.50054493e-06  7.72499073e-04 
 5.50090411e-06  4.29453420e-04 
 5.50141394e-06  6.63130838e-04 
 5.50196402e-06  1.37375205e-04 
 5.50251657e-06  3.94678609e-04 
 5.50322289e-06  4.55569274e-05 
 5.50386707e-06  3.05195872e-04 
 5.50463975e-06 -4.74695921e-05 
 5.50546707e-06  2.51581296e-04 
 5.50637491e-06 -7.15907456e-05 
 5.50760548e-06  2.52619947e-04 
 5.50884058e-06 -6.14306710e-05 
 5.51008629e-06  2.49014295e-04 
 5.51142634e-06 -6.85956437e-05 
 5.51308838e-06  2.34386063e-04 
 5.51458866e-06 -9.28430488e-05 
 5.51617294e-06  2.25091917e-04 
 5.51801537e-06 -9.25853900e-05 
 5.52006569e-06  2.23782585e-04 
 5.52364784e-06 -9.23250590e-05 
 5.52883197e-06  2.23539806e-04 
 5.53828825e-06 -9.22274208e-05 
 5.55545783e-06  2.23466850e-04 
 5.58628768e-06 -9.22143592e-05 
 5.64571645e-06  2.23434820e-04 
 5.75010000e-06 -9.22193174e-05 
 5.75011000e-06 -3.76434997e-03 
 5.75013000e-06 -4.10183440e-03 
 5.75017000e-06 -3.37484988e-03 
 5.75020000e-06 -3.35493430e-03 
 5.75020074e-06 -3.45520394e-04 
 5.75020223e-06  6.04091691e-04 
 5.75020521e-06 -2.14646990e-05 
 5.75021117e-06  4.27805661e-04 
 5.75022309e-06  1.03975493e-04 
 5.75024692e-06  4.66870390e-04 
 5.75029459e-06  1.74197724e-04 
 5.75038993e-06  4.84259821e-04 
 5.75058060e-06  1.93978346e-04 
 5.75091404e-06  5.76506596e-04 
 5.75145631e-06  3.08614334e-04 
 5.75207986e-06  5.57520882e-04 
 5.75275083e-06  5.61277559e-05 
 5.75348788e-06  2.84115285e-04 
 5.75451055e-06 -3.16080642e-05 
 5.75528094e-06  2.76128904e-04 
 5.75616917e-06 -5.44051227e-05 
 5.75692976e-06  2.50557728e-04 
 5.75778140e-06 -6.18525040e-05 
 5.75879528e-06  2.46167977e-04 
 5.75992755e-06 -7.96111436e-05 
 5.76105841e-06  2.30681008e-04 
 5.76278833e-06 -8.53488080e-05 
 5.76453858e-06  2.22234545e-04 
 5.76711833e-06 -8.99102658e-05 
 5.77016002e-06  2.21132171e-04 
 5.77476080e-06 -8.97290464e-05 
 5.78395512e-06  2.21004183e-04 
 5.79642852e-06 -8.96840420e-05 
 5.82137532e-06  2.20943529e-04 
 5.87126891e-06 -8.96875851e-05 
 5.97105610e-06  2.20911862e-04 
 6.00000000e-06 -8.96843246e-05 
 6.00001000e-06  3.76686955e-03 
 6.00003000e-06  3.62292318e-03 
 6.00007000e-06  4.43180684e-03 
 6.00010000e-06  5.29378974e-03 
 6.00010426e-06  1.32237977e-03 
 6.00011277e-06  8.69065539e-04 
 6.00012980e-06  1.13016147e-03 
 6.00016387e-06  7.08336612e-04 
 6.00023199e-06  9.33440744e-04 
 6.00036824e-06  5.14597813e-04 
 6.00054880e-06  7.71781479e-04 
 6.00090992e-06  4.30278883e-04 
 6.00141916e-06  6.60161025e-04 
 6.00196918e-06  1.34094757e-04 
 6.00255812e-06  3.95219266e-04 
 6.00320812e-06  5.81289903e-05 
 6.00388892e-06  3.13645277e-04 
 6.00465620e-06 -4.76844733e-05 
 6.00549329e-06  2.59930250e-04 
 6.00634306e-06 -4.68017044e-05 
 6.00712570e-06  2.65859302e-04 
 6.00783544e-06 -6.14894434e-05 
 6.00867353e-06  2.47438104e-04 
 6.00958850e-06 -7.41037408e-05 
 6.01069717e-06  2.37644380e-04 
 6.01224267e-06 -7.00622237e-05 
 6.01385963e-06  2.43184035e-04 
 6.01552130e-06 -6.10477452e-05 
 6.01713729e-06  2.57624368e-04 
 6.01869467e-06 -5.52122872e-05 
 6.02033440e-06  2.91777732e-04 
 6.02154863e-06 -2.37791526e-05 
 6.02269942e-06  2.77869530e-04 
 6.02405983e-06 -3.89220253e-05 
 6.02546329e-06  2.67278117e-04 
 6.02674248e-06 -3.87616810e-05 
 6.02845217e-06  2.82771672e-04 
 6.03027700e-06 -2.00684208e-05 
 6.03278438e-06  2.90897795e-04 
 6.03621300e-06 -2.63971925e-05 
 6.03937137e-06  3.11067906e-04 
 6.04197819e-06 -4.07349185e-05 
 6.04461121e-06  2.46259519e-04 
 6.04742854e-06 -6.73732305e-05 
 6.05037347e-06  2.41232910e-04 
 6.05319369e-06 -7.00952619e-05 
 6.05883413e-06  2.38481708e-04 
 6.06700381e-06 -7.17522654e-05 
 6.07968948e-06  2.37381689e-04 
 6.10231604e-06 -7.20908620e-05 
 6.13630711e-06  2.37227338e-04 
 6.19622373e-06 -7.19636765e-05 
 6.25010000e-06  2.37289753e-04 
 6.25011000e-06 -3.74491396e-03 
 6.25013000e-06 -4.09927362e-03 
 6.25017000e-06 -3.35063337e-03 
 6.25020000e-06 -3.34584432e-03 
 6.25020076e-06 -3.16958460e-04 
 6.25020227e-06  6.26444946e-04 
 6.25020531e-06 -5.28315837e-06 
 6.25021137e-06  4.53449501e-04 
 6.25022351e-06  1.20048439e-04 
 6.25024777e-06  4.91441047e-04 
 6.25029630e-06  1.88131930e-04 
 6.25039337e-06  5.07383221e-04 
 6.25058749e-06  2.08745205e-04 
 6.25092550e-06  6.03674261e-04 
 6.25146524e-06  3.20213004e-04 
 6.25210053e-06  5.76060520e-04 
 6.25276054e-06  6.48866282e-05 
 6.25350327e-06  3.06581967e-04 
 6.25452764e-06 -1.81438268e-05 
 6.25531102e-06  2.96252399e-04 
 6.25620148e-06 -5.66349114e-05 
 6.25709100e-06  2.58524463e-04 
 6.25803113e-06 -6.48104794e-05 
 6.25939835e-06  2.53026363e-04 
 6.26115962e-06 -7.72820983e-05 
 6.26342455e-06  2.44161455e-04 
 6.26669011e-06 -7.84857921e-05 
 6.27111037e-06  2.43981381e-04 
 6.27995089e-06 -7.84241970e-05 
 6.29707320e-06  2.43890413e-04 
 6.32645455e-06 -7.84241307e-05 
 6.38521724e-06  2.43853924e-04 
 6.49253905e-06 -7.84319368e-05 
 6.50000000e-06  2.43802950e-04 
 6.50001000e-06  3.79698885e-03 
 6.50003000e-06  3.62995409e-03 
 6.50007000e-06  4.45710761e-03 
 6.50010000e-06  5.30028057e-03 
 6.50010421e-06  1.33974932e-03 
 6.50011263e-06  8.84945977e-04 
 6.50012948e-06  1.14890184e-03 
 6.50016317e-06  7.26992320e-04 
 6.50023056e-06  9.53932554e-04 
 6.50036533e-06  5.33653039e-04 
 6.50054492e-06  7.89784610e-04 
 6.50090409e-06  4.46771600e-04 
 6.50141299e-06  6.79751013e-04 
 6.50196249e-06  1.52915922e-04 
 6.50255757e-06  4.12261479e-04 
 6.50320312e-06  7.52406886e-05 
 6.50388211e-06  3.26622614e-04 
 6.50465844e-06 -3.31380653e-05 
 6.50550034e-06  2.67839424e-04 
 6.50636375e-06 -5.33946703e-05 
 6.50757210e-06  2.66493298e-04 
 6.50879868e-06 -4.64139919e-05 
 6.51008263e-06  2.67211110e-04 
 6.51150136e-06 -5.19604001e-05 
 6.51302625e-06  2.52203503e-04 
 6.51463308e-06 -7.58529063e-05 
 6.51610586e-06  2.42109703e-04 
 6.51785109e-06 -7.51281028e-05 
 6.51978600e-06  2.40590419e-04 
 6.52299630e-06 -7.48641349e-05 
 6.52785457e-06  2.40304380e-04 
 6.53653461e-06 -7.47643699e-05 
 6.55264710e-06  2.40223373e-04 
 6.58206886e-06 -7.47564097e-05 
 6.63917905e-06  2.40184933e-04 
 6.74708976e-06 -7.47667572e-05 
 6.75010000e-06  2.40078248e-04 
 6.75011000e-06 -3.73783081e-03 
 6.75013000e-06 -4.09173633e-03 
 6.75017000e-06 -3.34667101e-03 
 6.75020000e-06 -3.34381277e-03 
 6.75020076e-06 -3.16723780e-04 
 6.75020228e-06  6.24869964e-04 
 6.75020531e-06 -6.19623677e-06 
 6.75021138e-06  4.52274153e-04 
 6.75022352e-06  1.18683056e-04 
 6.75024779e-06  4.89805690e-04 
 6.75029634e-06  1.86152898e-04 
 6.75039345e-06  5.05269849e-04 
 6.75058766e-06  2.06823715e-04 
 6.75092647e-06  6.02727207e-04 
 6.75146572e-06  3.19868074e-04 
 6.75210339e-06  5.75804914e-04 
 6.75276200e-06  6.43866899e-05 
 6.75350537e-06  3.05676738e-04 
 6.75452985e-06 -2.00249715e-05 
 6.75529908e-06  2.96641382e-04 
 6.75617468e-06 -5.08942788e-05 
 6.75693142e-06  2.60993603e-04 
 6.75777751e-06 -6.50736304e-05 
 6.75879096e-06  2.56316657e-04 
 6.75992331e-06 -7.29851946e-05 
 6.76218800e-06  2.44081065e-04 
 6.76465879e-06 -7.82980079e-05 
 6.76872524e-06  2.43806743e-04 
 6.77403707e-06 -7.81968512e-05 
 6.78466074e-06  2.43687877e-04 
 6.80590807e-06 -7.81843968e-05 
 6.84751936e-06  2.43636858e-04 
 6.93074194e-06 -7.81991845e-05 
 7.00000000e-06  2.43612190e-04 
 7.00001000e-06  3.79568177e-03 
 7.00003000e-06  3.62775721e-03 
 7.00007000e-06  4.45664569e-03 
 7.00010000e-06  5.29826528e-03 
 7.00010421e-06  1.33938978e-03 
 7.00011264e-06  8.83936140e-04 
 7.00012948e-06  1.14863983e-03 
 7.00016318e-06  7.26485220e-04 
 7.00023056e-06  9.54094583e-04 
 7.00036534e-06  5.33484873e-04 
 7.00054486e-06  7.90191004e-04 
 7.00090390e-06  4.46735340e-04 
 7.00141278e-06  6.79965748e-04 
 7.00196227e-06  1.52428406e-04 
 7.00255568e-06  4.12779032e-04 
 7.00320540e-06  7.60918990e-05 
 7.00388691e-06  3.30457705e-04 
 7.00465790e-06 -3.18128479e-05 
 7.00549236e-06  2.71545236e-04 
 7.00639539e-06 -4.43320180e-05 
 7.00728964e-06  2.73389936e-04 
 7.00804528e-06 -5.07234347e-05 
 7.00891554e-06  2.59166861e-04 
 7.00991053e-06 -6.52970242e-05 
 7.01104744e-06  2.45983060e-04 
 7.01292522e-06 -6.61897108e-05 
 7.01541083e-06  2.63450508e-04 
 7.01825560e-06 -4.38589273e-05 
 7.02049043e-06  2.92087034e-04 
 7.02235107e-06 -2.95512059e-05 
 7.02412487e-06  2.74071368e-04 
 7.02602043e-06 -4.79660069e-05 
 7.02784615e-06  2.59211277e-04 
 7.03000319e-06 -6.36245814e-05 
 7.03223751e-06  2.46374503e-04 
 7.03492122e-06 -7.26620923e-05 
 7.03890677e-06  2.38787260e-04 
 7.04451964e-06 -7.52092984e-05 
 7.05356438e-06  2.38331354e-04 
 7.06542438e-06 -7.67481493e-05 
 7.08332936e-06  2.35795352e-04 
 7.10583343e-06 -7.55444203e-05 
 7.12724532e-06  2.43795698e-04 
 7.14807549e-06 -7.70197306e-05 
 7.16860780e-06  2.38897944e-04 
 7.19031952e-06 -7.67578863e-05 
 7.21278923e-06  2.38458471e-04 
 7.25010000e-06 -7.70813210e-05 
 7.25011000e-06 -3.75697626e-03 
 7.25013000e-06 -4.09537622e-03 
 7.25017000e-06 -3.36514406e-03 
 7.25020000e-06 -3.34135155e-03 
 7.25020074e-06 -3.30917006e-04 
 7.25020223e-06  6.19108446e-04 
 7.25020521e-06 -6.63906932e-06 
 7.25021117e-06  4.42897982e-04 
 7.25022309e-06  1.18936425e-04 
 7.25024693e-06  4.82083923e-04 
 7.25029461e-06  1.89534058e-04 
 7.25038997e-06  5.00549065e-04 
 7.25058068e-06  2.10700179e-04 
 7.25091780e-06  5.94556249e-04 
 7.25145754e-06  3.23934841e-04 
 7.25208799e-06  5.70894806e-04 
 7.25275446e-06  6.89989516e-05 
 7.25349455e-06  2.97005718e-04 
 7.25451631e-06 -2.12098180e-05 
 7.25523949e-06  2.83707992e-04 
 7.25607593e-06 -5.75488163e-05 
 7.25697172e-06  2.49972328e-04 
 7.25790217e-06 -6.26046683e-05 
 7.25917453e-06  2.47047015e-04 
 7.26106796e-06 -7.45868617e-05 
 7.26322357e-06  2.36902619e-04 
 7.26642378e-06 -7.59822558e-05 
 7.27065266e-06  2.36579726e-04 
 7.27911043e-06 -7.61519561e-05 
 7.29601485e-06  2.35778527e-04 
 7.32454709e-06 -7.90353366e-05 
 7.37927251e-06  2.27765555e-04 
 7.42991785e-06 -8.69003465e-05 
 7.48803038e-06  2.24387955e-04 
 7.50000000e-06 -8.80612441e-05 
 7.50001000e-06  3.77096584e-03 
 7.50003000e-06  3.62829652e-03 
 7.50007000e-06  4.43562619e-03 
 7.50010000e-06  5.29910835e-03 
 7.50010426e-06  1.32595494e-03 
 7.50011277e-06  8.73251350e-04 
 7.50012980e-06  1.13314329e-03 
 7.50016387e-06  7.11844961e-04 
 7.50023199e-06  9.35534702e-04 
 7.50036824e-06  5.17116020e-04 
 7.50054916e-06  7.72907601e-04 
 7.50091100e-06  4.32660654e-04 
 7.50141713e-06  6.63097545e-04 
 7.50196159e-06  1.41467076e-04 
 7.50250927e-06  3.96769615e-04 
 7.50320504e-06  5.00915155e-05 
 7.50385102e-06  3.08169102e-04 
 7.50463034e-06 -4.44639029e-05 
 7.50545930e-06  2.53250301e-04 
 7.50636977e-06 -6.88558359e-05 
 7.50762132e-06  2.52960281e-04 
 7.50884804e-06 -5.74673523e-05 
 7.51021473e-06  2.49971258e-04 
 7.51175145e-06 -6.55975760e-05 
 7.51321396e-06  2.38880964e-04 
 7.51461625e-06 -8.90279421e-05 
 7.51611361e-06  2.27073715e-04 
 7.51772002e-06 -8.92563074e-05 
 7.51954993e-06  2.25364803e-04 
 7.52293028e-06 -8.91749589e-05 
 7.52783430e-06  2.25001325e-04 
 7.53758048e-06 -8.91660209e-05 
 7.55590761e-06  2.24787679e-04 
 7.59073931e-06 -8.93622075e-05 
 7.66040271e-06  2.24510330e-04 
 7.75010000e-06 -8.95567492e-05 
 7.75011000e-06 -3.76289837e-03 
 7.75013000e-06 -4.10060825e-03 
 7.75017000e-06 -3.37343241e-03 
 7.75020000e-06 -3.35188749e-03 
 7.75020074e-06 -3.43327173e-04 
 7.75020223e-06  6.05674098e-04 
 7.75020521e-06 -1.96503365e-05 
 7.75021117e-06  4.29513525e-04 
 7.75022309e-06  1.05803795e-04 
 7.75024692e-06  4.68545253e-04 
 7.75029459e-06  1.76066651e-04 
 7.75038993e-06  4.86010385e-04 
 7.75058060e-06  1.96083896e-04 
 7.75091899e-06  5.80273171e-04 
 7.75145785e-06  3.10701256e-04 
 7.75208934e-06  5.58107150e-04 
 7.75275507e-06  5.66878735e-05 
 7.75349554e-06  2.86110423e-04 
 7.75451710e-06 -2.92204601e-05 
 7.75526982e-06  2.77975517e-04 
 7.75613555e-06 -5.27398495e-05 
 7.75688231e-06  2.52557757e-04 
 7.75772204e-06 -6.02913890e-05 
 7.75873235e-06  2.48649916e-04 
 7.75986467e-06 -7.77599182e-05 
 7.76097804e-06  2.32771567e-04 
 7.76274970e-06 -8.36387584e-05 
 7.76443329e-06  2.24325865e-04 
 7.76705513e-06 -8.82351113e-05 
 7.77004953e-06  2.23110708e-04 
 7.77464848e-06 -8.80404878e-05 
 7.78329770e-06  2.22972831e-04 
 7.79506322e-06 -8.79936224e-05 
 7.81716014e-06  2.22902829e-04 
 7.86135398e-06 -8.80023935e-05 
 7.94357542e-06  2.22859401e-04 
 8.00000000e-06 -8.80119282e-05 
 8.00001000e-06  3.76936569e-03 
 8.00003000e-06  3.62594436e-03 
 8.00007000e-06  4.43490352e-03 
 8.00010000e-06  5.29692292e-03 
 8.00010426e-06  1.32513563e-03 
 8.00011277e-06  8.71465983e-04 
 8.00012980e-06  1.13202706e-03 
 8.00016386e-06  7.10322125e-04 
 8.00023198e-06  9.34661382e-04 
 8.00036822e-06  5.16187608e-04 
 8.00054905e-06  7.72759020e-04 
 8.00091071e-06  4.32108566e-04 
 8.00141616e-06  6.62024167e-04 
 8.00196018e-06  1.38628486e-04 
 8.00254573e-06  3.97000714e-04 
 8.00319561e-06  6.08422983e-05 
 8.00387386e-06  3.15607490e-04 
 8.00464843e-06 -4.66912210e-05 
 8.00548360e-06  2.61618905e-04 
 8.00633103e-06 -4.50337730e-05 
 8.00712908e-06  2.67461253e-04 
 8.00789358e-06 -5.79732710e-05 
 8.00878423e-06  2.50117948e-04 
 8.00967094e-06 -7.08952421e-05 
 8.01084323e-06  2.38178608e-04 
 8.01252191e-06 -7.05555746e-05 
 8.01445349e-06  2.41703236e-04 
 8.01595011e-06 -7.49688706e-05 
 8.01757291e-06  2.44749262e-04 
 8.01936450e-06 -6.98691836e-05 
 8.02103610e-06  2.57144413e-04 
 8.02295848e-06 -4.82917233e-05 
 8.02511278e-06  2.63851400e-04 
 8.02839116e-06 -5.35346735e-05 
 8.03165978e-06  2.56391528e-04 
 8.03555210e-06 -4.03044872e-05 
 8.03939620e-06  2.60995257e-04 
 8.04295587e-06 -6.96328003e-05 
 8.04698278e-06  2.41914191e-04 
 8.05083585e-06 -7.53058794e-05 
 8.05600095e-06  2.41233643e-04 
 8.06163508e-06 -7.53131796e-05 
 8.07290335e-06  2.40611159e-04 
 8.09069154e-06 -7.52974464e-05 
 8.12052517e-06  2.40444933e-04 
 8.17334677e-06 -7.51597514e-05 
 8.25010000e-06  2.40477797e-04 
 8.25011000e-06 -3.74137503e-03 
 8.25013000e-06 -4.09125176e-03 
 8.25017000e-06 -3.33844840e-03 
 8.25020000e-06 -3.34380803e-03 
 8.25020076e-06 -3.17681514e-04 
 8.25020228e-06  6.20806813e-04 
 8.25020531e-06 -1.10050254e-05 
 8.25021138e-06  4.49721063e-04 
 8.25022351e-06  1.16826569e-04 
 8.25024778e-06  4.90134695e-04 
 8.25029631e-06  1.86382554e-04 
 8.25039338e-06  5.05900468e-04 
 8.25058751e-06  2.06949233e-04 
 8.25097578e-06  6.15158542e-04 
 8.25148348e-06  3.08316816e-04 
 8.25216467e-06  5.51768566e-04 
 8.25279555e-06  4.17189759e-05 
 8.25355675e-06  2.86191003e-04 
 8.25460273e-06 -4.22695794e-05 
 8.25558655e-06  2.64015845e-04 
 8.25697434e-06 -6.73752242e-05 
 8.25860148e-06  2.58032365e-04 
 8.26008643e-06 -7.52725502e-05 
 8.26261830e-06  2.45092298e-04 
 8.26530961e-06 -7.97286783e-05 
 8.26975690e-06  2.45263394e-04 
 8.27659376e-06 -7.97468225e-05 
 8.29026749e-06  2.45221886e-04 
 8.31761495e-06 -7.97609515e-05 
 8.36998895e-06  2.45194328e-04 
 8.47473695e-06 -7.97740696e-05 
 8.50000000e-06  2.45180913e-04 
