 1.00000000e-12  1.78200000e+00  4.48631649e-01 
 1.02386136e-12  1.78157050e+00  4.49749038e-01 
 1.07158407e-12  1.78071149e+00  4.52782565e-01 
 1.14210213e-12  1.77944216e+00  4.57303039e-01 
 1.22022561e-12  1.77803594e+00  4.60336062e-01 
 1.35920962e-12  1.77553423e+00  4.62424984e-01 
 1.57499258e-12  1.77165013e+00  4.61823670e-01 
 1.90700146e-12  1.76567397e+00  4.59082229e-01 
 2.54076981e-12  1.75426614e+00  4.55257496e-01 
 3.47519441e-12  1.73744650e+00  4.52118217e-01 
 4.89858862e-12  1.71182540e+00  4.48232125e-01 
 6.43068182e-12  1.68424773e+00  4.44983055e-01 
 8.78365428e-12  1.64189422e+00  4.41883032e-01 
 1.27790382e-11  1.56997731e+00  4.39308805e-01 
 1.81366954e-11  1.47353948e+00  4.37877411e-01 
 2.51066008e-11  1.34808119e+00  4.36864126e-01 
 3.39905919e-11  1.18816935e+00  4.35847616e-01 
 4.40425886e-11  1.00723340e+00  4.34837117e-01 
 5.95872403e-11  7.27429675e-01  4.33386758e-01 
 7.84464397e-11  3.87964086e-01  4.31910940e-01 
 1.00000000e-10  0.00000000e+00  4.30669235e-01 
 1.00417155e-10  0.00000000e+00  4.30766010e-01 
 1.01251465e-10  0.00000000e+00  4.30929534e-01 
 1.02920085e-10  0.00000000e+00  4.31213131e-01 
 1.06240275e-10  0.00000000e+00  4.31749606e-01 
 1.12880653e-10  0.00000000e+00  4.32755214e-01 
 1.26161410e-10  0.00000000e+00  4.34697363e-01 
 1.52722925e-10  0.00000000e+00  4.38427056e-01 
 1.90175076e-10  0.00000000e+00  4.43508305e-01 
 2.37757092e-10  0.00000000e+00  4.49710456e-01 
 3.05892532e-10  0.00000000e+00  4.57954333e-01 
 4.28272537e-10  0.00000000e+00  4.70711133e-01 
 6.59889760e-10  0.00000000e+00  4.90006331e-01 
 9.44670385e-10  0.00000000e+00  5.06628613e-01 
 1.37760592e-09  0.00000000e+00  5.21582988e-01 
 1.86838595e-09  0.00000000e+00  5.28136604e-01 
 2.63520756e-09  0.00000000e+00  5.27466857e-01 
 3.49867075e-09  0.00000000e+00  5.15610768e-01 
 4.23605142e-09  0.00000000e+00  5.01198973e-01 
 5.08048518e-09  0.00000000e+00  4.84536453e-01 
 5.88573713e-09  0.00000000e+00  4.68928432e-01 
 6.74819637e-09  0.00000000e+00  4.51953136e-01 
 7.66202544e-09  0.00000000e+00  4.34028641e-01 
 8.62571642e-09  0.00000000e+00  4.12291686e-01 
 9.55966483e-09  0.00000000e+00  3.84030302e-01 
 1.02892162e-08  0.00000000e+00  3.66015826e-01 
 1.10908991e-08  0.00000000e+00  3.50325962e-01 
 1.19707058e-08  0.00000000e+00  3.32044378e-01 
 1.29393495e-08  0.00000000e+00  3.13007326e-01 
 1.41637377e-08  0.00000000e+00  2.88677630e-01 
 1.54357901e-08  0.00000000e+00  2.63649376e-01 
 1.68564172e-08  0.00000000e+00  2.35574337e-01 
 1.82970008e-08  0.00000000e+00  2.08578960e-01 
 1.96453970e-08  0.00000000e+00  1.85934037e-01 
 2.10598191e-08  0.00000000e+00  1.65295490e-01 
 2.29142912e-08  0.00000000e+00  1.42216611e-01 
 2.42850667e-08  0.00000000e+00  1.27550668e-01 
 2.59068565e-08  0.00000000e+00  1.12258935e-01 
 2.78683165e-08  0.00000000e+00  9.62114345e-02 
 3.01497557e-08  0.00000000e+00  8.03861454e-02 
 3.26886175e-08  0.00000000e+00  6.56816233e-02 
 3.53512390e-08  0.00000000e+00  5.31200310e-02 
 4.06764818e-08  0.00000000e+00  3.44773385e-02 
 4.81207307e-08  0.00000000e+00  1.87790967e-02 
 6.23589044e-08  0.00000000e+00  5.62092985e-03 
 9.08352519e-08  0.00000000e+00  7.72348654e-04 
 1.25009340e-07  0.00000000e+00  1.16028577e-03 
 1.86169182e-07  0.00000000e+00  1.10774760e-03 
 2.50100000e-07  0.00000000e+00  1.13632553e-03 
 2.50110000e-07  1.80000000e-01  3.62589564e-03 
 2.50130000e-07  5.40000000e-01  8.38106108e-03 
 2.50170000e-07  1.26000000e+00  1.69327496e-02 
 2.50200000e-07  1.80000000e+00  2.23682103e-02 
 2.50200515e-07  1.80000000e+00  2.23061153e-02 
 2.50201545e-07  1.80000000e+00  2.21965081e-02 
 2.50203604e-07  1.80000000e+00  2.20112415e-02 
 2.50207723e-07  1.80000000e+00  2.16949614e-02 
 2.50215961e-07  1.80000000e+00  2.11443872e-02 
 2.50232436e-07  1.80000000e+00  2.01271915e-02 
 2.50265388e-07  1.80000000e+00  1.84071905e-02 
 2.50331290e-07  1.80000000e+00  1.63179978e-02 
 2.50412442e-07  1.80000000e+00  1.49475005e-02 
 2.50574745e-07  1.80000000e+00  1.35729223e-02 
 2.50740878e-07  1.80000000e+00  1.31025251e-02 
 2.51073145e-07  1.80000000e+00  1.28818938e-02 
 2.51459195e-07  1.80000000e+00  1.31070565e-02 
 2.52119124e-07  1.80000000e+00  1.30525445e-02 
 2.52784141e-07  1.80000000e+00  1.15965345e-02 
 2.53505847e-07  1.80000000e+00  1.04952888e-02 
 2.54462880e-07  1.80000000e+00  9.76327814e-03 
 2.55476717e-07  1.80000000e+00  8.23213168e-03 
 2.56511087e-07  1.80000000e+00  5.25663713e-03 
 2.57705115e-07  1.80000000e+00  3.25883013e-03 
 2.58900107e-07  1.80000000e+00  4.22570642e-03 
 2.60080675e-07  1.80000000e+00  4.01412367e-03 
 2.61404486e-07  1.80000000e+00  3.52010566e-03 
 2.63104328e-07  1.80000000e+00  3.26585812e-03 
 2.65829676e-07  1.80000000e+00  2.69600621e-03 
 2.69918719e-07  1.80000000e+00  2.22830927e-03 
 2.77673985e-07  1.80000000e+00  1.56771770e-03 
 2.90943156e-07  1.80000000e+00  1.20803279e-03 
 3.15634860e-07  1.80000000e+00  9.84054038e-04 
 3.60204801e-07  1.80000000e+00  9.52027574e-04 
 4.40909721e-07  1.80000000e+00  6.52198482e-04 
 5.00000000e-07  1.80000000e+00  5.34093591e-04 
 5.00010000e-07  1.62000000e+00 -1.07866643e-04 
 5.00030000e-07  1.26000000e+00 -1.27054004e-03 
 5.00070000e-07  5.40000000e-01 -3.18295391e-03 
 5.00100000e-07  0.00000000e+00 -4.42983872e-03 
 5.00100517e-07  0.00000000e+00 -4.41744633e-03 
 5.00101550e-07  0.00000000e+00 -4.38910854e-03 
 5.00103617e-07  0.00000000e+00 -4.32728074e-03 
 5.00107751e-07  0.00000000e+00 -4.21888573e-03 
 5.00116020e-07  0.00000000e+00 -4.03738250e-03 
 5.00132556e-07  0.00000000e+00 -3.72913694e-03 
 5.00165629e-07  0.00000000e+00 -3.23629301e-03 
 5.00231775e-07  0.00000000e+00 -2.57724789e-03 
 5.00364066e-07  0.00000000e+00 -1.91023641e-03 
 5.00562112e-07  0.00000000e+00 -1.53358372e-03 
 5.00958202e-07  0.00000000e+00 -1.08130207e-03 
 5.01467725e-07  0.00000000e+00 -1.41345149e-03 
 5.02004480e-07  0.00000000e+00 -4.23345516e-03 
 5.02765160e-07  0.00000000e+00 -8.45653754e-03 
 5.03570921e-07  0.00000000e+00  1.10637817e-02 
 5.04319112e-07  0.00000000e+00  5.47871242e-02 
 5.05131325e-07  0.00000000e+00  1.09557434e-01 
 5.06129962e-07  0.00000000e+00  1.73540836e-01 
 5.07181175e-07  0.00000000e+00  2.38098535e-01 
 5.08420029e-07  0.00000000e+00  3.15472948e-01 
 5.09734831e-07  0.00000000e+00  3.96075274e-01 
 5.11695561e-07  0.00000000e+00  5.12874962e-01 
 5.13521267e-07  0.00000000e+00  6.18376114e-01 
 5.15543504e-07  0.00000000e+00  7.32915671e-01 
 5.17483694e-07  0.00000000e+00  8.38706952e-01 
 5.19712885e-07  0.00000000e+00  9.46452478e-01 
 5.24171266e-07  0.00000000e+00  1.13896033e+00 
 5.27126842e-07  0.00000000e+00  1.30097424e+00 
 5.30598646e-07  0.00000000e+00  1.52482618e+00 
 5.34415150e-07  0.00000000e+00  1.68883556e+00 
 5.38454782e-07  0.00000000e+00  1.76224757e+00 
 5.44682630e-07  0.00000000e+00  1.79561036e+00 
 5.50633852e-07  0.00000000e+00  1.79967123e+00 
 5.60341880e-07  0.00000000e+00  1.80002588e+00 
 5.74367459e-07  0.00000000e+00  1.80020037e+00 
 6.02418616e-07  0.00000000e+00  1.79996627e+00 
 6.58520931e-07  0.00000000e+00  1.80017203e+00 
 7.50100000e-07  9.52912066e-13  1.79991677e+00 
 7.50110000e-07  1.80000000e-01  1.80045972e+00 
 7.50130000e-07  5.40000000e-01  1.80160097e+00 
 7.50170000e-07  1.26000000e+00  1.80413634e+00 
 7.50200000e-07  1.80000000e+00  1.80602318e+00 
 7.50200522e-07  1.80000000e+00  1.80601826e+00 
 7.50201566e-07  1.80000000e+00  1.80600208e+00 
 7.50203653e-07  1.80000000e+00  1.80596318e+00 
 7.50207829e-07  1.80000000e+00  1.80590638e+00 
 7.50216179e-07  1.80000000e+00  1.80581312e+00 
 7.50232881e-07  1.80000000e+00  1.80564725e+00 
 7.50266283e-07  1.80000000e+00  1.80535963e+00 
 7.50333088e-07  1.80000000e+00  1.80491498e+00 
 7.50466698e-07  1.80000000e+00  1.80428539e+00 
 7.50644131e-07  1.80000000e+00  1.80367282e+00 
 7.50913877e-07  1.80000000e+00  1.80296158e+00 
 7.51453369e-07  1.80000000e+00  1.80344359e+00 
 7.52099316e-07  1.80000000e+00  1.80496620e+00 
 7.52800341e-07  1.80000000e+00  1.80352229e+00 
 7.53529544e-07  1.80000000e+00  1.80227658e+00 
 7.54426940e-07  1.80000000e+00  1.80170896e+00 
 7.55524950e-07  1.80000000e+00  1.80071525e+00 
 7.56675975e-07  1.80000000e+00  1.79885822e+00 
 7.57701438e-07  1.80000000e+00  1.79867516e+00 
 7.58795277e-07  1.80000000e+00  1.79978469e+00 
 7.59790018e-07  1.80000000e+00  1.79886273e+00 
 7.60838003e-07  1.80000000e+00  1.79926307e+00 
 7.62264577e-07  1.80000000e+00  1.79918214e+00 
 7.63776839e-07  1.80000000e+00  1.79945711e+00 
 7.66801362e-07  1.80000000e+00  1.79956088e+00 
 7.71905297e-07  1.80000000e+00  1.79986435e+00 
 7.79804799e-07  1.80000000e+00  1.79993542e+00 
 7.95121515e-07  1.80000000e+00  1.80008041e+00 
 8.19590425e-07  1.80000000e+00  1.80000559e+00 
 8.63779163e-07  1.80000000e+00  1.80006565e+00 
 9.43786430e-07  1.80000000e+00  1.79998458e+00 
 1.00000000e-06  1.80000000e+00  1.80004696e+00 
 1.00001000e-06  1.62000000e+00  1.79925031e+00 
 1.00003000e-06  1.26000000e+00  1.79775759e+00 
 1.00007000e-06  5.40000000e-01  1.79522550e+00 
 1.00010000e-06  0.00000000e+00  1.79369658e+00 
 1.00010052e-06  0.00000000e+00  1.79371056e+00 
 1.00010155e-06  0.00000000e+00  1.79374708e+00 
 1.00010362e-06  0.00000000e+00  1.79383056e+00 
 1.00010775e-06  0.00000000e+00  1.79397246e+00 
 1.00011602e-06  0.00000000e+00  1.79422563e+00 
 1.00013256e-06  0.00000000e+00  1.79468062e+00 
 1.00016564e-06  0.00000000e+00  1.79545362e+00 
 1.00023179e-06  0.00000000e+00  1.79658864e+00 
 1.00036410e-06  0.00000000e+00  1.79789594e+00 
 1.00056235e-06  0.00000000e+00  1.79877035e+00 
 1.00095885e-06  0.00000000e+00  1.79956982e+00 
 1.00146870e-06  0.00000000e+00  1.79980524e+00 
 1.00200570e-06  0.00000000e+00  1.79940814e+00 
 1.00275808e-06  0.00000000e+00  1.79803491e+00 
 1.00346213e-06  0.00000000e+00  1.79729024e+00 
 1.00419564e-06  0.00000000e+00  1.79866203e+00 
 1.00499323e-06  0.00000000e+00  1.80139905e+00 
 1.00587481e-06  0.00000000e+00  1.80195538e+00 
 1.00691250e-06  0.00000000e+00  1.80013543e+00 
 1.00773946e-06  0.00000000e+00  1.79951625e+00 
 1.00866576e-06  0.00000000e+00  1.79851297e+00 
 1.00966105e-06  0.00000000e+00  1.79855804e+00 
 1.01083766e-06  0.00000000e+00  1.79874192e+00 
 1.01249132e-06  0.00000000e+00  1.79892400e+00 
 1.01493259e-06  0.00000000e+00  1.79910328e+00 
 1.01836965e-06  0.00000000e+00  1.79925985e+00 
 1.02257407e-06  0.00000000e+00  1.79954450e+00 
 1.02578346e-06  0.00000000e+00  1.79942309e+00 
 1.02863731e-06  0.00000000e+00  1.79927384e+00 
 1.03083515e-06  0.00000000e+00  1.80126263e+00 
 1.03288427e-06  0.00000000e+00  1.80119536e+00 
 1.03523899e-06  0.00000000e+00  1.80083073e+00 
 1.03751144e-06  0.00000000e+00  1.80154356e+00 
 1.04006268e-06  0.00000000e+00  1.80136192e+00 
 1.04371388e-06  0.00000000e+00  1.80137157e+00 
 1.04820331e-06  0.00000000e+00  1.80102288e+00 
 1.05480901e-06  0.00000000e+00  1.80086218e+00 
 1.06470344e-06  0.00000000e+00  1.80053859e+00 
 1.07947615e-06  0.00000000e+00  1.80046562e+00 
 1.10281943e-06  0.00000000e+00  1.80028412e+00 
 1.13824418e-06  0.00000000e+00  1.80034366e+00 
 1.19433669e-06  0.00000000e+00  1.80023215e+00 
 1.25010000e-06  0.00000000e+00  1.80026057e+00 
 1.25011000e-06  1.80000000e-01  1.80078855e+00 
 1.25013000e-06  5.40000000e-01  1.80191126e+00 
 1.25017000e-06  1.26000000e+00  1.80447003e+00 
 1.25020000e-06  1.80000000e+00  1.80639318e+00 
 1.25020052e-06  1.80000000e+00  1.80638873e+00 
 1.25020157e-06  1.80000000e+00  1.80637361e+00 
 1.25020365e-06  1.80000000e+00  1.80633726e+00 
 1.25020783e-06  1.80000000e+00  1.80628515e+00 
 1.25021617e-06  1.80000000e+00  1.80619879e+00 
 1.25023287e-06  1.80000000e+00  1.80603752e+00 
 1.25026625e-06  1.80000000e+00  1.80573879e+00 
 1.25033303e-06  1.80000000e+00  1.80525303e+00 
 1.25046657e-06  1.80000000e+00  1.80456449e+00 
 1.25064405e-06  1.80000000e+00  1.80393344e+00 
 1.25091381e-06  1.80000000e+00  1.80323690e+00 
 1.25145333e-06  1.80000000e+00  1.80358282e+00 
 1.25209895e-06  1.80000000e+00  1.80500061e+00 
 1.25287788e-06  1.80000000e+00  1.80344944e+00 
 1.25358114e-06  1.80000000e+00  1.80233511e+00 
 1.25454810e-06  1.80000000e+00  1.80155631e+00 
 1.25561233e-06  1.80000000e+00  1.80000961e+00 
 1.25655517e-06  1.80000000e+00  1.79889954e+00 
 1.25766025e-06  1.80000000e+00  1.79832355e+00 
 1.25882569e-06  1.80000000e+00  1.79825933e+00 
 1.26001758e-06  1.80000000e+00  1.79853605e+00 
 1.26153503e-06  1.80000000e+00  1.79885238e+00 
 1.26423447e-06  1.80000000e+00  1.79930751e+00 
 1.26760712e-06  1.80000000e+00  1.79968154e+00 
 1.27324784e-06  1.80000000e+00  1.80004394e+00 
 1.28452928e-06  1.80000000e+00  1.80028178e+00 
 1.29604612e-06  1.80000000e+00  1.80024501e+00 
 1.30699688e-06  1.80000000e+00  1.80018370e+00 
 1.31902243e-06  1.80000000e+00  1.80832186e+00 
 1.32743902e-06  1.80000000e+00  1.80304853e+00 
 1.33534503e-06  1.80000000e+00  1.80089144e+00 
 1.34293566e-06  1.80000000e+00  1.80058116e+00 
 1.34969363e-06  1.80000000e+00  1.80016709e+00 
 1.35626325e-06  1.80000000e+00  1.80030598e+00 
 1.36222446e-06  1.80000000e+00  1.80005046e+00 
 1.36892179e-06  1.80000000e+00  1.80024015e+00 
 1.38231643e-06  1.80000000e+00  1.79999636e+00 
 1.39609493e-06  1.80000000e+00  1.80018414e+00 
 1.42017241e-06  1.80000000e+00  1.79994349e+00 
 1.45288180e-06  1.80000000e+00  1.80012011e+00 
 1.50000000e-06  1.80000000e+00  1.79988699e+00 
 1.50001000e-06  1.62000000e+00  1.79909339e+00 
 1.50003000e-06  1.26000000e+00  1.79760771e+00 
 1.50007000e-06  5.40000000e-01  1.79508703e+00 
 1.50010000e-06  0.00000000e+00  1.79356267e+00 
 1.50010052e-06  0.00000000e+00  1.79357739e+00 
 1.50010155e-06  0.00000000e+00  1.79361645e+00 
 1.50010362e-06  0.00000000e+00  1.79370327e+00 
 1.50010775e-06  0.00000000e+00  1.79384687e+00 
 1.50011602e-06  0.00000000e+00  1.79410414e+00 
 1.50013256e-06  0.00000000e+00  1.79456799e+00 
 1.50016564e-06  0.00000000e+00  1.79536521e+00 
 1.50023180e-06  0.00000000e+00  1.79653495e+00 
 1.50036412e-06  0.00000000e+00  1.79786512e+00 
 1.50056017e-06  0.00000000e+00  1.79872801e+00 
 1.50095228e-06  0.00000000e+00  1.79952053e+00 
 1.50146025e-06  0.00000000e+00  1.79980134e+00 
 1.50199617e-06  0.00000000e+00  1.79946326e+00 
 1.50274857e-06  0.00000000e+00  1.79814915e+00 
 1.50344418e-06  0.00000000e+00  1.79763619e+00 
 1.50417154e-06  0.00000000e+00  1.79880940e+00 
 1.50501174e-06  0.00000000e+00  1.80012124e+00 
 1.50592852e-06  0.00000000e+00  1.80060587e+00 
 1.50702349e-06  0.00000000e+00  1.80076772e+00 
 1.50802011e-06  0.00000000e+00  1.80096284e+00 
 1.50959308e-06  0.00000000e+00  1.80096414e+00 
 1.51123241e-06  0.00000000e+00  1.80092960e+00 
 1.51319657e-06  0.00000000e+00  1.80088494e+00 
 1.51481182e-06  0.00000000e+00  1.80087262e+00 
 1.51652276e-06  0.00000000e+00  1.80078301e+00 
 1.51884399e-06  0.00000000e+00  1.80049901e+00 
 1.52121797e-06  0.00000000e+00  1.80022509e+00 
 1.52517356e-06  0.00000000e+00  1.80001939e+00 
 1.53041480e-06  0.00000000e+00  1.79995010e+00 
 1.53852579e-06  0.00000000e+00  1.79995363e+00 
 1.55150380e-06  0.00000000e+00  1.79996139e+00 
 1.57422708e-06  0.00000000e+00  1.79997238e+00 
 1.61703739e-06  0.00000000e+00  1.79997465e+00 
 1.69216647e-06  0.00000000e+00  1.79998533e+00 
 1.75010000e-06  0.00000000e+00  1.79998498e+00 
 1.75011000e-06  1.80000000e-01  1.80051726e+00 
 1.75013000e-06  5.40000000e-01  1.80164563e+00 
 1.75017000e-06  1.26000000e+00  1.80418636e+00 
 1.75020000e-06  1.80000000e+00  1.80609812e+00 
 1.75020052e-06  1.80000000e+00  1.80609374e+00 
 1.75020157e-06  1.80000000e+00  1.80607853e+00 
 1.75020365e-06  1.80000000e+00  1.80604105e+00 
 1.75020783e-06  1.80000000e+00  1.80598662e+00 
 1.75021617e-06  1.80000000e+00  1.80589744e+00 
 1.75023287e-06  1.80000000e+00  1.80573357e+00 
 1.75026625e-06  1.80000000e+00  1.80543779e+00 
 1.75033303e-06  1.80000000e+00  1.80496807e+00 
 1.75046657e-06  1.80000000e+00  1.80430755e+00 
 1.75064400e-06  1.80000000e+00  1.80369081e+00 
 1.75091360e-06  1.80000000e+00  1.80300184e+00 
 1.75145281e-06  1.80000000e+00  1.80335693e+00 
 1.75209857e-06  1.80000000e+00  1.80477041e+00 
 1.75287621e-06  1.80000000e+00  1.80319347e+00 
 1.75357981e-06  1.80000000e+00  1.80206250e+00 
 1.75454016e-06  1.80000000e+00  1.80091243e+00 
 1.75560763e-06  1.80000000e+00  1.79846979e+00 
 1.75653089e-06  1.80000000e+00  1.79682435e+00 
 1.75762001e-06  1.80000000e+00  1.79706276e+00 
 1.75852956e-06  1.80000000e+00  1.79825976e+00 
 1.75951488e-06  1.80000000e+00  1.79966859e+00 
 1.76064591e-06  1.80000000e+00  1.80036803e+00 
 1.76189118e-06  1.80000000e+00  1.80026189e+00 
 1.76338150e-06  1.80000000e+00  1.80011462e+00 
 1.76497765e-06  1.80000000e+00  1.80012615e+00 
 1.76742046e-06  1.80000000e+00  1.80007416e+00 
 1.77003664e-06  1.80000000e+00  1.80006425e+00 
 1.77439607e-06  1.80000000e+00  1.80000749e+00 
 1.78311493e-06  1.80000000e+00  1.79999944e+00 
 1.79621616e-06  1.80000000e+00  1.79997157e+00 
 1.82184340e-06  1.80000000e+00  1.79999710e+00 
 1.86513789e-06  1.80000000e+00  1.79997949e+00 
 1.94182610e-06  1.80000000e+00  1.80000486e+00 
 2.00000000e-06  1.80000000e+00  1.79998492e+00 
 2.00001000e-06  1.62000000e+00  1.79917896e+00 
 2.00003000e-06  1.26000000e+00  1.79767240e+00 
 2.00007000e-06  5.40000000e-01  1.79511827e+00 
 2.00010000e-06  3.67639252e-12  1.79357763e+00 
 2.00010052e-06  0.00000000e+00  1.79359216e+00 
 2.00010155e-06  0.00000000e+00  1.79363082e+00 
 2.00010362e-06  0.00000000e+00  1.79371671e+00 
 2.00010775e-06  0.00000000e+00  1.79385899e+00 
 2.00011602e-06  0.00000000e+00  1.79411455e+00 
 2.00013256e-06  0.00000000e+00  1.79457598e+00 
 2.00016564e-06  0.00000000e+00  1.79537019e+00 
 2.00023179e-06  0.00000000e+00  1.79653807e+00 
 2.00036410e-06  0.00000000e+00  1.79787177e+00 
 2.00056018e-06  0.00000000e+00  1.79874435e+00 
 2.00095234e-06  0.00000000e+00  1.79953854e+00 
 2.00145996e-06  0.00000000e+00  1.79977312e+00 
 2.00199568e-06  0.00000000e+00  1.79936619e+00 
 2.00274788e-06  0.00000000e+00  1.79798303e+00 
 2.00344773e-06  0.00000000e+00  1.79784076e+00 
 2.00417872e-06  0.00000000e+00  1.80043573e+00 
 2.00497581e-06  0.00000000e+00  1.80240982e+00 
 2.00585754e-06  0.00000000e+00  1.80060837e+00 
 2.00660601e-06  0.00000000e+00  1.80008636e+00 
 2.00745754e-06  0.00000000e+00  1.80030156e+00 
 2.00819341e-06  0.00000000e+00  1.80054637e+00 
 2.00904051e-06  0.00000000e+00  1.80034335e+00 
 2.01010746e-06  0.00000000e+00  1.79996844e+00 
 2.01121676e-06  0.00000000e+00  1.79979734e+00 
 2.01323615e-06  0.00000000e+00  1.79944244e+00 
 2.01537393e-06  0.00000000e+00  1.79916366e+00 
 2.01760979e-06  0.00000000e+00  1.79815884e+00 
 2.01983315e-06  0.00000000e+00  1.79739305e+00 
 2.02192938e-06  0.00000000e+00  1.79737205e+00 
 2.02420106e-06  0.00000000e+00  1.79695135e+00 
 2.02601427e-06  0.00000000e+00  1.79681874e+00 
 2.02744126e-06  0.00000000e+00  1.79854514e+00 
 2.02897461e-06  0.00000000e+00  1.79989270e+00 
 2.03070360e-06  0.00000000e+00  1.79899456e+00 
 2.03258118e-06  0.00000000e+00  1.79905496e+00 
 2.03463024e-06  0.00000000e+00  1.79958607e+00 
 2.03763706e-06  0.00000000e+00  1.79981779e+00 
 2.04132432e-06  0.00000000e+00  1.79985467e+00 
 2.04731156e-06  0.00000000e+00  1.79873254e+00 
 2.05310617e-06  0.00000000e+00  1.79318626e+00 
 2.05716776e-06  0.00000000e+00  1.79698780e+00 
 2.06097207e-06  0.00000000e+00  1.79911984e+00 
 2.06492980e-06  0.00000000e+00  1.79903663e+00 
 2.06979119e-06  0.00000000e+00  1.79968904e+00 
 2.07678007e-06  0.00000000e+00  1.79932766e+00 
 2.08600047e-06  0.00000000e+00  1.79971603e+00 
 2.09938982e-06  0.00000000e+00  1.79935636e+00 
 2.12118116e-06  0.00000000e+00  1.79973365e+00 
 2.15204469e-06  0.00000000e+00  1.79946348e+00 
 2.20399843e-06  0.00000000e+00  1.79996964e+00 
 2.25010000e-06  0.00000000e+00  1.79979498e+00 
 2.25011000e-06  1.80000000e-01  1.80034646e+00 
 2.25013000e-06  5.40000000e-01  1.80150301e+00 
 2.25017000e-06  1.26000000e+00  1.80406686e+00 
 2.25020000e-06  1.80000000e+00  1.80598286e+00 
 2.25020052e-06  1.80000000e+00  1.80597862e+00 
 2.25020157e-06  1.80000000e+00  1.80596384e+00 
 2.25020365e-06  1.80000000e+00  1.80592774e+00 
 2.25020783e-06  1.80000000e+00  1.80587644e+00 
 2.25021617e-06  1.80000000e+00  1.80579316e+00 
 2.25023287e-06  1.80000000e+00  1.80563968e+00 
 2.25026625e-06  1.80000000e+00  1.80535844e+00 
 2.25033303e-06  1.80000000e+00  1.80490410e+00 
 2.25046658e-06  1.80000000e+00  1.80425556e+00 
 2.25064408e-06  1.80000000e+00  1.80364996e+00 
 2.25091391e-06  1.80000000e+00  1.80297254e+00 
 2.25145355e-06  1.80000000e+00  1.80334301e+00 
 2.25209919e-06  1.80000000e+00  1.80477377e+00 
 2.25287558e-06  1.80000000e+00  1.80326238e+00 
 2.25357949e-06  1.80000000e+00  1.80204332e+00 
 2.25454400e-06  1.80000000e+00  1.80044124e+00 
 2.25560803e-06  1.80000000e+00  1.79875297e+00 
 2.25660968e-06  1.80000000e+00  1.79810045e+00 
 2.25770289e-06  1.80000000e+00  1.79790782e+00 
 2.25880752e-06  1.80000000e+00  1.79813618e+00 
 2.26037972e-06  1.80000000e+00  1.79844198e+00 
 2.26246104e-06  1.80000000e+00  1.79881274e+00 
 2.26502630e-06  1.80000000e+00  1.79912016e+00 
 2.26892038e-06  1.80000000e+00  1.79946832e+00 
 2.27556004e-06  1.80000000e+00  1.79975626e+00 
 2.28652938e-06  1.80000000e+00  1.79995413e+00 
 2.30477838e-06  1.80000000e+00  1.80000170e+00 
 2.34127638e-06  1.80000000e+00  1.80004236e+00 
 2.40167953e-06  1.80000000e+00  1.80004207e+00 
 2.46731191e-06  1.80000000e+00  1.80005129e+00 
 2.50000000e-06  1.80000000e+00  1.80003052e+00 
 2.50001000e-06  1.62000000e+00  1.79923053e+00 
 2.50003000e-06  1.26000000e+00  1.79773492e+00 
 2.50007000e-06  5.40000000e-01  1.79519048e+00 
 2.50010000e-06  3.67639252e-12  1.79364547e+00 
 2.50010052e-06  0.00000000e+00  1.79365972e+00 
 2.50010155e-06  0.00000000e+00  1.79369757e+00 
 2.50010362e-06  0.00000000e+00  1.79378133e+00 
 2.50010775e-06  0.00000000e+00  1.79391901e+00 
 2.50011602e-06  0.00000000e+00  1.79416652e+00 
 2.50013256e-06  0.00000000e+00  1.79461625e+00 
 2.50016564e-06  0.00000000e+00  1.79539900e+00 
 2.50023180e-06  0.00000000e+00  1.79656598e+00 
 2.50036412e-06  0.00000000e+00  1.79791156e+00 
 2.50054754e-06  0.00000000e+00  1.79874908e+00 
 2.50091439e-06  0.00000000e+00  1.79952789e+00 
 2.50140822e-06  0.00000000e+00  1.79974046e+00 
 2.50193691e-06  0.00000000e+00  1.79926538e+00 
 2.50268563e-06  0.00000000e+00  1.79826093e+00 
 2.50337976e-06  0.00000000e+00  1.79866210e+00 
 2.50408792e-06  0.00000000e+00  1.80047799e+00 
 2.50487136e-06  0.00000000e+00  1.80142531e+00 
 2.50574722e-06  0.00000000e+00  1.80143526e+00 
 2.50669472e-06  0.00000000e+00  1.80152918e+00 
 2.50792829e-06  0.00000000e+00  1.80154551e+00 
 2.50945248e-06  0.00000000e+00  1.80140136e+00 
 2.51166113e-06  0.00000000e+00  1.80126216e+00 
 2.51317077e-06  0.00000000e+00  1.80114926e+00 
 2.51481831e-06  0.00000000e+00  1.80099278e+00 
 2.51647693e-06  0.00000000e+00  1.80070758e+00 
 2.51877273e-06  0.00000000e+00  1.80038855e+00 
 2.52127035e-06  0.00000000e+00  1.80016999e+00 
 2.52548942e-06  0.00000000e+00  1.80003600e+00 
 2.53147486e-06  0.00000000e+00  1.79998280e+00 
 2.54110330e-06  0.00000000e+00  1.79999388e+00 
 2.55982475e-06  0.00000000e+00  1.79999115e+00 
 2.58934804e-06  0.00000000e+00  1.80000361e+00 
 2.64371946e-06  0.00000000e+00  1.79999524e+00 
 2.73709865e-06  0.00000000e+00  1.80000420e+00 
 2.75010000e-06  0.00000000e+00  1.79999438e+00 
 2.75011000e-06  1.80000000e-01  1.80052376e+00 
 2.75013000e-06  5.40000000e-01  1.80164701e+00 
 2.75017000e-06  1.26000000e+00  1.80417835e+00 
 2.75020000e-06  1.80000000e+00  1.80608127e+00 
 2.75020052e-06  1.80000000e+00  1.80607692e+00 
 2.75020157e-06  1.80000000e+00  1.80606200e+00 
 2.75020365e-06  1.80000000e+00  1.80602586e+00 
 2.75020783e-06  1.80000000e+00  1.80597423e+00 
 2.75021617e-06  1.80000000e+00  1.80588936e+00 
 2.75023287e-06  1.80000000e+00  1.80573267e+00 
 2.75026626e-06  1.80000000e+00  1.80544594e+00 
 2.75033304e-06  1.80000000e+00  1.80498174e+00 
 2.75046659e-06  1.80000000e+00  1.80431824e+00 
 2.75064400e-06  1.80000000e+00  1.80369999e+00 
 2.75091355e-06  1.80000000e+00  1.80300999e+00 
 2.75145266e-06  1.80000000e+00  1.80337815e+00 
 2.75209843e-06  1.80000000e+00  1.80482106e+00 
 2.75287462e-06  1.80000000e+00  1.80331861e+00 
 2.75357848e-06  1.80000000e+00  1.80209640e+00 
 2.75454657e-06  1.80000000e+00  1.80053446e+00 
 2.75561127e-06  1.80000000e+00  1.79893889e+00 
 2.75657577e-06  1.80000000e+00  1.79830660e+00 
 2.75747674e-06  1.80000000e+00  1.79798055e+00 
 2.75844136e-06  1.80000000e+00  1.79808324e+00 
 2.75954504e-06  1.80000000e+00  1.79829395e+00 
 2.76079578e-06  1.80000000e+00  1.79855602e+00 
 2.76329693e-06  1.80000000e+00  1.79894494e+00 
 2.76641971e-06  1.80000000e+00  1.79930629e+00 
 2.77101214e-06  1.80000000e+00  1.79961295e+00 
 2.77931961e-06  1.80000000e+00  1.79988880e+00 
 2.79440760e-06  1.80000000e+00  1.79999415e+00 
 2.81962324e-06  1.80000000e+00  1.80000916e+00 
 2.87005452e-06  1.80000000e+00  1.79999838e+00 
 2.97091708e-06  1.80000000e+00  1.80000735e+00 
 3.00000000e-06  1.80000000e+00  1.79999667e+00 
 3.00001000e-06  1.62000000e+00  1.79919750e+00 
 3.00003000e-06  1.26000000e+00  1.79770121e+00 
 3.00007000e-06  5.40000000e-01  1.79515015e+00 
 3.00010000e-06  3.67639252e-12  1.79360326e+00 
 3.00010052e-06  0.00000000e+00  1.79361750e+00 
 3.00010155e-06  0.00000000e+00  1.79365531e+00 
 3.00010362e-06  0.00000000e+00  1.79373876e+00 
 3.00010775e-06  0.00000000e+00  1.79387606e+00 
 3.00011602e-06  0.00000000e+00  1.79412379e+00 
 3.00013256e-06  0.00000000e+00  1.79457437e+00 
 3.00016564e-06  0.00000000e+00  1.79535905e+00 
 3.00023180e-06  0.00000000e+00  1.79652965e+00 
 3.00036412e-06  0.00000000e+00  1.79788105e+00 
 3.00054770e-06  0.00000000e+00  1.79872325e+00 
 3.00091485e-06  0.00000000e+00  1.79950290e+00 
 3.00140881e-06  0.00000000e+00  1.79970767e+00 
 3.00193763e-06  0.00000000e+00  1.79923784e+00 
 3.00268617e-06  0.00000000e+00  1.79825450e+00 
 3.00337830e-06  0.00000000e+00  1.79855657e+00 
 3.00409260e-06  0.00000000e+00  1.80012568e+00 
 3.00486681e-06  0.00000000e+00  1.80083090e+00 
 3.00574157e-06  0.00000000e+00  1.80055362e+00 
 3.00666343e-06  0.00000000e+00  1.80031630e+00 
 3.00762399e-06  0.00000000e+00  1.80016136e+00 
 3.00842858e-06  0.00000000e+00  1.79997725e+00 
 3.00934121e-06  0.00000000e+00  1.79984647e+00 
 3.01049479e-06  0.00000000e+00  1.79969471e+00 
 3.01171714e-06  0.00000000e+00  1.79960462e+00 
 3.01403205e-06  0.00000000e+00  1.79949885e+00 
 3.01619103e-06  0.00000000e+00  1.79956325e+00 
 3.01900771e-06  0.00000000e+00  1.79991402e+00 
 3.02129991e-06  0.00000000e+00  1.79958465e+00 
 3.02337090e-06  0.00000000e+00  1.79910446e+00 
 3.02482962e-06  0.00000000e+00  1.80036945e+00 
 3.02636258e-06  0.00000000e+00  1.80209606e+00 
 3.02793905e-06  0.00000000e+00  1.80103213e+00 
 3.02955281e-06  0.00000000e+00  1.80064208e+00 
 3.03140351e-06  0.00000000e+00  1.80090978e+00 
 3.03464686e-06  0.00000000e+00  1.80104479e+00 
 3.03758539e-06  0.00000000e+00  1.80086505e+00 
 3.04346245e-06  0.00000000e+00  1.80060540e+00 
 3.05248217e-06  0.00000000e+00  1.80032489e+00 
 3.06637805e-06  0.00000000e+00  1.80031198e+00 
 3.08677940e-06  0.00000000e+00  1.80021654e+00 
 3.12758210e-06  0.00000000e+00  1.79999345e+00 
 3.18506902e-06  0.00000000e+00  1.79984990e+00 
 3.23814094e-06  0.00000000e+00  1.80001173e+00 
 3.25010000e-06  0.00000000e+00  1.79994593e+00 
 3.25011000e-06  1.80000000e-01  1.80047503e+00 
 3.25013000e-06  5.40000000e-01  1.80160048e+00 
 3.25017000e-06  1.26000000e+00  1.80414617e+00 
 3.25020000e-06  1.80000000e+00  1.80605546e+00 
 3.25020052e-06  1.80000000e+00  1.80605110e+00 
 3.25020157e-06  1.80000000e+00  1.80603618e+00 
 3.25020365e-06  1.80000000e+00  1.80600004e+00 
 3.25020783e-06  1.80000000e+00  1.80594838e+00 
 3.25021618e-06  1.80000000e+00  1.80586341e+00 
 3.25023288e-06  1.80000000e+00  1.80570622e+00 
 3.25026628e-06  1.80000000e+00  1.80541737e+00 
 3.25033309e-06  1.80000000e+00  1.80494694e+00 
 3.25046670e-06  1.80000000e+00  1.80426934e+00 
 3.25064417e-06  1.80000000e+00  1.80363430e+00 
 3.25091403e-06  1.80000000e+00  1.80291773e+00 
 3.25145375e-06  1.80000000e+00  1.80333822e+00 
 3.25209956e-06  1.80000000e+00  1.80511555e+00 
 3.25287460e-06  1.80000000e+00  1.80412968e+00 
 3.25357879e-06  1.80000000e+00  1.80337175e+00 
 3.25454634e-06  1.80000000e+00  1.80236134e+00 
 3.25560976e-06  1.80000000e+00  1.80063639e+00 
 3.25649707e-06  1.80000000e+00  1.79982500e+00 
 3.25746386e-06  1.80000000e+00  1.79939102e+00 
 3.25844808e-06  1.80000000e+00  1.79930688e+00 
 3.25979838e-06  1.80000000e+00  1.79939277e+00 
 3.26121353e-06  1.80000000e+00  1.79946737e+00 
 3.26385565e-06  1.80000000e+00  1.79960351e+00 
 3.26711296e-06  1.80000000e+00  1.79971284e+00 
 3.27228269e-06  1.80000000e+00  1.79982993e+00 
 3.28262215e-06  1.80000000e+00  1.79992530e+00 
 3.29855657e-06  1.80000000e+00  1.79996348e+00 
 3.33014604e-06  1.80000000e+00  1.79997222e+00 
 3.39332498e-06  1.80000000e+00  1.79998508e+00 
 3.50000000e-06  1.80000000e+00  1.79999077e+00 
 3.50001000e-06  1.62000000e+00  1.79919111e+00 
 3.50003000e-06  1.26000000e+00  1.79769409e+00 
 3.50007000e-06  5.40000000e-01  1.79513856e+00 
 3.50010000e-06  3.67639252e-12  1.79358853e+00 
 3.50010052e-06  0.00000000e+00  1.79360269e+00 
 3.50010155e-06  0.00000000e+00  1.79364029e+00 
 3.50010362e-06  0.00000000e+00  1.79372323e+00 
 3.50010775e-06  0.00000000e+00  1.79385975e+00 
 3.50011602e-06  0.00000000e+00  1.79410621e+00 
 3.50013256e-06  0.00000000e+00  1.79455471e+00 
 3.50016564e-06  0.00000000e+00  1.79533743e+00 
 3.50023179e-06  0.00000000e+00  1.79651031e+00 
 3.50036410e-06  0.00000000e+00  1.79787618e+00 
 3.50054719e-06  0.00000000e+00  1.79874410e+00 
 3.50091338e-06  0.00000000e+00  1.79953017e+00 
 3.50140989e-06  0.00000000e+00  1.79943433e+00 
 3.50193888e-06  0.00000000e+00  1.79835865e+00 
 3.50268951e-06  0.00000000e+00  1.79658480e+00 
 3.50337379e-06  0.00000000e+00  1.79653405e+00 
 3.50409393e-06  0.00000000e+00  1.79849211e+00 
 3.50490186e-06  0.00000000e+00  1.79988964e+00 
 3.50579402e-06  0.00000000e+00  1.80015810e+00 
 3.50678574e-06  0.00000000e+00  1.80041371e+00 
 3.50791300e-06  0.00000000e+00  1.80059170e+00 
 3.50963831e-06  0.00000000e+00  1.80058712e+00 
 3.51110903e-06  0.00000000e+00  1.80063727e+00 
 3.51276556e-06  0.00000000e+00  1.80056312e+00 
 3.51448134e-06  0.00000000e+00  1.80043681e+00 
 3.51628081e-06  0.00000000e+00  1.80025794e+00 
 3.51806330e-06  0.00000000e+00  1.80014757e+00 
 3.52063157e-06  0.00000000e+00  1.80005128e+00 
 3.52347288e-06  0.00000000e+00  1.80001072e+00 
 3.52842103e-06  0.00000000e+00  1.79997793e+00 
 3.53587416e-06  0.00000000e+00  1.79997809e+00 
 3.54842499e-06  0.00000000e+00  1.79997642e+00 
 3.57089216e-06  0.00000000e+00  1.79998567e+00 
 3.60907321e-06  0.00000000e+00  1.79998523e+00 
 3.67873357e-06  0.00000000e+00  1.79999471e+00 
 3.75010000e-06  0.00000000e+00  1.79999179e+00 
 3.75011000e-06  1.80000000e-01  1.80052048e+00 
 3.75013000e-06  5.40000000e-01  1.80164307e+00 
 3.75017000e-06  1.26000000e+00  1.80417839e+00 
 3.75020000e-06  1.80000000e+00  1.80608170e+00 
 3.75020052e-06  1.80000000e+00  1.80607732e+00 
 3.75020157e-06  1.80000000e+00  1.80606243e+00 
 3.75020365e-06  1.80000000e+00  1.80602647e+00 
 3.75020783e-06  1.80000000e+00  1.80597506e+00 
 3.75021617e-06  1.80000000e+00  1.80589038e+00 
 3.75023287e-06  1.80000000e+00  1.80573366e+00 
 3.75026625e-06  1.80000000e+00  1.80544553e+00 
 3.75033303e-06  1.80000000e+00  1.80497530e+00 
 3.75046657e-06  1.80000000e+00  1.80429633e+00 
 3.75064396e-06  1.80000000e+00  1.80365866e+00 
 3.75091359e-06  1.80000000e+00  1.80293863e+00 
 3.75145286e-06  1.80000000e+00  1.80336050e+00 
 3.75210499e-06  1.80000000e+00  1.80515197e+00 
 3.75287631e-06  1.80000000e+00  1.80417345e+00 
 3.75358344e-06  1.80000000e+00  1.80341166e+00 
 3.75454463e-06  1.80000000e+00  1.80242715e+00 
 3.75560652e-06  1.80000000e+00  1.80079118e+00 
 3.75651328e-06  1.80000000e+00  1.79999945e+00 
 3.75749006e-06  1.80000000e+00  1.79945962e+00 
 3.75842449e-06  1.80000000e+00  1.79929695e+00 
 3.75943888e-06  1.80000000e+00  1.79937117e+00 
 3.76061927e-06  1.80000000e+00  1.79942972e+00 
 3.76298006e-06  1.80000000e+00  1.79958246e+00 
 3.76609837e-06  1.80000000e+00  1.79970296e+00 
 3.77059889e-06  1.80000000e+00  1.79983468e+00 
 3.77847990e-06  1.80000000e+00  1.79992964e+00 
 3.79424192e-06  1.80000000e+00  1.79999673e+00 
 3.82425421e-06  1.80000000e+00  1.79999329e+00 
 3.88427878e-06  1.80000000e+00  1.80000373e+00 
 4.00000000e-06  1.80000000e+00  1.79999539e+00 
 4.00001000e-06  1.62000000e+00  1.79919535e+00 
 4.00003000e-06  1.26000000e+00  1.79769840e+00 
 4.00007000e-06  5.40000000e-01  1.79514257e+00 
 4.00010000e-06  0.00000000e+00  1.79359269e+00 
 4.00010052e-06  0.00000000e+00  1.79360690e+00 
 4.00010155e-06  0.00000000e+00  1.79364462e+00 
 4.00010362e-06  0.00000000e+00  1.79372764e+00 
 4.00010775e-06  0.00000000e+00  1.79386419e+00 
 4.00011602e-06  0.00000000e+00  1.79411098e+00 
 4.00013256e-06  0.00000000e+00  1.79456020e+00 
 4.00016564e-06  0.00000000e+00  1.79534433e+00 
 4.00023179e-06  0.00000000e+00  1.79651970e+00 
 4.00036410e-06  0.00000000e+00  1.79788988e+00 
 4.00054733e-06  0.00000000e+00  1.79876142e+00 
 4.00091380e-06  0.00000000e+00  1.79954697e+00 
 4.00141080e-06  0.00000000e+00  1.79943794e+00 
 4.00193984e-06  0.00000000e+00  1.79835896e+00 
 4.00268911e-06  0.00000000e+00  1.79661660e+00 
 4.00337297e-06  0.00000000e+00  1.79653062e+00 
 4.00409140e-06  0.00000000e+00  1.79833420e+00 
 4.00487636e-06  0.00000000e+00  1.79954264e+00 
 4.00574911e-06  0.00000000e+00  1.79957655e+00 
 4.00657407e-06  0.00000000e+00  1.79951336e+00 
 4.00742863e-06  0.00000000e+00  1.79953958e+00 
 4.00839763e-06  0.00000000e+00  1.79944860e+00 
 4.00934503e-06  0.00000000e+00  1.79938977e+00 
 4.01035321e-06  0.00000000e+00  1.79932202e+00 
 4.01179971e-06  0.00000000e+00  1.79926277e+00 
 4.01328570e-06  0.00000000e+00  1.79921122e+00 
 4.01575570e-06  0.00000000e+00  1.79923952e+00 
 4.01844492e-06  0.00000000e+00  1.79943205e+00 
 4.02086151e-06  0.00000000e+00  1.79965317e+00 
 4.02344657e-06  0.00000000e+00  1.79897879e+00 
 4.02536597e-06  0.00000000e+00  1.79946136e+00 
 4.02719781e-06  0.00000000e+00  1.80130820e+00 
 4.02883865e-06  0.00000000e+00  1.80045448e+00 
 4.03060876e-06  0.00000000e+00  1.79987478e+00 
 4.03271542e-06  0.00000000e+00  1.80026082e+00 
 4.03532620e-06  0.00000000e+00  1.80029757e+00 
 4.03849641e-06  0.00000000e+00  1.80026177e+00 
 4.04363550e-06  0.00000000e+00  1.80016428e+00 
 4.05080567e-06  0.00000000e+00  1.80009306e+00 
 4.06245727e-06  0.00000000e+00  1.79996687e+00 
 4.07359521e-06  0.00000000e+00  1.79976594e+00 
 4.08521102e-06  0.00000000e+00  1.80453216e+00 
 4.09357694e-06  0.00000000e+00  1.80024836e+00 
 4.10172554e-06  0.00000000e+00  1.79962331e+00 
 4.10885883e-06  0.00000000e+00  1.79991763e+00 
 4.11643378e-06  0.00000000e+00  1.79977072e+00 
 4.12287198e-06  0.00000000e+00  1.79995972e+00 
 4.13115895e-06  0.00000000e+00  1.79982300e+00 
 4.14155497e-06  0.00000000e+00  1.80001696e+00 
 4.15371879e-06  0.00000000e+00  1.79985888e+00 
 4.16739609e-06  0.00000000e+00  1.80032362e+00 
 4.17758922e-06  0.00000000e+00  1.79409584e+00 
 4.18471686e-06  0.00000000e+00  1.79938276e+00 
 4.19129646e-06  0.00000000e+00  1.80014112e+00 
 4.19686910e-06  0.00000000e+00  1.79979448e+00 
 4.20333288e-06  0.00000000e+00  1.80013512e+00 
 4.21626043e-06  0.00000000e+00  1.79982945e+00 
 4.23303590e-06  0.00000000e+00  1.80012942e+00 
 4.25010000e-06  6.67038446e-12  1.79984474e+00 
 4.25011000e-06  1.80000000e-01  1.80038126e+00 
 4.25013000e-06  5.40000000e-01  1.80152047e+00 
 4.25017000e-06  1.26000000e+00  1.80408097e+00 
 4.25020000e-06  1.80000000e+00  1.80599559e+00 
 4.25020052e-06  1.80000000e+00  1.80599146e+00 
 4.25020156e-06  1.80000000e+00  1.80597709e+00 
 4.25020365e-06  1.80000000e+00  1.80594222e+00 
 4.25020782e-06  1.80000000e+00  1.80589281e+00 
 4.25021617e-06  1.80000000e+00  1.80581231e+00 
 4.25023286e-06  1.80000000e+00  1.80566357e+00 
 4.25026624e-06  1.80000000e+00  1.80538972e+00 
 4.25033300e-06  1.80000000e+00  1.80494212e+00 
 4.25041616e-06  1.80000000e+00  1.80451339e+00 
 4.25058249e-06  1.80000000e+00  1.80387694e+00 
 4.25076984e-06  1.80000000e+00  1.80331371e+00 
 4.25108627e-06  1.80000000e+00  1.80286323e+00 
 4.25171913e-06  1.80000000e+00  1.80419391e+00 
 4.25234078e-06  1.80000000e+00  1.80443562e+00 
 4.25303900e-06  1.80000000e+00  1.80292244e+00 
 4.25377683e-06  1.80000000e+00  1.80186247e+00 
 4.25472324e-06  1.80000000e+00  1.80014079e+00 
 4.25556799e-06  1.80000000e+00  1.79881834e+00 
 4.25651519e-06  1.80000000e+00  1.79819505e+00 
 4.25746850e-06  1.80000000e+00  1.79795371e+00 
 4.25845183e-06  1.80000000e+00  1.79808826e+00 
 4.26008395e-06  1.80000000e+00  1.79841862e+00 
 4.26170834e-06  1.80000000e+00  1.79871607e+00 
 4.26437858e-06  1.80000000e+00  1.79907876e+00 
 4.26787948e-06  1.80000000e+00  1.79940861e+00 
 4.27367607e-06  1.80000000e+00  1.79971088e+00 
 4.28526925e-06  1.80000000e+00  1.79994080e+00 
 4.30845560e-06  1.80000000e+00  1.79999051e+00 
 4.35482832e-06  1.80000000e+00  1.79998949e+00 
 4.44757375e-06  1.80000000e+00  1.79999574e+00 
 4.50000000e-06  1.80000000e+00  1.79999758e+00 
 4.50001000e-06  1.62000000e+00  1.79920092e+00 
 4.50003000e-06  1.26000000e+00  1.79771173e+00 
 4.50007000e-06  5.40000000e-01  1.79516824e+00 
 4.50010000e-06  0.00000000e+00  1.79362034e+00 
 4.50010052e-06  0.00000000e+00  1.79363447e+00 
 4.50010155e-06  0.00000000e+00  1.79367198e+00 
 4.50010362e-06  0.00000000e+00  1.79375465e+00 
 4.50010775e-06  0.00000000e+00  1.79389036e+00 
 4.50011602e-06  0.00000000e+00  1.79413483e+00 
 4.50013256e-06  0.00000000e+00  1.79457949e+00 
 4.50016564e-06  0.00000000e+00  1.79535524e+00 
 4.50023180e-06  0.00000000e+00  1.79651676e+00 
 4.50036412e-06  0.00000000e+00  1.79786175e+00 
 4.50062877e-06  0.00000000e+00  1.79896244e+00 
 4.50109507e-06  0.00000000e+00  1.79971705e+00 
 4.50175538e-06  0.00000000e+00  1.79958804e+00 
 4.50246788e-06  0.00000000e+00  1.79840887e+00 
 4.50308347e-06  0.00000000e+00  1.79762180e+00 
 4.50385174e-06  0.00000000e+00  1.79933534e+00 
 4.50466654e-06  0.00000000e+00  1.80122504e+00 
 4.50554194e-06  0.00000000e+00  1.80161836e+00 
 4.50641148e-06  0.00000000e+00  1.80157432e+00 
 4.50744627e-06  0.00000000e+00  1.80164857e+00 
 4.50871684e-06  0.00000000e+00  1.80152239e+00 
 4.51033344e-06  0.00000000e+00  1.80140220e+00 
 4.51153182e-06  0.00000000e+00  1.80130576e+00 
 4.51293569e-06  0.00000000e+00  1.80114731e+00 
 4.51457375e-06  0.00000000e+00  1.80090593e+00 
 4.51624167e-06  0.00000000e+00  1.80059613e+00 
 4.51803209e-06  0.00000000e+00  1.80037056e+00 
 4.52161294e-06  0.00000000e+00  1.80010487e+00 
 4.52877464e-06  0.00000000e+00  1.79998255e+00 
 4.54184708e-06  0.00000000e+00  1.79997065e+00 
 4.56799196e-06  0.00000000e+00  1.79999081e+00 
 4.62028173e-06  0.00000000e+00  1.79998278e+00 
 4.72486125e-06  0.00000000e+00  1.80000100e+00 
 4.75010000e-06  6.67038446e-12  1.79998830e+00 
 4.75011000e-06  1.80000000e-01  1.80051786e+00 
 4.75013000e-06  5.40000000e-01  1.80163851e+00 
 4.75017000e-06  1.26000000e+00  1.80416310e+00 
 4.75020000e-06  1.80000000e+00  1.80606067e+00 
 4.75020052e-06  1.80000000e+00  1.80605633e+00 
 4.75020156e-06  1.80000000e+00  1.80604162e+00 
 4.75020365e-06  1.80000000e+00  1.80600623e+00 
 4.75020782e-06  1.80000000e+00  1.80595588e+00 
 4.75021617e-06  1.80000000e+00  1.80587321e+00 
 4.75023286e-06  1.80000000e+00  1.80572068e+00 
 4.75026624e-06  1.80000000e+00  1.80544131e+00 
 4.75033301e-06  1.80000000e+00  1.80498443e+00 
 4.75041518e-06  1.80000000e+00  1.80455066e+00 
 4.75057952e-06  1.80000000e+00  1.80390726e+00 
 4.75076663e-06  1.80000000e+00  1.80333390e+00 
 4.75108023e-06  1.80000000e+00  1.80286933e+00 
 4.75170742e-06  1.80000000e+00  1.80417516e+00 
 4.75233227e-06  1.80000000e+00  1.80447358e+00 
 4.75302994e-06  1.80000000e+00  1.80295824e+00 
 4.75376536e-06  1.80000000e+00  1.80189026e+00 
 4.75470765e-06  1.80000000e+00  1.80024483e+00 
 4.75553704e-06  1.80000000e+00  1.79900088e+00 
 4.75647328e-06  1.80000000e+00  1.79837567e+00 
 4.75729165e-06  1.80000000e+00  1.79802789e+00 
 4.75818721e-06  1.80000000e+00  1.79803041e+00 
 4.75918899e-06  1.80000000e+00  1.79822557e+00 
 4.76033292e-06  1.80000000e+00  1.79845269e+00 
 4.76262079e-06  1.80000000e+00  1.79884716e+00 
 4.76557241e-06  1.80000000e+00  1.79920647e+00 
 4.76977960e-06  1.80000000e+00  1.79953936e+00 
 4.77687123e-06  1.80000000e+00  1.79981808e+00 
 4.79105448e-06  1.80000000e+00  1.79998590e+00 
 4.81942099e-06  1.80000000e+00  1.79999910e+00 
 4.87615400e-06  1.80000000e+00  1.79999933e+00 
 4.98962002e-06  1.80000000e+00  1.79999951e+00 
 5.00000000e-06  1.80000000e+00  1.80000149e+00 
 5.00001000e-06  1.62000000e+00  1.79920412e+00 
 5.00003000e-06  1.26000000e+00  1.79771341e+00 
 5.00007000e-06  5.40000000e-01  1.79516699e+00 
 5.00010000e-06  0.00000000e+00  1.79361903e+00 
 5.00010052e-06  0.00000000e+00  1.79363318e+00 
 5.00010155e-06  0.00000000e+00  1.79367072e+00 
 5.00010362e-06  0.00000000e+00  1.79375337e+00 
 5.00010775e-06  0.00000000e+00  1.79388918e+00 
 5.00011602e-06  0.00000000e+00  1.79413413e+00 
 5.00013256e-06  0.00000000e+00  1.79457977e+00 
 5.00016564e-06  0.00000000e+00  1.79535741e+00 
 5.00023179e-06  0.00000000e+00  1.79652179e+00 
 5.00036409e-06  0.00000000e+00  1.79787117e+00 
 5.00062870e-06  0.00000000e+00  1.79897518e+00 
 5.00109426e-06  0.00000000e+00  1.79972867e+00 
 5.00175485e-06  0.00000000e+00  1.79960126e+00 
 5.00246758e-06  0.00000000e+00  1.79844649e+00 
 5.00308786e-06  0.00000000e+00  1.79762564e+00 
 5.00385392e-06  0.00000000e+00  1.79914017e+00 
 5.00471642e-06  0.00000000e+00  1.80074339e+00 
 5.00560808e-06  0.00000000e+00  1.80075168e+00 
 5.00648792e-06  0.00000000e+00  1.80036256e+00 
 5.00729288e-06  0.00000000e+00  1.80020736e+00 
 5.00804589e-06  0.00000000e+00  1.80003169e+00 
 5.00888719e-06  0.00000000e+00  1.79984726e+00 
 5.00999730e-06  0.00000000e+00  1.79970511e+00 
 5.01117102e-06  0.00000000e+00  1.79957167e+00 
 5.01351846e-06  0.00000000e+00  1.79941108e+00 
 5.01591106e-06  0.00000000e+00  1.79931998e+00 
 5.01931132e-06  0.00000000e+00  1.79943679e+00 
 5.02283327e-06  0.00000000e+00  1.79962996e+00 
 5.02596384e-06  0.00000000e+00  1.79896012e+00 
 5.02838171e-06  0.00000000e+00  1.80013847e+00 
 5.03064879e-06  0.00000000e+00  1.80096641e+00 
 5.03315754e-06  0.00000000e+00  1.79941837e+00 
 5.03559491e-06  0.00000000e+00  1.79999884e+00 
 5.03845604e-06  0.00000000e+00  1.80006766e+00 
 5.04175527e-06  0.00000000e+00  1.80019841e+00 
 5.04716585e-06  0.00000000e+00  1.79996551e+00 
 5.05244789e-06  0.00000000e+00  1.79986696e+00 
 5.05877511e-06  0.00000000e+00  1.79966514e+00 
 5.06588207e-06  0.00000000e+00  1.80484092e+00 
 5.07138601e-06  0.00000000e+00  1.80263300e+00 
 5.07721730e-06  0.00000000e+00  1.79997265e+00 
 5.08297486e-06  0.00000000e+00  1.79997593e+00 
 5.08935245e-06  0.00000000e+00  1.79981021e+00 
 5.09703020e-06  0.00000000e+00  1.79998602e+00 
 5.10348364e-06  0.00000000e+00  1.79986003e+00 
 5.11134488e-06  0.00000000e+00  1.80002110e+00 
 5.12393435e-06  0.00000000e+00  1.79989372e+00 
 5.14426167e-06  0.00000000e+00  1.80004847e+00 
 5.17906910e-06  0.00000000e+00  1.79991442e+00 
 5.23655680e-06  0.00000000e+00  1.80006146e+00 
 5.25010000e-06  6.67038446e-12  1.79992056e+00 
 5.25011000e-06  1.80000000e-01  1.80046190e+00 
 5.25013000e-06  5.40000000e-01  1.80160491e+00 
 5.25017000e-06  1.26000000e+00  1.80415684e+00 
 5.25020000e-06  1.80000000e+00  1.80606244e+00 
 5.25020052e-06  1.80000000e+00  1.80605804e+00 
 5.25020157e-06  1.80000000e+00  1.80604294e+00 
 5.25020365e-06  1.80000000e+00  1.80600598e+00 
 5.25020783e-06  1.80000000e+00  1.80595296e+00 
 5.25021618e-06  1.80000000e+00  1.80586705e+00 
 5.25023288e-06  1.80000000e+00  1.80570975e+00 
 5.25026628e-06  1.80000000e+00  1.80542499e+00 
 5.25033309e-06  1.80000000e+00  1.80496877e+00 
 5.25041582e-06  1.80000000e+00  1.80454042e+00 
 5.25058130e-06  1.80000000e+00  1.80390239e+00 
 5.25076410e-06  1.80000000e+00  1.80334412e+00 
 5.25108201e-06  1.80000000e+00  1.80287681e+00 
 5.25171782e-06  1.80000000e+00  1.80418883e+00 
 5.25234225e-06  1.80000000e+00  1.80439769e+00 
 5.25304624e-06  1.80000000e+00  1.80277827e+00 
 5.25378343e-06  1.80000000e+00  1.80179367e+00 
 5.25472941e-06  1.80000000e+00  1.80072749e+00 
 5.25576050e-06  1.80000000e+00  1.79937244e+00 
 5.25651913e-06  1.80000000e+00  1.79907569e+00 
 5.25741033e-06  1.80000000e+00  1.79919050e+00 
 5.25836725e-06  1.80000000e+00  1.79921538e+00 
 5.25949789e-06  1.80000000e+00  1.79934407e+00 
 5.26070248e-06  1.80000000e+00  1.79941150e+00 
 5.26311166e-06  1.80000000e+00  1.79956895e+00 
 5.26622370e-06  1.80000000e+00  1.79968883e+00 
 5.27074231e-06  1.80000000e+00  1.79982510e+00 
 5.27937090e-06  1.80000000e+00  1.79993022e+00 
 5.29662809e-06  1.80000000e+00  1.79999738e+00 
 5.33114247e-06  1.80000000e+00  1.79998955e+00 
 5.40017123e-06  1.80000000e+00  1.80000236e+00 
 5.50000000e-06  1.80000000e+00  1.79999319e+00 
 5.50001000e-06  1.62000000e+00  1.79919164e+00 
 5.50003000e-06  1.26000000e+00  1.79769599e+00 
 5.50007000e-06  5.40000000e-01  1.79515284e+00 
 5.50010000e-06  0.00000000e+00  1.79361114e+00 
 5.50010052e-06  0.00000000e+00  1.79362559e+00 
 5.50010155e-06  0.00000000e+00  1.79366402e+00 
 5.50010362e-06  0.00000000e+00  1.79374924e+00 
 5.50010775e-06  0.00000000e+00  1.79388944e+00 
 5.50011602e-06  0.00000000e+00  1.79414000e+00 
 5.50013256e-06  0.00000000e+00  1.79459277e+00 
 5.50016564e-06  0.00000000e+00  1.79537461e+00 
 5.50023180e-06  0.00000000e+00  1.79653072e+00 
 5.50036412e-06  0.00000000e+00  1.79786009e+00 
 5.50062877e-06  0.00000000e+00  1.79894969e+00 
 5.50109536e-06  0.00000000e+00  1.79970453e+00 
 5.50175554e-06  0.00000000e+00  1.79971773e+00 
 5.50246766e-06  0.00000000e+00  1.79876278e+00 
 5.50308213e-06  0.00000000e+00  1.79757290e+00 
 5.50385064e-06  0.00000000e+00  1.79808079e+00 
 5.50481025e-06  0.00000000e+00  1.79987495e+00 
 5.50576080e-06  0.00000000e+00  1.80062633e+00 
 5.50670153e-06  0.00000000e+00  1.80077819e+00 
 5.50781917e-06  0.00000000e+00  1.80102952e+00 
 5.50924984e-06  0.00000000e+00  1.80104771e+00 
 5.51082754e-06  0.00000000e+00  1.80102735e+00 
 5.51232284e-06  0.00000000e+00  1.80101377e+00 
 5.51367384e-06  0.00000000e+00  1.80097207e+00 
 5.51517347e-06  0.00000000e+00  1.80087448e+00 
 5.51687851e-06  0.00000000e+00  1.80062704e+00 
 5.51863110e-06  0.00000000e+00  1.80039156e+00 
 5.52213628e-06  0.00000000e+00  1.80010961e+00 
 5.52701813e-06  0.00000000e+00  1.79999057e+00 
 5.53665705e-06  0.00000000e+00  1.79996268e+00 
 5.55442538e-06  0.00000000e+00  1.79998390e+00 
 5.58607606e-06  0.00000000e+00  1.79998329e+00 
 5.64871624e-06  0.00000000e+00  1.79999433e+00 
 5.75010000e-06  6.67038446e-12  1.79999219e+00 
 5.75011000e-06  1.80000000e-01  1.80052395e+00 
 5.75013000e-06  5.40000000e-01  1.80164855e+00 
 5.75017000e-06  1.26000000e+00  1.80417845e+00 
 5.75020000e-06  1.80000000e+00  1.80607623e+00 
 5.75020052e-06  1.80000000e+00  1.80607177e+00 
 5.75020157e-06  1.80000000e+00  1.80605669e+00 
 5.75020365e-06  1.80000000e+00  1.80602001e+00 
 5.75020783e-06  1.80000000e+00  1.80596706e+00 
 5.75021617e-06  1.80000000e+00  1.80588050e+00 
 5.75023287e-06  1.80000000e+00  1.80572188e+00 
 5.75026626e-06  1.80000000e+00  1.80543576e+00 
 5.75033305e-06  1.80000000e+00  1.80497769e+00 
 5.75041492e-06  1.80000000e+00  1.80455195e+00 
 5.75057867e-06  1.80000000e+00  1.80391574e+00 
 5.75076547e-06  1.80000000e+00  1.80334136e+00 
 5.75107824e-06  1.80000000e+00  1.80287394e+00 
 5.75170379e-06  1.80000000e+00  1.80416120e+00 
 5.75232953e-06  1.80000000e+00  1.80444863e+00 
 5.75302695e-06  1.80000000e+00  1.80287273e+00 
 5.75376145e-06  1.80000000e+00  1.80190641e+00 
 5.75470240e-06  1.80000000e+00  1.80035285e+00 
 5.75572890e-06  1.80000000e+00  1.79769144e+00 
 5.75648234e-06  1.80000000e+00  1.79668636e+00 
 5.75736442e-06  1.80000000e+00  1.79710455e+00 
 5.75835744e-06  1.80000000e+00  1.79838570e+00 
 5.75928715e-06  1.80000000e+00  1.79973314e+00 
 5.76038837e-06  1.80000000e+00  1.80036303e+00 
 5.76161300e-06  1.80000000e+00  1.80028739e+00 
 5.76304195e-06  1.80000000e+00  1.80012559e+00 
 5.76454764e-06  1.80000000e+00  1.80014477e+00 
 5.76670161e-06  1.80000000e+00  1.80008793e+00 
 5.76912382e-06  1.80000000e+00  1.80008677e+00 
 5.77324587e-06  1.80000000e+00  1.80001815e+00 
 5.77990014e-06  1.80000000e+00  1.80002042e+00 
 5.79018752e-06  1.80000000e+00  1.79997957e+00 
 5.80778814e-06  1.80000000e+00  1.80001156e+00 
 5.83571696e-06  1.80000000e+00  1.79998373e+00 
 5.89106187e-06  1.80000000e+00  1.80001459e+00 
 6.00000000e-06  1.80000000e+00  1.79998489e+00 
 6.00001000e-06  1.62000000e+00  1.79918581e+00 
 6.00003000e-06  1.26000000e+00  1.79769253e+00 
 6.00007000e-06  5.40000000e-01  1.79514674e+00 
 6.00010000e-06  0.00000000e+00  1.79360391e+00 
 6.00010052e-06  0.00000000e+00  1.79361833e+00 
 6.00010155e-06  0.00000000e+00  1.79365663e+00 
 6.00010362e-06  0.00000000e+00  1.79374163e+00 
 6.00010775e-06  0.00000000e+00  1.79388195e+00 
 6.00011602e-06  0.00000000e+00  1.79413369e+00 
 6.00013256e-06  0.00000000e+00  1.79458881e+00 
 6.00016564e-06  0.00000000e+00  1.79537420e+00 
 6.00023180e-06  0.00000000e+00  1.79653411e+00 
 6.00036412e-06  0.00000000e+00  1.79786743e+00 
 6.00062877e-06  0.00000000e+00  1.79896196e+00 
 6.00109437e-06  0.00000000e+00  1.79971762e+00 
 6.00175499e-06  0.00000000e+00  1.79968629e+00 
 6.00246685e-06  0.00000000e+00  1.79864019e+00 
 6.00308689e-06  0.00000000e+00  1.79744080e+00 
 6.00385267e-06  0.00000000e+00  1.79879780e+00 
 6.00481877e-06  0.00000000e+00  1.80223174e+00 
 6.00571340e-06  0.00000000e+00  1.80102075e+00 
 6.00665918e-06  0.00000000e+00  1.80008556e+00 
 6.00761578e-06  0.00000000e+00  1.80040990e+00 
 6.00854991e-06  0.00000000e+00  1.80053800e+00 
 6.00956427e-06  0.00000000e+00  1.80021624e+00 
 6.01079502e-06  0.00000000e+00  1.79993191e+00 
 6.01200593e-06  0.00000000e+00  1.79976503e+00 
 6.01442774e-06  0.00000000e+00  1.79942441e+00 
 6.01700058e-06  0.00000000e+00  1.79873243e+00 
 6.01888081e-06  0.00000000e+00  1.79807974e+00 
 6.02102671e-06  0.00000000e+00  1.79803154e+00 
 6.02327428e-06  0.00000000e+00  1.79846062e+00 
 6.02581537e-06  0.00000000e+00  1.79834057e+00 
 6.02787776e-06  0.00000000e+00  1.79852380e+00 
 6.02942744e-06  0.00000000e+00  1.79250434e+00 
 6.03095827e-06  0.00000000e+00  1.79077319e+00 
 6.03241075e-06  0.00000000e+00  1.79356051e+00 
 6.03392488e-06  0.00000000e+00  1.79480407e+00 
 6.03552866e-06  0.00000000e+00  1.79726716e+00 
 6.03792568e-06  0.00000000e+00  1.79871476e+00 
 6.04098816e-06  0.00000000e+00  1.80001123e+00 
 6.04596238e-06  0.00000000e+00  1.80008033e+00 
 6.05256114e-06  0.00000000e+00  1.80015706e+00 
 6.05998413e-06  0.00000000e+00  1.79990441e+00 
 6.06821318e-06  0.00000000e+00  1.80009576e+00 
 6.08376766e-06  0.00000000e+00  1.79991937e+00 
 6.11487661e-06  0.00000000e+00  1.80008124e+00 
 6.16385140e-06  0.00000000e+00  1.79991460e+00 
 6.25010000e-06  6.67038446e-12  1.80007850e+00 
 6.25011000e-06  1.80000000e-01  1.80062270e+00 
 6.25013000e-06  5.40000000e-01  1.80175278e+00 
 6.25017000e-06  1.26000000e+00  1.80424953e+00 
 6.25020000e-06  1.80000000e+00  1.80612083e+00 
 6.25020052e-06  1.80000000e+00  1.80611607e+00 
 6.25020156e-06  1.80000000e+00  1.80610052e+00 
 6.25020365e-06  1.80000000e+00  1.80606347e+00 
 6.25020782e-06  1.80000000e+00  1.80601017e+00 
 6.25021617e-06  1.80000000e+00  1.80592287e+00 
 6.25023285e-06  1.80000000e+00  1.80576243e+00 
 6.25026623e-06  1.80000000e+00  1.80547086e+00 
 6.25033298e-06  1.80000000e+00  1.80500066e+00 
 6.25041465e-06  1.80000000e+00  1.80456277e+00 
 6.25057798e-06  1.80000000e+00  1.80391789e+00 
 6.25075998e-06  1.80000000e+00  1.80335708e+00 
 6.25105806e-06  1.80000000e+00  1.80287760e+00 
 6.25165421e-06  1.80000000e+00  1.80399949e+00 
 6.25228624e-06  1.80000000e+00  1.80451132e+00 
 6.25298581e-06  1.80000000e+00  1.80291264e+00 
 6.25370935e-06  1.80000000e+00  1.80192571e+00 
 6.25463582e-06  1.80000000e+00  1.80135570e+00 
 6.25565360e-06  1.80000000e+00  1.80038908e+00 
 6.25691618e-06  1.80000000e+00  1.79872374e+00 
 6.25794075e-06  1.80000000e+00  1.79802240e+00 
 6.25902812e-06  1.80000000e+00  1.79787689e+00 
 6.26019058e-06  1.80000000e+00  1.79805809e+00 
 6.26201241e-06  1.80000000e+00  1.79847153e+00 
 6.26373038e-06  1.80000000e+00  1.79875538e+00 
 6.26716633e-06  1.80000000e+00  1.79921507e+00 
 6.27206929e-06  1.80000000e+00  1.79957651e+00 
 6.28054410e-06  1.80000000e+00  1.79988001e+00 
 6.29660003e-06  1.80000000e+00  1.79999342e+00 
 6.32364377e-06  1.80000000e+00  1.80000721e+00 
 6.37773125e-06  1.80000000e+00  1.79999544e+00 
 6.48590621e-06  1.80000000e+00  1.80000693e+00 
 6.50000000e-06  1.80000000e+00  1.79999463e+00 
 6.50001000e-06  1.62000000e+00  1.79920201e+00 
 6.50003000e-06  1.26000000e+00  1.79771846e+00 
 6.50007000e-06  5.40000000e-01  1.79517659e+00 
 6.50010000e-06  0.00000000e+00  1.79362794e+00 
 6.50010052e-06  0.00000000e+00  1.79364207e+00 
 6.50010155e-06  0.00000000e+00  1.79367954e+00 
 6.50010362e-06  0.00000000e+00  1.79376209e+00 
 6.50010775e-06  0.00000000e+00  1.79389753e+00 
 6.50011602e-06  0.00000000e+00  1.79414103e+00 
 6.50013256e-06  0.00000000e+00  1.79458388e+00 
 6.50016564e-06  0.00000000e+00  1.79535668e+00 
 6.50023179e-06  0.00000000e+00  1.79651441e+00 
 6.50036410e-06  0.00000000e+00  1.79785721e+00 
 6.50062871e-06  0.00000000e+00  1.79895659e+00 
 6.50109568e-06  0.00000000e+00  1.79971340e+00 
 6.50175560e-06  0.00000000e+00  1.79966657e+00 
 6.50246257e-06  0.00000000e+00  1.79861682e+00 
 6.50307971e-06  0.00000000e+00  1.79732442e+00 
 6.50384519e-06  0.00000000e+00  1.79767418e+00 
 6.50480330e-06  0.00000000e+00  1.80026916e+00 
 6.50575750e-06  0.00000000e+00  1.80191486e+00 
 6.50669403e-06  0.00000000e+00  1.80198252e+00 
 6.50772235e-06  0.00000000e+00  1.80180358e+00 
 6.50880879e-06  0.00000000e+00  1.80173502e+00 
 6.51047552e-06  0.00000000e+00  1.80144878e+00 
 6.51221147e-06  0.00000000e+00  1.80129491e+00 
 6.51354310e-06  0.00000000e+00  1.80117976e+00 
 6.51510146e-06  0.00000000e+00  1.80105036e+00 
 6.51667696e-06  0.00000000e+00  1.80083347e+00 
 6.51843578e-06  0.00000000e+00  1.80054615e+00 
 6.52195342e-06  0.00000000e+00  1.80017483e+00 
 6.52611591e-06  0.00000000e+00  1.80001255e+00 
 6.53444089e-06  0.00000000e+00  1.79996572e+00 
 6.55109086e-06  0.00000000e+00  1.79997894e+00 
 6.58439078e-06  0.00000000e+00  1.79998802e+00 
 6.65099063e-06  0.00000000e+00  1.79999091e+00 
 6.75010000e-06  6.67038446e-12  1.79999649e+00 
 6.75011000e-06  1.80000000e-01  1.80052270e+00 
 6.75013000e-06  5.40000000e-01  1.80163879e+00 
 6.75017000e-06  1.26000000e+00  1.80416277e+00 
 6.75020000e-06  1.80000000e+00  1.80606048e+00 
 6.75020052e-06  1.80000000e+00  1.80605614e+00 
 6.75020157e-06  1.80000000e+00  1.80604151e+00 
 6.75020365e-06  1.80000000e+00  1.80600644e+00 
 6.75020783e-06  1.80000000e+00  1.80595676e+00 
 6.75021617e-06  1.80000000e+00  1.80587534e+00 
 6.75023287e-06  1.80000000e+00  1.80572505e+00 
 6.75026626e-06  1.80000000e+00  1.80544935e+00 
 6.75033305e-06  1.80000000e+00  1.80499684e+00 
 6.75041416e-06  1.80000000e+00  1.80456991e+00 
 6.75057638e-06  1.80000000e+00  1.80393005e+00 
 6.75079594e-06  1.80000000e+00  1.80325886e+00 
 6.75107461e-06  1.80000000e+00  1.80285629e+00 
 6.75163196e-06  1.80000000e+00  1.80395047e+00 
 6.75225140e-06  1.80000000e+00  1.80458235e+00 
 6.75292298e-06  1.80000000e+00  1.80304728e+00 
 6.75364462e-06  1.80000000e+00  1.80198271e+00 
 6.75456714e-06  1.80000000e+00  1.80140329e+00 
 6.75557600e-06  1.80000000e+00  1.80054070e+00 
 6.75680608e-06  1.80000000e+00  1.79896778e+00 
 6.75777475e-06  1.80000000e+00  1.79826173e+00 
 6.75881635e-06  1.80000000e+00  1.79793518e+00 
 6.75984531e-06  1.80000000e+00  1.79792800e+00 
 6.76091921e-06  1.80000000e+00  1.79821619e+00 
 6.76214592e-06  1.80000000e+00  1.79842925e+00 
 6.76459935e-06  1.80000000e+00  1.79888210e+00 
 6.76909678e-06  1.80000000e+00  1.79935438e+00 
 6.77586682e-06  1.80000000e+00  1.79975981e+00 
 6.78940689e-06  1.80000000e+00  1.79996183e+00 
 6.81648704e-06  1.80000000e+00  1.80001665e+00 
 6.87064733e-06  1.80000000e+00  1.79998368e+00 
 6.97896792e-06  1.80000000e+00  1.80001547e+00 
 7.00000000e-06  1.80000000e+00  1.79998615e+00 
 7.00001000e-06  1.62000000e+00  1.79919237e+00 
 7.00003000e-06  1.26000000e+00  1.79770757e+00 
 7.00007000e-06  5.40000000e-01  1.79516447e+00 
 7.00010000e-06  0.00000000e+00  1.79361518e+00 
 7.00010052e-06  0.00000000e+00  1.79362934e+00 
 7.00010155e-06  0.00000000e+00  1.79366684e+00 
 7.00010362e-06  0.00000000e+00  1.79374937e+00 
 7.00010775e-06  0.00000000e+00  1.79388491e+00 
 7.00011602e-06  0.00000000e+00  1.79412920e+00 
 7.00013256e-06  0.00000000e+00  1.79457351e+00 
 7.00016564e-06  0.00000000e+00  1.79534888e+00 
 7.00023179e-06  0.00000000e+00  1.79651028e+00 
 7.00036410e-06  0.00000000e+00  1.79785750e+00 
 7.00062871e-06  0.00000000e+00  1.79896072e+00 
 7.00109449e-06  0.00000000e+00  1.79971786e+00 
 7.00175493e-06  0.00000000e+00  1.79967660e+00 
 7.00246205e-06  0.00000000e+00  1.79864980e+00 
 7.00308506e-06  0.00000000e+00  1.79731313e+00 
 7.00384785e-06  0.00000000e+00  1.79751797e+00 
 7.00481287e-06  0.00000000e+00  1.79980251e+00 
 7.00571031e-06  0.00000000e+00  1.80104101e+00 
 7.00665286e-06  0.00000000e+00  1.80090257e+00 
 7.00743275e-06  0.00000000e+00  1.80055903e+00 
 7.00831775e-06  0.00000000e+00  1.80036227e+00 
 7.00921314e-06  0.00000000e+00  1.80015726e+00 
 7.01040202e-06  0.00000000e+00  1.79992803e+00 
 7.01183222e-06  0.00000000e+00  1.79973666e+00 
 7.01455009e-06  0.00000000e+00  1.79950267e+00 
 7.01738715e-06  0.00000000e+00  1.79943461e+00 
 7.02086806e-06  0.00000000e+00  1.79953743e+00 
 7.02379052e-06  0.00000000e+00  1.79969806e+00 
 7.02683083e-06  0.00000000e+00  1.79884597e+00 
 7.02906432e-06  0.00000000e+00  1.79944229e+00 
 7.03115068e-06  0.00000000e+00  1.80066966e+00 
 7.03316963e-06  0.00000000e+00  1.79928005e+00 
 7.03526875e-06  0.00000000e+00  1.79927060e+00 
 7.03772229e-06  0.00000000e+00  1.79946690e+00 
 7.04093074e-06  0.00000000e+00  1.79955990e+00 
 7.04426696e-06  0.00000000e+00  1.79963538e+00 
 7.05017317e-06  0.00000000e+00  1.79979615e+00 
 7.05798993e-06  0.00000000e+00  1.79988505e+00 
 7.07145415e-06  0.00000000e+00  1.79996319e+00 
 7.09243581e-06  0.00000000e+00  1.79997204e+00 
 7.12282305e-06  0.00000000e+00  1.79999378e+00 
 7.17052519e-06  0.00000000e+00  1.79998435e+00 
 7.25010000e-06  6.67038446e-12  1.80000102e+00 
 7.25011000e-06  1.80000000e-01  1.80053448e+00 
 7.25013000e-06  5.40000000e-01  1.80166135e+00 
 7.25017000e-06  1.26000000e+00  1.80419114e+00 
 7.25020000e-06  1.80000000e+00  1.80608969e+00 
 7.25020052e-06  1.80000000e+00  1.80608541e+00 
 7.25020157e-06  1.80000000e+00  1.80607092e+00 
 7.25020365e-06  1.80000000e+00  1.80603611e+00 
 7.25020783e-06  1.80000000e+00  1.80598683e+00 
 7.25021617e-06  1.80000000e+00  1.80590586e+00 
 7.25023287e-06  1.80000000e+00  1.80575445e+00 
 7.25026626e-06  1.80000000e+00  1.80547314e+00 
 7.25033303e-06  1.80000000e+00  1.80501012e+00 
 7.25041761e-06  1.80000000e+00  1.80455802e+00 
 7.25058677e-06  1.80000000e+00  1.80389016e+00 
 7.25076759e-06  1.80000000e+00  1.80333225e+00 
 7.25106917e-06  1.80000000e+00  1.80286807e+00 
 7.25167235e-06  1.80000000e+00  1.80405538e+00 
 7.25229335e-06  1.80000000e+00  1.80450157e+00 
 7.25299206e-06  1.80000000e+00  1.80291469e+00 
 7.25371515e-06  1.80000000e+00  1.80195568e+00 
 7.25464456e-06  1.80000000e+00  1.80127817e+00 
 7.25566199e-06  1.80000000e+00  1.79993610e+00 
 7.25660702e-06  1.80000000e+00  1.79867237e+00 
 7.25783100e-06  1.80000000e+00  1.79799415e+00 
 7.25894039e-06  1.80000000e+00  1.79791435e+00 
 7.26016531e-06  1.80000000e+00  1.79816304e+00 
 7.26192989e-06  1.80000000e+00  1.79852385e+00 
 7.26424232e-06  1.80000000e+00  1.79890668e+00 
 7.26818197e-06  1.80000000e+00  1.79933812e+00 
 7.27405627e-06  1.80000000e+00  1.79969851e+00 
 7.28580485e-06  1.80000000e+00  1.79994677e+00 
 7.30693255e-06  1.80000000e+00  1.80000505e+00 
 7.34855731e-06  1.80000000e+00  1.79999302e+00 
 7.43180681e-06  1.80000000e+00  1.80000426e+00 
 7.50000000e-06  1.80000000e+00  1.79999567e+00 
 7.50001000e-06  1.62000000e+00  1.79919915e+00 
 7.50003000e-06  1.26000000e+00  1.79771076e+00 
 7.50007000e-06  5.40000000e-01  1.79516048e+00 
 7.50010000e-06  0.00000000e+00  1.79360263e+00 
 7.50010052e-06  0.00000000e+00  1.79361661e+00 
 7.50010155e-06  0.00000000e+00  1.79365377e+00 
 7.50010362e-06  0.00000000e+00  1.79373560e+00 
 7.50010775e-06  0.00000000e+00  1.79386984e+00 
 7.50011603e-06  0.00000000e+00  1.79411166e+00 
 7.50013257e-06  0.00000000e+00  1.79455304e+00 
 7.50016565e-06  0.00000000e+00  1.79532649e+00 
 7.50023183e-06  0.00000000e+00  1.79648933e+00 
 7.50036417e-06  0.00000000e+00  1.79784330e+00 
 7.50062885e-06  0.00000000e+00  1.79895700e+00 
 7.50109586e-06  0.00000000e+00  1.79972104e+00 
 7.50172030e-06  0.00000000e+00  1.79968428e+00 
 7.50244824e-06  0.00000000e+00  1.79861834e+00 
 7.50307825e-06  0.00000000e+00  1.79733652e+00 
 7.50384196e-06  0.00000000e+00  1.79793848e+00 
 7.50478724e-06  0.00000000e+00  1.80062729e+00 
 7.50575444e-06  0.00000000e+00  1.80188000e+00 
 7.50667741e-06  0.00000000e+00  1.80173760e+00 
 7.50785078e-06  0.00000000e+00  1.80165916e+00 
 7.50905447e-06  0.00000000e+00  1.80153908e+00 
 7.51094373e-06  0.00000000e+00  1.80129096e+00 
 7.51293357e-06  0.00000000e+00  1.80115779e+00 
 7.51464832e-06  0.00000000e+00  1.80100220e+00 
 7.51645478e-06  0.00000000e+00  1.80080226e+00 
 7.51875940e-06  0.00000000e+00  1.80046394e+00 
 7.52119033e-06  0.00000000e+00  1.80022063e+00 
 7.52528577e-06  0.00000000e+00  1.80003728e+00 
 7.53098027e-06  0.00000000e+00  1.79997769e+00 
 7.54045035e-06  0.00000000e+00  1.79997311e+00 
 7.55667926e-06  0.00000000e+00  1.79998238e+00 
 7.58303992e-06  0.00000000e+00  1.79998606e+00 
 7.63124342e-06  0.00000000e+00  1.79999140e+00 
 7.71762378e-06  0.00000000e+00  1.79999390e+00 
 7.75010000e-06  0.00000000e+00  1.79999538e+00 
 7.75011000e-06  1.80000000e-01  1.80052201e+00 
 7.75013000e-06  5.40000000e-01  1.80164271e+00 
 7.75017000e-06  1.26000000e+00  1.80418089e+00 
 7.75020000e-06  1.80000000e+00  1.80608837e+00 
 7.75020052e-06  1.80000000e+00  1.80608426e+00 
 7.75020156e-06  1.80000000e+00  1.80607014e+00 
 7.75020365e-06  1.80000000e+00  1.80603616e+00 
 7.75020782e-06  1.80000000e+00  1.80598827e+00 
 7.75021617e-06  1.80000000e+00  1.80590952e+00 
 7.75023286e-06  1.80000000e+00  1.80576179e+00 
 7.75026623e-06  1.80000000e+00  1.80548598e+00 
 7.75033299e-06  1.80000000e+00  1.80502698e+00 
 7.75041717e-06  1.80000000e+00  1.80457566e+00 
 7.75058552e-06  1.80000000e+00  1.80390382e+00 
 7.75081568e-06  1.80000000e+00  1.80320361e+00 
 7.75109344e-06  1.80000000e+00  1.80284323e+00 
 7.75164898e-06  1.80000000e+00  1.80400584e+00 
 7.75225967e-06  1.80000000e+00  1.80457125e+00 
 7.75292065e-06  1.80000000e+00  1.80306322e+00 
 7.75364591e-06  1.80000000e+00  1.80201304e+00 
 7.75457255e-06  1.80000000e+00  1.80133910e+00 
 7.75557911e-06  1.80000000e+00  1.80014023e+00 
 7.75656360e-06  1.80000000e+00  1.79887014e+00 
 7.75762045e-06  1.80000000e+00  1.79820362e+00 
 7.75856993e-06  1.80000000e+00  1.79793020e+00 
 7.75956200e-06  1.80000000e+00  1.79799231e+00 
 7.76063401e-06  1.80000000e+00  1.79823896e+00 
 7.76187273e-06  1.80000000e+00  1.79847751e+00 
 7.76435016e-06  1.80000000e+00  1.79890173e+00 
 7.76850905e-06  1.80000000e+00  1.79935126e+00 
 7.77492405e-06  1.80000000e+00  1.79973065e+00 
 7.78775407e-06  1.80000000e+00  1.79996203e+00 
 7.81341410e-06  1.80000000e+00  1.80000896e+00 
 7.86473417e-06  1.80000000e+00  1.79999161e+00 
 7.96737429e-06  1.80000000e+00  1.80000706e+00 
 8.00000000e-06  1.80000000e+00  1.79999450e+00 
 8.00001000e-06  1.62000000e+00  1.79919977e+00 
 8.00003000e-06  1.26000000e+00  1.79771158e+00 
 8.00007000e-06  5.40000000e-01  1.79515290e+00 
 8.00010000e-06  0.00000000e+00  1.79359045e+00 
 8.00010052e-06  0.00000000e+00  1.79360439e+00 
 8.00010155e-06  0.00000000e+00  1.79364142e+00 
 8.00010362e-06  0.00000000e+00  1.79372300e+00 
 8.00010775e-06  0.00000000e+00  1.79385687e+00 
 8.00011602e-06  0.00000000e+00  1.79409848e+00 
 8.00013256e-06  0.00000000e+00  1.79453975e+00 
 8.00016564e-06  0.00000000e+00  1.79531374e+00 
 8.00023179e-06  0.00000000e+00  1.79647835e+00 
 8.00036409e-06  0.00000000e+00  1.79783619e+00 
 8.00062870e-06  0.00000000e+00  1.79895581e+00 
 8.00109609e-06  0.00000000e+00  1.79972599e+00 
 8.00171980e-06  0.00000000e+00  1.79969710e+00 
 8.00244826e-06  0.00000000e+00  1.79865298e+00 
 8.00308381e-06  0.00000000e+00  1.79731840e+00 
 8.00384841e-06  0.00000000e+00  1.79774887e+00 
 8.00481523e-06  0.00000000e+00  1.80016122e+00 
 8.00575022e-06  0.00000000e+00  1.80117825e+00 
 8.00670158e-06  0.00000000e+00  1.80094501e+00 
 8.00756574e-06  0.00000000e+00  1.80076414e+00 
 8.00850766e-06  0.00000000e+00  1.80065832e+00 
 8.00954175e-06  0.00000000e+00  1.80050959e+00 
 8.01070023e-06  0.00000000e+00  1.80038202e+00 
 8.01242931e-06  0.00000000e+00  1.80024155e+00 
 8.01395639e-06  0.00000000e+00  1.80015863e+00 
 8.01557113e-06  0.00000000e+00  1.80010019e+00 
 8.01723273e-06  0.00000000e+00  1.80005944e+00 
 8.01904537e-06  0.00000000e+00  1.80003188e+00 
 8.02267065e-06  0.00000000e+00  1.80000120e+00 
 8.02809941e-06  0.00000000e+00  1.79998676e+00 
 8.03696819e-06  0.00000000e+00  1.79998232e+00 
 8.05470577e-06  0.00000000e+00  1.79998440e+00 
 8.09018092e-06  0.00000000e+00  1.79998791e+00 
 8.16113122e-06  0.00000000e+00  1.79999302e+00 
 8.25010000e-06  0.00000000e+00  1.79999501e+00 
 8.25011000e-06  1.80000000e-01  1.80052174e+00 
 8.25013000e-06  5.40000000e-01  1.80164242e+00 
 8.25017000e-06  1.26000000e+00  1.80418097e+00 
 8.25020000e-06  1.80000000e+00  1.80608795e+00 
 8.25020052e-06  1.80000000e+00  1.80608382e+00 
 8.25020157e-06  1.80000000e+00  1.80606966e+00 
 8.25020365e-06  1.80000000e+00  1.80603559e+00 
 8.25020783e-06  1.80000000e+00  1.80598763e+00 
 8.25021618e-06  1.80000000e+00  1.80590868e+00 
 8.25023289e-06  1.80000000e+00  1.80576056e+00 
 8.25026629e-06  1.80000000e+00  1.80548377e+00 
 8.25033311e-06  1.80000000e+00  1.80502376e+00 
 8.25046674e-06  1.80000000e+00  1.80434863e+00 
 8.25064428e-06  1.80000000e+00  1.80371186e+00 
 8.25085359e-06  1.80000000e+00  1.80311997e+00 
 8.25127222e-06  1.80000000e+00  1.80300386e+00 
 8.25192984e-06  1.80000000e+00  1.80472765e+00 
 8.25260855e-06  1.80000000e+00  1.80378573e+00 
 8.25330757e-06  1.80000000e+00  1.80229203e+00 
 8.25422376e-06  1.80000000e+00  1.80148088e+00 
 8.25544685e-06  1.80000000e+00  1.80103165e+00 
 8.25660459e-06  1.80000000e+00  1.80090247e+00 
 8.25788723e-06  1.80000000e+00  1.80072850e+00 
 8.25952672e-06  1.80000000e+00  1.80059957e+00 
 8.26158267e-06  1.80000000e+00  1.80043240e+00 
 8.26424339e-06  1.80000000e+00  1.80030354e+00 
 8.26764813e-06  1.80000000e+00  1.80017152e+00 
 8.27257698e-06  1.80000000e+00  1.80008514e+00 
 8.28243466e-06  1.80000000e+00  1.80000192e+00 
 8.29637594e-06  1.80000000e+00  1.79999987e+00 
 8.32425850e-06  1.80000000e+00  1.79999380e+00 
 8.38002361e-06  1.80000000e+00  1.80000474e+00 
 8.48579022e-06  1.80000000e+00  1.79999509e+00 
 8.50000000e-06  1.80000000e+00  1.80000484e+00 
 8.50001000e-06  1.62000000e+00  1.79920757e+00 
 8.50003000e-06  1.26000000e+00  1.79771447e+00 
 8.50007000e-06  5.40000000e-01  1.79515020e+00 
 8.50010000e-06  0.00000000e+00  1.79358591e+00 
 8.50010052e-06  0.00000000e+00  1.79359985e+00 
 8.50010155e-06  0.00000000e+00  1.79363697e+00 
 8.50010362e-06  0.00000000e+00  1.79371871e+00 
 8.50010775e-06  0.00000000e+00  1.79385288e+00 
 8.50011602e-06  0.00000000e+00  1.79409521e+00 
 8.50013256e-06  0.00000000e+00  1.79453756e+00 
 8.50016563e-06  0.00000000e+00  1.79531330e+00 
 8.50023177e-06  0.00000000e+00  1.79648195e+00 
 8.50036406e-06  0.00000000e+00  1.79784941e+00 
 8.50062864e-06  0.00000000e+00  1.79898501e+00 
 8.50107638e-06  0.00000000e+00  1.79977749e+00 
 8.50174537e-06  0.00000000e+00  1.79954948e+00 
 8.50253254e-06  0.00000000e+00  1.79782695e+00 
 8.50322986e-06  0.00000000e+00  1.80143559e+00 
 8.50397960e-06  0.00000000e+00  1.81392293e+00 
 8.50474611e-06  0.00000000e+00  1.81394933e+00 
 8.50560444e-06  0.00000000e+00  1.79095354e+00 
 8.50654714e-06  0.00000000e+00  1.76067797e+00 
 8.50785910e-06  0.00000000e+00  1.72034025e+00 
 8.50877041e-06  0.00000000e+00  1.69167651e+00 
 8.50981645e-06  0.00000000e+00  1.65915137e+00 
 8.51107955e-06  0.00000000e+00  1.61960084e+00 
 8.51244763e-06  0.00000000e+00  1.57683979e+00 
 8.51518381e-06  0.00000000e+00  1.49106230e+00 
 8.51829988e-06  0.00000000e+00  1.39336615e+00 
 8.52453202e-06  0.00000000e+00  1.19826386e+00 
 8.53632322e-06  0.00000000e+00  8.38768965e-01 
 8.54681143e-06  0.00000000e+00  5.62163271e-01 
 8.55504980e-06  0.00000000e+00  3.66433479e-01 
 8.56113183e-06  0.00000000e+00  2.41561734e-01 
 8.56620410e-06  0.00000000e+00  1.56588353e-01 
 8.56977925e-06  0.00000000e+00  1.11242421e-01 
 8.57327576e-06  0.00000000e+00  8.07319221e-02 
 8.57693820e-06  0.00000000e+00  5.66508191e-02 
 8.58030503e-06  0.00000000e+00  4.08115075e-02 
 8.58697239e-06  0.00000000e+00  2.00698682e-02 
 8.59400714e-06  0.00000000e+00  9.34439726e-03 
 8.60548232e-06  0.00000000e+00  2.26051677e-03 
 8.61874852e-06  0.00000000e+00  7.52234499e-04 
 8.63567993e-06  0.00000000e+00  6.55120774e-04 
 8.65939283e-06  0.00000000e+00  1.05152901e-03 
 8.68537876e-06  0.00000000e+00  1.01142458e-03 
 8.71908974e-06  0.00000000e+00  9.63129655e-04 
 8.75010000e-06  0.00000000e+00  7.05496707e-04 
 8.75011000e-06  1.80000000e-01  1.39450768e-03 
 8.75013000e-06  5.40000000e-01  2.66952542e-03 
 8.75017000e-06  1.26000000e+00  4.91091822e-03 
 8.75020000e-06  1.80000000e+00  6.38760743e-03 
 8.75020052e-06  1.80000000e+00  6.37684011e-03 
 8.75020157e-06  1.80000000e+00  6.35109793e-03 
 8.75020365e-06  1.80000000e+00  6.29786412e-03 
 8.75020783e-06  1.80000000e+00  6.21459141e-03 
 8.75021618e-06  1.80000000e+00  6.07446613e-03 
 8.75023288e-06  1.80000000e+00  5.82367809e-03 
 8.75026628e-06  1.80000000e+00  5.39619886e-03 
 8.75033309e-06  1.80000000e+00  4.77315802e-03 
 8.75046670e-06  1.80000000e+00  4.05290648e-03 
 8.75064421e-06  1.80000000e+00  3.61232949e-03 
 8.75091418e-06  1.80000000e+00  3.33312502e-03 
 8.75145413e-06  1.80000000e+00  3.81989389e-03 
 8.75211056e-06  1.80000000e+00  4.41260621e-03 
 8.75280977e-06  1.80000000e+00  3.55152482e-03 
 8.75354239e-06  1.80000000e+00  3.20082251e-03 
 8.75447158e-06  1.80000000e+00  3.17193685e-03 
 8.75552523e-06  1.80000000e+00  2.06926771e-03 
 8.75660017e-06  1.80000000e+00 -8.49282432e-04 
 8.75764945e-06  1.80000000e+00 -1.93997780e-03 
 8.75875856e-06  1.80000000e+00 -6.25593131e-04 
 8.76010135e-06  1.80000000e+00 -3.69905518e-04 
 8.76132351e-06  1.80000000e+00 -2.24396600e-04 
 8.76285003e-06  1.80000000e+00  5.64276717e-05 
 8.76590308e-06  1.80000000e+00  2.74048564e-04 
 8.76988197e-06  1.80000000e+00  4.99401256e-04 
 8.77733467e-06  1.80000000e+00  5.97173683e-04 
 8.78889864e-06  1.80000000e+00  6.49583757e-04 
 8.80809304e-06  1.80000000e+00  5.22533289e-04 
 8.84080595e-06  1.80000000e+00  4.15652625e-04 
 8.90306580e-06  1.80000000e+00  2.27856821e-04 
 9.00000000e-06  1.80000000e+00  1.46208822e-04 
