 1.00000000e-12  1.78200000e+00  5.65545149e-01 
 1.02571627e-12  1.78153711e+00  5.60989984e-01 
 1.07714882e-12  1.78061132e+00  5.56113926e-01 
 1.18001392e-12  1.77875975e+00  5.56749468e-01 
 1.38574411e-12  1.77505661e+00  5.60201607e-01 
 1.62889519e-12  1.77067989e+00  5.63623427e-01 
 2.11519735e-12  1.76192645e+00  5.68608313e-01 
 3.03713274e-12  1.74533161e+00  5.72082046e-01 
 4.18764079e-12  1.72462247e+00  5.72801555e-01 
 6.01427943e-12  1.69174297e+00  5.72513747e-01 
 8.69676562e-12  1.64345822e+00  5.72186115e-01 
 1.36325233e-11  1.55461458e+00  5.71343880e-01 
 1.91008741e-11  1.45618427e+00  5.70633331e-01 
 3.00375757e-11  1.25932364e+00  5.69047090e-01 
 5.19109788e-11  8.65602382e-01  5.66827510e-01 
 9.56577850e-11  7.81598700e-02  5.63986720e-01 
 1.00000000e-10  0.00000000e+00  5.63915557e-01 
 1.03872708e-10  0.00000000e+00  5.63982614e-01 
 1.11618125e-10  0.00000000e+00  5.64329668e-01 
 1.27108958e-10  0.00000000e+00  5.64937218e-01 
 1.58090624e-10  0.00000000e+00  5.66308456e-01 
 2.20053955e-10  0.00000000e+00  5.69740062e-01 
 3.43980619e-10  0.00000000e+00  5.76855177e-01 
 5.83789404e-10  0.00000000e+00  5.87308633e-01 
 8.93792531e-10  0.00000000e+00  5.99363331e-01 
 1.24862748e-09  0.00000000e+00  6.11890007e-01 
 1.78816293e-09  0.00000000e+00  6.16028784e-01 
 2.34765242e-09  0.00000000e+00  5.98909686e-01 
 3.11729694e-09  0.00000000e+00  5.57959769e-01 
 3.94390491e-09  0.00000000e+00  5.06756313e-01 
 4.76623444e-09  0.00000000e+00  4.59674863e-01 
 5.61876763e-09  0.00000000e+00  4.10476957e-01 
 6.68988073e-09  0.00000000e+00  3.56119774e-01 
 7.68341289e-09  0.00000000e+00  3.02877748e-01 
 8.35345785e-09  0.00000000e+00  2.71977292e-01 
 9.03784960e-09  0.00000000e+00  2.42799312e-01 
 9.64456776e-09  0.00000000e+00  2.19919288e-01 
 1.03307552e-08  0.00000000e+00  1.97329146e-01 
 1.13011547e-08  0.00000000e+00  1.67091029e-01 
 1.19423245e-08  0.00000000e+00  1.49128450e-01 
 1.26223663e-08  0.00000000e+00  1.30896564e-01 
 1.33778326e-08  0.00000000e+00  1.12777541e-01 
 1.42097984e-08  0.00000000e+00  9.56721540e-02 
 1.55213614e-08  0.00000000e+00  7.34372512e-02 
 1.74532639e-08  0.00000000e+00  4.94357965e-02 
 2.04762663e-08  0.00000000e+00  2.59387347e-02 
 2.41425673e-08  0.00000000e+00  1.16769225e-02 
 2.76690190e-08  0.00000000e+00  5.35248322e-03 
 3.13522395e-08  0.00000000e+00  2.38918591e-03 
 3.47026278e-08  0.00000000e+00  1.13215855e-03 
 3.85662328e-08  0.00000000e+00  5.02926702e-04 
 4.34844902e-08  0.00000000e+00  1.42071721e-04 
 4.91743636e-08  0.00000000e+00  6.26839602e-05 
 5.81847510e-08  0.00000000e+00 -1.28861591e-05 
 7.62055258e-08  0.00000000e+00  1.96878557e-05 
 1.00856951e-07  0.00000000e+00 -1.80715483e-05 
 1.50159802e-07  0.00000000e+00  1.66202357e-05 
 2.41258095e-07  0.00000000e+00 -2.04872523e-05 
 2.50100000e-07  0.00000000e+00  1.67352379e-05 
 2.50110000e-07  1.80000000e-01  1.52312666e-03 
 2.50130000e-07  5.40000000e-01  4.96319687e-03 
 2.50170000e-07  1.26000000e+00  9.69100827e-03 
 2.50200000e-07  1.80000000e+00  1.07993391e-02 
 2.50207586e-07  1.80000000e+00  9.75176922e-03 
 2.50222758e-07  1.80000000e+00  7.34968309e-03 
 2.50253102e-07  1.80000000e+00  3.31728214e-03 
 2.50307509e-07  1.80000000e+00 -2.39906947e-04 
 2.50378991e-07  1.80000000e+00 -1.99225305e-03 
 2.50521954e-07  1.80000000e+00 -2.98361666e-03 
 2.50652860e-07  1.80000000e+00 -2.44391187e-03 
 2.50914671e-07  1.80000000e+00  6.50748725e-05 
 2.51226606e-07  1.80000000e+00  3.13376660e-03 
 2.51636076e-07  1.80000000e+00  3.27503210e-03 
 2.52082215e-07  1.80000000e+00  1.92044624e-03 
 2.52677591e-07  1.80000000e+00  1.15481008e-03 
 2.53418648e-07  1.80000000e+00  2.23364952e-04 
 2.53967615e-07  1.80000000e+00 -1.58200111e-05 
 2.54619008e-07  1.80000000e+00  1.25888933e-03 
 2.55234097e-07  1.80000000e+00  1.05107790e-03 
 2.55885484e-07  1.80000000e+00  9.61891960e-04 
 2.56689697e-07  1.80000000e+00  1.02838140e-03 
 2.57831529e-07  1.80000000e+00  9.05317353e-04 
 2.59100838e-07  1.80000000e+00  7.95857661e-04 
 2.61136578e-07  1.80000000e+00  5.06456536e-04 
 2.63921065e-07  1.80000000e+00  3.40479062e-04 
 2.69490039e-07  1.80000000e+00  1.01346872e-04 
 2.80150220e-07  1.80000000e+00  4.93443973e-05 
 2.98757381e-07  1.80000000e+00 -4.81080495e-06 
 3.35971704e-07  1.80000000e+00  2.36376805e-05 
 4.10400349e-07  1.80000000e+00 -1.66408900e-05 
 5.00000000e-07  1.80000000e+00  2.08492672e-05 
 5.00010000e-07  1.62000000e+00 -8.58013195e-04 
 5.00030000e-07  1.26000000e+00 -2.44476616e-03 
 5.00070000e-07  5.40000000e-01 -4.59500435e-03 
 5.00100000e-07  0.00000000e+00 -5.66569216e-03 
 5.00108000e-07  0.00000000e+00 -5.22389300e-03 
 5.00124000e-07  0.00000000e+00 -4.29630405e-03 
 5.00156000e-07  0.00000000e+00 -2.94741037e-03 
 5.00220000e-07  0.00000000e+00 -1.55736810e-03 
 5.00336933e-07  0.00000000e+00 -4.91101751e-04 
 5.00499771e-07  0.00000000e+00 -5.92599496e-05 
 5.00825446e-07  0.00000000e+00  8.28405302e-04 
 5.01282703e-07  0.00000000e+00 -2.01615500e-03 
 5.01757722e-07  0.00000000e+00 -1.49995563e-02 
 5.02188715e-07  0.00000000e+00 -1.62507971e-02 
 5.02682747e-07  0.00000000e+00  2.08398391e-02 
 5.03255933e-07  0.00000000e+00  8.61622150e-02 
 5.03857759e-07  0.00000000e+00  1.55851883e-01 
 5.04510807e-07  0.00000000e+00  2.31942849e-01 
 5.05211127e-07  0.00000000e+00  3.11205753e-01 
 5.06264097e-07  0.00000000e+00  4.23865476e-01 
 5.07340561e-07  0.00000000e+00  5.33974354e-01 
 5.09047476e-07  0.00000000e+00  7.05860253e-01 
 5.10263397e-07  0.00000000e+00  8.17815890e-01 
 5.11596752e-07  0.00000000e+00  9.15915956e-01 
 5.13079242e-07  0.00000000e+00  1.02403805e+00 
 5.14750644e-07  0.00000000e+00  1.12010649e+00 
 5.16411797e-07  0.00000000e+00  1.29555070e+00 
 5.18157294e-07  0.00000000e+00  1.51229228e+00 
 5.20486857e-07  0.00000000e+00  1.69412825e+00 
 5.23449497e-07  0.00000000e+00  1.77883545e+00 
 5.27922553e-07  0.00000000e+00  1.80036684e+00 
 5.34407793e-07  0.00000000e+00  1.80037970e+00 
 5.44616244e-07  0.00000000e+00  1.79970167e+00 
 5.64030856e-07  0.00000000e+00  1.80039546e+00 
 5.99978697e-07  0.00000000e+00  1.79963941e+00 
 6.71874379e-07  0.00000000e+00  1.80038379e+00 
 7.50100000e-07  9.52912066e-13  1.79962464e+00 
 7.50110000e-07  1.80000000e-01  1.80046747e+00 
 7.50130000e-07  5.40000000e-01  1.80238634e+00 
 7.50170000e-07  1.26000000e+00  1.80600407e+00 
 7.50200000e-07  1.80000000e+00  1.80829054e+00 
 7.50207874e-07  1.80000000e+00  1.80801791e+00 
 7.50223623e-07  1.80000000e+00  1.80744100e+00 
 7.50255120e-07  1.80000000e+00  1.80653414e+00 
 7.50318114e-07  1.80000000e+00  1.80535469e+00 
 7.50444102e-07  1.80000000e+00  1.80395460e+00 
 7.50684098e-07  1.80000000e+00  1.80266724e+00 
 7.50947547e-07  1.80000000e+00  1.80350069e+00 
 7.51386585e-07  1.80000000e+00  1.80689971e+00 
 7.51856143e-07  1.80000000e+00  1.80432719e+00 
 7.52366652e-07  1.80000000e+00  1.80198054e+00 
 7.53028433e-07  1.80000000e+00  1.80036839e+00 
 7.53777633e-07  1.80000000e+00  1.80003811e+00 
 7.54422167e-07  1.80000000e+00  1.80185333e+00 
 7.55089374e-07  1.80000000e+00  1.80036661e+00 
 7.55803023e-07  1.80000000e+00  1.79993165e+00 
 7.56661784e-07  1.80000000e+00  1.80010949e+00 
 7.57551175e-07  1.80000000e+00  1.80002416e+00 
 7.59175574e-07  1.80000000e+00  1.80005048e+00 
 7.61365174e-07  1.80000000e+00  1.80000747e+00 
 7.65443371e-07  1.80000000e+00  1.80002523e+00 
 7.72872779e-07  1.80000000e+00  1.79999732e+00 
 7.84865101e-07  1.80000000e+00  1.80001877e+00 
 8.07716215e-07  1.80000000e+00  1.79999701e+00 
 8.46410365e-07  1.80000000e+00  1.80001668e+00 
 9.19162153e-07  1.80000000e+00  1.79999503e+00 
 1.00000000e-06  1.80000000e+00  1.80001425e+00 
 1.00001000e-06  1.62000000e+00  1.79879678e+00 
 1.00003000e-06  1.26000000e+00  1.79657473e+00 
 1.00007000e-06  5.40000000e-01  1.79325408e+00 
 1.00010000e-06  0.00000000e+00  1.79160229e+00 
 1.00010800e-06  0.00000000e+00  1.79220316e+00 
 1.00012400e-06  0.00000000e+00  1.79339670e+00 
 1.00015600e-06  0.00000000e+00  1.79517687e+00 
 1.00022000e-06  0.00000000e+00  1.79731996e+00 
 1.00033686e-06  0.00000000e+00  1.79954408e+00 
 1.00049977e-06  0.00000000e+00  1.80089531e+00 
 1.00082558e-06  0.00000000e+00  1.80197365e+00 
 1.00128296e-06  0.00000000e+00  1.80184134e+00 
 1.00175800e-06  0.00000000e+00  1.80031166e+00 
 1.00218897e-06  0.00000000e+00  1.79815739e+00 
 1.00268318e-06  0.00000000e+00  1.79859235e+00 
 1.00328852e-06  0.00000000e+00  1.79955225e+00 
 1.00391183e-06  0.00000000e+00  1.79916511e+00 
 1.00440854e-06  0.00000000e+00  1.79744639e+00 
 1.00498778e-06  0.00000000e+00  1.78960311e+00 
 1.00556676e-06  0.00000000e+00  1.78775346e+00 
 1.00609212e-06  0.00000000e+00  1.78288288e+00 
 1.00670508e-06  0.00000000e+00  1.78244505e+00 
 1.00756333e-06  0.00000000e+00  1.78759473e+00 
 1.00843255e-06  0.00000000e+00  1.79184472e+00 
 1.00995313e-06  0.00000000e+00  1.79608531e+00 
 1.01141802e-06  0.00000000e+00  1.79835947e+00 
 1.01278316e-06  0.00000000e+00  1.79942898e+00 
 1.01387945e-06  0.00000000e+00  1.79913060e+00 
 1.01493467e-06  0.00000000e+00  1.79826259e+00 
 1.01603391e-06  0.00000000e+00  1.79925498e+00 
 1.01707800e-06  0.00000000e+00  1.79829808e+00 
 1.01819389e-06  0.00000000e+00  1.79727333e+00 
 1.01938200e-06  0.00000000e+00  1.79816398e+00 
 1.02106243e-06  0.00000000e+00  1.79919445e+00 
 1.02274661e-06  0.00000000e+00  1.79957404e+00 
 1.02611496e-06  0.00000000e+00  1.79992485e+00 
 1.03155718e-06  0.00000000e+00  1.79992432e+00 
 1.04083223e-06  0.00000000e+00  1.79998365e+00 
 1.05862252e-06  0.00000000e+00  1.79994458e+00 
 1.08858041e-06  0.00000000e+00  1.80000718e+00 
 1.14465584e-06  0.00000000e+00  1.79996226e+00 
 1.22162943e-06  0.00000000e+00  1.80001946e+00 
 1.25010000e-06  0.00000000e+00  1.79996717e+00 
 1.25011000e-06  1.80000000e-01  1.80072349e+00 
 1.25013000e-06  5.40000000e-01  1.80257885e+00 
 1.25017000e-06  1.26000000e+00  1.80631410e+00 
 1.25020000e-06  1.80000000e+00  1.80873205e+00 
 1.25020788e-06  1.80000000e+00  1.80845986e+00 
 1.25022363e-06  1.80000000e+00  1.80787364e+00 
 1.25025513e-06  1.80000000e+00  1.80691804e+00 
 1.25031813e-06  1.80000000e+00  1.80562034e+00 
 1.25044414e-06  1.80000000e+00  1.80407283e+00 
 1.25068461e-06  1.80000000e+00  1.80274862e+00 
 1.25094638e-06  1.80000000e+00  1.80346799e+00 
 1.25138418e-06  1.80000000e+00  1.80642570e+00 
 1.25185399e-06  1.80000000e+00  1.80388974e+00 
 1.25236280e-06  1.80000000e+00  1.80185568e+00 
 1.25302580e-06  1.80000000e+00  1.80088863e+00 
 1.25378660e-06  1.80000000e+00  1.79981833e+00 
 1.25440397e-06  1.80000000e+00  1.79883818e+00 
 1.25506421e-06  1.80000000e+00  1.79815529e+00 
 1.25573450e-06  1.80000000e+00  1.79825822e+00 
 1.25670281e-06  1.80000000e+00  1.79852034e+00 
 1.25766371e-06  1.80000000e+00  1.79883272e+00 
 1.25925685e-06  1.80000000e+00  1.79919069e+00 
 1.26152853e-06  1.80000000e+00  1.79954175e+00 
 1.26575520e-06  1.80000000e+00  1.79984041e+00 
 1.27307705e-06  1.80000000e+00  1.79999304e+00 
 1.28533891e-06  1.80000000e+00  1.79999759e+00 
 1.30787566e-06  1.80000000e+00  1.80000318e+00 
 1.34624129e-06  1.80000000e+00  1.79999640e+00 
 1.42023272e-06  1.80000000e+00  1.80000359e+00 
 1.50000000e-06  1.80000000e+00  1.79999625e+00 
 1.50001000e-06  1.62000000e+00  1.79874470e+00 
 1.50003000e-06  1.26000000e+00  1.79645158e+00 
 1.50007000e-06  5.40000000e-01  1.79302679e+00 
 1.50010000e-06  0.00000000e+00  1.79124718e+00 
 1.50010800e-06  0.00000000e+00  1.79182764e+00 
 1.50012400e-06  0.00000000e+00  1.79300405e+00 
 1.50015600e-06  0.00000000e+00  1.79485330e+00 
 1.50022000e-06  0.00000000e+00  1.79718484e+00 
 1.50033687e-06  0.00000000e+00  1.79956116e+00 
 1.50049969e-06  0.00000000e+00  1.80094062e+00 
 1.50082534e-06  0.00000000e+00  1.80197955e+00 
 1.50128257e-06  0.00000000e+00  1.80137223e+00 
 1.50175755e-06  0.00000000e+00  1.79957850e+00 
 1.50218831e-06  0.00000000e+00  1.79816546e+00 
 1.50268375e-06  0.00000000e+00  1.79916344e+00 
 1.50323262e-06  0.00000000e+00  1.80001262e+00 
 1.50382353e-06  0.00000000e+00  1.80003347e+00 
 1.50442761e-06  0.00000000e+00  1.79997202e+00 
 1.50509079e-06  0.00000000e+00  1.80000754e+00 
 1.50616586e-06  0.00000000e+00  1.79982045e+00 
 1.50720188e-06  0.00000000e+00  1.79993376e+00 
 1.50818521e-06  0.00000000e+00  1.79991410e+00 
 1.50931749e-06  0.00000000e+00  1.79990492e+00 
 1.51036492e-06  0.00000000e+00  1.79989134e+00 
 1.51157484e-06  0.00000000e+00  1.79989864e+00 
 1.51288531e-06  0.00000000e+00  1.79989234e+00 
 1.51550625e-06  0.00000000e+00  1.79990889e+00 
 1.52042968e-06  0.00000000e+00  1.79991872e+00 
 1.52870018e-06  0.00000000e+00  1.79994630e+00 
 1.54524118e-06  0.00000000e+00  1.79995882e+00 
 1.57832318e-06  0.00000000e+00  1.79998230e+00 
 1.64448718e-06  0.00000000e+00  1.79998523e+00 
 1.75010000e-06  0.00000000e+00  1.79999770e+00 
 1.75011000e-06  1.80000000e-01  1.80063201e+00 
 1.75013000e-06  5.40000000e-01  1.80229510e+00 
 1.75017000e-06  1.26000000e+00  1.80591614e+00 
 1.75020000e-06  1.80000000e+00  1.80836076e+00 
 1.75020787e-06  1.80000000e+00  1.80811138e+00 
 1.75022361e-06  1.80000000e+00  1.80756833e+00 
 1.75025509e-06  1.80000000e+00  1.80667918e+00 
 1.75031806e-06  1.80000000e+00  1.80546857e+00 
 1.75044398e-06  1.80000000e+00  1.80401084e+00 
 1.75068296e-06  1.80000000e+00  1.80274697e+00 
 1.75094431e-06  1.80000000e+00  1.80347369e+00 
 1.75138132e-06  1.80000000e+00  1.80645907e+00 
 1.75185094e-06  1.80000000e+00  1.80395007e+00 
 1.75235778e-06  1.80000000e+00  1.80189248e+00 
 1.75302363e-06  1.80000000e+00  1.80104666e+00 
 1.75377128e-06  1.80000000e+00  1.80021996e+00 
 1.75440575e-06  1.80000000e+00  1.79922157e+00 
 1.75506834e-06  1.80000000e+00  1.79822037e+00 
 1.75577988e-06  1.80000000e+00  1.79816140e+00 
 1.75673066e-06  1.80000000e+00  1.79845851e+00 
 1.75759988e-06  1.80000000e+00  1.79872427e+00 
 1.75928079e-06  1.80000000e+00  1.79915788e+00 
 1.76145794e-06  1.80000000e+00  1.79949168e+00 
 1.76566833e-06  1.80000000e+00  1.79983838e+00 
 1.77296872e-06  1.80000000e+00  1.79998070e+00 
 1.78487445e-06  1.80000000e+00  1.80000860e+00 
 1.80720353e-06  1.80000000e+00  1.79999227e+00 
 1.84447386e-06  1.80000000e+00  1.80000721e+00 
 1.91527475e-06  1.80000000e+00  1.79999280e+00 
 2.00000000e-06  1.80000000e+00  1.80000701e+00 
 2.00001000e-06  1.62000000e+00  1.79875861e+00 
 2.00003000e-06  1.26000000e+00  1.79647607e+00 
 2.00007000e-06  5.40000000e-01  1.79306132e+00 
 2.00010000e-06  3.67639252e-12  1.79127201e+00 
 2.00010800e-06  0.00000000e+00  1.79185097e+00 
 2.00012400e-06  0.00000000e+00  1.79302154e+00 
 2.00015600e-06  0.00000000e+00  1.79486384e+00 
 2.00022000e-06  0.00000000e+00  1.79719141e+00 
 2.00033683e-06  0.00000000e+00  1.79956547e+00 
 2.00049961e-06  0.00000000e+00  1.80094309e+00 
 2.00082518e-06  0.00000000e+00  1.80197776e+00 
 2.00128247e-06  0.00000000e+00  1.80135825e+00 
 2.00175746e-06  0.00000000e+00  1.79957146e+00 
 2.00218783e-06  0.00000000e+00  1.79817658e+00 
 2.00268236e-06  0.00000000e+00  1.79907591e+00 
 2.00328701e-06  0.00000000e+00  1.79988301e+00 
 2.00390942e-06  0.00000000e+00  1.80001274e+00 
 2.00440551e-06  0.00000000e+00  1.80000046e+00 
 2.00498417e-06  0.00000000e+00  1.80005944e+00 
 2.00556592e-06  0.00000000e+00  1.79999587e+00 
 2.00609464e-06  0.00000000e+00  1.79998111e+00 
 2.00671285e-06  0.00000000e+00  1.79993454e+00 
 2.00757279e-06  0.00000000e+00  1.79991623e+00 
 2.00843888e-06  0.00000000e+00  1.79991039e+00 
 2.00998696e-06  0.00000000e+00  1.79999781e+00 
 2.01143070e-06  0.00000000e+00  1.80024046e+00 
 2.01279901e-06  0.00000000e+00  1.80042388e+00 
 2.01388644e-06  0.00000000e+00  1.79969958e+00 
 2.01493058e-06  0.00000000e+00  1.79861788e+00 
 2.01603017e-06  0.00000000e+00  1.79944672e+00 
 2.01707439e-06  0.00000000e+00  1.79843759e+00 
 2.01818913e-06  0.00000000e+00  1.79735497e+00 
 2.01937828e-06  0.00000000e+00  1.79819709e+00 
 2.02105638e-06  0.00000000e+00  1.79921826e+00 
 2.02274000e-06  0.00000000e+00  1.79957208e+00 
 2.02610724e-06  0.00000000e+00  1.79993550e+00 
 2.03156506e-06  0.00000000e+00  1.79991464e+00 
 2.04087069e-06  0.00000000e+00  1.79999360e+00 
 2.05878780e-06  0.00000000e+00  1.79993480e+00 
 2.08899996e-06  0.00000000e+00  1.80001717e+00 
 2.14568801e-06  0.00000000e+00  1.79995245e+00 
 2.22697149e-06  0.00000000e+00  1.80002959e+00 
 2.25010000e-06  0.00000000e+00  1.79995718e+00 
 2.25011000e-06  1.80000000e-01  1.80059916e+00 
 2.25013000e-06  5.40000000e-01  1.80227613e+00 
 2.25017000e-06  1.26000000e+00  1.80589494e+00 
 2.25020000e-06  1.80000000e+00  1.80832630e+00 
 2.25020787e-06  1.80000000e+00  1.80807937e+00 
 2.25022362e-06  1.80000000e+00  1.80754172e+00 
 2.25025512e-06  1.80000000e+00  1.80666280e+00 
 2.25031812e-06  1.80000000e+00  1.80546358e+00 
 2.25044412e-06  1.80000000e+00  1.80401114e+00 
 2.25068453e-06  1.80000000e+00  1.80274856e+00 
 2.25094479e-06  1.80000000e+00  1.80348199e+00 
 2.25138130e-06  1.80000000e+00  1.80645655e+00 
 2.25185098e-06  1.80000000e+00  1.80394503e+00 
 2.25235787e-06  1.80000000e+00  1.80189701e+00 
 2.25302238e-06  1.80000000e+00  1.80091895e+00 
 2.25378244e-06  1.80000000e+00  1.79983892e+00 
 2.25439667e-06  1.80000000e+00  1.79887046e+00 
 2.25505563e-06  1.80000000e+00  1.79818146e+00 
 2.25572415e-06  1.80000000e+00  1.79827550e+00 
 2.25668904e-06  1.80000000e+00  1.79852705e+00 
 2.25764389e-06  1.80000000e+00  1.79883671e+00 
 2.25922983e-06  1.80000000e+00  1.79919168e+00 
 2.26149472e-06  1.80000000e+00  1.79954165e+00 
 2.26565319e-06  1.80000000e+00  1.79983719e+00 
 2.27286624e-06  1.80000000e+00  1.79999161e+00 
 2.28485300e-06  1.80000000e+00  1.79999783e+00 
 2.30679311e-06  1.80000000e+00  1.80000303e+00 
 2.34400472e-06  1.80000000e+00  1.79999652e+00 
 2.41287184e-06  1.80000000e+00  1.80000347e+00 
 2.50000000e-06  1.80000000e+00  1.79999638e+00 
 2.50001000e-06  1.62000000e+00  1.79875406e+00 
 2.50003000e-06  1.26000000e+00  1.79648551e+00 
 2.50007000e-06  5.40000000e-01  1.79308399e+00 
 2.50010000e-06  3.67639252e-12  1.79129134e+00 
 2.50010800e-06  0.00000000e+00  1.79186818e+00 
 2.50012400e-06  0.00000000e+00  1.79303215e+00 
 2.50015600e-06  0.00000000e+00  1.79486543e+00 
 2.50022000e-06  0.00000000e+00  1.79718632e+00 
 2.50033687e-06  0.00000000e+00  1.79956166e+00 
 2.50049969e-06  0.00000000e+00  1.80094250e+00 
 2.50082534e-06  0.00000000e+00  1.80197886e+00 
 2.50128258e-06  0.00000000e+00  1.80136590e+00 
 2.50175756e-06  0.00000000e+00  1.79957197e+00 
 2.50218783e-06  0.00000000e+00  1.79816440e+00 
 2.50268345e-06  0.00000000e+00  1.79916500e+00 
 2.50323261e-06  0.00000000e+00  1.80001043e+00 
 2.50382356e-06  0.00000000e+00  1.80003246e+00 
 2.50442777e-06  0.00000000e+00  1.79997217e+00 
 2.50509103e-06  0.00000000e+00  1.80000790e+00 
 2.50616614e-06  0.00000000e+00  1.79982070e+00 
 2.50720220e-06  0.00000000e+00  1.79993411e+00 
 2.50818543e-06  0.00000000e+00  1.79991447e+00 
 2.50931795e-06  0.00000000e+00  1.79990512e+00 
 2.51036601e-06  0.00000000e+00  1.79989172e+00 
 2.51157597e-06  0.00000000e+00  1.79989875e+00 
 2.51288503e-06  0.00000000e+00  1.79989262e+00 
 2.51550315e-06  0.00000000e+00  1.79990893e+00 
 2.52042483e-06  0.00000000e+00  1.79991889e+00 
 2.52868756e-06  0.00000000e+00  1.79994624e+00 
 2.54521301e-06  0.00000000e+00  1.79995891e+00 
 2.57826392e-06  0.00000000e+00  1.79998221e+00 
 2.64436574e-06  0.00000000e+00  1.79998530e+00 
 2.75010000e-06  0.00000000e+00  1.79999762e+00 
 2.75011000e-06  1.80000000e-01  1.80062956e+00 
 2.75013000e-06  5.40000000e-01  1.80228627e+00 
 2.75017000e-06  1.26000000e+00  1.80587512e+00 
 2.75020000e-06  1.80000000e+00  1.80829670e+00 
 2.75020787e-06  1.80000000e+00  1.80805372e+00 
 2.75022362e-06  1.80000000e+00  1.80752317e+00 
 2.75025512e-06  1.80000000e+00  1.80665229e+00 
 2.75031810e-06  1.80000000e+00  1.80545956e+00 
 2.75044408e-06  1.80000000e+00  1.80401042e+00 
 2.75068310e-06  1.80000000e+00  1.80274924e+00 
 2.75094340e-06  1.80000000e+00  1.80347543e+00 
 2.75137951e-06  1.80000000e+00  1.80646474e+00 
 2.75184902e-06  1.80000000e+00  1.80396580e+00 
 2.75235468e-06  1.80000000e+00  1.80190003e+00 
 2.75302142e-06  1.80000000e+00  1.80104922e+00 
 2.75376859e-06  1.80000000e+00  1.80022043e+00 
 2.75439941e-06  1.80000000e+00  1.79923639e+00 
 2.75506025e-06  1.80000000e+00  1.79823278e+00 
 2.75577246e-06  1.80000000e+00  1.79816274e+00 
 2.75671896e-06  1.80000000e+00  1.79845606e+00 
 2.75758935e-06  1.80000000e+00  1.79871951e+00 
 2.75925932e-06  1.80000000e+00  1.79915405e+00 
 2.76143647e-06  1.80000000e+00  1.79948794e+00 
 2.76558810e-06  1.80000000e+00  1.79983510e+00 
 2.77280376e-06  1.80000000e+00  1.79997861e+00 
 2.78450502e-06  1.80000000e+00  1.80000948e+00 
 2.80636244e-06  1.80000000e+00  1.79999147e+00 
 2.84277555e-06  1.80000000e+00  1.80000798e+00 
 2.91058861e-06  1.80000000e+00  1.79999203e+00 
 3.00000000e-06  1.80000000e+00  1.80000778e+00 
 3.00001000e-06  1.62000000e+00  1.79876674e+00 
 3.00003000e-06  1.26000000e+00  1.79650299e+00 
 3.00007000e-06  5.40000000e-01  1.79310008e+00 
 3.00010000e-06  3.67639252e-12  1.79130155e+00 
 3.00010800e-06  0.00000000e+00  1.79187712e+00 
 3.00012400e-06  0.00000000e+00  1.79303850e+00 
 3.00015600e-06  0.00000000e+00  1.79486763e+00 
 3.00022000e-06  0.00000000e+00  1.79718779e+00 
 3.00033683e-06  0.00000000e+00  1.79956437e+00 
 3.00049961e-06  0.00000000e+00  1.80094490e+00 
 3.00082518e-06  0.00000000e+00  1.80197737e+00 
 3.00128247e-06  0.00000000e+00  1.80135362e+00 
 3.00175746e-06  0.00000000e+00  1.79956708e+00 
 3.00218749e-06  0.00000000e+00  1.79817735e+00 
 3.00268216e-06  0.00000000e+00  1.79907718e+00 
 3.00328670e-06  0.00000000e+00  1.79988039e+00 
 3.00390893e-06  0.00000000e+00  1.80001216e+00 
 3.00440492e-06  0.00000000e+00  1.80000060e+00 
 3.00498347e-06  0.00000000e+00  1.80005954e+00 
 3.00556574e-06  0.00000000e+00  1.79999627e+00 
 3.00609459e-06  0.00000000e+00  1.79998124e+00 
 3.00671318e-06  0.00000000e+00  1.79993478e+00 
 3.00757370e-06  0.00000000e+00  1.79991634e+00 
 3.00843953e-06  0.00000000e+00  1.79991064e+00 
 3.00998819e-06  0.00000000e+00  1.79999805e+00 
 3.01143163e-06  0.00000000e+00  1.80024083e+00 
 3.01279909e-06  0.00000000e+00  1.80042380e+00 
 3.01388575e-06  0.00000000e+00  1.79969776e+00 
 3.01492883e-06  0.00000000e+00  1.79861370e+00 
 3.01602827e-06  0.00000000e+00  1.79942458e+00 
 3.01707240e-06  0.00000000e+00  1.79841443e+00 
 3.01818738e-06  0.00000000e+00  1.79732869e+00 
 3.01937663e-06  0.00000000e+00  1.79816419e+00 
 3.02105465e-06  0.00000000e+00  1.79916019e+00 
 3.02273781e-06  0.00000000e+00  1.79949542e+00 
 3.02610414e-06  0.00000000e+00  1.79988812e+00 
 3.03156500e-06  0.00000000e+00  1.79990444e+00 
 3.03772243e-06  0.00000000e+00  1.80007133e+00 
 3.04525762e-06  0.00000000e+00  1.80000572e+00 
 3.05061868e-06  0.00000000e+00  1.79983912e+00 
 3.05644387e-06  0.00000000e+00  1.80010308e+00 
 3.06333927e-06  0.00000000e+00  1.79986589e+00 
 3.06978879e-06  0.00000000e+00  1.80006806e+00 
 3.07640869e-06  0.00000000e+00  1.79989570e+00 
 3.08448330e-06  0.00000000e+00  1.80005158e+00 
 3.09489840e-06  0.00000000e+00  1.79991642e+00 
 3.10481966e-06  0.00000000e+00  1.80004226e+00 
 3.11248013e-06  0.00000000e+00  1.79993397e+00 
 3.12262840e-06  0.00000000e+00  1.80003119e+00 
 3.14243185e-06  0.00000000e+00  1.79994584e+00 
 3.16483966e-06  0.00000000e+00  1.80003001e+00 
 3.19514280e-06  0.00000000e+00  1.79995319e+00 
 3.22882449e-06  0.00000000e+00  1.80003004e+00 
 3.25010000e-06  0.00000000e+00  1.79995933e+00 
 3.25011000e-06  1.80000000e-01  1.80060707e+00 
 3.25013000e-06  5.40000000e-01  1.80228378e+00 
 3.25017000e-06  1.26000000e+00  1.80585322e+00 
 3.25020000e-06  1.80000000e+00  1.80825101e+00 
 3.25020792e-06  1.80000000e+00  1.80799022e+00 
 3.25022376e-06  1.80000000e+00  1.80743311e+00 
 3.25025544e-06  1.80000000e+00  1.80655298e+00 
 3.25031879e-06  1.80000000e+00  1.80540354e+00 
 3.25044550e-06  1.80000000e+00  1.80400793e+00 
 3.25068547e-06  1.80000000e+00  1.80276057e+00 
 3.25094547e-06  1.80000000e+00  1.80349899e+00 
 3.25138104e-06  1.80000000e+00  1.80641274e+00 
 3.25185015e-06  1.80000000e+00  1.80376750e+00 
 3.25235714e-06  1.80000000e+00  1.80145554e+00 
 3.25302099e-06  1.80000000e+00  1.80033392e+00 
 3.25373148e-06  1.80000000e+00  1.80013432e+00 
 3.25439669e-06  1.80000000e+00  1.80014777e+00 
 3.25508887e-06  1.80000000e+00  1.80001304e+00 
 3.25577520e-06  1.80000000e+00  1.80002570e+00 
 3.25674815e-06  1.80000000e+00  1.80001802e+00 
 3.25786978e-06  1.80000000e+00  1.80001404e+00 
 3.25940243e-06  1.80000000e+00  1.80001109e+00 
 3.26184255e-06  1.80000000e+00  1.80000481e+00 
 3.26606163e-06  1.80000000e+00  1.80000316e+00 
 3.27308565e-06  1.80000000e+00  1.79999930e+00 
 3.28507563e-06  1.80000000e+00  1.80000140e+00 
 3.30576508e-06  1.80000000e+00  1.79999945e+00 
 3.34102881e-06  1.80000000e+00  1.80000782e+00 
 3.37440768e-06  1.80000000e+00  1.79957742e+00 
 3.39825620e-06  1.80000000e+00  1.80008810e+00 
 3.42059676e-06  1.80000000e+00  1.80003932e+00 
 3.44629004e-06  1.80000000e+00  1.79989950e+00 
 3.46764464e-06  1.80000000e+00  1.80012326e+00 
 3.49521961e-06  1.80000000e+00  1.79987484e+00 
 3.50000000e-06  1.80000000e+00  1.80008577e+00 
 3.50001000e-06  1.62000000e+00  1.79885039e+00 
 3.50003000e-06  1.26000000e+00  1.79659973e+00 
 3.50007000e-06  5.40000000e-01  1.79319244e+00 
 3.50010000e-06  3.67639252e-12  1.79138292e+00 
 3.50010800e-06  0.00000000e+00  1.79195449e+00 
 3.50012400e-06  0.00000000e+00  1.79310795e+00 
 3.50015600e-06  0.00000000e+00  1.79492594e+00 
 3.50022000e-06  0.00000000e+00  1.79723866e+00 
 3.50033680e-06  0.00000000e+00  1.79960649e+00 
 3.50049965e-06  0.00000000e+00  1.80097802e+00 
 3.50082534e-06  0.00000000e+00  1.80199582e+00 
 3.50128261e-06  0.00000000e+00  1.80136584e+00 
 3.50175749e-06  0.00000000e+00  1.79956757e+00 
 3.50218697e-06  0.00000000e+00  1.79816843e+00 
 3.50268268e-06  0.00000000e+00  1.79917163e+00 
 3.50323032e-06  0.00000000e+00  1.80000797e+00 
 3.50381991e-06  0.00000000e+00  1.80002720e+00 
 3.50442262e-06  0.00000000e+00  1.79996747e+00 
 3.50508450e-06  0.00000000e+00  1.80000497e+00 
 3.50616208e-06  0.00000000e+00  1.79982204e+00 
 3.50719542e-06  0.00000000e+00  1.79993316e+00 
 3.50819826e-06  0.00000000e+00  1.79991336e+00 
 3.50931281e-06  0.00000000e+00  1.79990447e+00 
 3.51037135e-06  0.00000000e+00  1.79989145e+00 
 3.51157632e-06  0.00000000e+00  1.79989835e+00 
 3.51288051e-06  0.00000000e+00  1.79989265e+00 
 3.51548890e-06  0.00000000e+00  1.79990860e+00 
 3.52024558e-06  0.00000000e+00  1.79991848e+00 
 3.52827254e-06  0.00000000e+00  1.79994523e+00 
 3.54432645e-06  0.00000000e+00  1.79995836e+00 
 3.57643429e-06  0.00000000e+00  1.79998146e+00 
 3.64064995e-06  0.00000000e+00  1.79998519e+00 
 3.75010000e-06  0.00000000e+00  1.79999743e+00 
 3.75011000e-06  1.80000000e-01  1.80062760e+00 
 3.75013000e-06  5.40000000e-01  1.80227983e+00 
 3.75017000e-06  1.26000000e+00  1.80585472e+00 
 3.75020000e-06  1.80000000e+00  1.80826180e+00 
 3.75020787e-06  1.80000000e+00  1.80802272e+00 
 3.75022362e-06  1.80000000e+00  1.80750002e+00 
 3.75025512e-06  1.80000000e+00  1.80664102e+00 
 3.75031811e-06  1.80000000e+00  1.80545875e+00 
 3.75044410e-06  1.80000000e+00  1.80401337e+00 
 3.75068313e-06  1.80000000e+00  1.80274980e+00 
 3.75094286e-06  1.80000000e+00  1.80347597e+00 
 3.75137851e-06  1.80000000e+00  1.80646826e+00 
 3.75184799e-06  1.80000000e+00  1.80397563e+00 
 3.75235300e-06  1.80000000e+00  1.80190390e+00 
 3.75302040e-06  1.80000000e+00  1.80104468e+00 
 3.75376501e-06  1.80000000e+00  1.80021393e+00 
 3.75439617e-06  1.80000000e+00  1.79925955e+00 
 3.75505651e-06  1.80000000e+00  1.79826097e+00 
 3.75576741e-06  1.80000000e+00  1.79816721e+00 
 3.75671244e-06  1.80000000e+00  1.79845788e+00 
 3.75758256e-06  1.80000000e+00  1.79871278e+00 
 3.75924720e-06  1.80000000e+00  1.79915008e+00 
 3.76142324e-06  1.80000000e+00  1.79948252e+00 
 3.76553601e-06  1.80000000e+00  1.79983336e+00 
 3.77269375e-06  1.80000000e+00  1.79997601e+00 
 3.78425233e-06  1.80000000e+00  1.80001110e+00 
 3.80578745e-06  1.80000000e+00  1.79998991e+00 
 3.84160289e-06  1.80000000e+00  1.80000951e+00 
 3.90850172e-06  1.80000000e+00  1.79999051e+00 
 4.00000000e-06  1.80000000e+00  1.80000930e+00 
 4.00001000e-06  1.62000000e+00  1.79877219e+00 
 4.00003000e-06  1.26000000e+00  1.79652366e+00 
 4.00007000e-06  5.40000000e-01  1.79312578e+00 
 4.00010000e-06  0.00000000e+00  1.79132166e+00 
 4.00010800e-06  0.00000000e+00  1.79189334e+00 
 4.00012400e-06  0.00000000e+00  1.79304885e+00 
 4.00015600e-06  0.00000000e+00  1.79486711e+00 
 4.00022000e-06  0.00000000e+00  1.79718110e+00 
 4.00033683e-06  0.00000000e+00  1.79956123e+00 
 4.00049961e-06  0.00000000e+00  1.80094597e+00 
 4.00082518e-06  0.00000000e+00  1.80197815e+00 
 4.00128251e-06  0.00000000e+00  1.80135058e+00 
 4.00175752e-06  0.00000000e+00  1.79956177e+00 
 4.00218731e-06  0.00000000e+00  1.79817982e+00 
 4.00268176e-06  0.00000000e+00  1.79908604e+00 
 4.00328618e-06  0.00000000e+00  1.79987834e+00 
 4.00390828e-06  0.00000000e+00  1.80000829e+00 
 4.00440422e-06  0.00000000e+00  1.79999793e+00 
 4.00498266e-06  0.00000000e+00  1.80005778e+00 
 4.00556553e-06  0.00000000e+00  1.79999582e+00 
 4.00609451e-06  0.00000000e+00  1.79998097e+00 
 4.00671357e-06  0.00000000e+00  1.79993492e+00 
 4.00757474e-06  0.00000000e+00  1.79991643e+00 
 4.00844027e-06  0.00000000e+00  1.79991092e+00 
 4.00998959e-06  0.00000000e+00  1.79999812e+00 
 4.01143224e-06  0.00000000e+00  1.80024039e+00 
 4.01279931e-06  0.00000000e+00  1.80041524e+00 
 4.01388495e-06  0.00000000e+00  1.79966309e+00 
 4.01492655e-06  0.00000000e+00  1.79853234e+00 
 4.01602602e-06  0.00000000e+00  1.79931565e+00 
 4.01706991e-06  0.00000000e+00  1.79833717e+00 
 4.01818524e-06  0.00000000e+00  1.79727488e+00 
 4.01937450e-06  0.00000000e+00  1.79814627e+00 
 4.02105277e-06  0.00000000e+00  1.79919367e+00 
 4.02273535e-06  0.00000000e+00  1.79955667e+00 
 4.02610050e-06  0.00000000e+00  1.79993162e+00 
 4.03156522e-06  0.00000000e+00  1.79999673e+00 
 4.03731771e-06  0.00000000e+00  1.80010648e+00 
 4.04144496e-06  0.00000000e+00  1.79971877e+00 
 4.04601101e-06  0.00000000e+00  1.80017884e+00 
 4.05061941e-06  0.00000000e+00  1.79979468e+00 
 4.05597422e-06  0.00000000e+00  1.80013360e+00 
 4.06146308e-06  0.00000000e+00  1.79982659e+00 
 4.06747638e-06  0.00000000e+00  1.80010332e+00 
 4.07542334e-06  0.00000000e+00  1.79985779e+00 
 4.08966152e-06  0.00000000e+00  1.80009480e+00 
 4.10807396e-06  0.00000000e+00  1.79987403e+00 
 4.12620902e-06  0.00000000e+00  1.80009303e+00 
 4.14598667e-06  0.00000000e+00  1.79988536e+00 
 4.17264929e-06  0.00000000e+00  1.80009127e+00 
 4.21488279e-06  0.00000000e+00  1.79989315e+00 
 4.25010000e-06  6.67038446e-12  1.80009131e+00 
 4.25011000e-06  1.80000000e-01  1.80073197e+00 
 4.25013000e-06  5.40000000e-01  1.80239367e+00 
 4.25017000e-06  1.26000000e+00  1.80592830e+00 
 4.25020000e-06  1.80000000e+00  1.80830010e+00 
 4.25020792e-06  1.80000000e+00  1.80804033e+00 
 4.25022376e-06  1.80000000e+00  1.80748511e+00 
 4.25025544e-06  1.80000000e+00  1.80660626e+00 
 4.25031879e-06  1.80000000e+00  1.80545119e+00 
 4.25044550e-06  1.80000000e+00  1.80403622e+00 
 4.25068547e-06  1.80000000e+00  1.80276631e+00 
 4.25094506e-06  1.80000000e+00  1.80349938e+00 
 4.25138029e-06  1.80000000e+00  1.80641491e+00 
 4.25184937e-06  1.80000000e+00  1.80377482e+00 
 4.25235586e-06  1.80000000e+00  1.80145703e+00 
 4.25302010e-06  1.80000000e+00  1.80033491e+00 
 4.25373091e-06  1.80000000e+00  1.80013301e+00 
 4.25440033e-06  1.80000000e+00  1.80014860e+00 
 4.25508854e-06  1.80000000e+00  1.80001365e+00 
 4.25577828e-06  1.80000000e+00  1.80002625e+00 
 4.25674851e-06  1.80000000e+00  1.80001842e+00 
 4.25787099e-06  1.80000000e+00  1.80001419e+00 
 4.25940390e-06  1.80000000e+00  1.80001114e+00 
 4.26184433e-06  1.80000000e+00  1.80000447e+00 
 4.26604153e-06  1.80000000e+00  1.80000292e+00 
 4.27302357e-06  1.80000000e+00  1.79999877e+00 
 4.28490273e-06  1.80000000e+00  1.80000110e+00 
 4.30534672e-06  1.80000000e+00  1.79999866e+00 
 4.34011647e-06  1.80000000e+00  1.80000122e+00 
 4.40437631e-06  1.80000000e+00  1.79999866e+00 
 4.50000000e-06  1.80000000e+00  1.80000124e+00 
 4.50001000e-06  1.62000000e+00  1.79874822e+00 
 4.50003000e-06  1.26000000e+00  1.79648844e+00 
 4.50007000e-06  5.40000000e-01  1.79312976e+00 
 4.50010000e-06  0.00000000e+00  1.79137201e+00 
 4.50010800e-06  0.00000000e+00  1.79197059e+00 
 4.50012400e-06  0.00000000e+00  1.79316411e+00 
 4.50015600e-06  0.00000000e+00  1.79497679e+00 
 4.50022000e-06  0.00000000e+00  1.79721272e+00 
 4.50033687e-06  0.00000000e+00  1.79950729e+00 
 4.50049975e-06  0.00000000e+00  1.80085845e+00 
 4.50082550e-06  0.00000000e+00  1.80191921e+00 
 4.50128522e-06  0.00000000e+00  1.80181185e+00 
 4.50176132e-06  0.00000000e+00  1.80041683e+00 
 4.50217938e-06  0.00000000e+00  1.79817595e+00 
 4.50264517e-06  0.00000000e+00  1.79773094e+00 
 4.50331648e-06  0.00000000e+00  1.79821680e+00 
 4.50394970e-06  0.00000000e+00  1.79865777e+00 
 4.50473276e-06  0.00000000e+00  1.79907580e+00 
 4.50553489e-06  0.00000000e+00  1.79932663e+00 
 4.50657386e-06  0.00000000e+00  1.79948478e+00 
 4.50734285e-06  0.00000000e+00  1.79965518e+00 
 4.50817013e-06  0.00000000e+00  1.79970684e+00 
 4.50903312e-06  0.00000000e+00  1.79978194e+00 
 4.51003034e-06  0.00000000e+00  1.79980413e+00 
 4.51119266e-06  0.00000000e+00  1.79985354e+00 
 4.51241117e-06  0.00000000e+00  1.79985955e+00 
 4.51484819e-06  0.00000000e+00  1.79990004e+00 
 4.51956756e-06  0.00000000e+00  1.79991166e+00 
 4.52890166e-06  0.00000000e+00  1.79994876e+00 
 4.54756984e-06  0.00000000e+00  1.79995759e+00 
 4.58490621e-06  0.00000000e+00  1.79998683e+00 
 4.65957894e-06  0.00000000e+00  1.79998358e+00 
 4.75010000e-06  6.67038446e-12  1.80000046e+00 
 4.75011000e-06  1.80000000e-01  1.80063938e+00 
 4.75013000e-06  5.40000000e-01  1.80230453e+00 
 4.75017000e-06  1.26000000e+00  1.80586733e+00 
 4.75020000e-06  1.80000000e+00  1.80825188e+00 
 4.75020787e-06  1.80000000e+00  1.80799789e+00 
 4.75022362e-06  1.80000000e+00  1.80745289e+00 
 4.75025512e-06  1.80000000e+00  1.80658600e+00 
 4.75031812e-06  1.80000000e+00  1.80544270e+00 
 4.75044411e-06  1.80000000e+00  1.80403971e+00 
 4.75068311e-06  1.80000000e+00  1.80276667e+00 
 4.75094253e-06  1.80000000e+00  1.80348627e+00 
 4.75137789e-06  1.80000000e+00  1.80643707e+00 
 4.75184733e-06  1.80000000e+00  1.80383554e+00 
 4.75235182e-06  1.80000000e+00  1.80152933e+00 
 4.75301638e-06  1.80000000e+00  1.80000406e+00 
 4.75376254e-06  1.80000000e+00  1.79962577e+00 
 4.75438864e-06  1.80000000e+00  1.80025063e+00 
 4.75504648e-06  1.80000000e+00  1.80056304e+00 
 4.75575961e-06  1.80000000e+00  1.80117095e+00 
 4.75669896e-06  1.80000000e+00  1.80166679e+00 
 4.75757404e-06  1.80000000e+00  1.80162328e+00 
 4.75842240e-06  1.80000000e+00  1.80128439e+00 
 4.75933047e-06  1.80000000e+00  1.80108489e+00 
 4.76073932e-06  1.80000000e+00  1.80079481e+00 
 4.76214110e-06  1.80000000e+00  1.80057359e+00 
 4.76484941e-06  1.80000000e+00  1.80029019e+00 
 4.76830987e-06  1.80000000e+00  1.80012527e+00 
 4.77523080e-06  1.80000000e+00  1.80000907e+00 
 4.78743682e-06  1.80000000e+00  1.80000046e+00 
 4.80778092e-06  1.80000000e+00  1.79999804e+00 
 4.84846912e-06  1.80000000e+00  1.80000212e+00 
 4.92597778e-06  1.80000000e+00  1.79999766e+00 
 5.00000000e-06  1.80000000e+00  1.80000234e+00 
 5.00001000e-06  1.62000000e+00  1.79874901e+00 
 5.00003000e-06  1.26000000e+00  1.79649213e+00 
 5.00007000e-06  5.40000000e-01  1.79313303e+00 
 5.00010000e-06  0.00000000e+00  1.79137539e+00 
 5.00010800e-06  0.00000000e+00  1.79197518e+00 
 5.00012400e-06  0.00000000e+00  1.79317145e+00 
 5.00015600e-06  0.00000000e+00  1.79498352e+00 
 5.00022000e-06  0.00000000e+00  1.79721543e+00 
 5.00033683e-06  0.00000000e+00  1.79950509e+00 
 5.00049960e-06  0.00000000e+00  1.80085476e+00 
 5.00082514e-06  0.00000000e+00  1.80191821e+00 
 5.00128247e-06  0.00000000e+00  1.80183384e+00 
 5.00175749e-06  0.00000000e+00  1.80042858e+00 
 5.00218713e-06  0.00000000e+00  1.79820679e+00 
 5.00268137e-06  0.00000000e+00  1.79841517e+00 
 5.00328898e-06  0.00000000e+00  1.79872088e+00 
 5.00391308e-06  0.00000000e+00  1.79761626e+00 
 5.00441277e-06  0.00000000e+00  1.79906225e+00 
 5.00498779e-06  0.00000000e+00  1.79984994e+00 
 5.00556447e-06  0.00000000e+00  1.80074661e+00 
 5.00608995e-06  0.00000000e+00  1.80092635e+00 
 5.00670422e-06  0.00000000e+00  1.80062512e+00 
 5.00756093e-06  0.00000000e+00  1.80039304e+00 
 5.00842741e-06  0.00000000e+00  1.80019866e+00 
 5.00973477e-06  0.00000000e+00  1.80018202e+00 
 5.01071138e-06  0.00000000e+00  1.80014772e+00 
 5.01174235e-06  0.00000000e+00  1.80043738e+00 
 5.01285078e-06  0.00000000e+00  1.80043960e+00 
 5.01368681e-06  0.00000000e+00  1.79989979e+00 
 5.01449542e-06  0.00000000e+00  1.79892434e+00 
 5.01556148e-06  0.00000000e+00  1.79881878e+00 
 5.01652443e-06  0.00000000e+00  1.79973441e+00 
 5.01757411e-06  0.00000000e+00  1.79784597e+00 
 5.01882564e-06  0.00000000e+00  1.79754292e+00 
 5.01997153e-06  0.00000000e+00  1.79858039e+00 
 5.02202198e-06  0.00000000e+00  1.79946959e+00 
 5.02391029e-06  0.00000000e+00  1.79982865e+00 
 5.02669822e-06  0.00000000e+00  1.80004578e+00 
 5.02943228e-06  0.00000000e+00  1.80073637e+00 
 5.03170554e-06  0.00000000e+00  1.79926554e+00 
 5.03397141e-06  0.00000000e+00  1.80002170e+00 
 5.03639055e-06  0.00000000e+00  1.79931401e+00 
 5.03856203e-06  0.00000000e+00  1.80025037e+00 
 5.04085582e-06  0.00000000e+00  1.79963605e+00 
 5.04544341e-06  0.00000000e+00  1.80022543e+00 
 5.05118793e-06  0.00000000e+00  1.79972111e+00 
 5.05819697e-06  0.00000000e+00  1.80019368e+00 
 5.06565045e-06  0.00000000e+00  1.79974965e+00 
 5.07499307e-06  0.00000000e+00  1.80016957e+00 
 5.08775679e-06  0.00000000e+00  1.79978612e+00 
 5.10493527e-06  0.00000000e+00  1.80014455e+00 
 5.11881494e-06  0.00000000e+00  1.79997487e+00 
 5.13185478e-06  0.00000000e+00  1.79986918e+00 
 5.14445763e-06  0.00000000e+00  1.80017310e+00 
 5.16241991e-06  0.00000000e+00  1.79978814e+00 
 5.17905174e-06  0.00000000e+00  1.80020291e+00 
 5.19552164e-06  0.00000000e+00  1.79977610e+00 
 5.21246801e-06  0.00000000e+00  1.80020690e+00 
 5.24636075e-06  0.00000000e+00  1.79978035e+00 
 5.25010000e-06  6.67038446e-12  1.80018418e+00 
 5.25011000e-06  1.80000000e-01  1.80081188e+00 
 5.25013000e-06  5.40000000e-01  1.80244956e+00 
 5.25017000e-06  1.26000000e+00  1.80594719e+00 
 5.25020000e-06  1.80000000e+00  1.80829876e+00 
 5.25020792e-06  1.80000000e+00  1.80803830e+00 
 5.25022376e-06  1.80000000e+00  1.80748150e+00 
 5.25025544e-06  1.80000000e+00  1.80660090e+00 
 5.25031879e-06  1.80000000e+00  1.80544495e+00 
 5.25044550e-06  1.80000000e+00  1.80402616e+00 
 5.25068551e-06  1.80000000e+00  1.80275260e+00 
 5.25094486e-06  1.80000000e+00  1.80348586e+00 
 5.25137984e-06  1.80000000e+00  1.80640297e+00 
 5.25184890e-06  1.80000000e+00  1.80376616e+00 
 5.25235508e-06  1.80000000e+00  1.80144993e+00 
 5.25301948e-06  1.80000000e+00  1.80033103e+00 
 5.25373548e-06  1.80000000e+00  1.80011589e+00 
 5.25441799e-06  1.80000000e+00  1.80014067e+00 
 5.25509863e-06  1.80000000e+00  1.80000764e+00 
 5.25579966e-06  1.80000000e+00  1.80002322e+00 
 5.25676799e-06  1.80000000e+00  1.80001583e+00 
 5.25789514e-06  1.80000000e+00  1.80001228e+00 
 5.25944245e-06  1.80000000e+00  1.80000946e+00 
 5.26188037e-06  1.80000000e+00  1.80000344e+00 
 5.26609931e-06  1.80000000e+00  1.80000256e+00 
 5.27305296e-06  1.80000000e+00  1.79999868e+00 
 5.28488459e-06  1.80000000e+00  1.80000116e+00 
 5.30517347e-06  1.80000000e+00  1.79999860e+00 
 5.33954025e-06  1.80000000e+00  1.80000127e+00 
 5.40448286e-06  1.80000000e+00  1.79999861e+00 
 5.50000000e-06  1.80000000e+00  1.80000130e+00 
 5.50001000e-06  1.62000000e+00  1.79875034e+00 
 5.50003000e-06  1.26000000e+00  1.79649643e+00 
 5.50007000e-06  5.40000000e-01  1.79313783e+00 
 5.50010000e-06  0.00000000e+00  1.79137779e+00 
 5.50010800e-06  0.00000000e+00  1.79197592e+00 
 5.50012400e-06  0.00000000e+00  1.79317001e+00 
 5.50015600e-06  0.00000000e+00  1.79498128e+00 
 5.50022000e-06  0.00000000e+00  1.79721442e+00 
 5.50033687e-06  0.00000000e+00  1.79950746e+00 
 5.50049975e-06  0.00000000e+00  1.80085817e+00 
 5.50082549e-06  0.00000000e+00  1.80191906e+00 
 5.50128521e-06  0.00000000e+00  1.80181046e+00 
 5.50176131e-06  0.00000000e+00  1.80041540e+00 
 5.50217936e-06  0.00000000e+00  1.79817483e+00 
 5.50264514e-06  0.00000000e+00  1.79773093e+00 
 5.50331644e-06  0.00000000e+00  1.79821547e+00 
 5.50394967e-06  0.00000000e+00  1.79865860e+00 
 5.50473247e-06  0.00000000e+00  1.79907527e+00 
 5.50553434e-06  0.00000000e+00  1.79932732e+00 
 5.50657332e-06  0.00000000e+00  1.79948700e+00 
 5.50734225e-06  0.00000000e+00  1.79965546e+00 
 5.50816964e-06  0.00000000e+00  1.79970582e+00 
 5.50903361e-06  0.00000000e+00  1.79978196e+00 
 5.51003142e-06  0.00000000e+00  1.79980349e+00 
 5.51119146e-06  0.00000000e+00  1.79985372e+00 
 5.51241148e-06  0.00000000e+00  1.79985916e+00 
 5.51485152e-06  0.00000000e+00  1.79990041e+00 
 5.51955973e-06  0.00000000e+00  1.79991134e+00 
 5.52891107e-06  0.00000000e+00  1.79994911e+00 
 5.54761374e-06  0.00000000e+00  1.79995732e+00 
 5.58501908e-06  0.00000000e+00  1.79998718e+00 
 5.65982976e-06  0.00000000e+00  1.79998329e+00 
 5.75010000e-06  6.67038446e-12  1.80000078e+00 
 5.75011000e-06  1.80000000e-01  1.80064053e+00 
 5.75013000e-06  5.40000000e-01  1.80230555e+00 
 5.75017000e-06  1.26000000e+00  1.80586485e+00 
 5.75020000e-06  1.80000000e+00  1.80824100e+00 
 5.75020787e-06  1.80000000e+00  1.80798729e+00 
 5.75022362e-06  1.80000000e+00  1.80744330e+00 
 5.75025512e-06  1.80000000e+00  1.80657852e+00 
 5.75031812e-06  1.80000000e+00  1.80544009e+00 
 5.75044411e-06  1.80000000e+00  1.80403938e+00 
 5.75068312e-06  1.80000000e+00  1.80276718e+00 
 5.75094235e-06  1.80000000e+00  1.80348719e+00 
 5.75137753e-06  1.80000000e+00  1.80643827e+00 
 5.75184692e-06  1.80000000e+00  1.80383827e+00 
 5.75235119e-06  1.80000000e+00  1.80153169e+00 
 5.75301591e-06  1.80000000e+00  1.80000528e+00 
 5.75376160e-06  1.80000000e+00  1.79962543e+00 
 5.75438722e-06  1.80000000e+00  1.80024993e+00 
 5.75504474e-06  1.80000000e+00  1.80056248e+00 
 5.75575798e-06  1.80000000e+00  1.80116936e+00 
 5.75669647e-06  1.80000000e+00  1.80166649e+00 
 5.75757204e-06  1.80000000e+00  1.80162358e+00 
 5.75842202e-06  1.80000000e+00  1.80128478e+00 
 5.75932998e-06  1.80000000e+00  1.80108469e+00 
 5.76073587e-06  1.80000000e+00  1.80079566e+00 
 5.76213945e-06  1.80000000e+00  1.80057357e+00 
 5.76484261e-06  1.80000000e+00  1.80029091e+00 
 5.76830049e-06  1.80000000e+00  1.80012536e+00 
 5.77521624e-06  1.80000000e+00  1.80000936e+00 
 5.78725853e-06  1.80000000e+00  1.80000032e+00 
 5.80737430e-06  1.80000000e+00  1.79999821e+00 
 5.84760585e-06  1.80000000e+00  1.80000194e+00 
 5.92389136e-06  1.80000000e+00  1.79999784e+00 
 6.00000000e-06  1.80000000e+00  1.80000215e+00 
 6.00001000e-06  1.62000000e+00  1.79875122e+00 
 6.00003000e-06  1.26000000e+00  1.79649948e+00 
 6.00007000e-06  5.40000000e-01  1.79314013e+00 
 6.00010000e-06  0.00000000e+00  1.79138049e+00 
 6.00010800e-06  0.00000000e+00  1.79197988e+00 
 6.00012400e-06  0.00000000e+00  1.79317662e+00 
 6.00015600e-06  0.00000000e+00  1.79498756e+00 
 6.00022000e-06  0.00000000e+00  1.79721693e+00 
 6.00033683e-06  0.00000000e+00  1.79950515e+00 
 6.00049960e-06  0.00000000e+00  1.80085458e+00 
 6.00082514e-06  0.00000000e+00  1.80191819e+00 
 6.00128247e-06  0.00000000e+00  1.80183279e+00 
 6.00175749e-06  0.00000000e+00  1.80042727e+00 
 6.00218702e-06  0.00000000e+00  1.79820626e+00 
 6.00268131e-06  0.00000000e+00  1.79841515e+00 
 6.00328889e-06  0.00000000e+00  1.79872080e+00 
 6.00391294e-06  0.00000000e+00  1.79761639e+00 
 6.00441258e-06  0.00000000e+00  1.79906197e+00 
 6.00498760e-06  0.00000000e+00  1.79984984e+00 
 6.00556444e-06  0.00000000e+00  1.80074666e+00 
 6.00608996e-06  0.00000000e+00  1.80092639e+00 
 6.00670435e-06  0.00000000e+00  1.80062512e+00 
 6.00756122e-06  0.00000000e+00  1.80039295e+00 
 6.00842764e-06  0.00000000e+00  1.80019855e+00 
 6.00973465e-06  0.00000000e+00  1.80018135e+00 
 6.01072164e-06  0.00000000e+00  1.80014910e+00 
 6.01175154e-06  0.00000000e+00  1.80044334e+00 
 6.01286423e-06  0.00000000e+00  1.80045702e+00 
 6.01369108e-06  0.00000000e+00  1.79993637e+00 
 6.01448414e-06  0.00000000e+00  1.79898185e+00 
 6.01555075e-06  0.00000000e+00  1.79883457e+00 
 6.01652599e-06  0.00000000e+00  1.79978333e+00 
 6.01756715e-06  0.00000000e+00  1.79790390e+00 
 6.01882317e-06  0.00000000e+00  1.79768136e+00 
 6.01995980e-06  0.00000000e+00  1.79881550e+00 
 6.02202460e-06  0.00000000e+00  1.80025476e+00 
 6.02389072e-06  0.00000000e+00  1.79889642e+00 
 6.02536735e-06  0.00000000e+00  1.80012712e+00 
 6.02690006e-06  0.00000000e+00  1.79957948e+00 
 6.02884805e-06  0.00000000e+00  1.79981679e+00 
 6.03093356e-06  0.00000000e+00  1.79982699e+00 
 6.03472103e-06  0.00000000e+00  1.79985977e+00 
 6.03851532e-06  0.00000000e+00  1.80000209e+00 
 6.04326548e-06  0.00000000e+00  1.79989472e+00 
 6.04880150e-06  0.00000000e+00  1.80003634e+00 
 6.05839653e-06  0.00000000e+00  1.79989249e+00 
 6.07562234e-06  0.00000000e+00  1.80005597e+00 
 6.10401645e-06  0.00000000e+00  1.79990129e+00 
 6.15859502e-06  0.00000000e+00  1.80007254e+00 
 6.23610948e-06  0.00000000e+00  1.79990221e+00 
 6.25010000e-06  6.67038446e-12  1.80017534e+00 
 6.25011000e-06  1.80000000e-01  1.80072285e+00 
 6.25013000e-06  5.40000000e-01  1.80224881e+00 
 6.25017000e-06  1.26000000e+00  1.80569460e+00 
 6.25020000e-06  1.80000000e+00  1.80804589e+00 
 6.25020788e-06  1.80000000e+00  1.80779851e+00 
 6.25022364e-06  1.80000000e+00  1.80726221e+00 
 6.25025516e-06  1.80000000e+00  1.80639344e+00 
 6.25031821e-06  1.80000000e+00  1.80524110e+00 
 6.25044430e-06  1.80000000e+00  1.80386009e+00 
 6.25068467e-06  1.80000000e+00  1.80264850e+00 
 6.25094343e-06  1.80000000e+00  1.80339910e+00 
 6.25137866e-06  1.80000000e+00  1.80635974e+00 
 6.25184804e-06  1.80000000e+00  1.80374943e+00 
 6.25235325e-06  1.80000000e+00  1.80143797e+00 
 6.25301890e-06  1.80000000e+00  1.80031484e+00 
 6.25364743e-06  1.80000000e+00  1.80010574e+00 
 6.25433046e-06  1.80000000e+00  1.80013115e+00 
 6.25497297e-06  1.80000000e+00  1.79998371e+00 
 6.25564212e-06  1.80000000e+00  1.80000193e+00 
 6.25656745e-06  1.80000000e+00  1.79999561e+00 
 6.25760081e-06  1.80000000e+00  1.80000007e+00 
 6.25905443e-06  1.80000000e+00  1.79999835e+00 
 6.26141281e-06  1.80000000e+00  1.80000021e+00 
 6.26508046e-06  1.80000000e+00  1.79999970e+00 
 6.27193309e-06  1.80000000e+00  1.80000085e+00 
 6.28277325e-06  1.80000000e+00  1.80000013e+00 
 6.30221186e-06  1.80000000e+00  1.80000045e+00 
 6.33540487e-06  1.80000000e+00  1.79999968e+00 
 6.39233868e-06  1.80000000e+00  1.80000034e+00 
 6.47708786e-06  1.80000000e+00  1.79999979e+00 
 6.50000000e-06  1.80000000e+00  1.80000005e+00 
 6.50001000e-06  1.62000000e+00  1.79875277e+00 
 6.50003000e-06  1.26000000e+00  1.79650611e+00 
 6.50007000e-06  5.40000000e-01  1.79314664e+00 
 6.50010000e-06  0.00000000e+00  1.79138507e+00 
 6.50010800e-06  0.00000000e+00  1.79198221e+00 
 6.50012400e-06  0.00000000e+00  1.79317546e+00 
 6.50015600e-06  0.00000000e+00  1.79498576e+00 
 6.50022000e-06  0.00000000e+00  1.79721632e+00 
 6.50033687e-06  0.00000000e+00  1.79950719e+00 
 6.50049975e-06  0.00000000e+00  1.80085753e+00 
 6.50082550e-06  0.00000000e+00  1.80191888e+00 
 6.50128581e-06  0.00000000e+00  1.80181270e+00 
 6.50176222e-06  0.00000000e+00  1.80040926e+00 
 6.50218273e-06  0.00000000e+00  1.79816247e+00 
 6.50264973e-06  0.00000000e+00  1.79772864e+00 
 6.50332600e-06  0.00000000e+00  1.79821940e+00 
 6.50395664e-06  0.00000000e+00  1.79866148e+00 
 6.50475534e-06  0.00000000e+00  1.79908674e+00 
 6.50556915e-06  0.00000000e+00  1.79933213e+00 
 6.50660580e-06  0.00000000e+00  1.79949603e+00 
 6.50737740e-06  0.00000000e+00  1.79966112e+00 
 6.50819962e-06  0.00000000e+00  1.79970990e+00 
 6.50903844e-06  0.00000000e+00  1.79978341e+00 
 6.51001849e-06  0.00000000e+00  1.79980468e+00 
 6.51120175e-06  0.00000000e+00  1.79985504e+00 
 6.51237339e-06  0.00000000e+00  1.79985985e+00 
 6.51471668e-06  0.00000000e+00  1.79990003e+00 
 6.51940326e-06  0.00000000e+00  1.79991150e+00 
 6.52826608e-06  0.00000000e+00  1.79994803e+00 
 6.54599172e-06  0.00000000e+00  1.79995630e+00 
 6.58144300e-06  0.00000000e+00  1.79998615e+00 
 6.65234556e-06  0.00000000e+00  1.79998288e+00 
 6.75010000e-06  6.67038446e-12  1.80000066e+00 
 6.75011000e-06  1.80000000e-01  1.80064003e+00 
 6.75013000e-06  5.40000000e-01  1.80230561e+00 
 6.75017000e-06  1.26000000e+00  1.80586333e+00 
 6.75020000e-06  1.80000000e+00  1.80823312e+00 
 6.75020787e-06  1.80000000e+00  1.80797969e+00 
 6.75022362e-06  1.80000000e+00  1.80743621e+00 
 6.75025512e-06  1.80000000e+00  1.80657372e+00 
 6.75031812e-06  1.80000000e+00  1.80543810e+00 
 6.75044411e-06  1.80000000e+00  1.80403885e+00 
 6.75068312e-06  1.80000000e+00  1.80276743e+00 
 6.75094224e-06  1.80000000e+00  1.80348790e+00 
 6.75137729e-06  1.80000000e+00  1.80644011e+00 
 6.75184664e-06  1.80000000e+00  1.80384153e+00 
 6.75235079e-06  1.80000000e+00  1.80153302e+00 
 6.75301574e-06  1.80000000e+00  1.79999821e+00 
 6.75375604e-06  1.80000000e+00  1.79963005e+00 
 6.75438596e-06  1.80000000e+00  1.80025781e+00 
 6.75504392e-06  1.80000000e+00  1.80056661e+00 
 6.75575331e-06  1.80000000e+00  1.80117648e+00 
 6.75669259e-06  1.80000000e+00  1.80166606e+00 
 6.75756617e-06  1.80000000e+00  1.80162438e+00 
 6.75841518e-06  1.80000000e+00  1.80128179e+00 
 6.75932263e-06  1.80000000e+00  1.80108521e+00 
 6.76073320e-06  1.80000000e+00  1.80079354e+00 
 6.76213224e-06  1.80000000e+00  1.80057467e+00 
 6.76484661e-06  1.80000000e+00  1.80028894e+00 
 6.76830573e-06  1.80000000e+00  1.80012599e+00 
 6.77522396e-06  1.80000000e+00  1.80000827e+00 
 6.78740865e-06  1.80000000e+00  1.80000128e+00 
 6.80769638e-06  1.80000000e+00  1.79999723e+00 
 6.84827185e-06  1.80000000e+00  1.80000293e+00 
 6.92503042e-06  1.80000000e+00  1.79999685e+00 
 7.00000000e-06  1.80000000e+00  1.80000314e+00 
 7.00001000e-06  1.62000000e+00  1.79875425e+00 
 7.00003000e-06  1.26000000e+00  1.79650637e+00 
 7.00007000e-06  5.40000000e-01  1.79314641e+00 
 7.00010000e-06  0.00000000e+00  1.79138532e+00 
 7.00010800e-06  0.00000000e+00  1.79198392e+00 
 7.00012400e-06  0.00000000e+00  1.79317953e+00 
 7.00015600e-06  0.00000000e+00  1.79499033e+00 
 7.00022000e-06  0.00000000e+00  1.79721787e+00 
 7.00033684e-06  0.00000000e+00  1.79950474e+00 
 7.00049962e-06  0.00000000e+00  1.80085418e+00 
 7.00082518e-06  0.00000000e+00  1.80191795e+00 
 7.00128294e-06  0.00000000e+00  1.80183461e+00 
 7.00175821e-06  0.00000000e+00  1.80042240e+00 
 7.00218762e-06  0.00000000e+00  1.79820556e+00 
 7.00268296e-06  0.00000000e+00  1.79843728e+00 
 7.00329531e-06  0.00000000e+00  1.79868013e+00 
 7.00392311e-06  0.00000000e+00  1.79764049e+00 
 7.00442503e-06  0.00000000e+00  1.79910058e+00 
 7.00500075e-06  0.00000000e+00  1.79986446e+00 
 7.00556793e-06  0.00000000e+00  1.80076000e+00 
 7.00609082e-06  0.00000000e+00  1.80091703e+00 
 7.00669785e-06  0.00000000e+00  1.80062951e+00 
 7.00754467e-06  0.00000000e+00  1.80039092e+00 
 7.00841572e-06  0.00000000e+00  1.80020387e+00 
 7.00971801e-06  0.00000000e+00  1.80018934e+00 
 7.01069926e-06  0.00000000e+00  1.80018944e+00 
 7.01172355e-06  0.00000000e+00  1.80050241e+00 
 7.01283772e-06  0.00000000e+00  1.80053690e+00 
 7.01366791e-06  0.00000000e+00  1.80001518e+00 
 7.01446707e-06  0.00000000e+00  1.79914387e+00 
 7.01552257e-06  0.00000000e+00  1.79888981e+00 
 7.01650773e-06  0.00000000e+00  1.79996994e+00 
 7.01755297e-06  0.00000000e+00  1.79853397e+00 
 7.01879163e-06  0.00000000e+00  1.79861267e+00 
 7.01991825e-06  0.00000000e+00  1.79943825e+00 
 7.02162253e-06  0.00000000e+00  1.79805683e+00 
 7.02352573e-06  0.00000000e+00  1.79920752e+00 
 7.02571760e-06  0.00000000e+00  1.79978130e+00 
 7.02774152e-06  0.00000000e+00  1.79970498e+00 
 7.03073195e-06  0.00000000e+00  1.80006706e+00 
 7.03450501e-06  0.00000000e+00  1.79979524e+00 
 7.04205114e-06  0.00000000e+00  1.80009203e+00 
 7.05567020e-06  0.00000000e+00  1.79982262e+00 
 7.07264881e-06  0.00000000e+00  1.80011217e+00 
 7.09255080e-06  0.00000000e+00  1.79984902e+00 
 7.11209900e-06  0.00000000e+00  1.80011476e+00 
 7.14699910e-06  0.00000000e+00  1.79986001e+00 
 7.21679930e-06  0.00000000e+00  1.80012083e+00 
 7.25010000e-06  6.67038446e-12  1.79986661e+00 
 7.25011000e-06  1.80000000e-01  1.80052919e+00 
 7.25013000e-06  5.40000000e-01  1.80222765e+00 
 7.25017000e-06  1.26000000e+00  1.80581395e+00 
 7.25020000e-06  1.80000000e+00  1.80819327e+00 
 7.25020788e-06  1.80000000e+00  1.80795455e+00 
 7.25022364e-06  1.80000000e+00  1.80743596e+00 
 7.25025516e-06  1.80000000e+00  1.80659075e+00 
 7.25031820e-06  1.80000000e+00  1.80543230e+00 
 7.25044428e-06  1.80000000e+00  1.80399944e+00 
 7.25068479e-06  1.80000000e+00  1.80273903e+00 
 7.25094341e-06  1.80000000e+00  1.80347448e+00 
 7.25137835e-06  1.80000000e+00  1.80645396e+00 
 7.25184782e-06  1.80000000e+00  1.80395355e+00 
 7.25235279e-06  1.80000000e+00  1.80188990e+00 
 7.25301850e-06  1.80000000e+00  1.80091048e+00 
 7.25377489e-06  1.80000000e+00  1.79984692e+00 
 7.25437678e-06  1.80000000e+00  1.79895615e+00 
 7.25502963e-06  1.80000000e+00  1.79822235e+00 
 7.25569056e-06  1.80000000e+00  1.79826339e+00 
 7.25664734e-06  1.80000000e+00  1.79850718e+00 
 7.25757927e-06  1.80000000e+00  1.79880236e+00 
 7.25914757e-06  1.80000000e+00  1.79917043e+00 
 7.26138965e-06  1.80000000e+00  1.79951956e+00 
 7.26538767e-06  1.80000000e+00  1.79982672e+00 
 7.27243652e-06  1.80000000e+00  1.79998451e+00 
 7.28390910e-06  1.80000000e+00  1.80000198e+00 
 7.30491623e-06  1.80000000e+00  1.79999904e+00 
 7.34035282e-06  1.80000000e+00  1.80000048e+00 
 7.40690478e-06  1.80000000e+00  1.79999953e+00 
 7.50000000e-06  1.80000000e+00  1.80000032e+00 
 7.50001000e-06  1.62000000e+00  1.79877243e+00 
 7.50003000e-06  1.26000000e+00  1.79654613e+00 
 7.50007000e-06  5.40000000e-01  1.79315568e+00 
 7.50010000e-06  0.00000000e+00  1.79134710e+00 
 7.50010800e-06  0.00000000e+00  1.79191575e+00 
 7.50012400e-06  0.00000000e+00  1.79306749e+00 
 7.50015600e-06  0.00000000e+00  1.79487764e+00 
 7.50022000e-06  0.00000000e+00  1.79717836e+00 
 7.50033687e-06  0.00000000e+00  1.79955477e+00 
 7.50049969e-06  0.00000000e+00  1.80094367e+00 
 7.50082534e-06  0.00000000e+00  1.80198030e+00 
 7.50128259e-06  0.00000000e+00  1.80136301e+00 
 7.50175758e-06  0.00000000e+00  1.79955792e+00 
 7.50218709e-06  0.00000000e+00  1.79815441e+00 
 7.50268324e-06  0.00000000e+00  1.79917402e+00 
 7.50323072e-06  0.00000000e+00  1.80001306e+00 
 7.50382037e-06  0.00000000e+00  1.80003176e+00 
 7.50442269e-06  0.00000000e+00  1.79996998e+00 
 7.50508434e-06  0.00000000e+00  1.80000616e+00 
 7.50616162e-06  0.00000000e+00  1.79982267e+00 
 7.50719409e-06  0.00000000e+00  1.79993408e+00 
 7.50818330e-06  0.00000000e+00  1.79991469e+00 
 7.50930669e-06  0.00000000e+00  1.79990476e+00 
 7.51036497e-06  0.00000000e+00  1.79989224e+00 
 7.51158121e-06  0.00000000e+00  1.79989856e+00 
 7.51288854e-06  0.00000000e+00  1.79989315e+00 
 7.51550320e-06  0.00000000e+00  1.79990876e+00 
 7.52038346e-06  0.00000000e+00  1.79991918e+00 
 7.52855690e-06  0.00000000e+00  1.79994574e+00 
 7.54490377e-06  0.00000000e+00  1.79995899e+00 
 7.57759751e-06  0.00000000e+00  1.79998171e+00 
 7.64298500e-06  0.00000000e+00  1.79998550e+00 
 7.75010000e-06  0.00000000e+00  1.79999731e+00 
 7.75011000e-06  1.80000000e-01  1.80062664e+00 
 7.75013000e-06  5.40000000e-01  1.80227579e+00 
 7.75017000e-06  1.26000000e+00  1.80583419e+00 
 7.75020000e-06  1.80000000e+00  1.80821081e+00 
 7.75020787e-06  1.80000000e+00  1.80797512e+00 
 7.75022362e-06  1.80000000e+00  1.80746047e+00 
 7.75025512e-06  1.80000000e+00  1.80661692e+00 
 7.75031811e-06  1.80000000e+00  1.80545493e+00 
 7.75044410e-06  1.80000000e+00  1.80401629e+00 
 7.75068313e-06  1.80000000e+00  1.80275169e+00 
 7.75094188e-06  1.80000000e+00  1.80347660e+00 
 7.75137677e-06  1.80000000e+00  1.80647299e+00 
 7.75184619e-06  1.80000000e+00  1.80398867e+00 
 7.75235006e-06  1.80000000e+00  1.80190748e+00 
 7.75301840e-06  1.80000000e+00  1.80102945e+00 
 7.75376407e-06  1.80000000e+00  1.80020554e+00 
 7.75438985e-06  1.80000000e+00  1.79932517e+00 
 7.75504809e-06  1.80000000e+00  1.79832716e+00 
 7.75576091e-06  1.80000000e+00  1.79816546e+00 
 7.75670132e-06  1.80000000e+00  1.79845120e+00 
 7.75757335e-06  1.80000000e+00  1.79869717e+00 
 7.75922686e-06  1.80000000e+00  1.79914283e+00 
 7.76140356e-06  1.80000000e+00  1.79947277e+00 
 7.76544875e-06  1.80000000e+00  1.79983004e+00 
 7.77250133e-06  1.80000000e+00  1.79997141e+00 
 7.78381140e-06  1.80000000e+00  1.80001391e+00 
 7.80476631e-06  1.80000000e+00  1.79998719e+00 
 7.83951791e-06  1.80000000e+00  1.80001219e+00 
 7.90490488e-06  1.80000000e+00  1.79998784e+00 
 8.00000000e-06  1.80000000e+00  1.80001196e+00 
 8.00001000e-06  1.62000000e+00  1.79878454e+00 
 8.00003000e-06  1.26000000e+00  1.79655905e+00 
 8.00007000e-06  5.40000000e-01  1.79316306e+00 
 8.00010000e-06  0.00000000e+00  1.79135029e+00 
 8.00010800e-06  0.00000000e+00  1.79191781e+00 
 8.00012400e-06  0.00000000e+00  1.79306713e+00 
 8.00015600e-06  0.00000000e+00  1.79487490e+00 
 8.00022000e-06  0.00000000e+00  1.79717684e+00 
 8.00033683e-06  0.00000000e+00  1.79955629e+00 
 8.00049961e-06  0.00000000e+00  1.80094562e+00 
 8.00082518e-06  0.00000000e+00  1.80197861e+00 
 8.00128250e-06  0.00000000e+00  1.80135126e+00 
 8.00175750e-06  0.00000000e+00  1.79955390e+00 
 8.00218703e-06  0.00000000e+00  1.79816821e+00 
 8.00268190e-06  0.00000000e+00  1.79908892e+00 
 8.00328571e-06  0.00000000e+00  1.79988064e+00 
 8.00390729e-06  0.00000000e+00  1.80001457e+00 
 8.00440159e-06  0.00000000e+00  1.80000176e+00 
 8.00498011e-06  0.00000000e+00  1.80005723e+00 
 8.00556495e-06  0.00000000e+00  1.79999637e+00 
 8.00609463e-06  0.00000000e+00  1.79998094e+00 
 8.00671520e-06  0.00000000e+00  1.79993730e+00 
 8.00757844e-06  0.00000000e+00  1.79991927e+00 
 8.00844314e-06  0.00000000e+00  1.79989619e+00 
 8.00928695e-06  0.00000000e+00  1.79989609e+00 
 8.01027496e-06  0.00000000e+00  1.79988656e+00 
 8.01136990e-06  0.00000000e+00  1.79989239e+00 
 8.01355978e-06  0.00000000e+00  1.79989461e+00 
 8.01793953e-06  0.00000000e+00  1.79991601e+00 
 8.02669904e-06  0.00000000e+00  1.79993706e+00 
 8.04421805e-06  0.00000000e+00  1.79996382e+00 
 8.07925608e-06  0.00000000e+00  1.79997710e+00 
 8.14933214e-06  0.00000000e+00  1.79999128e+00 
 8.25010000e-06  0.00000000e+00  1.79999209e+00 
 8.25011000e-06  1.80000000e-01  1.80062190e+00 
 8.25013000e-06  5.40000000e-01  1.80227326e+00 
 8.25017000e-06  1.26000000e+00  1.80582807e+00 
 8.25020000e-06  1.80000000e+00  1.80820447e+00 
 8.25020792e-06  1.80000000e+00  1.80797049e+00 
 8.25022376e-06  1.80000000e+00  1.80745950e+00 
 8.25025544e-06  1.80000000e+00  1.80662100e+00 
 8.25031879e-06  1.80000000e+00  1.80545888e+00 
 8.25044550e-06  1.80000000e+00  1.80400715e+00 
 8.25069892e-06  1.80000000e+00  1.80276052e+00 
 8.25095419e-06  1.80000000e+00  1.80358642e+00 
 8.25138701e-06  1.80000000e+00  1.80640274e+00 
 8.25185799e-06  1.80000000e+00  1.80371257e+00 
 8.25236961e-06  1.80000000e+00  1.80143494e+00 
 8.25302674e-06  1.80000000e+00  1.80042918e+00 
 8.25386914e-06  1.80000000e+00  1.80004565e+00 
 8.25475128e-06  1.80000000e+00  1.80004866e+00 
 8.25564864e-06  1.80000000e+00  1.80001345e+00 
 8.25658631e-06  1.80000000e+00  1.80004425e+00 
 8.25789243e-06  1.80000000e+00  1.80001929e+00 
 8.25924945e-06  1.80000000e+00  1.80002284e+00 
 8.26176222e-06  1.80000000e+00  1.80000729e+00 
 8.26492337e-06  1.80000000e+00  1.80000647e+00 
 8.27124565e-06  1.80000000e+00  1.79999858e+00 
 8.28060185e-06  1.80000000e+00  1.80000144e+00 
 8.29642945e-06  1.80000000e+00  1.79999837e+00 
 8.32563273e-06  1.80000000e+00  1.80000141e+00 
 8.38403928e-06  1.80000000e+00  1.79999850e+00 
 8.49693245e-06  1.80000000e+00  1.80000139e+00 
 8.50000000e-06  1.80000000e+00  1.79999895e+00 
 8.50001000e-06  1.62000000e+00  1.79877547e+00 
 8.50003000e-06  1.26000000e+00  1.79655794e+00 
 8.50007000e-06  5.40000000e-01  1.79317315e+00 
 8.50010000e-06  0.00000000e+00  1.79136147e+00 
 8.50010800e-06  0.00000000e+00  1.79192971e+00 
 8.50012400e-06  0.00000000e+00  1.79307841e+00 
 8.50015600e-06  0.00000000e+00  1.79487649e+00 
 8.50022000e-06  0.00000000e+00  1.79716717e+00 
 8.50034800e-06  0.00000000e+00  1.79971415e+00 
 8.50060400e-06  0.00000000e+00  1.80150215e+00 
 8.50095813e-06  0.00000000e+00  1.80226985e+00 
 8.50153610e-06  0.00000000e+00  1.80020370e+00 
 8.50212968e-06  0.00000000e+00  1.79823908e+00 
 8.50261825e-06  0.00000000e+00  1.80715464e+00 
 8.50316935e-06  0.00000000e+00  1.82725622e+00 
 8.50381973e-06  0.00000000e+00  1.82379943e+00 
 8.50452694e-06  0.00000000e+00  1.77714843e+00 
 8.50534449e-06  0.00000000e+00  1.71432545e+00 
 8.50600386e-06  0.00000000e+00  1.66577842e+00 
 8.50672051e-06  0.00000000e+00  1.61128572e+00 
 8.50768403e-06  0.00000000e+00  1.53825569e+00 
 8.50884635e-06  0.00000000e+00  1.44927836e+00 
 8.51071012e-06  0.00000000e+00  1.30611893e+00 
 8.51382941e-06  0.00000000e+00  1.06677954e+00 
 8.51894263e-06  0.00000000e+00  6.99563172e-01 
 8.52429043e-06  0.00000000e+00  4.01001922e-01 
 8.52842878e-06  0.00000000e+00  2.25449374e-01 
 8.53146400e-06  0.00000000e+00  1.32573126e-01 
 8.53423917e-06  0.00000000e+00  7.95219301e-02 
 8.53647417e-06  0.00000000e+00  5.14100816e-02 
 8.53863353e-06  0.00000000e+00  3.36426762e-02 
 8.54077107e-06  0.00000000e+00  2.14017853e-02 
 8.54284345e-06  0.00000000e+00  1.42922645e-02 
 8.54516735e-06  0.00000000e+00  8.66721671e-03 
 8.54855954e-06  0.00000000e+00  4.37787102e-03 
 8.55253552e-06  0.00000000e+00  1.78401147e-03 
 8.55698795e-06  0.00000000e+00  7.85063719e-04 
 8.56581016e-06  0.00000000e+00  6.02942765e-05 
 8.57442566e-06  0.00000000e+00  1.03546310e-04 
 8.58778828e-06  0.00000000e+00  3.17819803e-05 
 8.60200668e-06  0.00000000e+00  8.34594168e-05 
 8.63044350e-06  0.00000000e+00  2.69086386e-05 
 8.66651819e-06  0.00000000e+00  6.56299613e-05 
 8.72120597e-06  0.00000000e+00  1.48491076e-05 
 8.75010000e-06  0.00000000e+00  5.14881281e-05 
 8.75011000e-06  1.80000000e-01  1.15340713e-03 
 8.75013000e-06  5.40000000e-01  3.22558486e-03 
 8.75017000e-06  1.26000000e+00  6.17048521e-03 
 8.75020000e-06  1.80000000e+00  7.60906110e-03 
 8.75020787e-06  1.80000000e+00  7.23204516e-03 
 8.75022362e-06  1.80000000e+00  6.45397366e-03 
 8.75025512e-06  1.80000000e+00  5.18189030e-03 
 8.75031811e-06  1.80000000e+00  3.52906109e-03 
 8.75044409e-06  1.80000000e+00  1.95457318e-03 
 8.75068553e-06  1.80000000e+00  1.34336315e-03 
 8.75094385e-06  1.80000000e+00  2.31830548e-03 
 8.75137988e-06  1.80000000e+00  5.02292052e-03 
 8.75184951e-06  1.80000000e+00  3.15706114e-03 
 8.75235539e-06  1.80000000e+00  2.15988165e-03 
 8.75301851e-06  1.80000000e+00  5.61697467e-04 
 8.75377237e-06  1.80000000e+00 -2.85529467e-03 
 8.75438616e-06  1.80000000e+00 -1.34936847e-03 
 8.75504287e-06  1.80000000e+00 -2.77475148e-04 
 8.75570867e-06  1.80000000e+00  6.30517752e-05 
 8.75666860e-06  1.80000000e+00  5.77868451e-04 
 8.75761768e-06  1.80000000e+00  8.38061500e-04 
 8.75919051e-06  1.80000000e+00  9.27721213e-04 
 8.76144833e-06  1.80000000e+00  8.42825011e-04 
 8.76547053e-06  1.80000000e+00  5.98414253e-04 
 8.77248285e-06  1.80000000e+00  3.29208848e-04 
 8.78394343e-06  1.80000000e+00  1.49102154e-04 
 8.80474742e-06  1.80000000e+00  9.49136423e-05 
 8.83978238e-06  1.80000000e+00  4.91399347e-05 
 8.90551461e-06  1.80000000e+00  4.16125321e-05 
 9.00000000e-06  1.80000000e+00  1.72179328e-05 
