 1.00000000e-12  1.78200000e+00  3.36626235e-01 
 1.02772000e-12  1.78150104e+00  3.41560518e-01 
 1.08316000e-12  1.78050312e+00  3.48321360e-01 
 1.19404001e-12  1.77850728e+00  3.56336047e-01 
 1.33849011e-12  1.77590718e+00  3.66649628e-01 
 1.62739030e-12  1.77070697e+00  3.85177222e-01 
 2.20519068e-12  1.76030657e+00  4.10932532e-01 
 3.06281339e-12  1.74486936e+00  4.31157242e-01 
 3.96315548e-12  1.72866320e+00  4.41053981e-01 
 5.17209841e-12  1.70690223e+00  4.46096644e-01 
 6.88123354e-12  1.67613780e+00  4.46880426e-01 
 1.00286669e-11  1.61948400e+00  4.42905794e-01 
 1.36837865e-11  1.55369184e+00  4.38066527e-01 
 2.03330911e-11  1.43400436e+00  4.33076888e-01 
 2.72242964e-11  1.30996266e+00  4.31194665e-01 
 3.61398854e-11  1.14948206e+00  4.30075228e-01 
 4.70551327e-11  9.53007612e-01  4.29498981e-01 
 6.49664293e-11  6.30604272e-01  4.28629652e-01 
 8.44598857e-11  2.79722057e-01  4.28098729e-01 
 1.00000000e-10  0.00000000e+00  4.27783226e-01 
 1.01309753e-10  0.00000000e+00  4.28027952e-01 
 1.03929260e-10  0.00000000e+00  4.28394164e-01 
 1.09168274e-10  0.00000000e+00  4.28945565e-01 
 1.19646301e-10  0.00000000e+00  4.29540169e-01 
 1.40602356e-10  0.00000000e+00  4.30540938e-01 
 1.82514466e-10  0.00000000e+00  4.32564611e-01 
 2.66338685e-10  0.00000000e+00  4.36896886e-01 
 4.17943627e-10  0.00000000e+00  4.44572808e-01 
 5.87892560e-10  0.00000000e+00  4.52848274e-01 
 8.60266744e-10  0.00000000e+00  4.66689314e-01 
 1.23937495e-09  0.00000000e+00  4.80139978e-01 
 1.69925174e-09  0.00000000e+00  4.88919717e-01 
 2.43942422e-09  0.00000000e+00  4.90425389e-01 
 3.16567367e-09  0.00000000e+00  4.80710244e-01 
 3.83968712e-09  0.00000000e+00  4.60419031e-01 
 4.63303369e-09  0.00000000e+00  4.27030444e-01 
 5.49040714e-09  0.00000000e+00  3.89252087e-01 
 6.39936873e-09  0.00000000e+00  3.53765508e-01 
 7.62874927e-09  0.00000000e+00  3.07108958e-01 
 8.87752192e-09  0.00000000e+00  2.64012996e-01 
 1.01171406e-08  0.00000000e+00  2.25424041e-01 
 1.09629902e-08  0.00000000e+00  2.01275792e-01 
 1.17553224e-08  0.00000000e+00  1.79714003e-01 
 1.26728779e-08  0.00000000e+00  1.57111984e-01 
 1.36352502e-08  0.00000000e+00  1.36235388e-01 
 1.54226729e-08  0.00000000e+00  1.03709800e-01 
 1.78047741e-08  0.00000000e+00  7.14515199e-02 
 2.04964939e-08  0.00000000e+00  4.63663946e-02 
 2.32346440e-08  0.00000000e+00  2.97239110e-02 
 2.57457317e-08  0.00000000e+00  1.96775681e-02 
 2.85371437e-08  0.00000000e+00  1.24212350e-02 
 3.10898428e-08  0.00000000e+00  8.12371800e-03 
 3.47338526e-08  0.00000000e+00  4.41200500e-03 
 3.86542837e-08  0.00000000e+00  2.26564584e-03 
 4.42503824e-08  0.00000000e+00  8.49767500e-04 
 5.51215450e-08  0.00000000e+00  5.46632888e-05 
 7.14637278e-08  0.00000000e+00 -7.52463993e-07 
 1.04148093e-07  0.00000000e+00  4.11789181e-06 
 1.59280202e-07  0.00000000e+00 -1.55025123e-06 
 2.25846494e-07  0.00000000e+00  6.02914982e-07 
 2.50100000e-07  0.00000000e+00 -1.07493163e-06 
 2.50110000e-07  1.80000000e-01  2.16936475e-03 
 2.50130000e-07  5.40000000e-01  5.48945462e-03 
 2.50170000e-07  1.26000000e+00  9.17155330e-03 
 2.50200000e-07  1.80000000e+00  1.08113287e-02 
 2.50200531e-07  1.80000000e+00  1.06515216e-02 
 2.50201594e-07  1.80000000e+00  1.03523144e-02 
 2.50203719e-07  1.80000000e+00  9.80989888e-03 
 2.50207969e-07  1.80000000e+00  8.97671958e-03 
 2.50216469e-07  1.80000000e+00  7.93382864e-03 
 2.50233470e-07  1.80000000e+00  6.19580284e-03 
 2.50267470e-07  1.80000000e+00  3.81068465e-03 
 2.50335472e-07  1.80000000e+00  1.72143933e-03 
 2.50413063e-07  1.80000000e+00  2.79778451e-05 
 2.50568244e-07  1.80000000e+00 -1.08949484e-03 
 2.50717789e-07  1.80000000e+00 -1.23032557e-03 
 2.51016879e-07  1.80000000e+00 -3.45289274e-04 
 2.51341950e-07  1.80000000e+00  8.06365028e-04 
 2.51861977e-07  1.80000000e+00  2.44542847e-03 
 2.52429957e-07  1.80000000e+00  1.38249747e-03 
 2.53224852e-07  1.80000000e+00  6.27896078e-04 
 2.54048698e-07  1.80000000e+00  3.05229509e-04 
 2.55128016e-07  1.80000000e+00 -2.46986256e-04 
 2.55880171e-07  1.80000000e+00 -5.96713588e-05 
 2.56737060e-07  1.80000000e+00  6.43272491e-04 
 2.57746337e-07  1.80000000e+00  4.14252830e-04 
 2.58865138e-07  1.80000000e+00  5.70809413e-04 
 2.60184730e-07  1.80000000e+00  4.72589456e-04 
 2.62443015e-07  1.80000000e+00  4.97174081e-04 
 2.64489963e-07  1.80000000e+00  3.08401032e-04 
 2.68133151e-07  1.80000000e+00  2.54646526e-04 
 2.72915170e-07  1.80000000e+00  8.32733039e-05 
 2.82479207e-07  1.80000000e+00  8.08348356e-05 
 2.99186618e-07  1.80000000e+00 -2.35637929e-05 
 3.27626241e-07  1.80000000e+00  4.39589485e-05 
 3.84505488e-07  1.80000000e+00 -3.49635071e-05 
 4.39547903e-07  1.80000000e+00  3.72584934e-05 
 4.93183221e-07  1.80000000e+00 -1.31402992e-03 
 5.00000000e-07  1.80000000e+00 -1.26491591e-03 
 5.00010000e-07  1.62000000e+00 -2.14062662e-03 
 5.00030000e-07  1.26000000e+00 -3.52429938e-03 
 5.00070000e-07  5.40000000e-01 -4.94007643e-03 
 5.00100000e-07  0.00000000e+00 -5.85591120e-03 
 5.00104186e-07  0.00000000e+00 -5.58443090e-03 
 5.00112558e-07  0.00000000e+00 -4.98788875e-03 
 5.00129301e-07  0.00000000e+00 -4.33048958e-03 
 5.00162788e-07  0.00000000e+00 -3.71087109e-03 
 5.00229761e-07  0.00000000e+00 -2.78243643e-03 
 5.00363709e-07  0.00000000e+00 -2.00174477e-03 
 5.00539963e-07  0.00000000e+00 -1.53842538e-03 
 5.00892471e-07  0.00000000e+00 -1.10936686e-03 
 5.01511212e-07  0.00000000e+00 -1.93501680e-03 
 5.02197126e-07  0.00000000e+00 -8.95894271e-03 
 5.02772766e-07  0.00000000e+00 -1.62822717e-02 
 5.03489211e-07  0.00000000e+00  5.91883483e-03 
 5.04162183e-07  0.00000000e+00  5.90584697e-02 
 5.05149605e-07  0.00000000e+00  1.47072281e-01 
 5.06127902e-07  0.00000000e+00  2.34946616e-01 
 5.07106776e-07  0.00000000e+00  3.20534437e-01 
 5.08540829e-07  0.00000000e+00  4.41216636e-01 
 5.09900220e-07  0.00000000e+00  5.50524219e-01 
 5.11797129e-07  0.00000000e+00  6.99841116e-01 
 5.14077245e-07  0.00000000e+00  8.53126582e-01 
 5.15942784e-07  0.00000000e+00  9.67928012e-01 
 5.17912650e-07  0.00000000e+00  1.08438864e+00 
 5.19970615e-07  0.00000000e+00  1.22975475e+00 
 5.22393224e-07  0.00000000e+00  1.45203157e+00 
 5.25323385e-07  0.00000000e+00  1.66594595e+00 
 5.27993126e-07  0.00000000e+00  1.75214541e+00 
 5.33332608e-07  0.00000000e+00  1.79975822e+00 
 5.41326481e-07  0.00000000e+00  1.80029931e+00 
 5.51269323e-07  0.00000000e+00  1.79990176e+00 
 5.71155008e-07  0.00000000e+00  1.80016583e+00 
 6.06675819e-07  0.00000000e+00  1.79988016e+00 
 6.77478661e-07  0.00000000e+00  1.80013924e+00 
 7.50100000e-07  9.52912066e-13  1.79987393e+00 
 7.50110000e-07  1.80000000e-01  1.80062248e+00 
 7.50130000e-07  5.40000000e-01  1.80217575e+00 
 7.50170000e-07  1.26000000e+00  1.80498454e+00 
 7.50200000e-07  1.80000000e+00  1.80689561e+00 
 7.50200764e-07  1.80000000e+00  1.80691023e+00 
 7.50202291e-07  1.80000000e+00  1.80688752e+00 
 7.50205347e-07  1.80000000e+00  1.80669700e+00 
 7.50211457e-07  1.80000000e+00  1.80632430e+00 
 7.50223678e-07  1.80000000e+00  1.80592946e+00 
 7.50248119e-07  1.80000000e+00  1.80554526e+00 
 7.50297003e-07  1.80000000e+00  1.80499752e+00 
 7.50394769e-07  1.80000000e+00  1.80426031e+00 
 7.50590302e-07  1.80000000e+00  1.80324426e+00 
 7.50976766e-07  1.80000000e+00  1.80244602e+00 
 7.51389297e-07  1.80000000e+00  1.80364661e+00 
 7.51911044e-07  1.80000000e+00  1.80476731e+00 
 7.52517636e-07  1.80000000e+00  1.80278955e+00 
 7.53315841e-07  1.80000000e+00  1.80133639e+00 
 7.54224590e-07  1.80000000e+00  1.80100121e+00 
 7.55410916e-07  1.80000000e+00  1.80029181e+00 
 7.56505937e-07  1.80000000e+00  1.79986401e+00 
 7.57513667e-07  1.80000000e+00  1.79834290e+00 
 7.58593021e-07  1.80000000e+00  1.79915963e+00 
 7.59792653e-07  1.80000000e+00  1.79953887e+00 
 7.61086701e-07  1.80000000e+00  1.79925210e+00 
 7.62343277e-07  1.80000000e+00  1.79834142e+00 
 7.63795163e-07  1.80000000e+00  1.79792846e+00 
 7.66017588e-07  1.80000000e+00  1.79834088e+00 
 7.68330916e-07  1.80000000e+00  1.79902175e+00 
 7.72282879e-07  1.80000000e+00  1.79951782e+00 
 7.79735667e-07  1.80000000e+00  1.79996610e+00 
 7.91182662e-07  1.80000000e+00  1.79998022e+00 
 8.12894424e-07  1.80000000e+00  1.80003759e+00 
 8.49210943e-07  1.80000000e+00  1.79997599e+00 
 9.13008534e-07  1.80000000e+00  1.80003607e+00 
 1.00000000e-06  1.80000000e+00  1.79997352e+00 
 1.00001000e-06  1.62000000e+00  1.79881937e+00 
 1.00003000e-06  1.26000000e+00  1.79674512e+00 
 1.00007000e-06  5.40000000e-01  1.79427026e+00 
 1.00010000e-06  0.00000000e+00  1.79301100e+00 
 1.00010417e-06  0.00000000e+00  1.79330794e+00 
 1.00011250e-06  0.00000000e+00  1.79407952e+00 
 1.00012916e-06  0.00000000e+00  1.79521032e+00 
 1.00016250e-06  0.00000000e+00  1.79635756e+00 
 1.00022916e-06  0.00000000e+00  1.79801465e+00 
 1.00036248e-06  0.00000000e+00  1.79966726e+00 
 1.00053811e-06  0.00000000e+00  1.80060116e+00 
 1.00088936e-06  0.00000000e+00  1.80123523e+00 
 1.00150435e-06  0.00000000e+00  1.80130650e+00 
 1.00219443e-06  0.00000000e+00  1.80020871e+00 
 1.00281222e-06  0.00000000e+00  1.79910142e+00 
 1.00345873e-06  0.00000000e+00  1.79889519e+00 
 1.00414134e-06  0.00000000e+00  1.79981895e+00 
 1.00498760e-06  0.00000000e+00  1.80083001e+00 
 1.00588293e-06  0.00000000e+00  1.80095514e+00 
 1.00675762e-06  0.00000000e+00  1.79673467e+00 
 1.00765126e-06  0.00000000e+00  1.79346770e+00 
 1.00864278e-06  0.00000000e+00  1.79171252e+00 
 1.00967144e-06  0.00000000e+00  1.78714383e+00 
 1.01060330e-06  0.00000000e+00  1.78922348e+00 
 1.01206655e-06  0.00000000e+00  1.79335764e+00 
 1.01355930e-06  0.00000000e+00  1.79568157e+00 
 1.01595055e-06  0.00000000e+00  1.79773898e+00 
 1.01768318e-06  0.00000000e+00  1.79885811e+00 
 1.01951529e-06  0.00000000e+00  1.79967864e+00 
 1.02118125e-06  0.00000000e+00  1.79955913e+00 
 1.02265671e-06  0.00000000e+00  1.79875850e+00 
 1.02413254e-06  0.00000000e+00  1.79933944e+00 
 1.02572517e-06  0.00000000e+00  1.79848251e+00 
 1.02719254e-06  0.00000000e+00  1.79785345e+00 
 1.02902346e-06  0.00000000e+00  1.79880622e+00 
 1.03118610e-06  0.00000000e+00  1.79950546e+00 
 1.03358770e-06  0.00000000e+00  1.79975037e+00 
 1.03799991e-06  0.00000000e+00  1.79996942e+00 
 1.04419414e-06  0.00000000e+00  1.79994009e+00 
 1.05503795e-06  0.00000000e+00  1.79999624e+00 
 1.07382611e-06  0.00000000e+00  1.79995231e+00 
 1.10514030e-06  0.00000000e+00  1.80000960e+00 
 1.13485209e-06  0.00000000e+00  1.79996227e+00 
 1.16463567e-06  0.00000000e+00  1.80007445e+00 
 1.18445675e-06  0.00000000e+00  1.79978585e+00 
 1.20337167e-06  0.00000000e+00  1.80025323e+00 
 1.22628288e-06  0.00000000e+00  1.79971473e+00 
 1.24737555e-06  0.00000000e+00  1.80027102e+00 
 1.25010000e-06  0.00000000e+00  1.79983465e+00 
 1.25011000e-06  1.80000000e-01  1.80051273e+00 
 1.25013000e-06  5.40000000e-01  1.80215139e+00 
 1.25017000e-06  1.26000000e+00  1.80521665e+00 
 1.25020000e-06  1.80000000e+00  1.80728717e+00 
 1.25020076e-06  1.80000000e+00  1.80731136e+00 
 1.25020229e-06  1.80000000e+00  1.80730259e+00 
 1.25020534e-06  1.80000000e+00  1.80711926e+00 
 1.25021145e-06  1.80000000e+00  1.80674517e+00 
 1.25022367e-06  1.80000000e+00  1.80634442e+00 
 1.25024809e-06  1.80000000e+00  1.80593707e+00 
 1.25029695e-06  1.80000000e+00  1.80531233e+00 
 1.25039467e-06  1.80000000e+00  1.80445179e+00 
 1.25059010e-06  1.80000000e+00  1.80334574e+00 
 1.25093644e-06  1.80000000e+00  1.80247623e+00 
 1.25136200e-06  1.80000000e+00  1.80328514e+00 
 1.25188285e-06  1.80000000e+00  1.80432424e+00 
 1.25249064e-06  1.80000000e+00  1.80239330e+00 
 1.25325824e-06  1.80000000e+00  1.80090107e+00 
 1.25413604e-06  1.80000000e+00  1.80041658e+00 
 1.25532794e-06  1.80000000e+00  1.79973480e+00 
 1.25623275e-06  1.80000000e+00  1.79880669e+00 
 1.25718983e-06  1.80000000e+00  1.79837751e+00 
 1.25826078e-06  1.80000000e+00  1.79857746e+00 
 1.25982537e-06  1.80000000e+00  1.79892717e+00 
 1.26128262e-06  1.80000000e+00  1.79919133e+00 
 1.26378442e-06  1.80000000e+00  1.79950197e+00 
 1.26679349e-06  1.80000000e+00  1.79972330e+00 
 1.27233371e-06  1.80000000e+00  1.79991564e+00 
 1.28341416e-06  1.80000000e+00  1.80000099e+00 
 1.30297565e-06  1.80000000e+00  1.80000051e+00 
 1.34209863e-06  1.80000000e+00  1.79999893e+00 
 1.41574391e-06  1.80000000e+00  1.80000105e+00 
 1.50000000e-06  1.80000000e+00  1.79999872e+00 
 1.50001000e-06  1.62000000e+00  1.79880091e+00 
 1.50003000e-06  1.26000000e+00  1.79663043e+00 
 1.50007000e-06  5.40000000e-01  1.79395167e+00 
 1.50010000e-06  0.00000000e+00  1.79251027e+00 
 1.50010418e-06  0.00000000e+00  1.79278213e+00 
 1.50011254e-06  0.00000000e+00  1.79351200e+00 
 1.50012927e-06  0.00000000e+00  1.79460571e+00 
 1.50016271e-06  0.00000000e+00  1.79580789e+00 
 1.50022961e-06  0.00000000e+00  1.79764192e+00 
 1.50036339e-06  0.00000000e+00  1.79949934e+00 
 1.50053224e-06  0.00000000e+00  1.80048646e+00 
 1.50086993e-06  0.00000000e+00  1.80117034e+00 
 1.50144962e-06  0.00000000e+00  1.80143512e+00 
 1.50221482e-06  0.00000000e+00  1.80033263e+00 
 1.50288473e-06  0.00000000e+00  1.79895690e+00 
 1.50355819e-06  0.00000000e+00  1.79894315e+00 
 1.50426473e-06  0.00000000e+00  1.79976217e+00 
 1.50523738e-06  0.00000000e+00  1.79999064e+00 
 1.50618872e-06  0.00000000e+00  1.79994385e+00 
 1.50715043e-06  0.00000000e+00  1.79994881e+00 
 1.50858231e-06  0.00000000e+00  1.79990192e+00 
 1.50996415e-06  0.00000000e+00  1.79986738e+00 
 1.51126624e-06  0.00000000e+00  1.79995746e+00 
 1.51268432e-06  0.00000000e+00  1.79990379e+00 
 1.51422501e-06  0.00000000e+00  1.79994945e+00 
 1.51589999e-06  0.00000000e+00  1.79989608e+00 
 1.51747062e-06  0.00000000e+00  1.79995533e+00 
 1.51953353e-06  0.00000000e+00  1.79990253e+00 
 1.52175483e-06  0.00000000e+00  1.79996472e+00 
 1.52565571e-06  0.00000000e+00  1.79991356e+00 
 1.53152625e-06  0.00000000e+00  1.79998047e+00 
 1.54178980e-06  0.00000000e+00  1.79993220e+00 
 1.56076180e-06  0.00000000e+00  1.80000188e+00 
 1.59409600e-06  0.00000000e+00  1.79995274e+00 
 1.65747715e-06  0.00000000e+00  1.80001886e+00 
 1.75010000e-06  0.00000000e+00  1.79996427e+00 
 1.75011000e-06  1.80000000e-01  1.80067885e+00 
 1.75013000e-06  5.40000000e-01  1.80223833e+00 
 1.75017000e-06  1.26000000e+00  1.80522263e+00 
 1.75020000e-06  1.80000000e+00  1.80732322e+00 
 1.75020075e-06  1.80000000e+00  1.80734372e+00 
 1.75020224e-06  1.80000000e+00  1.80733108e+00 
 1.75020522e-06  1.80000000e+00  1.80715168e+00 
 1.75021118e-06  1.80000000e+00  1.80678989e+00 
 1.75022311e-06  1.80000000e+00  1.80640414e+00 
 1.75024697e-06  1.80000000e+00  1.80601794e+00 
 1.75029469e-06  1.80000000e+00  1.80541518e+00 
 1.75039013e-06  1.80000000e+00  1.80455899e+00 
 1.75058101e-06  1.80000000e+00  1.80343569e+00 
 1.75091931e-06  1.80000000e+00  1.80250185e+00 
 1.75134569e-06  1.80000000e+00  1.80325368e+00 
 1.75186970e-06  1.80000000e+00  1.80438109e+00 
 1.75247995e-06  1.80000000e+00  1.80248011e+00 
 1.75323617e-06  1.80000000e+00  1.80096832e+00 
 1.75411112e-06  1.80000000e+00  1.80052492e+00 
 1.75529155e-06  1.80000000e+00  1.79997892e+00 
 1.75619307e-06  1.80000000e+00  1.79906795e+00 
 1.75714430e-06  1.80000000e+00  1.79840347e+00 
 1.75817999e-06  1.80000000e+00  1.79849116e+00 
 1.75930301e-06  1.80000000e+00  1.79877682e+00 
 1.76052623e-06  1.80000000e+00  1.79901032e+00 
 1.76297266e-06  1.80000000e+00  1.79940429e+00 
 1.76559787e-06  1.80000000e+00  1.79962382e+00 
 1.77023157e-06  1.80000000e+00  1.79987105e+00 
 1.77861115e-06  1.80000000e+00  1.79997198e+00 
 1.79537032e-06  1.80000000e+00  1.80001568e+00 
 1.82888864e-06  1.80000000e+00  1.79998580e+00 
 1.89404100e-06  1.80000000e+00  1.80001350e+00 
 2.00000000e-06  1.80000000e+00  1.79998654e+00 
 2.00001000e-06  1.62000000e+00  1.79879136e+00 
 2.00003000e-06  1.26000000e+00  1.79663445e+00 
 2.00007000e-06  5.40000000e-01  1.79396754e+00 
 2.00010000e-06  3.67639252e-12  1.79252135e+00 
 2.00010418e-06  0.00000000e+00  1.79279580e+00 
 2.00011255e-06  0.00000000e+00  1.79352726e+00 
 2.00012927e-06  0.00000000e+00  1.79461706e+00 
 2.00016273e-06  0.00000000e+00  1.79581612e+00 
 2.00022964e-06  0.00000000e+00  1.79764721e+00 
 2.00036347e-06  0.00000000e+00  1.79950353e+00 
 2.00053230e-06  0.00000000e+00  1.80048897e+00 
 2.00086995e-06  0.00000000e+00  1.80117104e+00 
 2.00144980e-06  0.00000000e+00  1.80142990e+00 
 2.00221471e-06  0.00000000e+00  1.80032329e+00 
 2.00288295e-06  0.00000000e+00  1.79896365e+00 
 2.00355926e-06  0.00000000e+00  1.79892510e+00 
 2.00426756e-06  0.00000000e+00  1.79965656e+00 
 2.00525049e-06  0.00000000e+00  1.79996664e+00 
 2.00603316e-06  0.00000000e+00  1.79997386e+00 
 2.00685738e-06  0.00000000e+00  1.79995006e+00 
 2.00785005e-06  0.00000000e+00  1.79998419e+00 
 2.00892918e-06  0.00000000e+00  1.79990697e+00 
 2.00991889e-06  0.00000000e+00  1.79995229e+00 
 2.01095615e-06  0.00000000e+00  1.79989013e+00 
 2.01236562e-06  0.00000000e+00  1.79994686e+00 
 2.01397909e-06  0.00000000e+00  1.79991245e+00 
 2.01627704e-06  0.00000000e+00  1.80003863e+00 
 2.01849235e-06  0.00000000e+00  1.80020885e+00 
 2.02052739e-06  0.00000000e+00  1.80015569e+00 
 2.02214991e-06  0.00000000e+00  1.79930084e+00 
 2.02369772e-06  0.00000000e+00  1.79921376e+00 
 2.02529680e-06  0.00000000e+00  1.79916883e+00 
 2.02696550e-06  0.00000000e+00  1.79799871e+00 
 2.02890084e-06  0.00000000e+00  1.79868074e+00 
 2.03082055e-06  0.00000000e+00  1.79949825e+00 
 2.03342066e-06  0.00000000e+00  1.79969405e+00 
 2.03794356e-06  0.00000000e+00  1.80001798e+00 
 2.04534262e-06  0.00000000e+00  1.79989263e+00 
 2.05944405e-06  0.00000000e+00  1.80004426e+00 
 2.07740902e-06  0.00000000e+00  1.79990548e+00 
 2.10530417e-06  0.00000000e+00  1.80005644e+00 
 2.14320542e-06  0.00000000e+00  1.79991563e+00 
 2.20341770e-06  0.00000000e+00  1.80006444e+00 
 2.25010000e-06  0.00000000e+00  1.79992098e+00 
 2.25011000e-06  1.80000000e-01  1.80064236e+00 
 2.25013000e-06  5.40000000e-01  1.80221361e+00 
 2.25017000e-06  1.26000000e+00  1.80520250e+00 
 2.25020000e-06  1.80000000e+00  1.80729529e+00 
 2.25020075e-06  1.80000000e+00  1.80731532e+00 
 2.25020224e-06  1.80000000e+00  1.80730183e+00 
 2.25020522e-06  1.80000000e+00  1.80712223e+00 
 2.25021119e-06  1.80000000e+00  1.80676264e+00 
 2.25022312e-06  1.80000000e+00  1.80638129e+00 
 2.25024698e-06  1.80000000e+00  1.80600129e+00 
 2.25029471e-06  1.80000000e+00  1.80540693e+00 
 2.25039017e-06  1.80000000e+00  1.80455776e+00 
 2.25058109e-06  1.80000000e+00  1.80343473e+00 
 2.25091991e-06  1.80000000e+00  1.80250043e+00 
 2.25134558e-06  1.80000000e+00  1.80325321e+00 
 2.25186920e-06  1.80000000e+00  1.80437758e+00 
 2.25247920e-06  1.80000000e+00  1.80247623e+00 
 2.25323543e-06  1.80000000e+00  1.80095810e+00 
 2.25411125e-06  1.80000000e+00  1.80045983e+00 
 2.25530670e-06  1.80000000e+00  1.79977879e+00 
 2.25619962e-06  1.80000000e+00  1.79887282e+00 
 2.25714597e-06  1.80000000e+00  1.79840663e+00 
 2.25823856e-06  1.80000000e+00  1.79858490e+00 
 2.25978444e-06  1.80000000e+00  1.79892769e+00 
 2.26123523e-06  1.80000000e+00  1.79918845e+00 
 2.26376320e-06  1.80000000e+00  1.79950579e+00 
 2.26672208e-06  1.80000000e+00  1.79971982e+00 
 2.27219401e-06  1.80000000e+00  1.79991545e+00 
 2.28313787e-06  1.80000000e+00  1.79999868e+00 
 2.30256123e-06  1.80000000e+00  1.80000248e+00 
 2.34140796e-06  1.80000000e+00  1.79999699e+00 
 2.41490957e-06  1.80000000e+00  1.80000292e+00 
 2.50000000e-06  1.80000000e+00  1.79999683e+00 
 2.50001000e-06  1.62000000e+00  1.79880251e+00 
 2.50003000e-06  1.26000000e+00  1.79665224e+00 
 2.50007000e-06  5.40000000e-01  1.79398680e+00 
 2.50010000e-06  3.67639252e-12  1.79253481e+00 
 2.50010418e-06  0.00000000e+00  1.79281103e+00 
 2.50011255e-06  0.00000000e+00  1.79354242e+00 
 2.50012927e-06  0.00000000e+00  1.79462501e+00 
 2.50016273e-06  0.00000000e+00  1.79581741e+00 
 2.50022964e-06  0.00000000e+00  1.79764265e+00 
 2.50036346e-06  0.00000000e+00  1.79949912e+00 
 2.50053237e-06  0.00000000e+00  1.80048771e+00 
 2.50087017e-06  0.00000000e+00  1.80117125e+00 
 2.50144958e-06  0.00000000e+00  1.80143717e+00 
 2.50221333e-06  0.00000000e+00  1.80033697e+00 
 2.50288195e-06  0.00000000e+00  1.79895415e+00 
 2.50355461e-06  0.00000000e+00  1.79893029e+00 
 2.50426046e-06  0.00000000e+00  1.79975898e+00 
 2.50524221e-06  0.00000000e+00  1.79999698e+00 
 2.50619330e-06  0.00000000e+00  1.79995060e+00 
 2.50717982e-06  0.00000000e+00  1.79994544e+00 
 2.50862559e-06  0.00000000e+00  1.79989903e+00 
 2.51000909e-06  0.00000000e+00  1.79987390e+00 
 2.51129727e-06  0.00000000e+00  1.79995742e+00 
 2.51267200e-06  0.00000000e+00  1.79989947e+00 
 2.51418724e-06  0.00000000e+00  1.79995130e+00 
 2.51585805e-06  0.00000000e+00  1.79989397e+00 
 2.51743100e-06  0.00000000e+00  1.79995669e+00 
 2.51962458e-06  0.00000000e+00  1.79990127e+00 
 2.52191775e-06  0.00000000e+00  1.79996636e+00 
 2.52610302e-06  0.00000000e+00  1.79991310e+00 
 2.53240534e-06  0.00000000e+00  1.79998279e+00 
 2.54341755e-06  0.00000000e+00  1.79993232e+00 
 2.56407977e-06  0.00000000e+00  1.80000438e+00 
 2.60016785e-06  0.00000000e+00  1.79995269e+00 
 2.66933331e-06  0.00000000e+00  1.80002078e+00 
 2.75010000e-06  0.00000000e+00  1.79996310e+00 
 2.75011000e-06  1.80000000e-01  1.80067924e+00 
 2.75013000e-06  5.40000000e-01  1.80223575e+00 
 2.75017000e-06  1.26000000e+00  1.80520192e+00 
 2.75020000e-06  1.80000000e+00  1.80728432e+00 
 2.75020075e-06  1.80000000e+00  1.80730387e+00 
 2.75020224e-06  1.80000000e+00  1.80728964e+00 
 2.75020522e-06  1.80000000e+00  1.80711037e+00 
 2.75021118e-06  1.80000000e+00  1.80675323e+00 
 2.75022311e-06  1.80000000e+00  1.80637435e+00 
 2.75024697e-06  1.80000000e+00  1.80599695e+00 
 2.75029469e-06  1.80000000e+00  1.80540508e+00 
 2.75039012e-06  1.80000000e+00  1.80455748e+00 
 2.75058098e-06  1.80000000e+00  1.80343625e+00 
 2.75091916e-06  1.80000000e+00  1.80250278e+00 
 2.75134488e-06  1.80000000e+00  1.80325517e+00 
 2.75186842e-06  1.80000000e+00  1.80438476e+00 
 2.75247836e-06  1.80000000e+00  1.80248570e+00 
 2.75323421e-06  1.80000000e+00  1.80096719e+00 
 2.75410842e-06  1.80000000e+00  1.80052468e+00 
 2.75528744e-06  1.80000000e+00  1.79998092e+00 
 2.75618811e-06  1.80000000e+00  1.79906598e+00 
 2.75713845e-06  1.80000000e+00  1.79840412e+00 
 2.75817941e-06  1.80000000e+00  1.79849366e+00 
 2.75930290e-06  1.80000000e+00  1.79878007e+00 
 2.76051570e-06  1.80000000e+00  1.79900981e+00 
 2.76294129e-06  1.80000000e+00  1.79940174e+00 
 2.76556636e-06  1.80000000e+00  1.79962127e+00 
 2.77017639e-06  1.80000000e+00  1.79987007e+00 
 2.77848422e-06  1.80000000e+00  1.79997061e+00 
 2.79509987e-06  1.80000000e+00  1.80001640e+00 
 2.82833119e-06  1.80000000e+00  1.79998512e+00 
 2.89285145e-06  1.80000000e+00  1.80001416e+00 
 3.00000000e-06  1.80000000e+00  1.79998591e+00 
 3.00001000e-06  1.62000000e+00  1.79879375e+00 
 3.00003000e-06  1.26000000e+00  1.79665148e+00 
 3.00007000e-06  5.40000000e-01  1.79399237e+00 
 3.00010000e-06  3.67639252e-12  1.79253890e+00 
 3.00010418e-06  0.00000000e+00  1.79281608e+00 
 3.00011255e-06  0.00000000e+00  1.79354782e+00 
 3.00012927e-06  0.00000000e+00  1.79462848e+00 
 3.00016273e-06  0.00000000e+00  1.79581936e+00 
 3.00022964e-06  0.00000000e+00  1.79764383e+00 
 3.00036346e-06  0.00000000e+00  1.79950127e+00 
 3.00053229e-06  0.00000000e+00  1.80048948e+00 
 3.00086996e-06  0.00000000e+00  1.80117190e+00 
 3.00144933e-06  0.00000000e+00  1.80143196e+00 
 3.00221321e-06  0.00000000e+00  1.80032784e+00 
 3.00288050e-06  0.00000000e+00  1.79896257e+00 
 3.00355632e-06  0.00000000e+00  1.79891874e+00 
 3.00426417e-06  0.00000000e+00  1.79965572e+00 
 3.00524684e-06  0.00000000e+00  1.79996626e+00 
 3.00602968e-06  0.00000000e+00  1.79997793e+00 
 3.00685378e-06  0.00000000e+00  1.79994873e+00 
 3.00784589e-06  0.00000000e+00  1.79998394e+00 
 3.00892463e-06  0.00000000e+00  1.79990437e+00 
 3.01001142e-06  0.00000000e+00  1.79995326e+00 
 3.01101989e-06  0.00000000e+00  1.79988851e+00 
 3.01245959e-06  0.00000000e+00  1.79995026e+00 
 3.01410999e-06  0.00000000e+00  1.79991655e+00 
 3.01671057e-06  0.00000000e+00  1.80006953e+00 
 3.01867644e-06  0.00000000e+00  1.80027260e+00 
 3.02078329e-06  0.00000000e+00  1.80000525e+00 
 3.02212197e-06  0.00000000e+00  1.79917659e+00 
 3.02350600e-06  0.00000000e+00  1.79921615e+00 
 3.02483379e-06  0.00000000e+00  1.79946899e+00 
 3.02631711e-06  0.00000000e+00  1.79818903e+00 
 3.02822488e-06  0.00000000e+00  1.79831998e+00 
 3.02995993e-06  0.00000000e+00  1.79928951e+00 
 3.03278802e-06  0.00000000e+00  1.79966913e+00 
 3.03605125e-06  0.00000000e+00  1.79994976e+00 
 3.04089451e-06  0.00000000e+00  1.79982877e+00 
 3.04573462e-06  0.00000000e+00  1.79997837e+00 
 3.04959609e-06  0.00000000e+00  1.79992996e+00 
 3.05420218e-06  0.00000000e+00  1.79999345e+00 
 3.05978506e-06  0.00000000e+00  1.80003983e+00 
 3.06298048e-06  0.00000000e+00  1.80017881e+00 
 3.06609999e-06  0.00000000e+00  1.79970687e+00 
 3.06947361e-06  0.00000000e+00  1.80017585e+00 
 3.07432870e-06  0.00000000e+00  1.79979533e+00 
 3.07871114e-06  0.00000000e+00  1.80015944e+00 
 3.08566269e-06  0.00000000e+00  1.79981661e+00 
 3.09248473e-06  0.00000000e+00  1.80014308e+00 
 3.09913581e-06  0.00000000e+00  1.79982352e+00 
 3.10729983e-06  0.00000000e+00  1.80014014e+00 
 3.12264682e-06  0.00000000e+00  1.79983136e+00 
 3.14372653e-06  0.00000000e+00  1.80014174e+00 
 3.17968465e-06  0.00000000e+00  1.79983767e+00 
 3.22724258e-06  0.00000000e+00  1.80014522e+00 
 3.25010000e-06  0.00000000e+00  1.79984185e+00 
 3.25011000e-06  1.80000000e-01  1.80062800e+00 
 3.25013000e-06  5.40000000e-01  1.80223837e+00 
 3.25017000e-06  1.26000000e+00  1.80518324e+00 
 3.25020000e-06  1.80000000e+00  1.80725419e+00 
 3.25020075e-06  1.80000000e+00  1.80727328e+00 
 3.25020224e-06  1.80000000e+00  1.80726088e+00 
 3.25020522e-06  1.80000000e+00  1.80708864e+00 
 3.25021119e-06  1.80000000e+00  1.80672682e+00 
 3.25022312e-06  1.80000000e+00  1.80632712e+00 
 3.25024699e-06  1.80000000e+00  1.80593901e+00 
 3.25029472e-06  1.80000000e+00  1.80535730e+00 
 3.25039019e-06  1.80000000e+00  1.80454424e+00 
 3.25058113e-06  1.80000000e+00  1.80344623e+00 
 3.25091995e-06  1.80000000e+00  1.80251075e+00 
 3.25134537e-06  1.80000000e+00  1.80325655e+00 
 3.25186858e-06  1.80000000e+00  1.80434716e+00 
 3.25247837e-06  1.80000000e+00  1.80237336e+00 
 3.25323456e-06  1.80000000e+00  1.80069432e+00 
 3.25410994e-06  1.80000000e+00  1.80001532e+00 
 3.25524322e-06  1.80000000e+00  1.79992051e+00 
 3.25615984e-06  1.80000000e+00  1.79995553e+00 
 3.25711882e-06  1.80000000e+00  1.79994167e+00 
 3.25818639e-06  1.80000000e+00  1.79992485e+00 
 3.25975952e-06  1.80000000e+00  1.79997434e+00 
 3.26127514e-06  1.80000000e+00  1.79995465e+00 
 3.26376608e-06  1.80000000e+00  1.79999535e+00 
 3.26672404e-06  1.80000000e+00  1.79997558e+00 
 3.27207184e-06  1.80000000e+00  1.80001011e+00 
 3.28276742e-06  1.80000000e+00  1.79998637e+00 
 3.30174959e-06  1.80000000e+00  1.80001337e+00 
 3.33965396e-06  1.80000000e+00  1.79998647e+00 
 3.41089289e-06  1.80000000e+00  1.80001336e+00 
 3.50000000e-06  1.80000000e+00  1.79998649e+00 
 3.50001000e-06  1.62000000e+00  1.79879502e+00 
 3.50003000e-06  1.26000000e+00  1.79663862e+00 
 3.50007000e-06  5.40000000e-01  1.79397610e+00 
 3.50010000e-06  3.67639252e-12  1.79255398e+00 
 3.50010418e-06  0.00000000e+00  1.79283345e+00 
 3.50011255e-06  0.00000000e+00  1.79358094e+00 
 3.50012927e-06  0.00000000e+00  1.79470650e+00 
 3.50016273e-06  0.00000000e+00  1.79590344e+00 
 3.50022964e-06  0.00000000e+00  1.79769082e+00 
 3.50036346e-06  0.00000000e+00  1.79948288e+00 
 3.50053236e-06  0.00000000e+00  1.80045462e+00 
 3.50087016e-06  0.00000000e+00  1.80112002e+00 
 3.50144938e-06  0.00000000e+00  1.80153390e+00 
 3.50221344e-06  0.00000000e+00  1.80084573e+00 
 3.50283685e-06  0.00000000e+00  1.79920597e+00 
 3.50350075e-06  0.00000000e+00  1.79805552e+00 
 3.50419006e-06  0.00000000e+00  1.79833656e+00 
 3.50514828e-06  0.00000000e+00  1.79875930e+00 
 3.50611317e-06  0.00000000e+00  1.79916783e+00 
 3.50705836e-06  0.00000000e+00  1.79939261e+00 
 3.50853593e-06  0.00000000e+00  1.79961209e+00 
 3.50989402e-06  0.00000000e+00  1.79970548e+00 
 3.51126019e-06  0.00000000e+00  1.79983974e+00 
 3.51281044e-06  0.00000000e+00  1.79984532e+00 
 3.51457654e-06  0.00000000e+00  1.79991969e+00 
 3.51617220e-06  0.00000000e+00  1.79988869e+00 
 3.51796631e-06  0.00000000e+00  1.79994894e+00 
 3.51993176e-06  0.00000000e+00  1.79990843e+00 
 3.52386264e-06  0.00000000e+00  1.79996693e+00 
 3.53120870e-06  0.00000000e+00  1.79992899e+00 
 3.54354086e-06  0.00000000e+00  1.79998865e+00 
 3.56820518e-06  0.00000000e+00  1.79995177e+00 
 3.61339591e-06  0.00000000e+00  1.80000984e+00 
 3.70377735e-06  0.00000000e+00  1.79996783e+00 
 3.75010000e-06  0.00000000e+00  1.80001804e+00 
 3.75011000e-06  1.80000000e-01  1.80070308e+00 
 3.75013000e-06  5.40000000e-01  1.80225309e+00 
 3.75017000e-06  1.26000000e+00  1.80520147e+00 
 3.75020000e-06  1.80000000e+00  1.80725478e+00 
 3.75020076e-06  1.80000000e+00  1.80727541e+00 
 3.75020229e-06  1.80000000e+00  1.80726290e+00 
 3.75020534e-06  1.80000000e+00  1.80708313e+00 
 3.75021145e-06  1.80000000e+00  1.80671629e+00 
 3.75022367e-06  1.80000000e+00  1.80632291e+00 
 3.75024810e-06  1.80000000e+00  1.80593401e+00 
 3.75029697e-06  1.80000000e+00  1.80534382e+00 
 3.75039470e-06  1.80000000e+00  1.80452132e+00 
 3.75059017e-06  1.80000000e+00  1.80340484e+00 
 3.75093623e-06  1.80000000e+00  1.80251159e+00 
 3.75136044e-06  1.80000000e+00  1.80332495e+00 
 3.75188016e-06  1.80000000e+00  1.80434918e+00 
 3.75248721e-06  1.80000000e+00  1.80236120e+00 
 3.75325420e-06  1.80000000e+00  1.80068173e+00 
 3.75413115e-06  1.80000000e+00  1.79982495e+00 
 3.75531021e-06  1.80000000e+00  1.79966724e+00 
 3.75623042e-06  1.80000000e+00  1.80008467e+00 
 3.75719659e-06  1.80000000e+00  1.80045966e+00 
 3.75822534e-06  1.80000000e+00  1.80092986e+00 
 3.75933636e-06  1.80000000e+00  1.80124317e+00 
 3.76056381e-06  1.80000000e+00  1.80115022e+00 
 3.76184179e-06  1.80000000e+00  1.80090343e+00 
 3.76324120e-06  1.80000000e+00  1.80070212e+00 
 3.76536626e-06  1.80000000e+00  1.80049694e+00 
 3.76769177e-06  1.80000000e+00  1.80030174e+00 
 3.77129030e-06  1.80000000e+00  1.80015916e+00 
 3.77697204e-06  1.80000000e+00  1.80003694e+00 
 3.78833553e-06  1.80000000e+00  1.80000570e+00 
 3.81106250e-06  1.80000000e+00  1.79999295e+00 
 3.85651645e-06  1.80000000e+00  1.80000708e+00 
 3.94742435e-06  1.80000000e+00  1.79999269e+00 
 4.00000000e-06  1.80000000e+00  1.80000727e+00 
 4.00001000e-06  1.62000000e+00  1.79880723e+00 
 4.00003000e-06  1.26000000e+00  1.79663900e+00 
 4.00007000e-06  5.40000000e-01  1.79398174e+00 
 4.00010000e-06  0.00000000e+00  1.79256004e+00 
 4.00010416e-06  0.00000000e+00  1.79283781e+00 
 4.00011249e-06  0.00000000e+00  1.79358286e+00 
 4.00012914e-06  0.00000000e+00  1.79470717e+00 
 4.00016245e-06  0.00000000e+00  1.79590104e+00 
 4.00022906e-06  0.00000000e+00  1.79768259e+00 
 4.00036229e-06  0.00000000e+00  1.79947096e+00 
 4.00053067e-06  0.00000000e+00  1.80044557e+00 
 4.00086744e-06  0.00000000e+00  1.80111235e+00 
 4.00144406e-06  0.00000000e+00  1.80154293e+00 
 4.00221361e-06  0.00000000e+00  1.80087087e+00 
 4.00288122e-06  0.00000000e+00  1.79913886e+00 
 4.00355846e-06  0.00000000e+00  1.79828583e+00 
 4.00426679e-06  0.00000000e+00  1.79908650e+00 
 4.00513395e-06  0.00000000e+00  1.79802872e+00 
 4.00589709e-06  0.00000000e+00  1.79906992e+00 
 4.00672819e-06  0.00000000e+00  1.79994391e+00 
 4.00780272e-06  0.00000000e+00  1.80062339e+00 
 4.00878757e-06  0.00000000e+00  1.80067564e+00 
 4.00974603e-06  0.00000000e+00  1.80032314e+00 
 4.01076598e-06  0.00000000e+00  1.80027456e+00 
 4.01207968e-06  0.00000000e+00  1.80006386e+00 
 4.01370693e-06  0.00000000e+00  1.80009414e+00 
 4.01490700e-06  0.00000000e+00  1.79999446e+00 
 4.01628099e-06  0.00000000e+00  1.80009490e+00 
 4.01766763e-06  0.00000000e+00  1.80014383e+00 
 4.01926249e-06  0.00000000e+00  1.80045286e+00 
 4.02095837e-06  0.00000000e+00  1.79988357e+00 
 4.02258427e-06  0.00000000e+00  1.79899091e+00 
 4.02412246e-06  0.00000000e+00  1.79951498e+00 
 4.02561864e-06  0.00000000e+00  1.79862946e+00 
 4.02718682e-06  0.00000000e+00  1.79792498e+00 
 4.02894983e-06  0.00000000e+00  1.79891918e+00 
 4.03119862e-06  0.00000000e+00  1.79952769e+00 
 4.03360318e-06  0.00000000e+00  1.79979497e+00 
 4.03818651e-06  0.00000000e+00  1.79994845e+00 
 4.04451812e-06  0.00000000e+00  1.79996206e+00 
 4.05555852e-06  0.00000000e+00  1.79997255e+00 
 4.06618092e-06  0.00000000e+00  1.79998394e+00 
 4.07629437e-06  0.00000000e+00  1.80020701e+00 
 4.08301422e-06  0.00000000e+00  1.79959963e+00 
 4.08941858e-06  0.00000000e+00  1.80008037e+00 
 4.09346230e-06  0.00000000e+00  1.79998961e+00 
 4.09778462e-06  0.00000000e+00  1.79992331e+00 
 4.10420820e-06  0.00000000e+00  1.80006386e+00 
 4.11043711e-06  0.00000000e+00  1.79988783e+00 
 4.12055081e-06  0.00000000e+00  1.80008820e+00 
 4.12980363e-06  0.00000000e+00  1.79986594e+00 
 4.14296776e-06  0.00000000e+00  1.80005709e+00 
 4.15364530e-06  0.00000000e+00  1.79992937e+00 
 4.16346615e-06  0.00000000e+00  1.80008840e+00 
 4.17237568e-06  0.00000000e+00  1.79992109e+00 
 4.17859471e-06  0.00000000e+00  1.80006288e+00 
 4.18645920e-06  0.00000000e+00  1.79992874e+00 
 4.19413516e-06  0.00000000e+00  1.80005028e+00 
 4.20140058e-06  0.00000000e+00  1.79993445e+00 
 4.21593144e-06  0.00000000e+00  1.80004886e+00 
 4.24499315e-06  0.00000000e+00  1.79993696e+00 
 4.25010000e-06  6.67038446e-12  1.80004864e+00 
 4.25011000e-06  1.80000000e-01  1.80070794e+00 
 4.25013000e-06  5.40000000e-01  1.80223529e+00 
 4.25017000e-06  1.26000000e+00  1.80519681e+00 
 4.25020000e-06  1.80000000e+00  1.80724520e+00 
 4.25020075e-06  1.80000000e+00  1.80726619e+00 
 4.25020224e-06  1.80000000e+00  1.80725618e+00 
 4.25020522e-06  1.80000000e+00  1.80708327e+00 
 4.25021119e-06  1.80000000e+00  1.80672139e+00 
 4.25022312e-06  1.80000000e+00  1.80632674e+00 
 4.25024699e-06  1.80000000e+00  1.80594064e+00 
 4.25029473e-06  1.80000000e+00  1.80536062e+00 
 4.25039020e-06  1.80000000e+00  1.80454878e+00 
 4.25058115e-06  1.80000000e+00  1.80344888e+00 
 4.25091719e-06  1.80000000e+00  1.80251051e+00 
 4.25134383e-06  1.80000000e+00  1.80324924e+00 
 4.25186818e-06  1.80000000e+00  1.80434672e+00 
 4.25247743e-06  1.80000000e+00  1.80237604e+00 
 4.25323365e-06  1.80000000e+00  1.80069489e+00 
 4.25410846e-06  1.80000000e+00  1.80001654e+00 
 4.25525013e-06  1.80000000e+00  1.79991621e+00 
 4.25616628e-06  1.80000000e+00  1.79995358e+00 
 4.25712768e-06  1.80000000e+00  1.79993906e+00 
 4.25818878e-06  1.80000000e+00  1.79992640e+00 
 4.25979288e-06  1.80000000e+00  1.79997555e+00 
 4.26128791e-06  1.80000000e+00  1.79995508e+00 
 4.26381308e-06  1.80000000e+00  1.79999530e+00 
 4.26674749e-06  1.80000000e+00  1.79997571e+00 
 4.27209665e-06  1.80000000e+00  1.80000992e+00 
 4.28279497e-06  1.80000000e+00  1.79998653e+00 
 4.30170986e-06  1.80000000e+00  1.80001320e+00 
 4.33953963e-06  1.80000000e+00  1.79998662e+00 
 4.41059512e-06  1.80000000e+00  1.80001320e+00 
 4.50000000e-06  1.80000000e+00  1.79998666e+00 
 4.50001000e-06  1.62000000e+00  1.79879668e+00 
 4.50003000e-06  1.26000000e+00  1.79664475e+00 
 4.50007000e-06  5.40000000e-01  1.79398192e+00 
 4.50010000e-06  0.00000000e+00  1.79255711e+00 
 4.50010418e-06  0.00000000e+00  1.79283735e+00 
 4.50011254e-06  0.00000000e+00  1.79358578e+00 
 4.50012927e-06  0.00000000e+00  1.79471060e+00 
 4.50016272e-06  0.00000000e+00  1.79590611e+00 
 4.50022962e-06  0.00000000e+00  1.79769239e+00 
 4.50036341e-06  0.00000000e+00  1.79948341e+00 
 4.50053193e-06  0.00000000e+00  1.80045331e+00 
 4.50086896e-06  0.00000000e+00  1.80111825e+00 
 4.50144691e-06  0.00000000e+00  1.80153452e+00 
 4.50221223e-06  0.00000000e+00  1.80084743e+00 
 4.50283607e-06  0.00000000e+00  1.79920849e+00 
 4.50350035e-06  0.00000000e+00  1.79805483e+00 
 4.50419004e-06  0.00000000e+00  1.79833691e+00 
 4.50514785e-06  0.00000000e+00  1.79875758e+00 
 4.50611281e-06  0.00000000e+00  1.79916540e+00 
 4.50704828e-06  0.00000000e+00  1.79938996e+00 
 4.50852997e-06  0.00000000e+00  1.79961065e+00 
 4.50989032e-06  0.00000000e+00  1.79970432e+00 
 4.51118600e-06  0.00000000e+00  1.79983855e+00 
 4.51259642e-06  0.00000000e+00  1.79983990e+00 
 4.51392875e-06  0.00000000e+00  1.79991218e+00 
 4.51546321e-06  0.00000000e+00  1.79988177e+00 
 4.51705938e-06  0.00000000e+00  1.79994442e+00 
 4.51880932e-06  0.00000000e+00  1.79990373e+00 
 4.52230920e-06  0.00000000e+00  1.79996448e+00 
 4.52930896e-06  0.00000000e+00  1.79992615e+00 
 4.54120600e-06  0.00000000e+00  1.79998766e+00 
 4.56500008e-06  0.00000000e+00  1.79995007e+00 
 4.60976298e-06  0.00000000e+00  1.80001004e+00 
 4.69928878e-06  0.00000000e+00  1.79996701e+00 
 4.75010000e-06  6.67038446e-12  1.80001872e+00 
 4.75011000e-06  1.80000000e-01  1.80070374e+00 
 4.75013000e-06  5.40000000e-01  1.80225368e+00 
 4.75017000e-06  1.26000000e+00  1.80519979e+00 
 4.75020000e-06  1.80000000e+00  1.80724593e+00 
 4.75020076e-06  1.80000000e+00  1.80726636e+00 
 4.75020229e-06  1.80000000e+00  1.80725357e+00 
 4.75020534e-06  1.80000000e+00  1.80707388e+00 
 4.75021145e-06  1.80000000e+00  1.80670812e+00 
 4.75022367e-06  1.80000000e+00  1.80631603e+00 
 4.75024810e-06  1.80000000e+00  1.80592836e+00 
 4.75029697e-06  1.80000000e+00  1.80534026e+00 
 4.75039469e-06  1.80000000e+00  1.80452003e+00 
 4.75059015e-06  1.80000000e+00  1.80340478e+00 
 4.75093424e-06  1.80000000e+00  1.80251151e+00 
 4.75135961e-06  1.80000000e+00  1.80332182e+00 
 4.75187978e-06  1.80000000e+00  1.80435066e+00 
 4.75248669e-06  1.80000000e+00  1.80236381e+00 
 4.75325341e-06  1.80000000e+00  1.80068304e+00 
 4.75412983e-06  1.80000000e+00  1.79982597e+00 
 4.75530768e-06  1.80000000e+00  1.79966929e+00 
 4.75622948e-06  1.80000000e+00  1.80009101e+00 
 4.75719663e-06  1.80000000e+00  1.80046162e+00 
 4.75822267e-06  1.80000000e+00  1.80092847e+00 
 4.75933559e-06  1.80000000e+00  1.80124418e+00 
 4.76057212e-06  1.80000000e+00  1.80114708e+00 
 4.76185010e-06  1.80000000e+00  1.80090180e+00 
 4.76325123e-06  1.80000000e+00  1.80069933e+00 
 4.76537916e-06  1.80000000e+00  1.80049605e+00 
 4.76769907e-06  1.80000000e+00  1.80030002e+00 
 4.77133087e-06  1.80000000e+00  1.80015859e+00 
 4.77705554e-06  1.80000000e+00  1.80003506e+00 
 4.78850487e-06  1.80000000e+00  1.80000649e+00 
 4.81140354e-06  1.80000000e+00  1.79999208e+00 
 4.85680990e-06  1.80000000e+00  1.80000796e+00 
 4.94762263e-06  1.80000000e+00  1.79999177e+00 
 5.00000000e-06  1.80000000e+00  1.80000820e+00 
 5.00001000e-06  1.62000000e+00  1.79880919e+00 
 5.00003000e-06  1.26000000e+00  1.79664439e+00 
 5.00007000e-06  5.40000000e-01  1.79398718e+00 
 5.00010000e-06  0.00000000e+00  1.79256327e+00 
 5.00010416e-06  0.00000000e+00  1.79284176e+00 
 5.00011249e-06  0.00000000e+00  1.79358767e+00 
 5.00012914e-06  0.00000000e+00  1.79471108e+00 
 5.00016245e-06  0.00000000e+00  1.79590370e+00 
 5.00022906e-06  0.00000000e+00  1.79768458e+00 
 5.00036229e-06  0.00000000e+00  1.79947174e+00 
 5.00053029e-06  0.00000000e+00  1.80044423e+00 
 5.00086629e-06  0.00000000e+00  1.80111040e+00 
 5.00144172e-06  0.00000000e+00  1.80154338e+00 
 5.00221245e-06  0.00000000e+00  1.80087278e+00 
 5.00288026e-06  0.00000000e+00  1.79914206e+00 
 5.00356196e-06  0.00000000e+00  1.79828386e+00 
 5.00427427e-06  0.00000000e+00  1.79908027e+00 
 5.00524029e-06  0.00000000e+00  1.79804330e+00 
 5.00601884e-06  0.00000000e+00  1.79921839e+00 
 5.00684110e-06  0.00000000e+00  1.79999049e+00 
 5.00781159e-06  0.00000000e+00  1.80065609e+00 
 5.00871537e-06  0.00000000e+00  1.80067133e+00 
 5.00968887e-06  0.00000000e+00  1.80035677e+00 
 5.01065728e-06  0.00000000e+00  1.80027390e+00 
 5.01191317e-06  0.00000000e+00  1.80008852e+00 
 5.01360443e-06  0.00000000e+00  1.80008785e+00 
 5.01479160e-06  0.00000000e+00  1.80000153e+00 
 5.01618365e-06  0.00000000e+00  1.80008462e+00 
 5.01759916e-06  0.00000000e+00  1.80012976e+00 
 5.01923999e-06  0.00000000e+00  1.80044886e+00 
 5.02107769e-06  0.00000000e+00  1.79986023e+00 
 5.02255285e-06  0.00000000e+00  1.79901414e+00 
 5.02409728e-06  0.00000000e+00  1.79946531e+00 
 5.02555026e-06  0.00000000e+00  1.79874869e+00 
 5.02710327e-06  0.00000000e+00  1.79789736e+00 
 5.02883665e-06  0.00000000e+00  1.79884518e+00 
 5.03104763e-06  0.00000000e+00  1.79950092e+00 
 5.03338788e-06  0.00000000e+00  1.79977942e+00 
 5.03650250e-06  0.00000000e+00  1.79995186e+00 
 5.03944215e-06  0.00000000e+00  1.80002333e+00 
 5.04256638e-06  0.00000000e+00  1.80078525e+00 
 5.04520289e-06  0.00000000e+00  1.79944418e+00 
 5.04741855e-06  0.00000000e+00  1.79963110e+00 
 5.04958792e-06  0.00000000e+00  1.79970285e+00 
 5.05168476e-06  0.00000000e+00  1.79999855e+00 
 5.05427163e-06  0.00000000e+00  1.79986456e+00 
 5.05825708e-06  0.00000000e+00  1.80002619e+00 
 5.06389413e-06  0.00000000e+00  1.79992619e+00 
 5.07444918e-06  0.00000000e+00  1.80001660e+00 
 5.09081644e-06  0.00000000e+00  1.79994621e+00 
 5.10921932e-06  0.00000000e+00  1.80001526e+00 
 5.13537069e-06  0.00000000e+00  1.79995931e+00 
 5.17851624e-06  0.00000000e+00  1.80001705e+00 
 5.25010000e-06  6.67038446e-12  1.79996803e+00 
 5.25011000e-06  1.80000000e-01  1.80054223e+00 
 5.25013000e-06  5.40000000e-01  1.80204711e+00 
 5.25017000e-06  1.26000000e+00  1.80508860e+00 
 5.25020000e-06  1.80000000e+00  1.80716026e+00 
 5.25020075e-06  1.80000000e+00  1.80718095e+00 
 5.25020224e-06  1.80000000e+00  1.80716837e+00 
 5.25020522e-06  1.80000000e+00  1.80699335e+00 
 5.25021119e-06  1.80000000e+00  1.80664531e+00 
 5.25022312e-06  1.80000000e+00  1.80627948e+00 
 5.25024699e-06  1.80000000e+00  1.80592189e+00 
 5.25029473e-06  1.80000000e+00  1.80536062e+00 
 5.25039021e-06  1.80000000e+00  1.80454246e+00 
 5.25058117e-06  1.80000000e+00  1.80342922e+00 
 5.25091914e-06  1.80000000e+00  1.80249563e+00 
 5.25134520e-06  1.80000000e+00  1.80324974e+00 
 5.25187193e-06  1.80000000e+00  1.80437337e+00 
 5.25247959e-06  1.80000000e+00  1.80246780e+00 
 5.25323915e-06  1.80000000e+00  1.80094574e+00 
 5.25411407e-06  1.80000000e+00  1.80045626e+00 
 5.25530523e-06  1.80000000e+00  1.79978599e+00 
 5.25619636e-06  1.80000000e+00  1.79887093e+00 
 5.25714148e-06  1.80000000e+00  1.79840003e+00 
 5.25820249e-06  1.80000000e+00  1.79857501e+00 
 5.25961210e-06  1.80000000e+00  1.79889338e+00 
 5.26105655e-06  1.80000000e+00  1.79915728e+00 
 5.26351488e-06  1.80000000e+00  1.79948256e+00 
 5.26640744e-06  1.80000000e+00  1.79969954e+00 
 5.27148652e-06  1.80000000e+00  1.79990214e+00 
 5.28164468e-06  1.80000000e+00  1.79999296e+00 
 5.30032855e-06  1.80000000e+00  1.80000576e+00 
 5.33676700e-06  1.80000000e+00  1.79999416e+00 
 5.40728346e-06  1.80000000e+00  1.80000562e+00 
 5.50000000e-06  1.80000000e+00  1.79999418e+00 
 5.50001000e-06  1.62000000e+00  1.79880300e+00 
 5.50003000e-06  1.26000000e+00  1.79667414e+00 
 5.50007000e-06  5.40000000e-01  1.79401848e+00 
 5.50010000e-06  0.00000000e+00  1.79255609e+00 
 5.50010418e-06  0.00000000e+00  1.79283967e+00 
 5.50011255e-06  0.00000000e+00  1.79357609e+00 
 5.50012928e-06  0.00000000e+00  1.79464675e+00 
 5.50016273e-06  0.00000000e+00  1.79582547e+00 
 5.50022965e-06  0.00000000e+00  1.79764012e+00 
 5.50036348e-06  0.00000000e+00  1.79949648e+00 
 5.50053234e-06  0.00000000e+00  1.80048794e+00 
 5.50087006e-06  0.00000000e+00  1.80117098e+00 
 5.50144989e-06  0.00000000e+00  1.80144059e+00 
 5.50221471e-06  0.00000000e+00  1.80033527e+00 
 5.50288402e-06  0.00000000e+00  1.79893455e+00 
 5.50355729e-06  0.00000000e+00  1.79892402e+00 
 5.50426361e-06  0.00000000e+00  1.79976208e+00 
 5.50523837e-06  0.00000000e+00  1.79999607e+00 
 5.50618917e-06  0.00000000e+00  1.79995291e+00 
 5.50715020e-06  0.00000000e+00  1.79994483e+00 
 5.50858851e-06  0.00000000e+00  1.79990094e+00 
 5.50997109e-06  0.00000000e+00  1.79987315e+00 
 5.51121634e-06  0.00000000e+00  1.79996359e+00 
 5.51248603e-06  0.00000000e+00  1.79989607e+00 
 5.51372641e-06  0.00000000e+00  1.79995575e+00 
 5.51519692e-06  0.00000000e+00  1.79988979e+00 
 5.51674016e-06  0.00000000e+00  1.79995813e+00 
 5.51842035e-06  0.00000000e+00  1.79989594e+00 
 5.52178072e-06  0.00000000e+00  1.79996824e+00 
 5.52850147e-06  0.00000000e+00  1.79991433e+00 
 5.53995407e-06  0.00000000e+00  1.79999269e+00 
 5.56285927e-06  0.00000000e+00  1.79994086e+00 
 5.60605323e-06  0.00000000e+00  1.80001688e+00 
 5.68709841e-06  0.00000000e+00  1.79995870e+00 
 5.75010000e-06  6.67038446e-12  1.80002625e+00 
 5.75011000e-06  1.80000000e-01  1.80070231e+00 
 5.75013000e-06  5.40000000e-01  1.80223569e+00 
 5.75017000e-06  1.26000000e+00  1.80518627e+00 
 5.75020000e-06  1.80000000e+00  1.80724165e+00 
 5.75020076e-06  1.80000000e+00  1.80725997e+00 
 5.75020229e-06  1.80000000e+00  1.80724175e+00 
 5.75020534e-06  1.80000000e+00  1.80705642e+00 
 5.75021145e-06  1.80000000e+00  1.80670003e+00 
 5.75022367e-06  1.80000000e+00  1.80632988e+00 
 5.75024810e-06  1.80000000e+00  1.80595923e+00 
 5.75029696e-06  1.80000000e+00  1.80537142e+00 
 5.75039469e-06  1.80000000e+00  1.80452444e+00 
 5.75059014e-06  1.80000000e+00  1.80339059e+00 
 5.75093613e-06  1.80000000e+00  1.80250176e+00 
 5.75136096e-06  1.80000000e+00  1.80332631e+00 
 5.75188056e-06  1.80000000e+00  1.80437646e+00 
 5.75248750e-06  1.80000000e+00  1.80245031e+00 
 5.75325516e-06  1.80000000e+00  1.80094006e+00 
 5.75413179e-06  1.80000000e+00  1.80050976e+00 
 5.75530998e-06  1.80000000e+00  1.79997281e+00 
 5.75622885e-06  1.80000000e+00  1.79904545e+00 
 5.75719408e-06  1.80000000e+00  1.79839762e+00 
 5.75821986e-06  1.80000000e+00  1.79849953e+00 
 5.75933245e-06  1.80000000e+00  1.79878304e+00 
 5.76056586e-06  1.80000000e+00  1.79901375e+00 
 5.76299645e-06  1.80000000e+00  1.79940680e+00 
 5.76567406e-06  1.80000000e+00  1.79962589e+00 
 5.77032918e-06  1.80000000e+00  1.79987541e+00 
 5.77886614e-06  1.80000000e+00  1.79997140e+00 
 5.79594004e-06  1.80000000e+00  1.80001758e+00 
 5.82925419e-06  1.80000000e+00  1.79998381e+00 
 5.89495393e-06  1.80000000e+00  1.80001550e+00 
 6.00000000e-06  1.80000000e+00  1.79998452e+00 
 6.00001000e-06  1.62000000e+00  1.79879486e+00 
 6.00003000e-06  1.26000000e+00  1.79666989e+00 
 6.00007000e-06  5.40000000e-01  1.79401935e+00 
 6.00010000e-06  0.00000000e+00  1.79255773e+00 
 6.00010418e-06  0.00000000e+00  1.79284126e+00 
 6.00011254e-06  0.00000000e+00  1.79357739e+00 
 6.00012927e-06  0.00000000e+00  1.79464718e+00 
 6.00016271e-06  0.00000000e+00  1.79582473e+00 
 6.00022961e-06  0.00000000e+00  1.79763944e+00 
 6.00036340e-06  0.00000000e+00  1.79949772e+00 
 6.00053219e-06  0.00000000e+00  1.80048967e+00 
 6.00086977e-06  0.00000000e+00  1.80117184e+00 
 6.00144937e-06  0.00000000e+00  1.80143662e+00 
 6.00221462e-06  0.00000000e+00  1.80032781e+00 
 6.00288255e-06  0.00000000e+00  1.79894362e+00 
 6.00355990e-06  0.00000000e+00  1.79890997e+00 
 6.00426891e-06  0.00000000e+00  1.79965987e+00 
 6.00525129e-06  0.00000000e+00  1.79996631e+00 
 6.00603219e-06  0.00000000e+00  1.79998510e+00 
 6.00685563e-06  0.00000000e+00  1.79994799e+00 
 6.00784816e-06  0.00000000e+00  1.79998927e+00 
 6.00866787e-06  0.00000000e+00  1.79990575e+00 
 6.00957877e-06  0.00000000e+00  1.79996112e+00 
 6.01057968e-06  0.00000000e+00  1.79988807e+00 
 6.01175052e-06  0.00000000e+00  1.79994977e+00 
 6.01354885e-06  0.00000000e+00  1.79990118e+00 
 6.01581057e-06  0.00000000e+00  1.80002291e+00 
 6.01813904e-06  0.00000000e+00  1.80016272e+00 
 6.02062544e-06  0.00000000e+00  1.80015245e+00 
 6.02240279e-06  0.00000000e+00  1.79926933e+00 
 6.02408545e-06  0.00000000e+00  1.79933569e+00 
 6.02574527e-06  0.00000000e+00  1.79869027e+00 
 6.02754982e-06  0.00000000e+00  1.79798952e+00 
 6.02949002e-06  0.00000000e+00  1.79903426e+00 
 6.03185770e-06  0.00000000e+00  1.79964451e+00 
 6.03435685e-06  0.00000000e+00  1.79973913e+00 
 6.03931107e-06  0.00000000e+00  1.79993666e+00 
 6.04558699e-06  0.00000000e+00  1.79991088e+00 
 6.05279316e-06  0.00000000e+00  1.80005842e+00 
 6.06093380e-06  0.00000000e+00  1.80002821e+00 
 6.06645147e-06  0.00000000e+00  1.79986381e+00 
 6.07221386e-06  0.00000000e+00  1.80008400e+00 
 6.07857221e-06  0.00000000e+00  1.79989218e+00 
 6.08470124e-06  0.00000000e+00  1.80006362e+00 
 6.09085709e-06  0.00000000e+00  1.79990381e+00 
 6.09802384e-06  0.00000000e+00  1.80005268e+00 
 6.11107104e-06  0.00000000e+00  1.79991741e+00 
 6.12543325e-06  0.00000000e+00  1.80005057e+00 
 6.14918343e-06  0.00000000e+00  1.79992600e+00 
 6.18262283e-06  0.00000000e+00  1.80005223e+00 
 6.22717028e-06  0.00000000e+00  1.79993213e+00 
 6.25010000e-06  6.67038446e-12  1.80005237e+00 
 6.25011000e-06  1.80000000e-01  1.80074997e+00 
 6.25013000e-06  5.40000000e-01  1.80229468e+00 
 6.25017000e-06  1.26000000e+00  1.80522813e+00 
 6.25020000e-06  1.80000000e+00  1.80726444e+00 
 6.25020075e-06  1.80000000e+00  1.80728407e+00 
 6.25020224e-06  1.80000000e+00  1.80727184e+00 
 6.25020522e-06  1.80000000e+00  1.80709726e+00 
 6.25021119e-06  1.80000000e+00  1.80673571e+00 
 6.25022312e-06  1.80000000e+00  1.80634132e+00 
 6.25024698e-06  1.80000000e+00  1.80595488e+00 
 6.25029471e-06  1.80000000e+00  1.80537511e+00 
 6.25039017e-06  1.80000000e+00  1.80455978e+00 
 6.25058108e-06  1.80000000e+00  1.80345216e+00 
 6.25091932e-06  1.80000000e+00  1.80250923e+00 
 6.25134545e-06  1.80000000e+00  1.80325754e+00 
 6.25186944e-06  1.80000000e+00  1.80434779e+00 
 6.25247845e-06  1.80000000e+00  1.80237321e+00 
 6.25323594e-06  1.80000000e+00  1.80069076e+00 
 6.25411103e-06  1.80000000e+00  1.80001380e+00 
 6.25524139e-06  1.80000000e+00  1.79991975e+00 
 6.25616245e-06  1.80000000e+00  1.79995505e+00 
 6.25712251e-06  1.80000000e+00  1.79994204e+00 
 6.25819385e-06  1.80000000e+00  1.79992394e+00 
 6.25976516e-06  1.80000000e+00  1.79997420e+00 
 6.26129627e-06  1.80000000e+00  1.79995454e+00 
 6.26377488e-06  1.80000000e+00  1.79999522e+00 
 6.26675313e-06  1.80000000e+00  1.79997566e+00 
 6.27210410e-06  1.80000000e+00  1.80001005e+00 
 6.28280604e-06  1.80000000e+00  1.79998644e+00 
 6.30158275e-06  1.80000000e+00  1.80001330e+00 
 6.33901690e-06  1.80000000e+00  1.79998653e+00 
 6.40978720e-06  1.80000000e+00  1.80001326e+00 
 6.50000000e-06  1.80000000e+00  1.79998657e+00 
 6.50001000e-06  1.62000000e+00  1.79879958e+00 
 6.50003000e-06  1.26000000e+00  1.79665552e+00 
 6.50007000e-06  5.40000000e-01  1.79399685e+00 
 6.50010000e-06  0.00000000e+00  1.79257036e+00 
 6.50010418e-06  0.00000000e+00  1.79285146e+00 
 6.50011255e-06  0.00000000e+00  1.79360067e+00 
 6.50012927e-06  0.00000000e+00  1.79472218e+00 
 6.50016273e-06  0.00000000e+00  1.79591010e+00 
 6.50022965e-06  0.00000000e+00  1.79768942e+00 
 6.50036347e-06  0.00000000e+00  1.79947952e+00 
 6.50053236e-06  0.00000000e+00  1.80045432e+00 
 6.50087012e-06  0.00000000e+00  1.80112125e+00 
 6.50144934e-06  0.00000000e+00  1.80153444e+00 
 6.50221340e-06  0.00000000e+00  1.80084353e+00 
 6.50283640e-06  0.00000000e+00  1.79920397e+00 
 6.50350018e-06  0.00000000e+00  1.79805446e+00 
 6.50418931e-06  0.00000000e+00  1.79833782e+00 
 6.50514715e-06  0.00000000e+00  1.79875953e+00 
 6.50611276e-06  0.00000000e+00  1.79916828e+00 
 6.50705877e-06  0.00000000e+00  1.79939153e+00 
 6.50853715e-06  0.00000000e+00  1.79961392e+00 
 6.50989516e-06  0.00000000e+00  1.79969858e+00 
 6.51125898e-06  0.00000000e+00  1.79984266e+00 
 6.51280329e-06  0.00000000e+00  1.79984498e+00 
 6.51418873e-06  0.00000000e+00  1.79991671e+00 
 6.51569864e-06  0.00000000e+00  1.79988329e+00 
 6.51721418e-06  0.00000000e+00  1.79994598e+00 
 6.51898859e-06  0.00000000e+00  1.79990364e+00 
 6.52253742e-06  0.00000000e+00  1.79996552e+00 
 6.52846052e-06  0.00000000e+00  1.79992416e+00 
 6.54030673e-06  0.00000000e+00  1.79998764e+00 
 6.56231776e-06  0.00000000e+00  1.79994832e+00 
 6.60342633e-06  0.00000000e+00  1.80000982e+00 
 6.68564348e-06  0.00000000e+00  1.79996565e+00 
 6.75010000e-06  6.67038446e-12  1.80001939e+00 
 6.75011000e-06  1.80000000e-01  1.80070385e+00 
 6.75013000e-06  5.40000000e-01  1.80225226e+00 
 6.75017000e-06  1.26000000e+00  1.80519198e+00 
 6.75020000e-06  1.80000000e+00  1.80722663e+00 
 6.75020076e-06  1.80000000e+00  1.80724675e+00 
 6.75020229e-06  1.80000000e+00  1.80723349e+00 
 6.75020534e-06  1.80000000e+00  1.80705384e+00 
 6.75021145e-06  1.80000000e+00  1.80668982e+00 
 6.75022367e-06  1.80000000e+00  1.80630072e+00 
 6.75024810e-06  1.80000000e+00  1.80591766e+00 
 6.75029696e-06  1.80000000e+00  1.80533735e+00 
 6.75039469e-06  1.80000000e+00  1.80452325e+00 
 6.75059015e-06  1.80000000e+00  1.80340714e+00 
 6.75093612e-06  1.80000000e+00  1.80251161e+00 
 6.75136114e-06  1.80000000e+00  1.80332954e+00 
 6.75188090e-06  1.80000000e+00  1.80435069e+00 
 6.75248769e-06  1.80000000e+00  1.80236053e+00 
 6.75325578e-06  1.80000000e+00  1.80067882e+00 
 6.75413272e-06  1.80000000e+00  1.79982645e+00 
 6.75531096e-06  1.80000000e+00  1.79966565e+00 
 6.75623348e-06  1.80000000e+00  1.80008370e+00 
 6.75720139e-06  1.80000000e+00  1.80046187e+00 
 6.75822902e-06  1.80000000e+00  1.80092912e+00 
 6.75933851e-06  1.80000000e+00  1.80124487e+00 
 6.76056645e-06  1.80000000e+00  1.80114912e+00 
 6.76184071e-06  1.80000000e+00  1.80090556e+00 
 6.76324114e-06  1.80000000e+00  1.80070063e+00 
 6.76536522e-06  1.80000000e+00  1.80049907e+00 
 6.76768622e-06  1.80000000e+00  1.80030033e+00 
 6.77129816e-06  1.80000000e+00  1.80016081e+00 
 6.77699418e-06  1.80000000e+00  1.80003479e+00 
 6.78838622e-06  1.80000000e+00  1.80000755e+00 
 6.81117029e-06  1.80000000e+00  1.79999108e+00 
 6.85569895e-06  1.80000000e+00  1.80000899e+00 
 6.94475627e-06  1.80000000e+00  1.79999074e+00 
 7.00000000e-06  1.80000000e+00  1.80000918e+00 
 7.00001000e-06  1.62000000e+00  1.79881247e+00 
 7.00003000e-06  1.26000000e+00  1.79665389e+00 
 7.00007000e-06  5.40000000e-01  1.79400002e+00 
 7.00010000e-06  0.00000000e+00  1.79257433e+00 
 7.00010416e-06  0.00000000e+00  1.79285348e+00 
 7.00011249e-06  0.00000000e+00  1.79359992e+00 
 7.00012914e-06  0.00000000e+00  1.79472007e+00 
 7.00016245e-06  0.00000000e+00  1.79590576e+00 
 7.00022906e-06  0.00000000e+00  1.79768088e+00 
 7.00036229e-06  0.00000000e+00  1.79946735e+00 
 7.00053068e-06  0.00000000e+00  1.80044531e+00 
 7.00086745e-06  0.00000000e+00  1.80111365e+00 
 7.00144403e-06  0.00000000e+00  1.80154341e+00 
 7.00221361e-06  0.00000000e+00  1.80086907e+00 
 7.00288080e-06  0.00000000e+00  1.79913713e+00 
 7.00355849e-06  0.00000000e+00  1.79828181e+00 
 7.00426711e-06  0.00000000e+00  1.79908109e+00 
 7.00513473e-06  0.00000000e+00  1.79805314e+00 
 7.00589534e-06  0.00000000e+00  1.79903509e+00 
 7.00672475e-06  0.00000000e+00  1.79996099e+00 
 7.00780395e-06  0.00000000e+00  1.80060121e+00 
 7.00878479e-06  0.00000000e+00  1.80070526e+00 
 7.00974217e-06  0.00000000e+00  1.80030745e+00 
 7.01079078e-06  0.00000000e+00  1.80028998e+00 
 7.01204220e-06  0.00000000e+00  1.80004643e+00 
 7.01384916e-06  0.00000000e+00  1.80009711e+00 
 7.01516102e-06  0.00000000e+00  1.79997228e+00 
 7.01663711e-06  0.00000000e+00  1.80009956e+00 
 7.01808368e-06  0.00000000e+00  1.80013815e+00 
 7.01974644e-06  0.00000000e+00  1.80045108e+00 
 7.02133556e-06  0.00000000e+00  1.79986306e+00 
 7.02246289e-06  0.00000000e+00  1.79920057e+00 
 7.02360475e-06  0.00000000e+00  1.79888442e+00 
 7.02494617e-06  0.00000000e+00  1.79986262e+00 
 7.02620222e-06  0.00000000e+00  1.79853770e+00 
 7.02779204e-06  0.00000000e+00  1.79798927e+00 
 7.02925996e-06  0.00000000e+00  1.79876971e+00 
 7.03142891e-06  0.00000000e+00  1.79949013e+00 
 7.03378144e-06  0.00000000e+00  1.79974608e+00 
 7.03848649e-06  0.00000000e+00  1.79996594e+00 
 7.04441572e-06  0.00000000e+00  1.79994655e+00 
 7.05076491e-06  0.00000000e+00  1.79998340e+00 
 7.05819384e-06  0.00000000e+00  1.79995667e+00 
 7.07014732e-06  0.00000000e+00  1.79998958e+00 
 7.09405427e-06  0.00000000e+00  1.79996861e+00 
 7.13386739e-06  0.00000000e+00  1.80000041e+00 
 7.20084243e-06  0.00000000e+00  1.79997891e+00 
 7.25010000e-06  6.67038446e-12  1.80000616e+00 
 7.25011000e-06  1.80000000e-01  1.80073639e+00 
 7.25013000e-06  5.40000000e-01  1.80230699e+00 
 7.25017000e-06  1.26000000e+00  1.80522391e+00 
 7.25020000e-06  1.80000000e+00  1.80724502e+00 
 7.25020075e-06  1.80000000e+00  1.80726410e+00 
 7.25020224e-06  1.80000000e+00  1.80725095e+00 
 7.25020522e-06  1.80000000e+00  1.80707543e+00 
 7.25021119e-06  1.80000000e+00  1.80671364e+00 
 7.25022312e-06  1.80000000e+00  1.80631909e+00 
 7.25024699e-06  1.80000000e+00  1.80593249e+00 
 7.25029473e-06  1.80000000e+00  1.80535536e+00 
 7.25039020e-06  1.80000000e+00  1.80454936e+00 
 7.25058115e-06  1.80000000e+00  1.80345060e+00 
 7.25092326e-06  1.80000000e+00  1.80251250e+00 
 7.25134795e-06  1.80000000e+00  1.80327379e+00 
 7.25187251e-06  1.80000000e+00  1.80435037e+00 
 7.25248069e-06  1.80000000e+00  1.80236907e+00 
 7.25324090e-06  1.80000000e+00  1.80067390e+00 
 7.25411642e-06  1.80000000e+00  1.79998877e+00 
 7.25526507e-06  1.80000000e+00  1.79993321e+00 
 7.25617167e-06  1.80000000e+00  1.79997457e+00 
 7.25712674e-06  1.80000000e+00  1.79994725e+00 
 7.25818414e-06  1.80000000e+00  1.79992821e+00 
 7.25976315e-06  1.80000000e+00  1.79997439e+00 
 7.26124038e-06  1.80000000e+00  1.79995433e+00 
 7.26375296e-06  1.80000000e+00  1.79999417e+00 
 7.26668414e-06  1.80000000e+00  1.79997555e+00 
 7.27206732e-06  1.80000000e+00  1.80000954e+00 
 7.28283368e-06  1.80000000e+00  1.79998684e+00 
 7.30155383e-06  1.80000000e+00  1.80001294e+00 
 7.33899412e-06  1.80000000e+00  1.79998686e+00 
 7.41078222e-06  1.80000000e+00  1.80001293e+00 
 7.50000000e-06  1.80000000e+00  1.79998692e+00 
 7.50001000e-06  1.62000000e+00  1.79880116e+00 
 7.50003000e-06  1.26000000e+00  1.79665927e+00 
 7.50007000e-06  5.40000000e-01  1.79399957e+00 
 7.50010000e-06  0.00000000e+00  1.79257210e+00 
 7.50010418e-06  0.00000000e+00  1.79285339e+00 
 7.50011254e-06  0.00000000e+00  1.79360273e+00 
 7.50012927e-06  0.00000000e+00  1.79472383e+00 
 7.50016272e-06  0.00000000e+00  1.79591155e+00 
 7.50022963e-06  0.00000000e+00  1.79769058e+00 
 7.50036344e-06  0.00000000e+00  1.79947996e+00 
 7.50053227e-06  0.00000000e+00  1.80045419e+00 
 7.50086994e-06  0.00000000e+00  1.80112056e+00 
 7.50149678e-06  0.00000000e+00  1.80151476e+00 
 7.50217988e-06  0.00000000e+00  1.80086686e+00 
 7.50276267e-06  0.00000000e+00  1.79936345e+00 
 7.50340347e-06  0.00000000e+00  1.79806366e+00 
 7.50407462e-06  0.00000000e+00  1.79826701e+00 
 7.50501580e-06  0.00000000e+00  1.79869552e+00 
 7.50591599e-06  0.00000000e+00  1.79910344e+00 
 7.50687138e-06  0.00000000e+00  1.79935251e+00 
 7.50815112e-06  0.00000000e+00  1.79959097e+00 
 7.50957584e-06  0.00000000e+00  1.79967067e+00 
 7.51109079e-06  0.00000000e+00  1.79984867e+00 
 7.51247210e-06  0.00000000e+00  1.79984152e+00 
 7.51391187e-06  0.00000000e+00  1.79992463e+00 
 7.51551414e-06  0.00000000e+00  1.79988630e+00 
 7.51715447e-06  0.00000000e+00  1.79995491e+00 
 7.51924999e-06  0.00000000e+00  1.79990845e+00 
 7.52225823e-06  0.00000000e+00  1.79997218e+00 
 7.52744563e-06  0.00000000e+00  1.79992435e+00 
 7.53673335e-06  0.00000000e+00  1.79998935e+00 
 7.55328895e-06  0.00000000e+00  1.79994348e+00 
 7.58401701e-06  0.00000000e+00  1.80000897e+00 
 7.64096041e-06  0.00000000e+00  1.79996067e+00 
 7.74453226e-06  0.00000000e+00  1.80002159e+00 
 7.75010000e-06  0.00000000e+00  1.79996573e+00 
 7.75011000e-06  1.80000000e-01  1.80069213e+00 
 7.75013000e-06  5.40000000e-01  1.80225881e+00 
 7.75017000e-06  1.26000000e+00  1.80518895e+00 
 7.75020000e-06  1.80000000e+00  1.80722700e+00 
 7.75020075e-06  1.80000000e+00  1.80724637e+00 
 7.75020224e-06  1.80000000e+00  1.80723380e+00 
 7.75020522e-06  1.80000000e+00  1.80705949e+00 
 7.75021118e-06  1.80000000e+00  1.80670040e+00 
 7.75022311e-06  1.80000000e+00  1.80631088e+00 
 7.75024697e-06  1.80000000e+00  1.80593112e+00 
 7.75029468e-06  1.80000000e+00  1.80535983e+00 
 7.75039011e-06  1.80000000e+00  1.80455418e+00 
 7.75058097e-06  1.80000000e+00  1.80345241e+00 
 7.75092356e-06  1.80000000e+00  1.80251355e+00 
 7.75134810e-06  1.80000000e+00  1.80328026e+00 
 7.75187243e-06  1.80000000e+00  1.80436396e+00 
 7.75248075e-06  1.80000000e+00  1.80239137e+00 
 7.75324063e-06  1.80000000e+00  1.80069960e+00 
 7.75411600e-06  1.80000000e+00  1.79983261e+00 
 7.75528607e-06  1.80000000e+00  1.79967298e+00 
 7.75621678e-06  1.80000000e+00  1.80009952e+00 
 7.75718922e-06  1.80000000e+00  1.80047042e+00 
 7.75821139e-06  1.80000000e+00  1.80093497e+00 
 7.75932956e-06  1.80000000e+00  1.80124570e+00 
 7.76056922e-06  1.80000000e+00  1.80114391e+00 
 7.76184600e-06  1.80000000e+00  1.80089887e+00 
 7.76324946e-06  1.80000000e+00  1.80069694e+00 
 7.76538592e-06  1.80000000e+00  1.80049388e+00 
 7.76769117e-06  1.80000000e+00  1.80029869e+00 
 7.77138772e-06  1.80000000e+00  1.80015679e+00 
 7.77718760e-06  1.80000000e+00  1.80003276e+00 
 7.78878737e-06  1.80000000e+00  1.80000697e+00 
 7.81198691e-06  1.80000000e+00  1.79999146e+00 
 7.85486739e-06  1.80000000e+00  1.80000866e+00 
 7.94062837e-06  1.80000000e+00  1.79999111e+00 
 8.00000000e-06  1.80000000e+00  1.80000888e+00 
 8.00001000e-06  1.62000000e+00  1.79881318e+00 
 8.00003000e-06  1.26000000e+00  1.79665634e+00 
 8.00007000e-06  5.40000000e-01  1.79400188e+00 
 8.00010000e-06  0.00000000e+00  1.79257550e+00 
 8.00010416e-06  0.00000000e+00  1.79285479e+00 
 8.00011249e-06  0.00000000e+00  1.79360129e+00 
 8.00012914e-06  0.00000000e+00  1.79472108e+00 
 8.00016244e-06  0.00000000e+00  1.79590668e+00 
 8.00022903e-06  0.00000000e+00  1.79768176e+00 
 8.00036223e-06  0.00000000e+00  1.79946756e+00 
 8.00053055e-06  0.00000000e+00  1.80044499e+00 
 8.00086718e-06  0.00000000e+00  1.80111284e+00 
 8.00149246e-06  0.00000000e+00  1.80152625e+00 
 8.00217811e-06  0.00000000e+00  1.80089382e+00 
 8.00279958e-06  0.00000000e+00  1.79930444e+00 
 8.00344848e-06  0.00000000e+00  1.79824443e+00 
 8.00413508e-06  0.00000000e+00  1.79905255e+00 
 8.00496662e-06  0.00000000e+00  1.79810091e+00 
 8.00583642e-06  0.00000000e+00  1.79893973e+00 
 8.00671075e-06  0.00000000e+00  1.80001217e+00 
 8.00765046e-06  0.00000000e+00  1.80054817e+00 
 8.00875618e-06  0.00000000e+00  1.80073433e+00 
 8.00975984e-06  0.00000000e+00  1.80027673e+00 
 8.01079132e-06  0.00000000e+00  1.80029862e+00 
 8.01216528e-06  0.00000000e+00  1.80003447e+00 
 8.01383363e-06  0.00000000e+00  1.80009166e+00 
 8.01514470e-06  0.00000000e+00  1.79994129e+00 
 8.01662719e-06  0.00000000e+00  1.80001832e+00 
 8.01820744e-06  0.00000000e+00  1.79991507e+00 
 8.01993746e-06  0.00000000e+00  1.79998888e+00 
 8.02201996e-06  0.00000000e+00  1.79991448e+00 
 8.02418075e-06  0.00000000e+00  1.79998758e+00 
 8.02699523e-06  0.00000000e+00  1.79993213e+00 
 8.02993561e-06  0.00000000e+00  1.79999337e+00 
 8.03509430e-06  0.00000000e+00  1.79993197e+00 
 8.04033683e-06  0.00000000e+00  1.80002088e+00 
 8.04785675e-06  0.00000000e+00  1.80004091e+00 
 8.05628483e-06  0.00000000e+00  1.79980953e+00 
 8.06229584e-06  0.00000000e+00  1.80016366e+00 
 8.06886988e-06  0.00000000e+00  1.79976408e+00 
 8.07648829e-06  0.00000000e+00  1.80011640e+00 
 8.08462915e-06  0.00000000e+00  1.79984338e+00 
 8.09420965e-06  0.00000000e+00  1.80011252e+00 
 8.10741127e-06  0.00000000e+00  1.79985788e+00 
 8.13381451e-06  0.00000000e+00  1.80011146e+00 
 8.17278533e-06  0.00000000e+00  1.79986811e+00 
 8.24606142e-06  0.00000000e+00  1.80011482e+00 
 8.25010000e-06  0.00000000e+00  1.79988808e+00 
 8.25011000e-06  1.80000000e-01  1.80059675e+00 
 8.25013000e-06  5.40000000e-01  1.80213142e+00 
 8.25017000e-06  1.26000000e+00  1.80508551e+00 
 8.25020000e-06  1.80000000e+00  1.80715569e+00 
 8.25020075e-06  1.80000000e+00  1.80717521e+00 
 8.25020224e-06  1.80000000e+00  1.80716148e+00 
 8.25020522e-06  1.80000000e+00  1.80698432e+00 
 8.25021118e-06  1.80000000e+00  1.80663468e+00 
 8.25022311e-06  1.80000000e+00  1.80626840e+00 
 8.25024697e-06  1.80000000e+00  1.80590792e+00 
 8.25029469e-06  1.80000000e+00  1.80534960e+00 
 8.25039013e-06  1.80000000e+00  1.80453793e+00 
 8.25058100e-06  1.80000000e+00  1.80343369e+00 
 8.25096274e-06  1.80000000e+00  1.80252355e+00 
 8.25137217e-06  1.80000000e+00  1.80337851e+00 
 8.25187835e-06  1.80000000e+00  1.80431401e+00 
 8.25249166e-06  1.80000000e+00  1.80229247e+00 
 8.25326364e-06  1.80000000e+00  1.80063436e+00 
 8.25414468e-06  1.80000000e+00  1.80003616e+00 
 8.25521356e-06  1.80000000e+00  1.79991057e+00 
 8.25639217e-06  1.80000000e+00  1.79991111e+00 
 8.25778288e-06  1.80000000e+00  1.79993987e+00 
 8.25938475e-06  1.80000000e+00  1.79995131e+00 
 8.26116768e-06  1.80000000e+00  1.79998214e+00 
 8.26394289e-06  1.80000000e+00  1.79997428e+00 
 8.26659678e-06  1.80000000e+00  1.80000118e+00 
 8.27172663e-06  1.80000000e+00  1.79998588e+00 
 8.28198632e-06  1.80000000e+00  1.80001067e+00 
 8.29786773e-06  1.80000000e+00  1.79998899e+00 
 8.32963055e-06  1.80000000e+00  1.80001082e+00 
 8.38456269e-06  1.80000000e+00  1.79998898e+00 
 8.49442699e-06  1.80000000e+00  1.80001083e+00 
 8.50000000e-06  1.80000000e+00  1.79998889e+00 
 8.50001000e-06  1.62000000e+00  1.79880096e+00 
 8.50003000e-06  1.26000000e+00  1.79667238e+00 
 8.50007000e-06  5.40000000e-01  1.79402214e+00 
 8.50010000e-06  0.00000000e+00  1.79256580e+00 
 8.50010418e-06  0.00000000e+00  1.79284406e+00 
 8.50011254e-06  0.00000000e+00  1.79357898e+00 
 8.50012925e-06  0.00000000e+00  1.79465866e+00 
 8.50016268e-06  0.00000000e+00  1.79583908e+00 
 8.50022953e-06  0.00000000e+00  1.79765122e+00 
 8.50036324e-06  0.00000000e+00  1.79950267e+00 
 8.50063066e-06  0.00000000e+00  1.80085339e+00 
 8.50109336e-06  0.00000000e+00  1.80148072e+00 
 8.50179443e-06  0.00000000e+00  1.80100346e+00 
 8.50270500e-06  0.00000000e+00  1.79841778e+00 
 8.50336933e-06  0.00000000e+00  1.80437458e+00 
 8.50416170e-06  0.00000000e+00  1.82250771e+00 
 8.50499176e-06  0.00000000e+00  1.81491228e+00 
 8.50589550e-06  0.00000000e+00  1.76676634e+00 
 8.50698958e-06  0.00000000e+00  1.69964201e+00 
 8.50837832e-06  0.00000000e+00  1.61607803e+00 
 8.51010291e-06  0.00000000e+00  1.51045516e+00 
 8.51232625e-06  0.00000000e+00  1.37415916e+00 
 8.51413509e-06  0.00000000e+00  1.26265706e+00 
 8.51601083e-06  0.00000000e+00  1.14748570e+00 
 8.51838129e-06  0.00000000e+00  1.00306596e+00 
 8.52087873e-06  0.00000000e+00  8.54489521e-01 
 8.52368589e-06  0.00000000e+00  6.95871813e-01 
 8.52797790e-06  0.00000000e+00  4.87944951e-01 
 8.53312351e-06  0.00000000e+00  2.84935783e-01 
 8.53684675e-06  0.00000000e+00  1.80813727e-01 
 8.53989722e-06  0.00000000e+00  1.16714743e-01 
 8.54277412e-06  0.00000000e+00  7.66145227e-02 
 8.54556879e-06  0.00000000e+00  4.77345098e-02 
 8.54776346e-06  0.00000000e+00  3.26086427e-02 
 8.54996415e-06  0.00000000e+00  1.91638224e-02 
 8.55165605e-06  0.00000000e+00  1.18357362e-02 
 8.55346645e-06  0.00000000e+00  6.47288672e-03 
 8.55541081e-06  0.00000000e+00  1.14609332e-02 
 8.55715383e-06  0.00000000e+00  1.39143499e-02 
 8.55846605e-06  0.00000000e+00  1.17987629e-02 
 8.55986187e-06  0.00000000e+00  9.44445931e-03 
 8.56140624e-06  0.00000000e+00  7.44124995e-03 
 8.56411885e-06  0.00000000e+00  4.89735590e-03 
 8.56728729e-06  0.00000000e+00  2.94797176e-03 
 8.57089302e-06  0.00000000e+00  1.70557312e-03 
 8.57578431e-06  0.00000000e+00  7.22358579e-04 
 8.58068040e-06  0.00000000e+00  4.00231303e-04 
 8.58822888e-06  0.00000000e+00  8.99795664e-05 
 8.59768719e-06  0.00000000e+00  9.77125147e-05 
 8.61300800e-06  0.00000000e+00  8.34539280e-06 
 8.63367517e-06  0.00000000e+00  8.12085564e-05 
 8.66707055e-06  0.00000000e+00  4.01723685e-07 
 8.69947638e-06  0.00000000e+00  7.20771433e-05 
 8.72833612e-06  0.00000000e+00 -6.17233218e-06 
 8.75010000e-06  0.00000000e+00  6.75711555e-05 
 8.75011000e-06  1.80000000e-01  1.14557386e-03 
 8.75013000e-06  5.40000000e-01  2.93039926e-03 
 8.75017000e-06  1.26000000e+00  4.82321225e-03 
 8.75020000e-06  1.80000000e+00  6.00596190e-03 
 8.75020076e-06  1.80000000e+00  6.00253450e-03 
 8.75020229e-06  1.80000000e+00  5.94190824e-03 
 8.75020535e-06  1.80000000e+00  5.70627546e-03 
 8.75021146e-06  1.80000000e+00  5.32169932e-03 
 8.75022368e-06  1.80000000e+00  4.89330563e-03 
 8.75024812e-06  1.80000000e+00  4.36653262e-03 
 8.75029699e-06  1.80000000e+00  3.55550907e-03 
 8.75039475e-06  1.80000000e+00  2.51959561e-03 
 8.75059027e-06  1.80000000e+00  1.54735134e-03 
 8.75097709e-06  1.80000000e+00  1.29608872e-03 
 8.75138610e-06  1.80000000e+00  2.24407965e-03 
 8.75191158e-06  1.80000000e+00  3.01660774e-03 
 8.75252115e-06  1.80000000e+00  1.64678679e-03 
 8.75332501e-06  1.80000000e+00  1.03389555e-03 
 8.75420799e-06  1.80000000e+00  6.71267940e-04 
 8.75541697e-06  1.80000000e+00 -2.36445102e-04 
 8.75638890e-06  1.80000000e+00  1.54481533e-05 
 8.75739969e-06  1.80000000e+00 -1.27195458e-04 
 8.75854033e-06  1.80000000e+00 -2.47450422e-04 
 8.76008952e-06  1.80000000e+00 -1.50358113e-04 
 8.76181589e-06  1.80000000e+00 -4.47641877e-05 
 8.76415071e-06  1.80000000e+00 -1.69173510e-05 
 8.76773557e-06  1.80000000e+00  2.85230469e-05 
 8.77408250e-06  1.80000000e+00  3.51449228e-05 
 8.78634713e-06  1.80000000e+00  5.40694424e-05 
 8.80707835e-06  1.80000000e+00  2.92288191e-05 
 8.84708064e-06  1.80000000e+00  3.89948449e-05 
 8.91883143e-06  1.80000000e+00  1.64178627e-05 
 8.99217061e-06  1.80000000e+00  2.95102626e-05 
 9.00000000e-06  1.80000000e+00  1.16335144e-05 
