 1.00000000e-12  1.78200000e+00  3.41925636e-01 
 1.02772000e-12  1.78150104e+00  3.47107775e-01 
 1.08316000e-12  1.78050312e+00  3.54357381e-01 
 1.19404001e-12  1.77850728e+00  3.62901304e-01 
 1.33845916e-12  1.77590774e+00  3.73306288e-01 
 1.62729745e-12  1.77070865e+00  3.91717064e-01 
 2.20497405e-12  1.76031047e+00  4.16865025e-01 
 3.04344448e-12  1.74521800e+00  4.35855277e-01 
 3.95000719e-12  1.72889987e+00  4.45125286e-01 
 5.16987879e-12  1.70694218e+00  4.49286728e-01 
 6.91532195e-12  1.67552420e+00  4.49147346e-01 
 1.00704571e-11  1.61873177e+00  4.44809712e-01 
 1.37671636e-11  1.55219105e+00  4.40526454e-01 
 2.04627429e-11  1.43167063e+00  4.36564285e-01 
 2.74178080e-11  1.30647946e+00  4.35237906e-01 
 3.63009989e-11  1.14658202e+00  4.34510932e-01 
 4.73009228e-11  9.48583389e-01  4.34205091e-01 
 6.40588648e-11  6.46940433e-01  4.33686810e-01 
 8.46973580e-11  2.75447556e-01  4.33525460e-01 
 1.00000000e-10  0.00000000e+00  4.33523181e-01 
 1.01263278e-10  0.00000000e+00  4.33779301e-01 
 1.03789834e-10  0.00000000e+00  4.34175241e-01 
 1.08842947e-10  0.00000000e+00  4.34766731e-01 
 1.18949172e-10  0.00000000e+00  4.35450439e-01 
 1.39161623e-10  0.00000000e+00  4.36624800e-01 
 1.79586524e-10  0.00000000e+00  4.38981930e-01 
 2.60436327e-10  0.00000000e+00  4.43822000e-01 
 4.12157047e-10  0.00000000e+00  4.52467631e-01 
 5.78401041e-10  0.00000000e+00  4.60705583e-01 
 8.47560554e-10  0.00000000e+00  4.73408520e-01 
 1.21424495e-09  0.00000000e+00  4.88792056e-01 
 1.74222290e-09  0.00000000e+00  5.01693814e-01 
 2.49662179e-09  0.00000000e+00  5.06220755e-01 
 3.26943793e-09  0.00000000e+00  5.00529018e-01 
 4.29392228e-09  0.00000000e+00  4.73644688e-01 
 5.31594020e-09  0.00000000e+00  4.35283241e-01 
 6.26925041e-09  0.00000000e+00  4.00119660e-01 
 7.60799956e-09  0.00000000e+00  3.52544106e-01 
 8.93151778e-09  0.00000000e+00  3.08378918e-01 
 1.00802189e-08  0.00000000e+00  2.72919862e-01 
 1.09791696e-08  0.00000000e+00  2.46329143e-01 
 1.19122687e-08  0.00000000e+00  2.20572421e-01 
 1.28210312e-08  0.00000000e+00  1.97302255e-01 
 1.39837321e-08  0.00000000e+00  1.70864655e-01 
 1.58540729e-08  0.00000000e+00  1.34426464e-01 
 1.85283230e-08  0.00000000e+00  9.45132113e-02 
 2.26880983e-08  0.00000000e+00  5.32039050e-02 
 2.74444740e-08  0.00000000e+00  2.70844892e-02 
 3.13314872e-08  0.00000000e+00  1.54968709e-02 
 3.53868572e-08  0.00000000e+00  8.69672599e-03 
 3.92836086e-08  0.00000000e+00  4.91631051e-03 
 4.33584186e-08  0.00000000e+00  2.77252107e-03 
 5.15080387e-08  0.00000000e+00  7.23661278e-04 
 6.68899863e-08  0.00000000e+00  1.56740563e-06 
 9.47656644e-08  0.00000000e+00 -1.10984020e-05 
 1.50517021e-07  0.00000000e+00  2.00357645e-05 
 2.11744645e-07  0.00000000e+00 -1.88904636e-05 
 2.50100000e-07  0.00000000e+00  2.31611548e-05 
 2.50110000e-07  1.80000000e-01  2.13423194e-03 
 2.50130000e-07  5.40000000e-01  5.16562275e-03 
 2.50170000e-07  1.26000000e+00  8.72146645e-03 
 2.50200000e-07  1.80000000e+00  1.04751212e-02 
 2.50200528e-07  1.80000000e+00  1.03210519e-02 
 2.50201583e-07  1.80000000e+00  1.00321892e-02 
 2.50203694e-07  1.80000000e+00  9.52064464e-03 
 2.50207915e-07  1.80000000e+00  8.78234090e-03 
 2.50216357e-07  1.80000000e+00  7.91508368e-03 
 2.50233242e-07  1.80000000e+00  6.61595101e-03 
 2.50267011e-07  1.80000000e+00  4.33008046e-03 
 2.50334550e-07  1.80000000e+00  2.15001821e-03 
 2.50427865e-07  1.80000000e+00  3.88630233e-04 
 2.50611448e-07  1.80000000e+00 -8.12162208e-04 
 2.50792081e-07  1.80000000e+00 -9.76629842e-04 
 2.51135004e-07  1.80000000e+00 -2.20857753e-04 
 2.51558451e-07  1.80000000e+00  9.17872853e-04 
 2.52258825e-07  1.80000000e+00  1.83293477e-03 
 2.52899872e-07  1.80000000e+00  8.77351477e-04 
 2.53738833e-07  1.80000000e+00  5.03330211e-04 
 2.54754240e-07  1.80000000e+00  4.22530287e-05 
 2.55923060e-07  1.80000000e+00 -9.58391859e-05 
 2.56999771e-07  1.80000000e+00  4.58472653e-04 
 2.58031972e-07  1.80000000e+00  5.15440447e-04 
 2.59197239e-07  1.80000000e+00  3.21261185e-04 
 2.60298624e-07  1.80000000e+00  5.33270962e-04 
 2.62112991e-07  1.80000000e+00  3.88123306e-04 
 2.64722026e-07  1.80000000e+00  4.29145282e-04 
 2.67420551e-07  1.80000000e+00  2.34843793e-04 
 2.72043089e-07  1.80000000e+00  2.11999632e-04 
 2.78806240e-07  1.80000000e+00  4.47060599e-05 
 2.92332541e-07  1.80000000e+00  6.45397327e-05 
 3.19385144e-07  1.80000000e+00 -3.30165131e-05 
 3.70344603e-07  1.80000000e+00  4.40701293e-05 
 4.72263523e-07  1.80000000e+00 -3.75696477e-05 
 5.00000000e-07  1.80000000e+00  4.12238039e-05 
 5.00010000e-07  1.62000000e+00 -8.04677586e-04 
 5.00030000e-07  1.26000000e+00 -2.09765309e-03 
 5.00070000e-07  5.40000000e-01 -3.42652380e-03 
 5.00100000e-07  0.00000000e+00 -4.29539420e-03 
 5.00104263e-07  0.00000000e+00 -4.01136708e-03 
 5.00112789e-07  0.00000000e+00 -3.41665868e-03 
 5.00129841e-07  0.00000000e+00 -2.80471979e-03 
 5.00163945e-07  0.00000000e+00 -2.20365034e-03 
 5.00232152e-07  0.00000000e+00 -1.26157911e-03 
 5.00368567e-07  0.00000000e+00 -4.72797319e-04 
 5.00559508e-07  0.00000000e+00 -1.78638319e-05 
 5.00941390e-07  0.00000000e+00  4.19835781e-04 
 5.01535992e-07  0.00000000e+00 -1.70624096e-04 
 5.02162721e-07  0.00000000e+00 -5.33511431e-03 
 5.02854096e-07  0.00000000e+00 -1.38358610e-02 
 5.03676273e-07  0.00000000e+00  8.67151507e-03 
 5.04428280e-07  0.00000000e+00  6.86159737e-02 
 5.05341793e-07  0.00000000e+00  1.55402272e-01 
 5.06300262e-07  0.00000000e+00  2.48743512e-01 
 5.07290748e-07  0.00000000e+00  3.43688024e-01 
 5.08690681e-07  0.00000000e+00  4.72973132e-01 
 5.10114766e-07  0.00000000e+00  5.97399025e-01 
 5.12675186e-07  0.00000000e+00  8.13663211e-01 
 5.15599540e-07  0.00000000e+00  1.02868028e+00 
 5.17747892e-07  0.00000000e+00  1.15537779e+00 
 5.20193840e-07  0.00000000e+00  1.30749679e+00 
 5.22648548e-07  0.00000000e+00  1.50464392e+00 
 5.25202637e-07  0.00000000e+00  1.67422110e+00 
 5.28411407e-07  0.00000000e+00  1.76796261e+00 
 5.33032776e-07  0.00000000e+00  1.79817933e+00 
 5.39375133e-07  0.00000000e+00  1.80039394e+00 
 5.48758092e-07  0.00000000e+00  1.79995902e+00 
 5.67524008e-07  0.00000000e+00  1.80008662e+00 
 5.94942666e-07  0.00000000e+00  1.79998032e+00 
 6.46002306e-07  0.00000000e+00  1.80003694e+00 
 7.44578196e-07  0.00000000e+00  1.79998153e+00 
 7.50100000e-07  9.52912066e-13  1.79997229e+00 
 7.50110000e-07  1.80000000e-01  1.80063988e+00 
 7.50130000e-07  5.40000000e-01  1.80196833e+00 
 7.50170000e-07  1.26000000e+00  1.80467062e+00 
 7.50200000e-07  1.80000000e+00  1.80654958e+00 
 7.50200770e-07  1.80000000e+00  1.80655487e+00 
 7.50202310e-07  1.80000000e+00  1.80651589e+00 
 7.50205391e-07  1.80000000e+00  1.80631576e+00 
 7.50211551e-07  1.80000000e+00  1.80596879e+00 
 7.50223873e-07  1.80000000e+00  1.80562878e+00 
 7.50248516e-07  1.80000000e+00  1.80529416e+00 
 7.50297802e-07  1.80000000e+00  1.80476905e+00 
 7.50396375e-07  1.80000000e+00  1.80404359e+00 
 7.50593520e-07  1.80000000e+00  1.80311065e+00 
 7.50983917e-07  1.80000000e+00  1.80203294e+00 
 7.51569272e-07  1.80000000e+00  1.80338802e+00 
 7.52238651e-07  1.80000000e+00  1.80525463e+00 
 7.52985142e-07  1.80000000e+00  1.80299614e+00 
 7.53829384e-07  1.80000000e+00  1.80094942e+00 
 7.54922750e-07  1.80000000e+00  1.79988174e+00 
 7.55816156e-07  1.80000000e+00  1.79995394e+00 
 7.56877119e-07  1.80000000e+00  1.80109459e+00 
 7.57785114e-07  1.80000000e+00  1.79970235e+00 
 7.58767641e-07  1.80000000e+00  1.79990690e+00 
 7.59881553e-07  1.80000000e+00  1.79983373e+00 
 7.61132150e-07  1.80000000e+00  1.79996730e+00 
 7.63633346e-07  1.80000000e+00  1.79991870e+00 
 7.66446932e-07  1.80000000e+00  1.80001809e+00 
 7.70880610e-07  1.80000000e+00  1.79996093e+00 
 7.76847553e-07  1.80000000e+00  1.80004116e+00 
 7.88781437e-07  1.80000000e+00  1.79997299e+00 
 8.12649206e-07  1.80000000e+00  1.80004230e+00 
 8.60150524e-07  1.80000000e+00  1.79997130e+00 
 9.55153160e-07  1.80000000e+00  1.80003951e+00 
 1.00000000e-06  1.80000000e+00  1.79996943e+00 
 1.00001000e-06  1.62000000e+00  1.79886036e+00 
 1.00003000e-06  1.26000000e+00  1.79688833e+00 
 1.00007000e-06  5.40000000e-01  1.79444636e+00 
 1.00010000e-06  0.00000000e+00  1.79322427e+00 
 1.00010424e-06  0.00000000e+00  1.79352195e+00 
 1.00011272e-06  0.00000000e+00  1.79423441e+00 
 1.00012967e-06  0.00000000e+00  1.79519353e+00 
 1.00016358e-06  0.00000000e+00  1.79624134e+00 
 1.00023140e-06  0.00000000e+00  1.79787341e+00 
 1.00036705e-06  0.00000000e+00  1.79956558e+00 
 1.00055733e-06  0.00000000e+00  1.80060521e+00 
 1.00093790e-06  0.00000000e+00  1.80134592e+00 
 1.00153426e-06  0.00000000e+00  1.80159623e+00 
 1.00216181e-06  0.00000000e+00  1.80096213e+00 
 1.00285293e-06  0.00000000e+00  1.79946118e+00 
 1.00356724e-06  0.00000000e+00  1.79806283e+00 
 1.00432036e-06  0.00000000e+00  1.79882480e+00 
 1.00516311e-06  0.00000000e+00  1.79855897e+00 
 1.00607140e-06  0.00000000e+00  1.79970923e+00 
 1.00701840e-06  0.00000000e+00  1.79672762e+00 
 1.00794689e-06  0.00000000e+00  1.79248936e+00 
 1.00903828e-06  0.00000000e+00  1.79198397e+00 
 1.01001102e-06  0.00000000e+00  1.78854749e+00 
 1.01108138e-06  0.00000000e+00  1.79016485e+00 
 1.01258886e-06  0.00000000e+00  1.79450104e+00 
 1.01427439e-06  0.00000000e+00  1.79723825e+00 
 1.01716995e-06  0.00000000e+00  1.79920598e+00 
 1.02013130e-06  0.00000000e+00  1.80000699e+00 
 1.02248950e-06  0.00000000e+00  1.80023743e+00 
 1.02462492e-06  0.00000000e+00  1.79964364e+00 
 1.02614691e-06  0.00000000e+00  1.79900959e+00 
 1.02770950e-06  0.00000000e+00  1.79986983e+00 
 1.02917172e-06  0.00000000e+00  1.79863509e+00 
 1.03074223e-06  0.00000000e+00  1.79824829e+00 
 1.03251429e-06  0.00000000e+00  1.79881875e+00 
 1.03499767e-06  0.00000000e+00  1.79966499e+00 
 1.03756866e-06  0.00000000e+00  1.79979650e+00 
 1.04224392e-06  0.00000000e+00  1.80002531e+00 
 1.04906821e-06  0.00000000e+00  1.79993322e+00 
 1.05961010e-06  0.00000000e+00  1.80003050e+00 
 1.07738056e-06  0.00000000e+00  1.79993958e+00 
 1.10516595e-06  0.00000000e+00  1.80003431e+00 
 1.14496471e-06  0.00000000e+00  1.79994578e+00 
 1.22456224e-06  0.00000000e+00  1.80003908e+00 
 1.25010000e-06  0.00000000e+00  1.79995001e+00 
 1.25011000e-06  1.80000000e-01  1.80063962e+00 
 1.25013000e-06  5.40000000e-01  1.80207392e+00 
 1.25017000e-06  1.26000000e+00  1.80499211e+00 
 1.25020000e-06  1.80000000e+00  1.80707464e+00 
 1.25020077e-06  1.80000000e+00  1.80708644e+00 
 1.25020231e-06  1.80000000e+00  1.80705665e+00 
 1.25020539e-06  1.80000000e+00  1.80685789e+00 
 1.25021155e-06  1.80000000e+00  1.80649756e+00 
 1.25022387e-06  1.80000000e+00  1.80614075e+00 
 1.25024852e-06  1.80000000e+00  1.80578234e+00 
 1.25029780e-06  1.80000000e+00  1.80519945e+00 
 1.25039638e-06  1.80000000e+00  1.80436245e+00 
 1.25059353e-06  1.80000000e+00  1.80329352e+00 
 1.25093969e-06  1.80000000e+00  1.80216110e+00 
 1.25155610e-06  1.80000000e+00  1.80303860e+00 
 1.25218859e-06  1.80000000e+00  1.80490534e+00 
 1.25295894e-06  1.80000000e+00  1.80276650e+00 
 1.25378410e-06  1.80000000e+00  1.80102721e+00 
 1.25485960e-06  1.80000000e+00  1.80024020e+00 
 1.25579344e-06  1.80000000e+00  1.79965733e+00 
 1.25687155e-06  1.80000000e+00  1.79880036e+00 
 1.25800412e-06  1.80000000e+00  1.79834599e+00 
 1.25905767e-06  1.80000000e+00  1.79856711e+00 
 1.26088145e-06  1.80000000e+00  1.79895923e+00 
 1.26261176e-06  1.80000000e+00  1.79927345e+00 
 1.26544810e-06  1.80000000e+00  1.79958310e+00 
 1.26899400e-06  1.80000000e+00  1.79980317e+00 
 1.27436202e-06  1.80000000e+00  1.79993583e+00 
 1.28509804e-06  1.80000000e+00  1.80000351e+00 
 1.30371329e-06  1.80000000e+00  1.79999764e+00 
 1.33784327e-06  1.80000000e+00  1.80000186e+00 
 1.40610325e-06  1.80000000e+00  1.79999809e+00 
 1.50000000e-06  1.80000000e+00  1.80000168e+00 
 1.50001000e-06  1.62000000e+00  1.79883717e+00 
 1.50003000e-06  1.26000000e+00  1.79673754e+00 
 1.50007000e-06  5.40000000e-01  1.79407382e+00 
 1.50010000e-06  0.00000000e+00  1.79268741e+00 
 1.50010429e-06  0.00000000e+00  1.79297572e+00 
 1.50011287e-06  0.00000000e+00  1.79368086e+00 
 1.50013002e-06  0.00000000e+00  1.79465908e+00 
 1.50016434e-06  0.00000000e+00  1.79576968e+00 
 1.50023296e-06  0.00000000e+00  1.79753848e+00 
 1.50037021e-06  0.00000000e+00  1.79939844e+00 
 1.50055543e-06  0.00000000e+00  1.80051237e+00 
 1.50092587e-06  0.00000000e+00  1.80133615e+00 
 1.50160940e-06  0.00000000e+00  1.80140566e+00 
 1.50223120e-06  0.00000000e+00  1.80042574e+00 
 1.50291170e-06  0.00000000e+00  1.79906067e+00 
 1.50362410e-06  0.00000000e+00  1.79860637e+00 
 1.50437762e-06  0.00000000e+00  1.79938016e+00 
 1.50523405e-06  0.00000000e+00  1.79971066e+00 
 1.50615262e-06  0.00000000e+00  1.79978215e+00 
 1.50718653e-06  0.00000000e+00  1.79983527e+00 
 1.50852555e-06  0.00000000e+00  1.79992271e+00 
 1.50990693e-06  0.00000000e+00  1.79984885e+00 
 1.51147641e-06  0.00000000e+00  1.79999235e+00 
 1.51303603e-06  0.00000000e+00  1.79993383e+00 
 1.51462724e-06  0.00000000e+00  1.79999506e+00 
 1.51656999e-06  0.00000000e+00  1.79993281e+00 
 1.51844391e-06  0.00000000e+00  1.79999864e+00 
 1.52078212e-06  0.00000000e+00  1.79993546e+00 
 1.52292660e-06  0.00000000e+00  1.80000136e+00 
 1.52721556e-06  0.00000000e+00  1.79993858e+00 
 1.53579348e-06  0.00000000e+00  1.80000701e+00 
 1.54892361e-06  0.00000000e+00  1.79994617e+00 
 1.57518385e-06  0.00000000e+00  1.80001637e+00 
 1.62770435e-06  0.00000000e+00  1.79995702e+00 
 1.73274533e-06  0.00000000e+00  1.80002640e+00 
 1.75010000e-06  0.00000000e+00  1.79996187e+00 
 1.75011000e-06  1.80000000e-01  1.80062783e+00 
 1.75013000e-06  5.40000000e-01  1.80194602e+00 
 1.75017000e-06  1.26000000e+00  1.80475474e+00 
 1.75020000e-06  1.80000000e+00  1.80683971e+00 
 1.75020076e-06  1.80000000e+00  1.80685019e+00 
 1.75020227e-06  1.80000000e+00  1.80682069e+00 
 1.75020529e-06  1.80000000e+00  1.80662940e+00 
 1.75021133e-06  1.80000000e+00  1.80628210e+00 
 1.75022342e-06  1.80000000e+00  1.80593970e+00 
 1.75024760e-06  1.80000000e+00  1.80560660e+00 
 1.75029595e-06  1.80000000e+00  1.80506615e+00 
 1.75039266e-06  1.80000000e+00  1.80428076e+00 
 1.75058607e-06  1.80000000e+00  1.80326709e+00 
 1.75092562e-06  1.80000000e+00  1.80215833e+00 
 1.75154500e-06  1.80000000e+00  1.80300264e+00 
 1.75216419e-06  1.80000000e+00  1.80494668e+00 
 1.75294947e-06  1.80000000e+00  1.80282875e+00 
 1.75375716e-06  1.80000000e+00  1.80109943e+00 
 1.75483275e-06  1.80000000e+00  1.80035941e+00 
 1.75575564e-06  1.80000000e+00  1.79984971e+00 
 1.75682313e-06  1.80000000e+00  1.79905009e+00 
 1.75775888e-06  1.80000000e+00  1.79844618e+00 
 1.75875013e-06  1.80000000e+00  1.79843465e+00 
 1.75989118e-06  1.80000000e+00  1.79870285e+00 
 1.76116852e-06  1.80000000e+00  1.79896172e+00 
 1.76372320e-06  1.80000000e+00  1.79939464e+00 
 1.76651806e-06  1.80000000e+00  1.79963911e+00 
 1.77104062e-06  1.80000000e+00  1.79987579e+00 
 1.77710585e-06  1.80000000e+00  1.79995520e+00 
 1.78923631e-06  1.80000000e+00  1.80001357e+00 
 1.81349724e-06  1.80000000e+00  1.79998804e+00 
 1.86201910e-06  1.80000000e+00  1.80001139e+00 
 1.95906281e-06  1.80000000e+00  1.79998862e+00 
 2.00000000e-06  1.80000000e+00  1.80001099e+00 
 2.00001000e-06  1.62000000e+00  1.79883923e+00 
 2.00003000e-06  1.26000000e+00  1.79673734e+00 
 2.00007000e-06  5.40000000e-01  1.79408355e+00 
 2.00010000e-06  3.67639252e-12  1.79269397e+00 
 2.00010424e-06  0.00000000e+00  1.79297876e+00 
 2.00011272e-06  0.00000000e+00  1.79367726e+00 
 2.00012967e-06  0.00000000e+00  1.79464921e+00 
 2.00016358e-06  0.00000000e+00  1.79575029e+00 
 2.00023140e-06  0.00000000e+00  1.79750924e+00 
 2.00036704e-06  0.00000000e+00  1.79937255e+00 
 2.00055124e-06  0.00000000e+00  1.80049949e+00 
 2.00091964e-06  0.00000000e+00  1.80132966e+00 
 2.00159963e-06  0.00000000e+00  1.80140922e+00 
 2.00222712e-06  0.00000000e+00  1.80042824e+00 
 2.00291218e-06  0.00000000e+00  1.79906374e+00 
 2.00362942e-06  0.00000000e+00  1.79860363e+00 
 2.00438630e-06  0.00000000e+00  1.79931143e+00 
 2.00523341e-06  0.00000000e+00  1.79968030e+00 
 2.00614978e-06  0.00000000e+00  1.79979858e+00 
 2.00717362e-06  0.00000000e+00  1.79982351e+00 
 2.00817810e-06  0.00000000e+00  1.79995124e+00 
 2.00923695e-06  0.00000000e+00  1.79989276e+00 
 2.01025386e-06  0.00000000e+00  1.79997224e+00 
 2.01134412e-06  0.00000000e+00  1.79991212e+00 
 2.01279129e-06  0.00000000e+00  1.79998566e+00 
 2.01461670e-06  0.00000000e+00  1.79993034e+00 
 2.01757982e-06  0.00000000e+00  1.80004199e+00 
 2.02043225e-06  0.00000000e+00  1.80016982e+00 
 2.02282282e-06  0.00000000e+00  1.80029744e+00 
 2.02486415e-06  0.00000000e+00  1.79954963e+00 
 2.02691653e-06  0.00000000e+00  1.79930823e+00 
 2.02892810e-06  0.00000000e+00  1.79905361e+00 
 2.03100531e-06  0.00000000e+00  1.79823064e+00 
 2.03338237e-06  0.00000000e+00  1.79916542e+00 
 2.03587573e-06  0.00000000e+00  1.79976814e+00 
 2.03882945e-06  0.00000000e+00  1.79982813e+00 
 2.04328778e-06  0.00000000e+00  1.79993939e+00 
 2.04846607e-06  0.00000000e+00  1.79991973e+00 
 2.05353890e-06  0.00000000e+00  1.80002537e+00 
 2.05909978e-06  0.00000000e+00  1.79996279e+00 
 2.06351211e-06  0.00000000e+00  1.80028601e+00 
 2.06745565e-06  0.00000000e+00  1.79967880e+00 
 2.07167912e-06  0.00000000e+00  1.80017414e+00 
 2.07583347e-06  0.00000000e+00  1.79981880e+00 
 2.08031106e-06  0.00000000e+00  1.80014365e+00 
 2.08715532e-06  0.00000000e+00  1.79984578e+00 
 2.09355437e-06  0.00000000e+00  1.80012416e+00 
 2.09998102e-06  0.00000000e+00  1.79985706e+00 
 2.10778323e-06  0.00000000e+00  1.80011123e+00 
 2.12338765e-06  0.00000000e+00  1.79986855e+00 
 2.14752381e-06  0.00000000e+00  1.80010905e+00 
 2.19039151e-06  0.00000000e+00  1.79987506e+00 
 2.25010000e-06  0.00000000e+00  1.80011087e+00 
 2.25011000e-06  1.80000000e-01  1.80075457e+00 
 2.25013000e-06  5.40000000e-01  1.80205718e+00 
 2.25017000e-06  1.26000000e+00  1.80481093e+00 
 2.25020000e-06  1.80000000e+00  1.80685759e+00 
 2.25020077e-06  1.80000000e+00  1.80686969e+00 
 2.25020231e-06  1.80000000e+00  1.80684296e+00 
 2.25020539e-06  1.80000000e+00  1.80665043e+00 
 2.25021155e-06  1.80000000e+00  1.80629041e+00 
 2.25022386e-06  1.80000000e+00  1.80593020e+00 
 2.25024850e-06  1.80000000e+00  1.80557681e+00 
 2.25029777e-06  1.80000000e+00  1.80502177e+00 
 2.25039631e-06  1.80000000e+00  1.80424589e+00 
 2.25059339e-06  1.80000000e+00  1.80324439e+00 
 2.25093933e-06  1.80000000e+00  1.80214971e+00 
 2.25154842e-06  1.80000000e+00  1.80303249e+00 
 2.25218325e-06  1.80000000e+00  1.80490210e+00 
 2.25295010e-06  1.80000000e+00  1.80268455e+00 
 2.25377284e-06  1.80000000e+00  1.80070977e+00 
 2.25484128e-06  1.80000000e+00  1.79984914e+00 
 2.25571216e-06  1.80000000e+00  1.79977916e+00 
 2.25673521e-06  1.80000000e+00  1.79983196e+00 
 2.25770637e-06  1.80000000e+00  1.79980683e+00 
 2.25872488e-06  1.80000000e+00  1.79984247e+00 
 2.26043541e-06  1.80000000e+00  1.79989436e+00 
 2.26204028e-06  1.80000000e+00  1.79991861e+00 
 2.26489219e-06  1.80000000e+00  1.79995916e+00 
 2.26800245e-06  1.80000000e+00  1.79997289e+00 
 2.27305106e-06  1.80000000e+00  1.79999586e+00 
 2.28229101e-06  1.80000000e+00  1.79999565e+00 
 2.30077091e-06  1.80000000e+00  1.80000402e+00 
 2.33635611e-06  1.80000000e+00  1.79999585e+00 
 2.40752652e-06  1.80000000e+00  1.80000400e+00 
 2.49459978e-06  1.80000000e+00  1.79999587e+00 
 2.50000000e-06  1.80000000e+00  1.80000412e+00 
 2.50001000e-06  1.62000000e+00  1.79884028e+00 
 2.50003000e-06  1.26000000e+00  1.79673187e+00 
 2.50007000e-06  5.40000000e-01  1.79406997e+00 
 2.50010000e-06  3.67639252e-12  1.79270019e+00 
 2.50010424e-06  0.00000000e+00  1.79298371e+00 
 2.50011271e-06  0.00000000e+00  1.79369589e+00 
 2.50012967e-06  0.00000000e+00  1.79471135e+00 
 2.50016357e-06  0.00000000e+00  1.79582155e+00 
 2.50023138e-06  0.00000000e+00  1.79756089e+00 
 2.50036700e-06  0.00000000e+00  1.79935966e+00 
 2.50055128e-06  0.00000000e+00  1.80046270e+00 
 2.50091984e-06  0.00000000e+00  1.80127001e+00 
 2.50159984e-06  0.00000000e+00  1.80155425e+00 
 2.50222652e-06  0.00000000e+00  1.80089739e+00 
 2.50286232e-06  0.00000000e+00  1.79943459e+00 
 2.50357389e-06  0.00000000e+00  1.79791642e+00 
 2.50431502e-06  0.00000000e+00  1.79800601e+00 
 2.50516112e-06  0.00000000e+00  1.79844369e+00 
 2.50606751e-06  0.00000000e+00  1.79894195e+00 
 2.50711320e-06  0.00000000e+00  1.79928568e+00 
 2.50845289e-06  0.00000000e+00  1.79960069e+00 
 2.50982148e-06  0.00000000e+00  1.79968847e+00 
 2.51139054e-06  0.00000000e+00  1.79987937e+00 
 2.51279691e-06  0.00000000e+00  1.79987849e+00 
 2.51426907e-06  0.00000000e+00  1.79996039e+00 
 2.51632049e-06  0.00000000e+00  1.79992811e+00 
 2.51821942e-06  0.00000000e+00  1.79998969e+00 
 2.52032714e-06  0.00000000e+00  1.79994287e+00 
 2.52308356e-06  0.00000000e+00  1.79999744e+00 
 2.52647789e-06  0.00000000e+00  1.79994811e+00 
 2.53211954e-06  0.00000000e+00  1.80000150e+00 
 2.54062608e-06  0.00000000e+00  1.79995284e+00 
 2.55510865e-06  0.00000000e+00  1.80000726e+00 
 2.58008409e-06  0.00000000e+00  1.79996006e+00 
 2.62275115e-06  0.00000000e+00  1.80001510e+00 
 2.70224359e-06  0.00000000e+00  1.79996770e+00 
 2.75010000e-06  0.00000000e+00  1.80001993e+00 
 2.75011000e-06  1.80000000e-01  1.80065124e+00 
 2.75013000e-06  5.40000000e-01  1.80196228e+00 
 2.75017000e-06  1.26000000e+00  1.80475366e+00 
 2.75020000e-06  1.80000000e+00  1.80680298e+00 
 2.75020077e-06  1.80000000e+00  1.80681581e+00 
 2.75020231e-06  1.80000000e+00  1.80679049e+00 
 2.75020539e-06  1.80000000e+00  1.80660111e+00 
 2.75021155e-06  1.80000000e+00  1.80624663e+00 
 2.75022387e-06  1.80000000e+00  1.80589336e+00 
 2.75024851e-06  1.80000000e+00  1.80554970e+00 
 2.75029778e-06  1.80000000e+00  1.80500700e+00 
 2.75039634e-06  1.80000000e+00  1.80424186e+00 
 2.75059345e-06  1.80000000e+00  1.80324631e+00 
 2.75093792e-06  1.80000000e+00  1.80215456e+00 
 2.75154663e-06  1.80000000e+00  1.80303405e+00 
 2.75218055e-06  1.80000000e+00  1.80491850e+00 
 2.75294765e-06  1.80000000e+00  1.80272445e+00 
 2.75376892e-06  1.80000000e+00  1.80070805e+00 
 2.75483817e-06  1.80000000e+00  1.79961514e+00 
 2.75575348e-06  1.80000000e+00  1.79956090e+00 
 2.75682174e-06  1.80000000e+00  1.79998478e+00 
 2.75775408e-06  1.80000000e+00  1.80032569e+00 
 2.75874459e-06  1.80000000e+00  1.80083941e+00 
 2.75987707e-06  1.80000000e+00  1.80113672e+00 
 2.76114671e-06  1.80000000e+00  1.80104863e+00 
 2.76246033e-06  1.80000000e+00  1.80079461e+00 
 2.76423292e-06  1.80000000e+00  1.80056697e+00 
 2.76650281e-06  1.80000000e+00  1.80038211e+00 
 2.76925463e-06  1.80000000e+00  1.80021708e+00 
 2.77296206e-06  1.80000000e+00  1.80010347e+00 
 2.77813705e-06  1.80000000e+00  1.80003105e+00 
 2.78848704e-06  1.80000000e+00  1.80000154e+00 
 2.80735672e-06  1.80000000e+00  1.79999805e+00 
 2.84509608e-06  1.80000000e+00  1.80000184e+00 
 2.92057480e-06  1.80000000e+00  1.79999801e+00 
 3.00000000e-06  1.80000000e+00  1.80000189e+00 
 3.00001000e-06  1.62000000e+00  1.79884042e+00 
 3.00003000e-06  1.26000000e+00  1.79673744e+00 
 3.00007000e-06  5.40000000e-01  1.79407754e+00 
 3.00010000e-06  3.67639252e-12  1.79270790e+00 
 3.00010424e-06  0.00000000e+00  1.79299175e+00 
 3.00011271e-06  0.00000000e+00  1.79370445e+00 
 3.00012967e-06  0.00000000e+00  1.79472008e+00 
 3.00016357e-06  0.00000000e+00  1.79582939e+00 
 3.00023138e-06  0.00000000e+00  1.79756541e+00 
 3.00036700e-06  0.00000000e+00  1.79935935e+00 
 3.00055120e-06  0.00000000e+00  1.80046017e+00 
 3.00091958e-06  0.00000000e+00  1.80126609e+00 
 3.00159959e-06  0.00000000e+00  1.80156600e+00 
 3.00222618e-06  0.00000000e+00  1.80091662e+00 
 3.00290754e-06  0.00000000e+00  1.79933869e+00 
 3.00362465e-06  0.00000000e+00  1.79803937e+00 
 3.00438048e-06  0.00000000e+00  1.79889032e+00 
 3.00522154e-06  0.00000000e+00  1.79796284e+00 
 3.00612426e-06  0.00000000e+00  1.79868635e+00 
 3.00707294e-06  0.00000000e+00  1.79995962e+00 
 3.00793177e-06  0.00000000e+00  1.80046773e+00 
 3.00884603e-06  0.00000000e+00  1.80076804e+00 
 3.00982574e-06  0.00000000e+00  1.80033823e+00 
 3.01077112e-06  0.00000000e+00  1.80034499e+00 
 3.01210280e-06  0.00000000e+00  1.80009728e+00 
 3.01349503e-06  0.00000000e+00  1.80011446e+00 
 3.01566325e-06  0.00000000e+00  1.79999076e+00 
 3.01721081e-06  0.00000000e+00  1.80006853e+00 
 3.01892283e-06  0.00000000e+00  1.80005023e+00 
 3.02049677e-06  0.00000000e+00  1.80031399e+00 
 3.02230425e-06  0.00000000e+00  1.80031884e+00 
 3.02398112e-06  0.00000000e+00  1.79976685e+00 
 3.02549202e-06  0.00000000e+00  1.79909160e+00 
 3.02720787e-06  0.00000000e+00  1.79975443e+00 
 3.02871579e-06  0.00000000e+00  1.79876097e+00 
 3.03029076e-06  0.00000000e+00  1.79821435e+00 
 3.03218095e-06  0.00000000e+00  1.79885614e+00 
 3.03453130e-06  0.00000000e+00  1.79963031e+00 
 3.03716212e-06  0.00000000e+00  1.79980956e+00 
 3.04142953e-06  0.00000000e+00  1.79999978e+00 
 3.04805806e-06  0.00000000e+00  1.79994657e+00 
 3.05862467e-06  0.00000000e+00  1.80001264e+00 
 3.07688178e-06  0.00000000e+00  1.79995295e+00 
 3.10167940e-06  0.00000000e+00  1.80001805e+00 
 3.12504932e-06  0.00000000e+00  1.79995877e+00 
 3.15146419e-06  0.00000000e+00  1.80002229e+00 
 3.17225581e-06  0.00000000e+00  1.79996663e+00 
 3.18959157e-06  0.00000000e+00  1.80001835e+00 
 3.20673930e-06  0.00000000e+00  1.79994099e+00 
 3.22287097e-06  0.00000000e+00  1.80006166e+00 
 3.23700160e-06  0.00000000e+00  1.79992416e+00 
 3.25010000e-06  0.00000000e+00  1.80006956e+00 
 3.25011000e-06  1.80000000e-01  1.80073409e+00 
 3.25013000e-06  5.40000000e-01  1.80204344e+00 
 3.25017000e-06  1.26000000e+00  1.80478382e+00 
 3.25020000e-06  1.80000000e+00  1.80681276e+00 
 3.25020076e-06  1.80000000e+00  1.80682427e+00 
 3.25020227e-06  1.80000000e+00  1.80679851e+00 
 3.25020529e-06  1.80000000e+00  1.80661183e+00 
 3.25021134e-06  1.80000000e+00  1.80625622e+00 
 3.25022343e-06  1.80000000e+00  1.80589663e+00 
 3.25024762e-06  1.80000000e+00  1.80554868e+00 
 3.25029599e-06  1.80000000e+00  1.80500695e+00 
 3.25039273e-06  1.80000000e+00  1.80424919e+00 
 3.25058622e-06  1.80000000e+00  1.80326674e+00 
 3.25092728e-06  1.80000000e+00  1.80215808e+00 
 3.25153900e-06  1.80000000e+00  1.80298548e+00 
 3.25216550e-06  1.80000000e+00  1.80491078e+00 
 3.25294388e-06  1.80000000e+00  1.80270930e+00 
 3.25375432e-06  1.80000000e+00  1.80072413e+00 
 3.25482186e-06  1.80000000e+00  1.79983466e+00 
 3.25575761e-06  1.80000000e+00  1.79979857e+00 
 3.25682016e-06  1.80000000e+00  1.79984660e+00 
 3.25793066e-06  1.80000000e+00  1.79981745e+00 
 3.25897308e-06  1.80000000e+00  1.79985341e+00 
 3.26077692e-06  1.80000000e+00  1.79990165e+00 
 3.26249957e-06  1.80000000e+00  1.79992402e+00 
 3.26530876e-06  1.80000000e+00  1.79996290e+00 
 3.26878417e-06  1.80000000e+00  1.79997527e+00 
 3.27400575e-06  1.80000000e+00  1.79999805e+00 
 3.28444892e-06  1.80000000e+00  1.79999527e+00 
 3.29382428e-06  1.80000000e+00  1.80000485e+00 
 3.30440212e-06  1.80000000e+00  1.79999491e+00 
 3.31548029e-06  1.80000000e+00  1.80000499e+00 
 3.33763662e-06  1.80000000e+00  1.79999478e+00 
 3.38194929e-06  1.80000000e+00  1.80000508e+00 
 3.47057462e-06  1.80000000e+00  1.79999478e+00 
 3.50000000e-06  1.80000000e+00  1.80000512e+00 
 3.50001000e-06  1.62000000e+00  1.79884336e+00 
 3.50003000e-06  1.26000000e+00  1.79674120e+00 
 3.50007000e-06  5.40000000e-01  1.79407928e+00 
 3.50010000e-06  3.67639252e-12  1.79270640e+00 
 3.50010424e-06  0.00000000e+00  1.79299123e+00 
 3.50011272e-06  0.00000000e+00  1.79370482e+00 
 3.50012967e-06  0.00000000e+00  1.79471858e+00 
 3.50016358e-06  0.00000000e+00  1.79582688e+00 
 3.50023140e-06  0.00000000e+00  1.79756432e+00 
 3.50036703e-06  0.00000000e+00  1.79936102e+00 
 3.50055133e-06  0.00000000e+00  1.80046335e+00 
 3.50091991e-06  0.00000000e+00  1.80126985e+00 
 3.50159994e-06  0.00000000e+00  1.80155382e+00 
 3.50222675e-06  0.00000000e+00  1.80089533e+00 
 3.50286269e-06  0.00000000e+00  1.79943142e+00 
 3.50357445e-06  0.00000000e+00  1.79791519e+00 
 3.50431566e-06  0.00000000e+00  1.79800833e+00 
 3.50516234e-06  0.00000000e+00  1.79844484e+00 
 3.50606915e-06  0.00000000e+00  1.79894320e+00 
 3.50702385e-06  0.00000000e+00  1.79925870e+00 
 3.50839408e-06  0.00000000e+00  1.79959350e+00 
 3.50966201e-06  0.00000000e+00  1.79967372e+00 
 3.51122326e-06  0.00000000e+00  1.79986961e+00 
 3.51252509e-06  0.00000000e+00  1.79986946e+00 
 3.51392553e-06  0.00000000e+00  1.79995492e+00 
 3.51571629e-06  0.00000000e+00  1.79992229e+00 
 3.51761415e-06  0.00000000e+00  1.79998780e+00 
 3.51948473e-06  0.00000000e+00  1.79994046e+00 
 3.52226928e-06  0.00000000e+00  1.79999731e+00 
 3.52510201e-06  0.00000000e+00  1.79994667e+00 
 3.53022794e-06  0.00000000e+00  1.80000141e+00 
 3.53765509e-06  0.00000000e+00  1.79995135e+00 
 3.55004019e-06  0.00000000e+00  1.80000679e+00 
 3.57226392e-06  0.00000000e+00  1.79995839e+00 
 3.60918297e-06  0.00000000e+00  1.80001469e+00 
 3.67963169e-06  0.00000000e+00  1.79996632e+00 
 3.75010000e-06  0.00000000e+00  1.80002057e+00 
 3.75011000e-06  1.80000000e-01  1.80065174e+00 
 3.75013000e-06  5.40000000e-01  1.80196264e+00 
 3.75017000e-06  1.26000000e+00  1.80475120e+00 
 3.75020000e-06  1.80000000e+00  1.80678977e+00 
 3.75020077e-06  1.80000000e+00  1.80680216e+00 
 3.75020231e-06  1.80000000e+00  1.80677648e+00 
 3.75020539e-06  1.80000000e+00  1.80658748e+00 
 3.75021155e-06  1.80000000e+00  1.80623445e+00 
 3.75022387e-06  1.80000000e+00  1.80588299e+00 
 3.75024851e-06  1.80000000e+00  1.80554114e+00 
 3.75029778e-06  1.80000000e+00  1.80500126e+00 
 3.75039634e-06  1.80000000e+00  1.80423942e+00 
 3.75059344e-06  1.80000000e+00  1.80324627e+00 
 3.75093790e-06  1.80000000e+00  1.80215495e+00 
 3.75154476e-06  1.80000000e+00  1.80303159e+00 
 3.75217911e-06  1.80000000e+00  1.80492110e+00 
 3.75294519e-06  1.80000000e+00  1.80273282e+00 
 3.75376594e-06  1.80000000e+00  1.80071407e+00 
 3.75483155e-06  1.80000000e+00  1.79961986e+00 
 3.75575055e-06  1.80000000e+00  1.79955978e+00 
 3.75682248e-06  1.80000000e+00  1.79998500e+00 
 3.75776012e-06  1.80000000e+00  1.80032729e+00 
 3.75875222e-06  1.80000000e+00  1.80084066e+00 
 3.75988879e-06  1.80000000e+00  1.80113911e+00 
 3.76116178e-06  1.80000000e+00  1.80104543e+00 
 3.76249244e-06  1.80000000e+00  1.80079076e+00 
 3.76424993e-06  1.80000000e+00  1.80056452e+00 
 3.76657790e-06  1.80000000e+00  1.80037794e+00 
 3.76933817e-06  1.80000000e+00  1.80021232e+00 
 3.77309831e-06  1.80000000e+00  1.80010163e+00 
 3.77833522e-06  1.80000000e+00  1.80002855e+00 
 3.78880905e-06  1.80000000e+00  1.80000238e+00 
 3.80917433e-06  1.80000000e+00  1.79999710e+00 
 3.84990489e-06  1.80000000e+00  1.80000284e+00 
 3.93136601e-06  1.80000000e+00  1.79999701e+00 
 4.00000000e-06  1.80000000e+00  1.80000285e+00 
 4.00001000e-06  1.62000000e+00  1.79884293e+00 
 4.00003000e-06  1.26000000e+00  1.79674496e+00 
 4.00007000e-06  5.40000000e-01  1.79408482e+00 
 4.00010000e-06  0.00000000e+00  1.79271241e+00 
 4.00010424e-06  0.00000000e+00  1.79299736e+00 
 4.00011271e-06  0.00000000e+00  1.79371118e+00 
 4.00012967e-06  0.00000000e+00  1.79472519e+00 
 4.00016357e-06  0.00000000e+00  1.79583313e+00 
 4.00023138e-06  0.00000000e+00  1.79756767e+00 
 4.00036700e-06  0.00000000e+00  1.79935978e+00 
 4.00055116e-06  0.00000000e+00  1.80046035e+00 
 4.00091948e-06  0.00000000e+00  1.80126572e+00 
 4.00159972e-06  0.00000000e+00  1.80156557e+00 
 4.00222646e-06  0.00000000e+00  1.80091473e+00 
 4.00290791e-06  0.00000000e+00  1.79933579e+00 
 4.00362531e-06  0.00000000e+00  1.79803786e+00 
 4.00438133e-06  0.00000000e+00  1.79888660e+00 
 4.00522264e-06  0.00000000e+00  1.79797660e+00 
 4.00612522e-06  0.00000000e+00  1.79867471e+00 
 4.00697158e-06  0.00000000e+00  1.79986724e+00 
 4.00785386e-06  0.00000000e+00  1.80042708e+00 
 4.00875051e-06  0.00000000e+00  1.80078781e+00 
 4.00971869e-06  0.00000000e+00  1.80035704e+00 
 4.01064752e-06  0.00000000e+00  1.80035393e+00 
 4.01196462e-06  0.00000000e+00  1.80010536e+00 
 4.01332882e-06  0.00000000e+00  1.80011978e+00 
 4.01559893e-06  0.00000000e+00  1.79999539e+00 
 4.01719859e-06  0.00000000e+00  1.80006668e+00 
 4.01890352e-06  0.00000000e+00  1.80005770e+00 
 4.02046623e-06  0.00000000e+00  1.80031979e+00 
 4.02226930e-06  0.00000000e+00  1.80031042e+00 
 4.02357041e-06  0.00000000e+00  1.79987109e+00 
 4.02481697e-06  0.00000000e+00  1.79930161e+00 
 4.02649581e-06  0.00000000e+00  1.79944686e+00 
 4.02804783e-06  0.00000000e+00  1.79932631e+00 
 4.02965892e-06  0.00000000e+00  1.79833086e+00 
 4.03153166e-06  0.00000000e+00  1.79855943e+00 
 4.03348645e-06  0.00000000e+00  1.79935818e+00 
 4.03658675e-06  0.00000000e+00  1.79982209e+00 
 4.04036610e-06  0.00000000e+00  1.79995060e+00 
 4.04792481e-06  0.00000000e+00  1.79998507e+00 
 4.05551913e-06  0.00000000e+00  1.79998863e+00 
 4.06249902e-06  0.00000000e+00  1.80006719e+00 
 4.06935571e-06  0.00000000e+00  1.80039245e+00 
 4.07295638e-06  0.00000000e+00  1.79894951e+00 
 4.07625188e-06  0.00000000e+00  1.80051622e+00 
 4.07986964e-06  0.00000000e+00  1.79954963e+00 
 4.08473580e-06  0.00000000e+00  1.80030106e+00 
 4.09090895e-06  0.00000000e+00  1.79972319e+00 
 4.09910601e-06  0.00000000e+00  1.80020858e+00 
 4.11086525e-06  0.00000000e+00  1.79978927e+00 
 4.12723756e-06  0.00000000e+00  1.80017159e+00 
 4.15100925e-06  0.00000000e+00  1.79981871e+00 
 4.17813238e-06  0.00000000e+00  1.80015514e+00 
 4.21296235e-06  0.00000000e+00  1.79983664e+00 
 4.25010000e-06  6.67038446e-12  1.80014469e+00 
 4.25011000e-06  1.80000000e-01  1.80090033e+00 
 4.25013000e-06  5.40000000e-01  1.80222706e+00 
 4.25017000e-06  1.26000000e+00  1.80491884e+00 
 4.25020000e-06  1.80000000e+00  1.80693642e+00 
 4.25020076e-06  1.80000000e+00  1.80694547e+00 
 4.25020227e-06  1.80000000e+00  1.80691473e+00 
 4.25020529e-06  1.80000000e+00  1.80672237e+00 
 4.25021134e-06  1.80000000e+00  1.80637231e+00 
 4.25022343e-06  1.80000000e+00  1.80602097e+00 
 4.25024762e-06  1.80000000e+00  1.80566775e+00 
 4.25029599e-06  1.80000000e+00  1.80510482e+00 
 4.25039273e-06  1.80000000e+00  1.80429801e+00 
 4.25058622e-06  1.80000000e+00  1.80326891e+00 
 4.25092505e-06  1.80000000e+00  1.80215104e+00 
 4.25153741e-06  1.80000000e+00  1.80297061e+00 
 4.25216220e-06  1.80000000e+00  1.80493504e+00 
 4.25294150e-06  1.80000000e+00  1.80283409e+00 
 4.25375023e-06  1.80000000e+00  1.80107894e+00 
 4.25481586e-06  1.80000000e+00  1.80028985e+00 
 4.25577825e-06  1.80000000e+00  1.79969195e+00 
 4.25687060e-06  1.80000000e+00  1.79882816e+00 
 4.25796502e-06  1.80000000e+00  1.79836639e+00 
 4.25904235e-06  1.80000000e+00  1.79856056e+00 
 4.26082869e-06  1.80000000e+00  1.79895053e+00 
 4.26258077e-06  1.80000000e+00  1.79926371e+00 
 4.26540470e-06  1.80000000e+00  1.79958326e+00 
 4.26893843e-06  1.80000000e+00  1.79979653e+00 
 4.27419855e-06  1.80000000e+00  1.79993749e+00 
 4.28471879e-06  1.80000000e+00  1.79999877e+00 
 4.30334959e-06  1.80000000e+00  1.80000203e+00 
 4.33711733e-06  1.80000000e+00  1.79999761e+00 
 4.40465282e-06  1.80000000e+00  1.80000234e+00 
 4.50000000e-06  1.80000000e+00  1.79999744e+00 
 4.50001000e-06  1.62000000e+00  1.79885001e+00 
 4.50003000e-06  1.26000000e+00  1.79678185e+00 
 4.50007000e-06  5.40000000e-01  1.79412125e+00 
 4.50010000e-06  0.00000000e+00  1.79272461e+00 
 4.50010429e-06  0.00000000e+00  1.79300744e+00 
 4.50011286e-06  0.00000000e+00  1.79370680e+00 
 4.50013001e-06  0.00000000e+00  1.79467903e+00 
 4.50016431e-06  0.00000000e+00  1.79578014e+00 
 4.50023292e-06  0.00000000e+00  1.79754243e+00 
 4.50037012e-06  0.00000000e+00  1.79939648e+00 
 4.50055501e-06  0.00000000e+00  1.80051104e+00 
 4.50092479e-06  0.00000000e+00  1.80133384e+00 
 4.50160851e-06  0.00000000e+00  1.80141153e+00 
 4.50222939e-06  0.00000000e+00  1.80042868e+00 
 4.50291020e-06  0.00000000e+00  1.79904814e+00 
 4.50362293e-06  0.00000000e+00  1.79858251e+00 
 4.50437659e-06  0.00000000e+00  1.79938136e+00 
 4.50522961e-06  0.00000000e+00  1.79971582e+00 
 4.50614900e-06  0.00000000e+00  1.79979294e+00 
 4.50710874e-06  0.00000000e+00  1.79983136e+00 
 4.50846792e-06  0.00000000e+00  1.79992243e+00 
 4.50977555e-06  0.00000000e+00  1.79985092e+00 
 4.51127449e-06  0.00000000e+00  1.79999121e+00 
 4.51297817e-06  0.00000000e+00  1.79992789e+00 
 4.51451690e-06  0.00000000e+00  1.79999615e+00 
 4.51599361e-06  0.00000000e+00  1.79992963e+00 
 4.51760272e-06  0.00000000e+00  1.79999919e+00 
 4.51927195e-06  0.00000000e+00  1.79993285e+00 
 4.52118540e-06  0.00000000e+00  1.80000126e+00 
 4.52501229e-06  0.00000000e+00  1.79993650e+00 
 4.53053571e-06  0.00000000e+00  1.80000559e+00 
 4.54158253e-06  0.00000000e+00  1.79994329e+00 
 4.56367618e-06  0.00000000e+00  1.80001501e+00 
 4.60746973e-06  0.00000000e+00  1.79995471e+00 
 4.69505684e-06  0.00000000e+00  1.80002593e+00 
 4.75010000e-06  6.67038446e-12  1.79996120e+00 
 4.75011000e-06  1.80000000e-01  1.80061844e+00 
 4.75013000e-06  5.40000000e-01  1.80193312e+00 
 4.75017000e-06  1.26000000e+00  1.80473719e+00 
 4.75020000e-06  1.80000000e+00  1.80678208e+00 
 4.75020076e-06  1.80000000e+00  1.80679335e+00 
 4.75020227e-06  1.80000000e+00  1.80676604e+00 
 4.75020529e-06  1.80000000e+00  1.80657860e+00 
 4.75021133e-06  1.80000000e+00  1.80623824e+00 
 4.75022341e-06  1.80000000e+00  1.80590316e+00 
 4.75024758e-06  1.80000000e+00  1.80557671e+00 
 4.75029592e-06  1.80000000e+00  1.80504727e+00 
 4.75039261e-06  1.80000000e+00  1.80427413e+00 
 4.75058597e-06  1.80000000e+00  1.80326811e+00 
 4.75092311e-06  1.80000000e+00  1.80216230e+00 
 4.75153667e-06  1.80000000e+00  1.80298472e+00 
 4.75215889e-06  1.80000000e+00  1.80495440e+00 
 4.75294018e-06  1.80000000e+00  1.80285982e+00 
 4.75374675e-06  1.80000000e+00  1.80111017e+00 
 4.75480820e-06  1.80000000e+00  1.80037365e+00 
 4.75573951e-06  1.80000000e+00  1.79986515e+00 
 4.75681658e-06  1.80000000e+00  1.79906080e+00 
 4.75776784e-06  1.80000000e+00  1.79844934e+00 
 4.75876420e-06  1.80000000e+00  1.79843443e+00 
 4.75990275e-06  1.80000000e+00  1.79870858e+00 
 4.76117825e-06  1.80000000e+00  1.79895994e+00 
 4.76372565e-06  1.80000000e+00  1.79939660e+00 
 4.76654137e-06  1.80000000e+00  1.79963778e+00 
 4.77106545e-06  1.80000000e+00  1.79987871e+00 
 4.77718790e-06  1.80000000e+00  1.79995359e+00 
 4.78943281e-06  1.80000000e+00  1.80001597e+00 
 4.81392263e-06  1.80000000e+00  1.79998569e+00 
 4.86290227e-06  1.80000000e+00  1.80001371e+00 
 4.96086155e-06  1.80000000e+00  1.79998631e+00 
 5.00000000e-06  1.80000000e+00  1.80001328e+00 
 5.00001000e-06  1.62000000e+00  1.79885346e+00 
 5.00003000e-06  1.26000000e+00  1.79677243e+00 
 5.00007000e-06  5.40000000e-01  1.79412017e+00 
 5.00010000e-06  0.00000000e+00  1.79272311e+00 
 5.00010424e-06  0.00000000e+00  1.79300414e+00 
 5.00011272e-06  0.00000000e+00  1.79369869e+00 
 5.00012967e-06  0.00000000e+00  1.79466450e+00 
 5.00016358e-06  0.00000000e+00  1.79575633e+00 
 5.00023140e-06  0.00000000e+00  1.79750918e+00 
 5.00036704e-06  0.00000000e+00  1.79936963e+00 
 5.00055089e-06  0.00000000e+00  1.80049833e+00 
 5.00091861e-06  0.00000000e+00  1.80132789e+00 
 5.00159884e-06  0.00000000e+00  1.80141476e+00 
 5.00222532e-06  0.00000000e+00  1.80043059e+00 
 5.00290987e-06  0.00000000e+00  1.79905541e+00 
 5.00363594e-06  0.00000000e+00  1.79859052e+00 
 5.00439986e-06  0.00000000e+00  1.79932137e+00 
 5.00525201e-06  0.00000000e+00  1.79968123e+00 
 5.00616922e-06  0.00000000e+00  1.79980784e+00 
 5.00718720e-06  0.00000000e+00  1.79982458e+00 
 5.00822190e-06  0.00000000e+00  1.79995649e+00 
 5.00909143e-06  0.00000000e+00  1.79988772e+00 
 5.01013539e-06  0.00000000e+00  1.79997449e+00 
 5.01115429e-06  0.00000000e+00  1.79990926e+00 
 5.01249117e-06  0.00000000e+00  1.79998653e+00 
 5.01444086e-06  0.00000000e+00  1.79992843e+00 
 5.01733504e-06  0.00000000e+00  1.80004246e+00 
 5.02026358e-06  0.00000000e+00  1.80017243e+00 
 5.02265914e-06  0.00000000e+00  1.80028380e+00 
 5.02459824e-06  0.00000000e+00  1.79957545e+00 
 5.02642553e-06  0.00000000e+00  1.79920790e+00 
 5.02845573e-06  0.00000000e+00  1.79946866e+00 
 5.03034545e-06  0.00000000e+00  1.79835454e+00 
 5.03278898e-06  0.00000000e+00  1.79875245e+00 
 5.03501083e-06  0.00000000e+00  1.79954414e+00 
 5.03850967e-06  0.00000000e+00  1.79981199e+00 
 5.04297429e-06  0.00000000e+00  1.80000785e+00 
 5.04878651e-06  0.00000000e+00  1.79994729e+00 
 5.05529644e-06  0.00000000e+00  1.80012483e+00 
 5.06146424e-06  0.00000000e+00  1.79993589e+00 
 5.06701896e-06  0.00000000e+00  1.79996100e+00 
 5.07301943e-06  0.00000000e+00  1.80001841e+00 
 5.07848641e-06  0.00000000e+00  1.79996236e+00 
 5.08689605e-06  0.00000000e+00  1.80001433e+00 
 5.09365761e-06  0.00000000e+00  1.79995904e+00 
 5.10159325e-06  0.00000000e+00  1.80001211e+00 
 5.11293278e-06  0.00000000e+00  1.79996400e+00 
 5.13077961e-06  0.00000000e+00  1.80001328e+00 
 5.16647328e-06  0.00000000e+00  1.79996799e+00 
 5.23188325e-06  0.00000000e+00  1.80001727e+00 
 5.25010000e-06  6.67038446e-12  1.79997098e+00 
 5.25011000e-06  1.80000000e-01  1.80063908e+00 
 5.25013000e-06  5.40000000e-01  1.80196855e+00 
 5.25017000e-06  1.26000000e+00  1.80474744e+00 
 5.25020000e-06  1.80000000e+00  1.80677775e+00 
 5.25020077e-06  1.80000000e+00  1.80678918e+00 
 5.25020231e-06  1.80000000e+00  1.80676260e+00 
 5.25020539e-06  1.80000000e+00  1.80657575e+00 
 5.25021155e-06  1.80000000e+00  1.80622442e+00 
 5.25022387e-06  1.80000000e+00  1.80586898e+00 
 5.25024850e-06  1.80000000e+00  1.80552634e+00 
 5.25029777e-06  1.80000000e+00  1.80498874e+00 
 5.25039631e-06  1.80000000e+00  1.80423199e+00 
 5.25059339e-06  1.80000000e+00  1.80324166e+00 
 5.25093951e-06  1.80000000e+00  1.80214785e+00 
 5.25154380e-06  1.80000000e+00  1.80302539e+00 
 5.25217622e-06  1.80000000e+00  1.80491123e+00 
 5.25294235e-06  1.80000000e+00  1.80271143e+00 
 5.25376075e-06  1.80000000e+00  1.80072916e+00 
 5.25482438e-06  1.80000000e+00  1.79985856e+00 
 5.25570180e-06  1.80000000e+00  1.79977646e+00 
 5.25672774e-06  1.80000000e+00  1.79983266e+00 
 5.25770743e-06  1.80000000e+00  1.79980709e+00 
 5.25872959e-06  1.80000000e+00  1.79984280e+00 
 5.26043937e-06  1.80000000e+00  1.79989490e+00 
 5.26204343e-06  1.80000000e+00  1.79991774e+00 
 5.26489554e-06  1.80000000e+00  1.79996008e+00 
 5.26801063e-06  1.80000000e+00  1.79997191e+00 
 5.27305861e-06  1.80000000e+00  1.79999686e+00 
 5.28234331e-06  1.80000000e+00  1.79999464e+00 
 5.30091271e-06  1.80000000e+00  1.80000504e+00 
 5.33789289e-06  1.80000000e+00  1.79999486e+00 
 5.41185323e-06  1.80000000e+00  1.80000500e+00 
 5.50000000e-06  1.80000000e+00  1.79999484e+00 
 5.50001000e-06  1.62000000e+00  1.79884571e+00 
 5.50003000e-06  1.26000000e+00  1.79676430e+00 
 5.50007000e-06  5.40000000e-01  1.79409829e+00 
 5.50010000e-06  0.00000000e+00  1.79272300e+00 
 5.50010429e-06  0.00000000e+00  1.79301291e+00 
 5.50011287e-06  0.00000000e+00  1.79373427e+00 
 5.50013002e-06  0.00000000e+00  1.79474852e+00 
 5.50016433e-06  0.00000000e+00  1.79585617e+00 
 5.50023294e-06  0.00000000e+00  1.79759429e+00 
 5.50037017e-06  0.00000000e+00  1.79938471e+00 
 5.50055539e-06  0.00000000e+00  1.80047772e+00 
 5.50092581e-06  0.00000000e+00  1.80127861e+00 
 5.50160927e-06  0.00000000e+00  1.80155043e+00 
 5.50223128e-06  0.00000000e+00  1.80088604e+00 
 5.50286259e-06  0.00000000e+00  1.79942931e+00 
 5.50357327e-06  0.00000000e+00  1.79791385e+00 
 5.50431321e-06  0.00000000e+00  1.79800738e+00 
 5.50515726e-06  0.00000000e+00  1.79844017e+00 
 5.50606190e-06  0.00000000e+00  1.79894398e+00 
 5.50710857e-06  0.00000000e+00  1.79928375e+00 
 5.50844307e-06  0.00000000e+00  1.79959970e+00 
 5.50981470e-06  0.00000000e+00  1.79968698e+00 
 5.51136866e-06  0.00000000e+00  1.79988136e+00 
 5.51289777e-06  0.00000000e+00  1.79987860e+00 
 5.51445384e-06  0.00000000e+00  1.79996500e+00 
 5.51591948e-06  0.00000000e+00  1.79992267e+00 
 5.51750800e-06  0.00000000e+00  1.79998853e+00 
 5.51919355e-06  0.00000000e+00  1.79993832e+00 
 5.52111963e-06  0.00000000e+00  1.79999704e+00 
 5.52488292e-06  0.00000000e+00  1.79994532e+00 
 5.53036428e-06  0.00000000e+00  1.80000260e+00 
 5.54132700e-06  0.00000000e+00  1.79995109e+00 
 5.56325243e-06  0.00000000e+00  1.80001054e+00 
 5.60545318e-06  0.00000000e+00  1.79996086e+00 
 5.68985469e-06  0.00000000e+00  1.80002025e+00 
 5.75010000e-06  6.67038446e-12  1.79996706e+00 
 5.75011000e-06  1.80000000e-01  1.80063900e+00 
 5.75013000e-06  5.40000000e-01  1.80196708e+00 
 5.75017000e-06  1.26000000e+00  1.80474069e+00 
 5.75020000e-06  1.80000000e+00  1.80677171e+00 
 5.75020076e-06  1.80000000e+00  1.80678311e+00 
 5.75020227e-06  1.80000000e+00  1.80675750e+00 
 5.75020529e-06  1.80000000e+00  1.80657272e+00 
 5.75021133e-06  1.80000000e+00  1.80622430e+00 
 5.75022342e-06  1.80000000e+00  1.80587442e+00 
 5.75024760e-06  1.80000000e+00  1.80553917e+00 
 5.75029596e-06  1.80000000e+00  1.80501340e+00 
 5.75039267e-06  1.80000000e+00  1.80426424e+00 
 5.75058611e-06  1.80000000e+00  1.80328030e+00 
 5.75092542e-06  1.80000000e+00  1.80216827e+00 
 5.75153637e-06  1.80000000e+00  1.80299092e+00 
 5.75215985e-06  1.80000000e+00  1.80493335e+00 
 5.75293936e-06  1.80000000e+00  1.80275790e+00 
 5.75374649e-06  1.80000000e+00  1.80075514e+00 
 5.75481370e-06  1.80000000e+00  1.79963664e+00 
 5.75574388e-06  1.80000000e+00  1.79955588e+00 
 5.75681754e-06  1.80000000e+00  1.79998170e+00 
 5.75776473e-06  1.80000000e+00  1.80032999e+00 
 5.75876099e-06  1.80000000e+00  1.80084340e+00 
 5.75989654e-06  1.80000000e+00  1.80114304e+00 
 5.76116927e-06  1.80000000e+00  1.80104474e+00 
 5.76247537e-06  1.80000000e+00  1.80079746e+00 
 5.76424512e-06  1.80000000e+00  1.80056424e+00 
 5.76653821e-06  1.80000000e+00  1.80038360e+00 
 5.76930160e-06  1.80000000e+00  1.80021250e+00 
 5.77302829e-06  1.80000000e+00  1.80010530e+00 
 5.77824748e-06  1.80000000e+00  1.80002730e+00 
 5.78868584e-06  1.80000000e+00  1.80000437e+00 
 5.80783001e-06  1.80000000e+00  1.79999510e+00 
 5.84611834e-06  1.80000000e+00  1.80000482e+00 
 5.92269500e-06  1.80000000e+00  1.79999504e+00 
 6.00000000e-06  1.80000000e+00  1.80000484e+00 
 6.00001000e-06  1.62000000e+00  1.79884755e+00 
 6.00003000e-06  1.26000000e+00  1.79675633e+00 
 6.00007000e-06  5.40000000e-01  1.79409877e+00 
 6.00010000e-06  0.00000000e+00  1.79272418e+00 
 6.00010424e-06  0.00000000e+00  1.79301034e+00 
 6.00011272e-06  0.00000000e+00  1.79372538e+00 
 6.00012967e-06  0.00000000e+00  1.79473577e+00 
 6.00016359e-06  0.00000000e+00  1.79583732e+00 
 6.00023141e-06  0.00000000e+00  1.79756642e+00 
 6.00036707e-06  0.00000000e+00  1.79935629e+00 
 6.00055125e-06  0.00000000e+00  1.80045992e+00 
 6.00091962e-06  0.00000000e+00  1.80126712e+00 
 6.00159969e-06  0.00000000e+00  1.80156618e+00 
 6.00222710e-06  0.00000000e+00  1.80091266e+00 
 6.00290880e-06  0.00000000e+00  1.79933160e+00 
 6.00362716e-06  0.00000000e+00  1.79803485e+00 
 6.00438388e-06  0.00000000e+00  1.79888064e+00 
 6.00522577e-06  0.00000000e+00  1.79799421e+00 
 6.00612810e-06  0.00000000e+00  1.79866013e+00 
 6.00707803e-06  0.00000000e+00  1.79998989e+00 
 6.00794114e-06  0.00000000e+00  1.80045445e+00 
 6.00879641e-06  0.00000000e+00  1.80078852e+00 
 6.00981017e-06  0.00000000e+00  1.80033374e+00 
 6.01076692e-06  0.00000000e+00  1.80034562e+00 
 6.01209296e-06  0.00000000e+00  1.80009157e+00 
 6.01391913e-06  0.00000000e+00  1.80010613e+00 
 6.01570492e-06  0.00000000e+00  1.79999107e+00 
 6.01751426e-06  0.00000000e+00  1.80006739e+00 
 6.01955013e-06  0.00000000e+00  1.80008613e+00 
 6.02142861e-06  0.00000000e+00  1.80042574e+00 
 6.02333166e-06  0.00000000e+00  1.80005859e+00 
 6.02471951e-06  0.00000000e+00  1.79947656e+00 
 6.02598894e-06  0.00000000e+00  1.79907490e+00 
 6.02737540e-06  0.00000000e+00  1.79992455e+00 
 6.02876149e-06  0.00000000e+00  1.79882652e+00 
 6.03018754e-06  0.00000000e+00  1.79820392e+00 
 6.03183152e-06  0.00000000e+00  1.79864062e+00 
 6.03406819e-06  0.00000000e+00  1.79946422e+00 
 6.03660308e-06  0.00000000e+00  1.79979438e+00 
 6.04059377e-06  0.00000000e+00  1.79995745e+00 
 6.04766816e-06  0.00000000e+00  1.79998894e+00 
 6.05538688e-06  0.00000000e+00  1.79997161e+00 
 6.06349412e-06  0.00000000e+00  1.79998407e+00 
 6.07352028e-06  0.00000000e+00  1.79997807e+00 
 6.08550099e-06  0.00000000e+00  1.79999085e+00 
 6.10530039e-06  0.00000000e+00  1.79997996e+00 
 6.14375415e-06  0.00000000e+00  1.79999800e+00 
 6.17244823e-06  0.00000000e+00  1.79998484e+00 
 6.19916818e-06  0.00000000e+00  1.80000037e+00 
 6.22196588e-06  0.00000000e+00  1.79998529e+00 
 6.25010000e-06  6.67038446e-12  1.80000298e+00 
 6.25011000e-06  1.80000000e-01  1.80062096e+00 
 6.25013000e-06  5.40000000e-01  1.80192250e+00 
 6.25017000e-06  1.26000000e+00  1.80472423e+00 
 6.25020000e-06  1.80000000e+00  1.80675739e+00 
 6.25020077e-06  1.80000000e+00  1.80676935e+00 
 6.25020231e-06  1.80000000e+00  1.80674332e+00 
 6.25020539e-06  1.80000000e+00  1.80655514e+00 
 6.25021155e-06  1.80000000e+00  1.80620469e+00 
 6.25022386e-06  1.80000000e+00  1.80585665e+00 
 6.25024849e-06  1.80000000e+00  1.80551986e+00 
 6.25029776e-06  1.80000000e+00  1.80498985e+00 
 6.25039628e-06  1.80000000e+00  1.80423913e+00 
 6.25059334e-06  1.80000000e+00  1.80324981e+00 
 6.25093655e-06  1.80000000e+00  1.80215575e+00 
 6.25154324e-06  1.80000000e+00  1.80302324e+00 
 6.25217682e-06  1.80000000e+00  1.80491258e+00 
 6.25294267e-06  1.80000000e+00  1.80271542e+00 
 6.25376243e-06  1.80000000e+00  1.80071138e+00 
 6.25482548e-06  1.80000000e+00  1.79983660e+00 
 6.25575426e-06  1.80000000e+00  1.79979567e+00 
 6.25681522e-06  1.80000000e+00  1.79984905e+00 
 6.25792961e-06  1.80000000e+00  1.79981772e+00 
 6.25896652e-06  1.80000000e+00  1.79985256e+00 
 6.26076597e-06  1.80000000e+00  1.79990106e+00 
 6.26248033e-06  1.80000000e+00  1.79992364e+00 
 6.26528392e-06  1.80000000e+00  1.79996254e+00 
 6.26875184e-06  1.80000000e+00  1.79997513e+00 
 6.27395614e-06  1.80000000e+00  1.79999794e+00 
 6.28436473e-06  1.80000000e+00  1.79999526e+00 
 6.30285185e-06  1.80000000e+00  1.80000469e+00 
 6.33648029e-06  1.80000000e+00  1.79999512e+00 
 6.40373718e-06  1.80000000e+00  1.80000478e+00 
 6.50000000e-06  1.80000000e+00  1.79999508e+00 
 6.50001000e-06  1.62000000e+00  1.79884710e+00 
 6.50003000e-06  1.26000000e+00  1.79676819e+00 
 6.50007000e-06  5.40000000e-01  1.79410199e+00 
 6.50010000e-06  0.00000000e+00  1.79272577e+00 
 6.50010429e-06  0.00000000e+00  1.79301602e+00 
 6.50011287e-06  0.00000000e+00  1.79373782e+00 
 6.50013002e-06  0.00000000e+00  1.79475157e+00 
 6.50016433e-06  0.00000000e+00  1.79585823e+00 
 6.50023295e-06  0.00000000e+00  1.79759546e+00 
 6.50037019e-06  0.00000000e+00  1.79938506e+00 
 6.50055542e-06  0.00000000e+00  1.80047800e+00 
 6.50092589e-06  0.00000000e+00  1.80127861e+00 
 6.50160936e-06  0.00000000e+00  1.80155034e+00 
 6.50223064e-06  0.00000000e+00  1.80088618e+00 
 6.50286133e-06  0.00000000e+00  1.79943235e+00 
 6.50357186e-06  0.00000000e+00  1.79791403e+00 
 6.50431157e-06  0.00000000e+00  1.79800752e+00 
 6.50515636e-06  0.00000000e+00  1.79844131e+00 
 6.50606170e-06  0.00000000e+00  1.79894245e+00 
 6.50701644e-06  0.00000000e+00  1.79925466e+00 
 6.50838017e-06  0.00000000e+00  1.79959447e+00 
 6.50964841e-06  0.00000000e+00  1.79966900e+00 
 6.51122478e-06  0.00000000e+00  1.79987108e+00 
 6.51252008e-06  0.00000000e+00  1.79986829e+00 
 6.51391922e-06  0.00000000e+00  1.79995670e+00 
 6.51526060e-06  0.00000000e+00  1.79991670e+00 
 6.51686804e-06  0.00000000e+00  1.79998533e+00 
 6.51853885e-06  0.00000000e+00  1.79993658e+00 
 6.52033582e-06  0.00000000e+00  1.79999607e+00 
 6.52392975e-06  0.00000000e+00  1.79994472e+00 
 6.53111761e-06  0.00000000e+00  1.80000312e+00 
 6.54425730e-06  0.00000000e+00  1.79995175e+00 
 6.57053668e-06  0.00000000e+00  1.80001184e+00 
 6.62309544e-06  0.00000000e+00  1.79996210e+00 
 6.72821296e-06  0.00000000e+00  1.80002154e+00 
 6.75010000e-06  6.67038446e-12  1.79996694e+00 
 6.75011000e-06  1.80000000e-01  1.80063888e+00 
 6.75013000e-06  5.40000000e-01  1.80196691e+00 
 6.75017000e-06  1.26000000e+00  1.80473974e+00 
 6.75020000e-06  1.80000000e+00  1.80676674e+00 
 6.75020076e-06  1.80000000e+00  1.80677802e+00 
 6.75020227e-06  1.80000000e+00  1.80675225e+00 
 6.75020529e-06  1.80000000e+00  1.80656753e+00 
 6.75021133e-06  1.80000000e+00  1.80621978e+00 
 6.75022342e-06  1.80000000e+00  1.80587078e+00 
 6.75024760e-06  1.80000000e+00  1.80553619e+00 
 6.75029596e-06  1.80000000e+00  1.80501156e+00 
 6.75039267e-06  1.80000000e+00  1.80426356e+00 
 6.75058610e-06  1.80000000e+00  1.80328022e+00 
 6.75092543e-06  1.80000000e+00  1.80216812e+00 
 6.75153614e-06  1.80000000e+00  1.80299178e+00 
 6.75216167e-06  1.80000000e+00  1.80493386e+00 
 6.75293965e-06  1.80000000e+00  1.80275777e+00 
 6.75374854e-06  1.80000000e+00  1.80075147e+00 
 6.75481352e-06  1.80000000e+00  1.79963586e+00 
 6.75574496e-06  1.80000000e+00  1.79955696e+00 
 6.75682246e-06  1.80000000e+00  1.79998526e+00 
 6.75777251e-06  1.80000000e+00  1.80033490e+00 
 6.75876960e-06  1.80000000e+00  1.80084665e+00 
 6.75990948e-06  1.80000000e+00  1.80114498e+00 
 6.76118517e-06  1.80000000e+00  1.80104165e+00 
 6.76253440e-06  1.80000000e+00  1.80078795e+00 
 6.76427365e-06  1.80000000e+00  1.80056147e+00 
 6.76668585e-06  1.80000000e+00  1.80037324e+00 
 6.76944785e-06  1.80000000e+00  1.80020579e+00 
 6.77328826e-06  1.80000000e+00  1.80009998e+00 
 6.77860224e-06  1.80000000e+00  1.80002465e+00 
 6.78923019e-06  1.80000000e+00  1.80000427e+00 
 6.81048608e-06  1.80000000e+00  1.79999514e+00 
 6.85299788e-06  1.80000000e+00  1.80000482e+00 
 6.93802147e-06  1.80000000e+00  1.79999500e+00 
 7.00000000e-06  1.80000000e+00  1.80000490e+00 
 7.00001000e-06  1.62000000e+00  1.79884870e+00 
 7.00003000e-06  1.26000000e+00  1.79675955e+00 
 7.00007000e-06  5.40000000e-01  1.79410180e+00 
 7.00010000e-06  0.00000000e+00  1.79272630e+00 
 7.00010424e-06  0.00000000e+00  1.79301275e+00 
 7.00011272e-06  0.00000000e+00  1.79372815e+00 
 7.00012967e-06  0.00000000e+00  1.79473797e+00 
 7.00016358e-06  0.00000000e+00  1.79583846e+00 
 7.00023141e-06  0.00000000e+00  1.79756692e+00 
 7.00036706e-06  0.00000000e+00  1.79935627e+00 
 7.00055126e-06  0.00000000e+00  1.80046004e+00 
 7.00091966e-06  0.00000000e+00  1.80126705e+00 
 7.00159966e-06  0.00000000e+00  1.80156609e+00 
 7.00222639e-06  0.00000000e+00  1.80091292e+00 
 7.00290741e-06  0.00000000e+00  1.79933482e+00 
 7.00362544e-06  0.00000000e+00  1.79803440e+00 
 7.00438182e-06  0.00000000e+00  1.79887742e+00 
 7.00522337e-06  0.00000000e+00  1.79800167e+00 
 7.00612548e-06  0.00000000e+00  1.79865025e+00 
 7.00697387e-06  0.00000000e+00  1.79988413e+00 
 7.00785775e-06  0.00000000e+00  1.80041492e+00 
 7.00875794e-06  0.00000000e+00  1.80080027e+00 
 7.00972596e-06  0.00000000e+00  1.80035135e+00 
 7.01071746e-06  0.00000000e+00  1.80035147e+00 
 7.01207271e-06  0.00000000e+00  1.80009412e+00 
 7.01370902e-06  0.00000000e+00  1.80010667e+00 
 7.01600618e-06  0.00000000e+00  1.79998452e+00 
 7.01762681e-06  0.00000000e+00  1.80006346e+00 
 7.01940979e-06  0.00000000e+00  1.80005664e+00 
 7.02108927e-06  0.00000000e+00  1.80035369e+00 
 7.02287217e-06  0.00000000e+00  1.80026345e+00 
 7.02444699e-06  0.00000000e+00  1.79969254e+00 
 7.02609418e-06  0.00000000e+00  1.79904532e+00 
 7.02784628e-06  0.00000000e+00  1.79980871e+00 
 7.02960062e-06  0.00000000e+00  1.79854111e+00 
 7.03124221e-06  0.00000000e+00  1.79831161e+00 
 7.03333479e-06  0.00000000e+00  1.79915153e+00 
 7.03608881e-06  0.00000000e+00  1.79977048e+00 
 7.03895761e-06  0.00000000e+00  1.79988580e+00 
 7.04436381e-06  0.00000000e+00  1.79999213e+00 
 7.05001691e-06  0.00000000e+00  1.79996360e+00 
 7.05670590e-06  0.00000000e+00  1.79999333e+00 
 7.06539979e-06  0.00000000e+00  1.79997361e+00 
 7.08278758e-06  0.00000000e+00  1.79999717e+00 
 7.10161477e-06  0.00000000e+00  1.79999416e+00 
 7.12685719e-06  0.00000000e+00  1.79995692e+00 
 7.14256583e-06  0.00000000e+00  1.80004661e+00 
 7.15961632e-06  0.00000000e+00  1.79992149e+00 
 7.18286816e-06  0.00000000e+00  1.80006326e+00 
 7.21136054e-06  0.00000000e+00  1.79992040e+00 
 7.25010000e-06  6.67038446e-12  1.80006579e+00 
 7.25011000e-06  1.80000000e-01  1.80065725e+00 
 7.25013000e-06  5.40000000e-01  1.80194806e+00 
 7.25017000e-06  1.26000000e+00  1.80478206e+00 
 7.25020000e-06  1.80000000e+00  1.80680813e+00 
 7.25020077e-06  1.80000000e+00  1.80682048e+00 
 7.25020231e-06  1.80000000e+00  1.80679381e+00 
 7.25020539e-06  1.80000000e+00  1.80660412e+00 
 7.25021155e-06  1.80000000e+00  1.80626197e+00 
 7.25022386e-06  1.80000000e+00  1.80592737e+00 
 7.25024850e-06  1.80000000e+00  1.80559912e+00 
 7.25029776e-06  1.80000000e+00  1.80506717e+00 
 7.25039629e-06  1.80000000e+00  1.80428186e+00 
 7.25059335e-06  1.80000000e+00  1.80324573e+00 
 7.25094163e-06  1.80000000e+00  1.80213490e+00 
 7.25154372e-06  1.80000000e+00  1.80302692e+00 
 7.25218183e-06  1.80000000e+00  1.80493348e+00 
 7.25294369e-06  1.80000000e+00  1.80282006e+00 
 7.25376709e-06  1.80000000e+00  1.80097857e+00 
 7.25482925e-06  1.80000000e+00  1.80000630e+00 
 7.25571646e-06  1.80000000e+00  1.79960407e+00 
 7.25675276e-06  1.80000000e+00  1.79935986e+00 
 7.25774929e-06  1.80000000e+00  1.79917105e+00 
 7.25878167e-06  1.80000000e+00  1.79910743e+00 
 7.26049371e-06  1.80000000e+00  1.79906985e+00 
 7.26212751e-06  1.80000000e+00  1.79902767e+00 
 7.26496792e-06  1.80000000e+00  1.79930880e+00 
 7.26815427e-06  1.80000000e+00  1.79963316e+00 
 7.27320817e-06  1.80000000e+00  1.79988301e+00 
 7.28305219e-06  1.80000000e+00  1.79999164e+00 
 7.30214086e-06  1.80000000e+00  1.80000608e+00 
 7.33931114e-06  1.80000000e+00  1.79999386e+00 
 7.34860372e-06  1.80000000e+00  1.80000040e+00 
 7.36718886e-06  1.80000000e+00  1.80000680e+00 
 7.39294894e-06  1.80000000e+00  1.80006595e+00 
 7.43051793e-06  1.80000000e+00  1.80029293e+00 
 7.45419572e-06  1.80000000e+00  1.79989213e+00 
 7.48126079e-06  1.80000000e+00  1.80005291e+00 
 7.50000000e-06  1.80000000e+00  1.79997679e+00 
 7.50001000e-06  1.62000000e+00  1.79883576e+00 
 7.50003000e-06  1.26000000e+00  1.79676145e+00 
 7.50007000e-06  5.40000000e-01  1.79409685e+00 
 7.50010000e-06  0.00000000e+00  1.79272158e+00 
 7.50010426e-06  0.00000000e+00  1.79300762e+00 
 7.50011279e-06  0.00000000e+00  1.79372038e+00 
 7.50012984e-06  0.00000000e+00  1.79472189e+00 
 7.50016395e-06  0.00000000e+00  1.79581700e+00 
 7.50023216e-06  0.00000000e+00  1.79755109e+00 
 7.50036858e-06  0.00000000e+00  1.79935895e+00 
 7.50055329e-06  0.00000000e+00  1.80046243e+00 
 7.50092269e-06  0.00000000e+00  1.80126717e+00 
 7.50151560e-06  0.00000000e+00  1.80158452e+00 
 7.50214188e-06  0.00000000e+00  1.80098722e+00 
 7.50278994e-06  0.00000000e+00  1.79965387e+00 
 7.50357518e-06  0.00000000e+00  1.79787086e+00 
 7.50430126e-06  0.00000000e+00  1.79793144e+00 
 7.50514792e-06  0.00000000e+00  1.79836376e+00 
 7.50605528e-06  0.00000000e+00  1.79890273e+00 
 7.50710083e-06  0.00000000e+00  1.79925400e+00 
 7.50845748e-06  0.00000000e+00  1.79959565e+00 
 7.50982285e-06  0.00000000e+00  1.79967863e+00 
 7.51147420e-06  0.00000000e+00  1.79989701e+00 
 7.51288095e-06  0.00000000e+00  1.79988677e+00 
 7.51437083e-06  0.00000000e+00  1.79997490e+00 
 7.51576055e-06  0.00000000e+00  1.79993090e+00 
 7.51740262e-06  0.00000000e+00  1.79999921e+00 
 7.51906664e-06  0.00000000e+00  1.79994711e+00 
 7.52089728e-06  0.00000000e+00  1.80000761e+00 
 7.52455854e-06  0.00000000e+00  1.79995308e+00 
 7.53188106e-06  0.00000000e+00  1.80001191e+00 
 7.54473589e-06  0.00000000e+00  1.79995666e+00 
 7.57044554e-06  0.00000000e+00  1.80001649e+00 
 7.62186484e-06  0.00000000e+00  1.79996284e+00 
 7.72470343e-06  0.00000000e+00  1.80002311e+00 
 7.75010000e-06  0.00000000e+00  1.79996656e+00 
 7.75011000e-06  1.80000000e-01  1.80063829e+00 
 7.75013000e-06  5.40000000e-01  1.80196819e+00 
 7.75017000e-06  1.26000000e+00  1.80474202e+00 
 7.75020000e-06  1.80000000e+00  1.80676589e+00 
 7.75020076e-06  1.80000000e+00  1.80677715e+00 
 7.75020227e-06  1.80000000e+00  1.80675137e+00 
 7.75020529e-06  1.80000000e+00  1.80656671e+00 
 7.75021133e-06  1.80000000e+00  1.80621934e+00 
 7.75022341e-06  1.80000000e+00  1.80587061e+00 
 7.75024758e-06  1.80000000e+00  1.80553573e+00 
 7.75029591e-06  1.80000000e+00  1.80501082e+00 
 7.75039258e-06  1.80000000e+00  1.80426238e+00 
 7.75058592e-06  1.80000000e+00  1.80327877e+00 
 7.75093046e-06  1.80000000e+00  1.80215980e+00 
 7.75153622e-06  1.80000000e+00  1.80300617e+00 
 7.75216623e-06  1.80000000e+00  1.80494750e+00 
 7.75294032e-06  1.80000000e+00  1.80276924e+00 
 7.75375187e-06  1.80000000e+00  1.80075034e+00 
 7.75481823e-06  1.80000000e+00  1.79963834e+00 
 7.75571798e-06  1.80000000e+00  1.79956661e+00 
 7.75677614e-06  1.80000000e+00  1.79998084e+00 
 7.75769889e-06  1.80000000e+00  1.80031948e+00 
 7.75868414e-06  1.80000000e+00  1.80082367e+00 
 7.75980605e-06  1.80000000e+00  1.80114016e+00 
 7.76106326e-06  1.80000000e+00  1.80106022e+00 
 7.76233072e-06  1.80000000e+00  1.80081902e+00 
 7.76413966e-06  1.80000000e+00  1.80057192e+00 
 7.76624713e-06  1.80000000e+00  1.80040421e+00 
 7.76899277e-06  1.80000000e+00  1.80022571e+00 
 7.77252946e-06  1.80000000e+00  1.80011682e+00 
 7.77755822e-06  1.80000000e+00  1.80003211e+00 
 7.78761575e-06  1.80000000e+00  1.80000576e+00 
 7.80302576e-06  1.80000000e+00  1.79999427e+00 
 7.83384577e-06  1.80000000e+00  1.80000565e+00 
 7.89548580e-06  1.80000000e+00  1.79999424e+00 
 8.00000000e-06  1.80000000e+00  1.80000564e+00 
 8.00001000e-06  1.62000000e+00  1.79885021e+00 
 8.00003000e-06  1.26000000e+00  1.79676198e+00 
 8.00007000e-06  5.40000000e-01  1.79410226e+00 
 8.00010000e-06  0.00000000e+00  1.79272567e+00 
 8.00010424e-06  0.00000000e+00  1.79301230e+00 
 8.00011272e-06  0.00000000e+00  1.79372809e+00 
 8.00012967e-06  0.00000000e+00  1.79473822e+00 
 8.00016358e-06  0.00000000e+00  1.79583923e+00 
 8.00023141e-06  0.00000000e+00  1.79756854e+00 
 8.00036705e-06  0.00000000e+00  1.79935745e+00 
 8.00055121e-06  0.00000000e+00  1.80046028e+00 
 8.00091953e-06  0.00000000e+00  1.80126630e+00 
 8.00151420e-06  0.00000000e+00  1.80160851e+00 
 8.00214126e-06  0.00000000e+00  1.80103573e+00 
 8.00283599e-06  0.00000000e+00  1.79957110e+00 
 8.00356325e-06  0.00000000e+00  1.79803686e+00 
 8.00432538e-06  0.00000000e+00  1.79879645e+00 
 8.00515668e-06  0.00000000e+00  1.79796060e+00 
 8.00606282e-06  0.00000000e+00  1.79856444e+00 
 8.00699504e-06  0.00000000e+00  1.79991790e+00 
 8.00784196e-06  0.00000000e+00  1.80040360e+00 
 8.00873123e-06  0.00000000e+00  1.80079178e+00 
 8.00969768e-06  0.00000000e+00  1.80034897e+00 
 8.01068299e-06  0.00000000e+00  1.80035139e+00 
 8.01209379e-06  0.00000000e+00  1.80009780e+00 
 8.01357456e-06  0.00000000e+00  1.80011339e+00 
 8.01570564e-06  0.00000000e+00  1.79998611e+00 
 8.01720602e-06  0.00000000e+00  1.80003436e+00 
 8.01886865e-06  0.00000000e+00  1.79997121e+00 
 8.02088166e-06  0.00000000e+00  1.80001497e+00 
 8.02293725e-06  0.00000000e+00  1.79998720e+00 
 8.02530349e-06  0.00000000e+00  1.80002344e+00 
 8.02789003e-06  0.00000000e+00  1.80001175e+00 
 8.03163511e-06  0.00000000e+00  1.80020358e+00 
 8.03506870e-06  0.00000000e+00  1.80007106e+00 
 8.03779769e-06  0.00000000e+00  1.79984750e+00 
 8.04054960e-06  0.00000000e+00  1.79988853e+00 
 8.04353866e-06  0.00000000e+00  1.79977284e+00 
 8.04671019e-06  0.00000000e+00  1.79998809e+00 
 8.04995109e-06  0.00000000e+00  1.79997244e+00 
 8.05643291e-06  0.00000000e+00  1.79996549e+00 
 8.06722700e-06  0.00000000e+00  1.80001120e+00 
 8.08544956e-06  0.00000000e+00  1.79995548e+00 
 8.12189467e-06  0.00000000e+00  1.80002420e+00 
 8.16381977e-06  0.00000000e+00  1.79995579e+00 
 8.22312698e-06  0.00000000e+00  1.80003182e+00 
 8.25010000e-06  0.00000000e+00  1.79995348e+00 
 8.25011000e-06  1.80000000e-01  1.80076099e+00 
 8.25013000e-06  5.40000000e-01  1.80211637e+00 
 8.25017000e-06  1.26000000e+00  1.80482246e+00 
 8.25020000e-06  1.80000000e+00  1.80685162e+00 
 8.25020077e-06  1.80000000e+00  1.80685743e+00 
 8.25020231e-06  1.80000000e+00  1.80681949e+00 
 8.25020539e-06  1.80000000e+00  1.80661787e+00 
 8.25021155e-06  1.80000000e+00  1.80627015e+00 
 8.25022387e-06  1.80000000e+00  1.80593223e+00 
 8.25024851e-06  1.80000000e+00  1.80559309e+00 
 8.25029779e-06  1.80000000e+00  1.80504493e+00 
 8.25039636e-06  1.80000000e+00  1.80425210e+00 
 8.25059349e-06  1.80000000e+00  1.80322937e+00 
 8.25098775e-06  1.80000000e+00  1.80211304e+00 
 8.25155303e-06  1.80000000e+00  1.80312982e+00 
 8.25223235e-06  1.80000000e+00  1.80483478e+00 
 8.25296185e-06  1.80000000e+00  1.80261801e+00 
 8.25380288e-06  1.80000000e+00  1.80065462e+00 
 8.25486590e-06  1.80000000e+00  1.79988654e+00 
 8.25615025e-06  1.80000000e+00  1.79973907e+00 
 8.25753694e-06  1.80000000e+00  1.79980822e+00 
 8.25909693e-06  1.80000000e+00  1.79985178e+00 
 8.26082196e-06  1.80000000e+00  1.79990335e+00 
 8.26339697e-06  1.80000000e+00  1.79994305e+00 
 8.26636715e-06  1.80000000e+00  1.79996721e+00 
 8.27042421e-06  1.80000000e+00  1.79998871e+00 
 8.27626931e-06  1.80000000e+00  1.79999356e+00 
 8.28795950e-06  1.80000000e+00  1.80000312e+00 
 8.31133988e-06  1.80000000e+00  1.79999678e+00 
 8.35810064e-06  1.80000000e+00  1.80000310e+00 
 8.45162216e-06  1.80000000e+00  1.79999678e+00 
 8.50000000e-06  1.80000000e+00  1.80000313e+00 
 8.50001000e-06  1.62000000e+00  1.79884268e+00 
 8.50003000e-06  1.26000000e+00  1.79676926e+00 
 8.50007000e-06  5.40000000e-01  1.79412319e+00 
 8.50010000e-06  0.00000000e+00  1.79272655e+00 
 8.50010424e-06  0.00000000e+00  1.79301448e+00 
 8.50011272e-06  0.00000000e+00  1.79371745e+00 
 8.50012967e-06  0.00000000e+00  1.79468355e+00 
 8.50016358e-06  0.00000000e+00  1.79577240e+00 
 8.50023140e-06  0.00000000e+00  1.79751811e+00 
 8.50036705e-06  0.00000000e+00  1.79937367e+00 
 8.50063833e-06  0.00000000e+00  1.80085029e+00 
 8.50111341e-06  0.00000000e+00  1.80163033e+00 
 8.50186941e-06  0.00000000e+00  1.80103577e+00 
 8.50270678e-06  0.00000000e+00  1.79838313e+00 
 8.50337772e-06  0.00000000e+00  1.80224837e+00 
 8.50423958e-06  0.00000000e+00  1.82005112e+00 
 8.50513695e-06  0.00000000e+00  1.81755007e+00 
 8.50606168e-06  0.00000000e+00  1.77900123e+00 
 8.50708391e-06  0.00000000e+00  1.72932946e+00 
 8.50859514e-06  0.00000000e+00  1.65862973e+00 
 8.51017024e-06  0.00000000e+00  1.58309031e+00 
 8.51269164e-06  0.00000000e+00  1.46274139e+00 
 8.51434139e-06  0.00000000e+00  1.38316844e+00 
 8.51622691e-06  0.00000000e+00  1.29263729e+00 
 8.51914004e-06  0.00000000e+00  1.15257794e+00 
 8.52187990e-06  0.00000000e+00  1.02223094e+00 
 8.52524539e-06  0.00000000e+00  8.64269225e-01 
 8.53197637e-06  0.00000000e+00  5.73984077e-01 
 8.53854079e-06  0.00000000e+00  3.26342078e-01 
 8.54335369e-06  0.00000000e+00  1.93233602e-01 
 8.54726706e-06  0.00000000e+00  1.17462813e-01 
 8.55079946e-06  0.00000000e+00  7.54050357e-02 
 8.55388257e-06  0.00000000e+00  4.92244985e-02 
 8.55664730e-06  0.00000000e+00  3.45708669e-02 
 8.55944955e-06  0.00000000e+00  2.31939320e-02 
 8.56213238e-06  0.00000000e+00  1.64335572e-02 
 8.56491452e-06  0.00000000e+00  1.09634169e-02 
 8.56922782e-06  0.00000000e+00  6.17824389e-03 
 8.57410915e-06  0.00000000e+00  2.94840541e-03 
 8.58175100e-06  0.00000000e+00  1.06256792e-03 
 8.59265419e-06  0.00000000e+00  8.62310909e-05 
 8.60884965e-06  0.00000000e+00  1.04880796e-04 
 8.62369557e-06  0.00000000e+00 -4.40690202e-05 
 8.64029260e-06  0.00000000e+00  1.02924401e-04 
 8.66145964e-06  0.00000000e+00 -4.02288541e-05 
 8.70223204e-06  0.00000000e+00  9.57688726e-05 
 8.74913897e-06  0.00000000e+00 -4.23314191e-05 
 8.75010000e-06  0.00000000e+00  5.15961674e-05 
 8.75011000e-06  1.80000000e-01  1.05907935e-03 
 8.75013000e-06  5.40000000e-01  2.63105101e-03 
 8.75017000e-06  1.26000000e+00  4.43045057e-03 
 8.75020000e-06  1.80000000e+00  5.57762593e-03 
 8.75020076e-06  1.80000000e+00  5.56656984e-03 
 8.75020227e-06  1.80000000e+00  5.49433335e-03 
 8.75020529e-06  1.80000000e+00  5.25275375e-03 
 8.75021134e-06  1.80000000e+00  4.88453792e-03 
 8.75022343e-06  1.80000000e+00  4.49541315e-03 
 8.75024761e-06  1.80000000e+00  4.01976928e-03 
 8.75029598e-06  1.80000000e+00  3.28532516e-03 
 8.75039271e-06  1.80000000e+00  2.33709298e-03 
 8.75058617e-06  1.80000000e+00  1.45770937e-03 
 8.75097311e-06  1.80000000e+00  1.02862163e-03 
 8.75154683e-06  1.80000000e+00  1.90337895e-03 
 8.75221735e-06  1.80000000e+00  2.48356671e-03 
 8.75298653e-06  1.80000000e+00  1.24053297e-03 
 8.75379019e-06  1.80000000e+00  8.42995073e-04 
 8.75491221e-06  1.80000000e+00 -2.77644127e-04 
 8.75585480e-06  1.80000000e+00 -1.67907250e-03 
 8.75693106e-06  1.80000000e+00 -9.46633890e-04 
 8.75793971e-06  1.80000000e+00 -4.55800131e-04 
 8.75898646e-06  1.80000000e+00 -2.03980005e-04 
 8.76068661e-06  1.80000000e+00  1.34953700e-04 
 8.76238535e-06  1.80000000e+00  3.02161035e-04 
 8.76510503e-06  1.80000000e+00  4.21098737e-04 
 8.76857583e-06  1.80000000e+00  3.92312095e-04 
 8.77365268e-06  1.80000000e+00  3.37722461e-04 
 8.78380637e-06  1.80000000e+00  2.05377859e-04 
 8.80115345e-06  1.80000000e+00  1.15049888e-04 
 8.83244990e-06  1.80000000e+00  6.01307088e-05 
 8.89401082e-06  1.80000000e+00  4.43912166e-05 
 8.95565276e-06  1.80000000e+00  2.70031570e-05 
 9.00000000e-06  1.80000000e+00  3.07629195e-05 
