 1.00000000e-12  1.78200000e+00  3.41262525e-01 
 1.02772000e-12  1.78150104e+00  3.46391016e-01 
 1.08316000e-12  1.78050312e+00  3.53547834e-01 
 1.19404001e-12  1.77850728e+00  3.62100015e-01 
 1.33845817e-12  1.77590775e+00  3.72714656e-01 
 1.62729450e-12  1.77070870e+00  3.91612273e-01 
 2.20496714e-12  1.76031059e+00  4.17725547e-01 
 3.05063694e-12  1.74508854e+00  4.37960812e-01 
 3.95589898e-12  1.72879382e+00  4.48043161e-01 
 5.17277376e-12  1.70689007e+00  4.53092566e-01 
 6.90374507e-12  1.67573259e+00  4.53871078e-01 
 1.02177664e-11  1.61608020e+00  4.50035201e-01 
 1.39116666e-11  1.54959000e+00  4.45874504e-01 
 2.08093235e-11  1.42543218e+00  4.41793848e-01 
 2.75814789e-11  1.30353338e+00  4.40519749e-01 
 3.66823741e-11  1.13971727e+00  4.39809246e-01 
 4.77228588e-11  9.40988541e-01  4.39619098e-01 
 6.48730737e-11  6.32284674e-01  4.39318675e-01 
 8.52707761e-11  2.65126030e-01  4.39525107e-01 
 1.00000000e-10  0.00000000e+00  4.39789033e-01 
 1.01224523e-10  0.00000000e+00  4.40066679e-01 
 1.03673570e-10  0.00000000e+00  4.40506172e-01 
 1.08571664e-10  0.00000000e+00  4.41218694e-01 
 1.18367852e-10  0.00000000e+00  4.42181533e-01 
 1.37960227e-10  0.00000000e+00  4.43705975e-01 
 1.77144976e-10  0.00000000e+00  4.46782637e-01 
 2.55514476e-10  0.00000000e+00  4.52965818e-01 
 4.07380708e-10  0.00000000e+00  4.63607914e-01 
 5.70545357e-10  0.00000000e+00  4.73785290e-01 
 8.37150155e-10  0.00000000e+00  4.89646073e-01 
 1.19451018e-09  0.00000000e+00  5.05454541e-01 
 1.62006110e-09  0.00000000e+00  5.13745244e-01 
 2.27195052e-09  0.00000000e+00  5.14639260e-01 
 2.94236915e-09  0.00000000e+00  5.05630123e-01 
 4.01171791e-09  0.00000000e+00  4.71671951e-01 
 4.83815305e-09  0.00000000e+00  4.38496147e-01 
 5.71066121e-09  0.00000000e+00  4.03104213e-01 
 6.95566596e-09  0.00000000e+00  3.53622186e-01 
 8.14124616e-09  0.00000000e+00  3.10626310e-01 
 9.52327752e-09  0.00000000e+00  2.65639600e-01 
 1.04375709e-08  0.00000000e+00  2.37983494e-01 
 1.12931026e-08  0.00000000e+00  2.13249858e-01 
 1.22538609e-08  0.00000000e+00  1.87930787e-01 
 1.32857649e-08  0.00000000e+00  1.63598006e-01 
 1.53495729e-08  0.00000000e+00  1.23022779e-01 
 1.82175210e-08  0.00000000e+00  8.15085751e-02 
 2.20958874e-08  0.00000000e+00  4.57856776e-02 
 2.61351491e-08  0.00000000e+00  2.46826764e-02 
 2.96367364e-08  0.00000000e+00  1.45104823e-02 
 3.32780888e-08  0.00000000e+00  8.20724074e-03 
 3.64371043e-08  0.00000000e+00  5.13078709e-03 
 3.97939994e-08  0.00000000e+00  2.98519503e-03 
 4.48676026e-08  0.00000000e+00  1.40620801e-03 
 5.22479509e-08  0.00000000e+00  3.41601607e-04 
 6.53007790e-08  0.00000000e+00  6.05969788e-05 
 8.69463099e-08  0.00000000e+00 -4.73752536e-05 
 1.30237372e-07  0.00000000e+00  5.35416765e-05 
 1.90634577e-07  0.00000000e+00 -5.08110676e-05 
 2.50100000e-07  0.00000000e+00  5.28385701e-05 
 2.50110000e-07  1.80000000e-01  2.11928320e-03 
 2.50130000e-07  5.40000000e-01  5.29970681e-03 
 2.50170000e-07  1.26000000e+00  9.00654162e-03 
 2.50200000e-07  1.80000000e+00  1.06157554e-02 
 2.50200526e-07  1.80000000e+00  1.04580899e-02 
 2.50201579e-07  1.80000000e+00  1.01583015e-02 
 2.50203683e-07  1.80000000e+00  9.62426206e-03 
 2.50207893e-07  1.80000000e+00  8.84153489e-03 
 2.50216312e-07  1.80000000e+00  7.83870698e-03 
 2.50233150e-07  1.80000000e+00  6.33868176e-03 
 2.50266827e-07  1.80000000e+00  3.88281101e-03 
 2.50334179e-07  1.80000000e+00  1.79114340e-03 
 2.50415601e-07  1.80000000e+00  1.77739415e-04 
 2.50578444e-07  1.80000000e+00 -8.56081386e-04 
 2.50740208e-07  1.80000000e+00 -1.01165879e-03 
 2.51063735e-07  1.80000000e+00 -1.05860682e-04 
 2.51432606e-07  1.80000000e+00  1.08409402e-03 
 2.51999641e-07  1.80000000e+00  2.05570986e-03 
 2.52605294e-07  1.80000000e+00  9.59271453e-04 
 2.53305325e-07  1.80000000e+00  6.04150883e-04 
 2.54251186e-07  1.80000000e+00  3.90280744e-05 
 2.55267096e-07  1.80000000e+00 -5.21152846e-05 
 2.56208790e-07  1.80000000e+00  5.30318926e-04 
 2.57137037e-07  1.80000000e+00  5.69960765e-04 
 2.58161421e-07  1.80000000e+00  3.50075749e-04 
 2.59136950e-07  1.80000000e+00  5.75035037e-04 
 2.60806326e-07  1.80000000e+00  4.12202699e-04 
 2.63151139e-07  1.80000000e+00  4.65451399e-04 
 2.65566429e-07  1.80000000e+00  2.50947550e-04 
 2.69724087e-07  1.80000000e+00  2.37894353e-04 
 2.75756534e-07  1.80000000e+00  4.84188443e-05 
 2.87821427e-07  1.80000000e+00  7.85630983e-05 
 3.11951214e-07  1.80000000e+00 -3.94454281e-05 
 3.56893143e-07  1.80000000e+00  5.21753801e-05 
 4.46777001e-07  1.80000000e+00 -4.52855383e-05 
 5.00000000e-07  1.80000000e+00  4.94105797e-05 
 5.00010000e-07  1.62000000e+00 -8.25578883e-04 
 5.00030000e-07  1.26000000e+00 -2.17764680e-03 
 5.00070000e-07  5.40000000e-01 -3.55816482e-03 
 5.00100000e-07  0.00000000e+00 -4.41904602e-03 
 5.00104238e-07  0.00000000e+00 -4.12570791e-03 
 5.00112714e-07  0.00000000e+00 -3.50210399e-03 
 5.00129665e-07  0.00000000e+00 -2.83336774e-03 
 5.00163569e-07  0.00000000e+00 -2.17877222e-03 
 5.00231375e-07  0.00000000e+00 -1.18878681e-03 
 5.00366988e-07  0.00000000e+00 -3.99940558e-04 
 5.00554905e-07  0.00000000e+00  2.98714507e-05 
 5.00930739e-07  0.00000000e+00  5.51927521e-04 
 5.01441092e-07  0.00000000e+00 -5.94653474e-04 
 5.01987606e-07  0.00000000e+00 -6.57471182e-03 
 5.02571520e-07  0.00000000e+00 -1.32347085e-02 
 5.03298590e-07  0.00000000e+00  1.34671639e-02 
 5.03988200e-07  0.00000000e+00  7.83256114e-02 
 5.04868324e-07  0.00000000e+00  1.75002292e-01 
 5.05731613e-07  0.00000000e+00  2.71397959e-01 
 5.06711685e-07  0.00000000e+00  3.77704003e-01 
 5.07961834e-07  0.00000000e+00  5.06802874e-01 
 5.09473436e-07  0.00000000e+00  6.54598243e-01 
 5.11505708e-07  0.00000000e+00  8.45805630e-01 
 5.13937305e-07  0.00000000e+00  1.04103196e+00 
 5.15834670e-07  0.00000000e+00  1.16167688e+00 
 5.17885862e-07  0.00000000e+00  1.32528290e+00 
 5.20498715e-07  0.00000000e+00  1.56281923e+00 
 5.23121646e-07  0.00000000e+00  1.71950157e+00 
 5.25907000e-07  0.00000000e+00  1.77917156e+00 
 5.31216396e-07  0.00000000e+00  1.80136837e+00 
 5.38400497e-07  0.00000000e+00  1.79995551e+00 
 5.48665596e-07  0.00000000e+00  1.79999432e+00 
 5.69195795e-07  0.00000000e+00  1.80010837e+00 
 5.99925866e-07  0.00000000e+00  1.79991466e+00 
 6.61386008e-07  0.00000000e+00  1.80011118e+00 
 7.50100000e-07  9.52912066e-13  1.79989733e+00 
 7.50110000e-07  1.80000000e-01  1.80056827e+00 
 7.50130000e-07  5.40000000e-01  1.80190956e+00 
 7.50170000e-07  1.26000000e+00  1.80465414e+00 
 7.50200000e-07  1.80000000e+00  1.80657656e+00 
 7.50200745e-07  1.80000000e+00  1.80658309e+00 
 7.50202234e-07  1.80000000e+00  1.80654716e+00 
 7.50205212e-07  1.80000000e+00  1.80634887e+00 
 7.50211168e-07  1.80000000e+00  1.80599010e+00 
 7.50223081e-07  1.80000000e+00  1.80562433e+00 
 7.50246906e-07  1.80000000e+00  1.80527250e+00 
 7.50294556e-07  1.80000000e+00  1.80474704e+00 
 7.50389857e-07  1.80000000e+00  1.80403147e+00 
 7.50580459e-07  1.80000000e+00  1.80308984e+00 
 7.50956160e-07  1.80000000e+00  1.80218479e+00 
 7.51478183e-07  1.80000000e+00  1.80396698e+00 
 7.52135977e-07  1.80000000e+00  1.80524676e+00 
 7.52787143e-07  1.80000000e+00  1.80292428e+00 
 7.53535978e-07  1.80000000e+00  1.80089570e+00 
 7.54575466e-07  1.80000000e+00  1.79981428e+00 
 7.55318750e-07  1.80000000e+00  1.80010571e+00 
 7.56167401e-07  1.80000000e+00  1.80121486e+00 
 7.56917598e-07  1.80000000e+00  1.79960048e+00 
 7.57751935e-07  1.80000000e+00  1.79994339e+00 
 7.58784108e-07  1.80000000e+00  1.79977169e+00 
 7.59912429e-07  1.80000000e+00  1.79998293e+00 
 7.62169070e-07  1.80000000e+00  1.79988717e+00 
 7.64634678e-07  1.80000000e+00  1.80003291e+00 
 7.68697904e-07  1.80000000e+00  1.79994131e+00 
 7.74006183e-07  1.80000000e+00  1.80005598e+00 
 7.84622740e-07  1.80000000e+00  1.79995711e+00 
 8.05855856e-07  1.80000000e+00  1.80005651e+00 
 8.48322087e-07  1.80000000e+00  1.79995625e+00 
 9.33254549e-07  1.80000000e+00  1.80005386e+00 
 1.00000000e-06  1.80000000e+00  1.79995454e+00 
 1.00001000e-06  1.62000000e+00  1.79881233e+00 
 1.00003000e-06  1.26000000e+00  1.79679319e+00 
 1.00007000e-06  5.40000000e-01  1.79433934e+00 
 1.00010000e-06  0.00000000e+00  1.79311022e+00 
 1.00010421e-06  0.00000000e+00  1.79342167e+00 
 1.00011264e-06  0.00000000e+00  1.79417546e+00 
 1.00012950e-06  0.00000000e+00  1.79520653e+00 
 1.00016320e-06  0.00000000e+00  1.79632793e+00 
 1.00023062e-06  0.00000000e+00  1.79807263e+00 
 1.00036546e-06  0.00000000e+00  1.79979472e+00 
 1.00055264e-06  0.00000000e+00  1.80082444e+00 
 1.00092699e-06  0.00000000e+00  1.80156254e+00 
 1.00143646e-06  0.00000000e+00  1.80163695e+00 
 1.00198237e-06  0.00000000e+00  1.80086578e+00 
 1.00256121e-06  0.00000000e+00  1.79927198e+00 
 1.00320619e-06  0.00000000e+00  1.79801722e+00 
 1.00387913e-06  0.00000000e+00  1.79885253e+00 
 1.00466734e-06  0.00000000e+00  1.79854501e+00 
 1.00548723e-06  0.00000000e+00  1.79964935e+00 
 1.00635291e-06  0.00000000e+00  1.79457461e+00 
 1.00730621e-06  0.00000000e+00  1.79188507e+00 
 1.00811008e-06  0.00000000e+00  1.79086196e+00 
 1.00904933e-06  0.00000000e+00  1.78802159e+00 
 1.00997877e-06  0.00000000e+00  1.79064406e+00 
 1.01119386e-06  0.00000000e+00  1.79446188e+00 
 1.01294089e-06  0.00000000e+00  1.79745907e+00 
 1.01554401e-06  0.00000000e+00  1.79930954e+00 
 1.01798696e-06  0.00000000e+00  1.80000829e+00 
 1.02016893e-06  0.00000000e+00  1.80016269e+00 
 1.02200103e-06  0.00000000e+00  1.79946775e+00 
 1.02397081e-06  0.00000000e+00  1.79936279e+00 
 1.02578823e-06  0.00000000e+00  1.79850049e+00 
 1.02762279e-06  0.00000000e+00  1.79826040e+00 
 1.02995566e-06  0.00000000e+00  1.79943977e+00 
 1.03217258e-06  0.00000000e+00  1.79978176e+00 
 1.03521249e-06  0.00000000e+00  1.79992374e+00 
 1.03941026e-06  0.00000000e+00  1.79998805e+00 
 1.04517410e-06  0.00000000e+00  1.79996340e+00 
 1.05440362e-06  0.00000000e+00  1.79999686e+00 
 1.06831082e-06  0.00000000e+00  1.79996696e+00 
 1.08521148e-06  0.00000000e+00  1.80000068e+00 
 1.09948214e-06  0.00000000e+00  1.79991849e+00 
 1.11147387e-06  0.00000000e+00  1.80009578e+00 
 1.12090484e-06  0.00000000e+00  1.79990446e+00 
 1.13077216e-06  0.00000000e+00  1.80008171e+00 
 1.13839980e-06  0.00000000e+00  1.79991449e+00 
 1.14613302e-06  0.00000000e+00  1.80006754e+00 
 1.15312588e-06  0.00000000e+00  1.79991747e+00 
 1.16049504e-06  0.00000000e+00  1.80006201e+00 
 1.17491037e-06  0.00000000e+00  1.79992422e+00 
 1.19032704e-06  0.00000000e+00  1.80005938e+00 
 1.21812786e-06  0.00000000e+00  1.79992862e+00 
 1.25010000e-06  0.00000000e+00  1.80005900e+00 
 1.25011000e-06  1.80000000e-01  1.80082429e+00 
 1.25013000e-06  5.40000000e-01  1.80236856e+00 
 1.25017000e-06  1.26000000e+00  1.80532969e+00 
 1.25020000e-06  1.80000000e+00  1.80740266e+00 
 1.25020076e-06  1.80000000e+00  1.80741672e+00 
 1.25020228e-06  1.80000000e+00  1.80739187e+00 
 1.25020531e-06  1.80000000e+00  1.80719131e+00 
 1.25021138e-06  1.80000000e+00  1.80679639e+00 
 1.25022351e-06  1.80000000e+00  1.80637355e+00 
 1.25024778e-06  1.80000000e+00  1.80593919e+00 
 1.25029632e-06  1.80000000e+00  1.80528028e+00 
 1.25039340e-06  1.80000000e+00  1.80438992e+00 
 1.25058756e-06  1.80000000e+00  1.80326757e+00 
 1.25092775e-06  1.80000000e+00  1.80225898e+00 
 1.25146892e-06  1.80000000e+00  1.80355560e+00 
 1.25210552e-06  1.80000000e+00  1.80492901e+00 
 1.25276434e-06  1.80000000e+00  1.80248838e+00 
 1.25350295e-06  1.80000000e+00  1.80062076e+00 
 1.25453120e-06  1.80000000e+00  1.79978469e+00 
 1.25524783e-06  1.80000000e+00  1.79977332e+00 
 1.25606290e-06  1.80000000e+00  1.79980180e+00 
 1.25698906e-06  1.80000000e+00  1.79977886e+00 
 1.25793627e-06  1.80000000e+00  1.79983085e+00 
 1.25915845e-06  1.80000000e+00  1.79986875e+00 
 1.26128870e-06  1.80000000e+00  1.79992186e+00 
 1.26335949e-06  1.80000000e+00  1.79994784e+00 
 1.26676156e-06  1.80000000e+00  1.79997765e+00 
 1.27091616e-06  1.80000000e+00  1.79999024e+00 
 1.27922537e-06  1.80000000e+00  1.80000015e+00 
 1.29584377e-06  1.80000000e+00  1.79999938e+00 
 1.32561629e-06  1.80000000e+00  1.80000047e+00 
 1.38516132e-06  1.80000000e+00  1.79999940e+00 
 1.50000000e-06  1.80000000e+00  1.80000047e+00 
 1.50001000e-06  1.62000000e+00  1.79880480e+00 
 1.50003000e-06  1.26000000e+00  1.79662938e+00 
 1.50007000e-06  5.40000000e-01  1.79393123e+00 
 1.50010000e-06  0.00000000e+00  1.79256795e+00 
 1.50010426e-06  0.00000000e+00  1.79286118e+00 
 1.50011277e-06  0.00000000e+00  1.79361785e+00 
 1.50012981e-06  0.00000000e+00  1.79472512e+00 
 1.50016387e-06  0.00000000e+00  1.79592925e+00 
 1.50023200e-06  0.00000000e+00  1.79779574e+00 
 1.50036826e-06  0.00000000e+00  1.79962236e+00 
 1.50054895e-06  0.00000000e+00  1.80069520e+00 
 1.50091032e-06  0.00000000e+00  1.80149203e+00 
 1.50142041e-06  0.00000000e+00  1.80165019e+00 
 1.50197088e-06  0.00000000e+00  1.80092744e+00 
 1.50251263e-06  0.00000000e+00  1.79945707e+00 
 1.50321046e-06  0.00000000e+00  1.79776373e+00 
 1.50385481e-06  0.00000000e+00  1.79786845e+00 
 1.50462717e-06  0.00000000e+00  1.79832705e+00 
 1.50544280e-06  0.00000000e+00  1.79886980e+00 
 1.50635373e-06  0.00000000e+00  1.79922907e+00 
 1.50757730e-06  0.00000000e+00  1.79956355e+00 
 1.50880251e-06  0.00000000e+00  1.79967517e+00 
 1.51013459e-06  0.00000000e+00  1.79986700e+00 
 1.51162894e-06  0.00000000e+00  1.79988031e+00 
 1.51310158e-06  0.00000000e+00  1.79996482e+00 
 1.51460466e-06  0.00000000e+00  1.79992808e+00 
 1.51619189e-06  0.00000000e+00  1.79999122e+00 
 1.51783182e-06  0.00000000e+00  1.79994351e+00 
 1.51965048e-06  0.00000000e+00  1.79999874e+00 
 1.52328779e-06  0.00000000e+00  1.79994951e+00 
 1.53056243e-06  0.00000000e+00  1.80000412e+00 
 1.54286609e-06  0.00000000e+00  1.79995532e+00 
 1.56747340e-06  0.00000000e+00  1.80001155e+00 
 1.61668802e-06  0.00000000e+00  1.79996437e+00 
 1.71511726e-06  0.00000000e+00  1.80002025e+00 
 1.75010000e-06  0.00000000e+00  1.79996910e+00 
 1.75011000e-06  1.80000000e-01  1.80067088e+00 
 1.75013000e-06  5.40000000e-01  1.80210376e+00 
 1.75017000e-06  1.26000000e+00  1.80500987e+00 
 1.75020000e-06  1.80000000e+00  1.80710489e+00 
 1.75020074e-06  1.80000000e+00  1.80711932e+00 
 1.75020223e-06  1.80000000e+00  1.80709735e+00 
 1.75020521e-06  1.80000000e+00  1.80690751e+00 
 1.75021117e-06  1.80000000e+00  1.80653088e+00 
 1.75022309e-06  1.80000000e+00  1.80613115e+00 
 1.75024693e-06  1.80000000e+00  1.80573435e+00 
 1.75029460e-06  1.80000000e+00  1.80513158e+00 
 1.75038993e-06  1.80000000e+00  1.80430476e+00 
 1.75058061e-06  1.80000000e+00  1.80324465e+00 
 1.75091424e-06  1.80000000e+00  1.80225040e+00 
 1.75145715e-06  1.80000000e+00  1.80351559e+00 
 1.75208430e-06  1.80000000e+00  1.80503150e+00 
 1.75275225e-06  1.80000000e+00  1.80259982e+00 
 1.75348287e-06  1.80000000e+00  1.80063416e+00 
 1.75450637e-06  1.80000000e+00  1.79953207e+00 
 1.75524559e-06  1.80000000e+00  1.79961800e+00 
 1.75609900e-06  1.80000000e+00  1.80002237e+00 
 1.75684417e-06  1.80000000e+00  1.80034237e+00 
 1.75767018e-06  1.80000000e+00  1.80085910e+00 
 1.75867680e-06  1.80000000e+00  1.80116987e+00 
 1.75979952e-06  1.80000000e+00  1.80110819e+00 
 1.76094648e-06  1.80000000e+00  1.80083849e+00 
 1.76260589e-06  1.80000000e+00  1.80059982e+00 
 1.76448539e-06  1.80000000e+00  1.80041009e+00 
 1.76700494e-06  1.80000000e+00  1.80024060e+00 
 1.77023749e-06  1.80000000e+00  1.80011018e+00 
 1.77488256e-06  1.80000000e+00  1.80004005e+00 
 1.78417270e-06  1.80000000e+00  1.79999680e+00 
 1.80075053e-06  1.80000000e+00  1.80000284e+00 
 1.83390619e-06  1.80000000e+00  1.79999710e+00 
 1.90021751e-06  1.80000000e+00  1.80000276e+00 
 2.00000000e-06  1.80000000e+00  1.79999712e+00 
 2.00001000e-06  1.62000000e+00  1.79880076e+00 
 2.00003000e-06  1.26000000e+00  1.79663212e+00 
 2.00007000e-06  5.40000000e-01  1.79394574e+00 
 2.00010000e-06  3.67639252e-12  1.79258009e+00 
 2.00010421e-06  0.00000000e+00  1.79287014e+00 
 2.00011264e-06  0.00000000e+00  1.79362105e+00 
 2.00012948e-06  0.00000000e+00  1.79472336e+00 
 2.00016318e-06  0.00000000e+00  1.79591780e+00 
 2.00023057e-06  0.00000000e+00  1.79777248e+00 
 2.00036535e-06  0.00000000e+00  1.79959577e+00 
 2.00054487e-06  0.00000000e+00  1.80067746e+00 
 2.00090392e-06  0.00000000e+00  1.80148145e+00 
 2.00141340e-06  0.00000000e+00  1.80166512e+00 
 2.00196333e-06  0.00000000e+00  1.80095834e+00 
 2.00254509e-06  0.00000000e+00  1.79937835e+00 
 2.00319318e-06  0.00000000e+00  1.79796371e+00 
 2.00387066e-06  0.00000000e+00  1.79878583e+00 
 2.00462744e-06  0.00000000e+00  1.79776745e+00 
 2.00543632e-06  0.00000000e+00  1.79863787e+00 
 2.00621366e-06  0.00000000e+00  1.79987246e+00 
 2.00701640e-06  0.00000000e+00  1.80048784e+00 
 2.00786558e-06  0.00000000e+00  1.80074756e+00 
 2.00874793e-06  0.00000000e+00  1.80032370e+00 
 2.00965476e-06  0.00000000e+00  1.80032163e+00 
 2.01103417e-06  0.00000000e+00  1.80007075e+00 
 2.01234066e-06  0.00000000e+00  1.80009926e+00 
 2.01426137e-06  0.00000000e+00  1.79998772e+00 
 2.01621524e-06  0.00000000e+00  1.80009460e+00 
 2.01807586e-06  0.00000000e+00  1.80022248e+00 
 2.02010600e-06  0.00000000e+00  1.80033370e+00 
 2.02175132e-06  0.00000000e+00  1.79962157e+00 
 2.02353815e-06  0.00000000e+00  1.79924819e+00 
 2.02525794e-06  0.00000000e+00  1.79931128e+00 
 2.02702984e-06  0.00000000e+00  1.79819029e+00 
 2.02922196e-06  0.00000000e+00  1.79886390e+00 
 2.03121652e-06  0.00000000e+00  1.79961590e+00 
 2.03441940e-06  0.00000000e+00  1.79988481e+00 
 2.03848740e-06  0.00000000e+00  1.79998622e+00 
 2.04650892e-06  0.00000000e+00  1.79996767e+00 
 2.06098184e-06  0.00000000e+00  1.79999447e+00 
 2.08662325e-06  0.00000000e+00  1.79997474e+00 
 2.13260959e-06  0.00000000e+00  1.80000236e+00 
 2.18061329e-06  0.00000000e+00  1.79998106e+00 
 2.22660416e-06  0.00000000e+00  1.80002929e+00 
 2.25010000e-06  0.00000000e+00  1.79989435e+00 
 2.25011000e-06  1.80000000e-01  1.80052781e+00 
 2.25013000e-06  5.40000000e-01  1.80192537e+00 
 2.25017000e-06  1.26000000e+00  1.80485667e+00 
 2.25020000e-06  1.80000000e+00  1.80692991e+00 
 2.25020076e-06  1.80000000e+00  1.80694523e+00 
 2.25020228e-06  1.80000000e+00  1.80692264e+00 
 2.25020531e-06  1.80000000e+00  1.80672909e+00 
 2.25021138e-06  1.80000000e+00  1.80636137e+00 
 2.25022351e-06  1.80000000e+00  1.80598307e+00 
 2.25024778e-06  1.80000000e+00  1.80560376e+00 
 2.25029633e-06  1.80000000e+00  1.80502263e+00 
 2.25039341e-06  1.80000000e+00  1.80422670e+00 
 2.25058758e-06  1.80000000e+00  1.80322760e+00 
 2.25092712e-06  1.80000000e+00  1.80232514e+00 
 2.25146435e-06  1.80000000e+00  1.80365283e+00 
 2.25210294e-06  1.80000000e+00  1.80509021e+00 
 2.25275922e-06  1.80000000e+00  1.80277193e+00 
 2.25349546e-06  1.80000000e+00  1.80112946e+00 
 2.25451873e-06  1.80000000e+00  1.80019150e+00 
 2.25526184e-06  1.80000000e+00  1.79959409e+00 
 2.25611471e-06  1.80000000e+00  1.79878722e+00 
 2.25700049e-06  1.80000000e+00  1.79834016e+00 
 2.25792654e-06  1.80000000e+00  1.79850225e+00 
 2.25921329e-06  1.80000000e+00  1.79881012e+00 
 2.26102962e-06  1.80000000e+00  1.79921094e+00 
 2.26321437e-06  1.80000000e+00  1.79950676e+00 
 2.26639613e-06  1.80000000e+00  1.79976554e+00 
 2.27065040e-06  1.80000000e+00  1.79991007e+00 
 2.27915894e-06  1.80000000e+00  1.79999885e+00 
 2.29617602e-06  1.80000000e+00  1.79999879e+00 
 2.32569180e-06  1.80000000e+00  1.80000145e+00 
 2.38472337e-06  1.80000000e+00  1.79999833e+00 
 2.44618909e-06  1.80000000e+00  1.80000160e+00 
 2.50000000e-06  1.80000000e+00  1.79999814e+00 
 2.50001000e-06  1.62000000e+00  1.79880301e+00 
 2.50003000e-06  1.26000000e+00  1.79665447e+00 
 2.50007000e-06  5.40000000e-01  1.79397603e+00 
 2.50010000e-06  3.67639252e-12  1.79258030e+00 
 2.50010421e-06  0.00000000e+00  1.79286537e+00 
 2.50011264e-06  0.00000000e+00  1.79359708e+00 
 2.50012948e-06  0.00000000e+00  1.79465311e+00 
 2.50016318e-06  0.00000000e+00  1.79583854e+00 
 2.50023056e-06  0.00000000e+00  1.79772313e+00 
 2.50036534e-06  0.00000000e+00  1.79961450e+00 
 2.50054485e-06  0.00000000e+00  1.80072425e+00 
 2.50090386e-06  0.00000000e+00  1.80153494e+00 
 2.50141277e-06  0.00000000e+00  1.80149917e+00 
 2.50196225e-06  0.00000000e+00  1.80044804e+00 
 2.50254840e-06  0.00000000e+00  1.79905782e+00 
 2.50319316e-06  0.00000000e+00  1.79851493e+00 
 2.50386971e-06  0.00000000e+00  1.79930672e+00 
 2.50463561e-06  0.00000000e+00  1.79963301e+00 
 2.50545568e-06  0.00000000e+00  1.79973551e+00 
 2.50636820e-06  0.00000000e+00  1.79980042e+00 
 2.50755443e-06  0.00000000e+00  1.79989541e+00 
 2.50879376e-06  0.00000000e+00  1.79984219e+00 
 2.51006247e-06  0.00000000e+00  1.79998631e+00 
 2.51145905e-06  0.00000000e+00  1.79992425e+00 
 2.51300853e-06  0.00000000e+00  1.79999544e+00 
 2.51458767e-06  0.00000000e+00  1.79992827e+00 
 2.51617704e-06  0.00000000e+00  1.79999986e+00 
 2.51784562e-06  0.00000000e+00  1.79993196e+00 
 2.51968856e-06  0.00000000e+00  1.80000210e+00 
 2.52337443e-06  0.00000000e+00  1.79993537e+00 
 2.53074618e-06  0.00000000e+00  1.80000708e+00 
 2.54380297e-06  0.00000000e+00  1.79993953e+00 
 2.56454532e-06  0.00000000e+00  1.79999987e+00 
 2.58369323e-06  0.00000000e+00  1.79998858e+00 
 2.59797037e-06  0.00000000e+00  1.79998944e+00 
 2.61139156e-06  0.00000000e+00  1.79999526e+00 
 2.62360134e-06  0.00000000e+00  1.79998663e+00 
 2.63484404e-06  0.00000000e+00  1.79999454e+00 
 2.64490452e-06  0.00000000e+00  1.79998792e+00 
 2.65761790e-06  0.00000000e+00  1.79999365e+00 
 2.68299441e-06  0.00000000e+00  1.79999174e+00 
 2.71304232e-06  0.00000000e+00  1.79999420e+00 
 2.75010000e-06  0.00000000e+00  1.79999486e+00 
 2.75011000e-06  1.80000000e-01  1.80064448e+00 
 2.75013000e-06  5.40000000e-01  1.80204945e+00 
 2.75017000e-06  1.26000000e+00  1.80495907e+00 
 2.75020000e-06  1.80000000e+00  1.80703489e+00 
 2.75020076e-06  1.80000000e+00  1.80704955e+00 
 2.75020228e-06  1.80000000e+00  1.80702744e+00 
 2.75020531e-06  1.80000000e+00  1.80683845e+00 
 2.75021138e-06  1.80000000e+00  1.80646525e+00 
 2.75022352e-06  1.80000000e+00  1.80606996e+00 
 2.75024779e-06  1.80000000e+00  1.80567915e+00 
 2.75029634e-06  1.80000000e+00  1.80508348e+00 
 2.75039345e-06  1.80000000e+00  1.80426769e+00 
 2.75058766e-06  1.80000000e+00  1.80321104e+00 
 2.75092645e-06  1.80000000e+00  1.80224845e+00 
 2.75146339e-06  1.80000000e+00  1.80356161e+00 
 2.75210141e-06  1.80000000e+00  1.80498245e+00 
 2.75275763e-06  1.80000000e+00  1.80257308e+00 
 2.75349380e-06  1.80000000e+00  1.80061208e+00 
 2.75451501e-06  1.80000000e+00  1.79952136e+00 
 2.75526289e-06  1.80000000e+00  1.79960049e+00 
 2.75612120e-06  1.80000000e+00  1.80001820e+00 
 2.75686990e-06  1.80000000e+00  1.80033569e+00 
 2.75769819e-06  1.80000000e+00  1.80085662e+00 
 2.75871120e-06  1.80000000e+00  1.80116726e+00 
 2.75983840e-06  1.80000000e+00  1.80110273e+00 
 2.76097810e-06  1.80000000e+00  1.80083557e+00 
 2.76264055e-06  1.80000000e+00  1.80059672e+00 
 2.76454156e-06  1.80000000e+00  1.80040709e+00 
 2.76706474e-06  1.80000000e+00  1.80023759e+00 
 2.77031487e-06  1.80000000e+00  1.80010928e+00 
 2.77498131e-06  1.80000000e+00  1.80003861e+00 
 2.78431421e-06  1.80000000e+00  1.79999746e+00 
 2.80102442e-06  1.80000000e+00  1.80000211e+00 
 2.83444484e-06  1.80000000e+00  1.79999779e+00 
 2.90128568e-06  1.80000000e+00  1.80000202e+00 
 3.00000000e-06  1.80000000e+00  1.79999787e+00 
 3.00001000e-06  1.62000000e+00  1.79880342e+00 
 3.00003000e-06  1.26000000e+00  1.79664452e+00 
 3.00007000e-06  5.40000000e-01  1.79395922e+00 
 3.00010000e-06  3.67639252e-12  1.79258818e+00 
 3.00010421e-06  0.00000000e+00  1.79287994e+00 
 3.00011264e-06  0.00000000e+00  1.79363230e+00 
 3.00012948e-06  0.00000000e+00  1.79473209e+00 
 3.00016318e-06  0.00000000e+00  1.79592482e+00 
 3.00023057e-06  0.00000000e+00  1.79777700e+00 
 3.00036535e-06  0.00000000e+00  1.79959756e+00 
 3.00054488e-06  0.00000000e+00  1.80067819e+00 
 3.00090396e-06  0.00000000e+00  1.80148134e+00 
 3.00141297e-06  0.00000000e+00  1.80166418e+00 
 3.00196251e-06  0.00000000e+00  1.80095733e+00 
 3.00254532e-06  0.00000000e+00  1.79937534e+00 
 3.00319363e-06  0.00000000e+00  1.79796120e+00 
 3.00387145e-06  0.00000000e+00  1.79878042e+00 
 3.00462835e-06  0.00000000e+00  1.79778729e+00 
 3.00543720e-06  0.00000000e+00  1.79861827e+00 
 3.00628538e-06  0.00000000e+00  1.79997170e+00 
 3.00707415e-06  0.00000000e+00  1.80049948e+00 
 3.00795245e-06  0.00000000e+00  1.80074837e+00 
 3.00886285e-06  0.00000000e+00  1.80030019e+00 
 3.00977658e-06  0.00000000e+00  1.80032017e+00 
 3.01109043e-06  0.00000000e+00  1.80006477e+00 
 3.01258927e-06  0.00000000e+00  1.80010136e+00 
 3.01473501e-06  0.00000000e+00  1.79998845e+00 
 3.01630375e-06  0.00000000e+00  1.80010717e+00 
 3.01798699e-06  0.00000000e+00  1.80023489e+00 
 3.01977954e-06  0.00000000e+00  1.80036123e+00 
 3.02119208e-06  0.00000000e+00  1.79975087e+00 
 3.02258660e-06  0.00000000e+00  1.79913491e+00 
 3.02425934e-06  0.00000000e+00  1.79969728e+00 
 3.02585646e-06  0.00000000e+00  1.79848843e+00 
 3.02733845e-06  0.00000000e+00  1.79820741e+00 
 3.02928939e-06  0.00000000e+00  1.79912640e+00 
 3.03172060e-06  0.00000000e+00  1.79976380e+00 
 3.03434549e-06  0.00000000e+00  1.79991661e+00 
 3.03880953e-06  0.00000000e+00  1.80013725e+00 
 3.04328108e-06  0.00000000e+00  1.80048129e+00 
 3.04641275e-06  0.00000000e+00  1.79894883e+00 
 3.04933961e-06  0.00000000e+00  1.80031270e+00 
 3.05223455e-06  0.00000000e+00  1.79973704e+00 
 3.05524226e-06  0.00000000e+00  1.80006289e+00 
 3.05993249e-06  0.00000000e+00  1.79993772e+00 
 3.06493680e-06  0.00000000e+00  1.79998301e+00 
 3.07238851e-06  0.00000000e+00  1.80000405e+00 
 3.08203594e-06  0.00000000e+00  1.79995172e+00 
 3.09626933e-06  0.00000000e+00  1.80003013e+00 
 3.11648028e-06  0.00000000e+00  1.79994098e+00 
 3.14558966e-06  0.00000000e+00  1.80004336e+00 
 3.18536746e-06  0.00000000e+00  1.79993812e+00 
 3.22094112e-06  0.00000000e+00  1.80005180e+00 
 3.25010000e-06  0.00000000e+00  1.79993344e+00 
 3.25011000e-06  1.80000000e-01  1.80077786e+00 
 3.25013000e-06  5.40000000e-01  1.80223978e+00 
 3.25017000e-06  1.26000000e+00  1.80505812e+00 
 3.25020000e-06  1.80000000e+00  1.80713124e+00 
 3.25020075e-06  1.80000000e+00  1.80714165e+00 
 3.25020224e-06  1.80000000e+00  1.80711255e+00 
 3.25020522e-06  1.80000000e+00  1.80691535e+00 
 3.25021118e-06  1.80000000e+00  1.80654417e+00 
 3.25022310e-06  1.80000000e+00  1.80615834e+00 
 3.25024694e-06  1.80000000e+00  1.80576529e+00 
 3.25029463e-06  1.80000000e+00  1.80515833e+00 
 3.25039000e-06  1.80000000e+00  1.80431206e+00 
 3.25058075e-06  1.80000000e+00  1.80323650e+00 
 3.25091391e-06  1.80000000e+00  1.80223808e+00 
 3.25145392e-06  1.80000000e+00  1.80349355e+00 
 3.25208155e-06  1.80000000e+00  1.80506283e+00 
 3.25274776e-06  1.80000000e+00  1.80274137e+00 
 3.25347931e-06  1.80000000e+00  1.80109238e+00 
 3.25449841e-06  1.80000000e+00  1.80016325e+00 
 3.25524791e-06  1.80000000e+00  1.79957782e+00 
 3.25611439e-06  1.80000000e+00  1.79876492e+00 
 3.25698819e-06  1.80000000e+00  1.79831986e+00 
 3.25790747e-06  1.80000000e+00  1.79847366e+00 
 3.25922599e-06  1.80000000e+00  1.79879739e+00 
 3.26096512e-06  1.80000000e+00  1.79918515e+00 
 3.26319504e-06  1.80000000e+00  1.79949977e+00 
 3.26630152e-06  1.80000000e+00  1.79975426e+00 
 3.27060445e-06  1.80000000e+00  1.79991030e+00 
 3.27921032e-06  1.80000000e+00  1.79999703e+00 
 3.29602078e-06  1.80000000e+00  1.80000092e+00 
 3.32510553e-06  1.80000000e+00  1.79999925e+00 
 3.38327502e-06  1.80000000e+00  1.80000053e+00 
 3.49726599e-06  1.80000000e+00  1.79999935e+00 
 3.50000000e-06  1.80000000e+00  1.80000093e+00 
 3.50001000e-06  1.62000000e+00  1.79880662e+00 
 3.50003000e-06  1.26000000e+00  1.79666394e+00 
 3.50007000e-06  5.40000000e-01  1.79398689e+00 
 3.50010000e-06  3.67639252e-12  1.79258789e+00 
 3.50010421e-06  0.00000000e+00  1.79287484e+00 
 3.50011263e-06  0.00000000e+00  1.79360836e+00 
 3.50012948e-06  0.00000000e+00  1.79466203e+00 
 3.50016317e-06  0.00000000e+00  1.79584455e+00 
 3.50023056e-06  0.00000000e+00  1.79772586e+00 
 3.50036533e-06  0.00000000e+00  1.79961297e+00 
 3.50054491e-06  0.00000000e+00  1.80072347e+00 
 3.50090407e-06  0.00000000e+00  1.80153597e+00 
 3.50141314e-06  0.00000000e+00  1.80150149e+00 
 3.50196272e-06  0.00000000e+00  1.80044842e+00 
 3.50254885e-06  0.00000000e+00  1.79904932e+00 
 3.50319374e-06  0.00000000e+00  1.79850471e+00 
 3.50387029e-06  0.00000000e+00  1.79931043e+00 
 3.50463649e-06  0.00000000e+00  1.79963945e+00 
 3.50545698e-06  0.00000000e+00  1.79973802e+00 
 3.50631673e-06  0.00000000e+00  1.79979717e+00 
 3.50751963e-06  0.00000000e+00  1.79989548e+00 
 3.50871803e-06  0.00000000e+00  1.79984006e+00 
 3.51000675e-06  0.00000000e+00  1.79998493e+00 
 3.51145097e-06  0.00000000e+00  1.79992424e+00 
 3.51291967e-06  0.00000000e+00  1.79999493e+00 
 3.51433164e-06  0.00000000e+00  1.79992787e+00 
 3.51582822e-06  0.00000000e+00  1.79999964e+00 
 3.51733122e-06  0.00000000e+00  1.79993186e+00 
 3.51907119e-06  0.00000000e+00  1.80000187e+00 
 3.52255112e-06  0.00000000e+00  1.79993567e+00 
 3.52871813e-06  0.00000000e+00  1.80000682e+00 
 3.54105214e-06  0.00000000e+00  1.79994358e+00 
 3.56572016e-06  0.00000000e+00  1.80001731e+00 
 3.61505620e-06  0.00000000e+00  1.79995545e+00 
 3.71372828e-06  0.00000000e+00  1.80002790e+00 
 3.75010000e-06  0.00000000e+00  1.79996092e+00 
 3.75011000e-06  1.80000000e-01  1.80065044e+00 
 3.75013000e-06  5.40000000e-01  1.80207164e+00 
 3.75017000e-06  1.26000000e+00  1.80498962e+00 
 3.75020000e-06  1.80000000e+00  1.80706067e+00 
 3.75020074e-06  1.80000000e+00  1.80707392e+00 
 3.75020223e-06  1.80000000e+00  1.80704899e+00 
 3.75020521e-06  1.80000000e+00  1.80685670e+00 
 3.75021117e-06  1.80000000e+00  1.80649253e+00 
 3.75022309e-06  1.80000000e+00  1.80611618e+00 
 3.75024692e-06  1.80000000e+00  1.80573733e+00 
 3.75029459e-06  1.80000000e+00  1.80514386e+00 
 3.75038993e-06  1.80000000e+00  1.80430591e+00 
 3.75058060e-06  1.80000000e+00  1.80323365e+00 
 3.75091409e-06  1.80000000e+00  1.80224254e+00 
 3.75145348e-06  1.80000000e+00  1.80350777e+00 
 3.75208143e-06  1.80000000e+00  1.80507668e+00 
 3.75274727e-06  1.80000000e+00  1.80276077e+00 
 3.75347891e-06  1.80000000e+00  1.80112252e+00 
 3.75449733e-06  1.80000000e+00  1.80028253e+00 
 3.75523498e-06  1.80000000e+00  1.79976631e+00 
 3.75608916e-06  1.80000000e+00  1.79898127e+00 
 3.75682916e-06  1.80000000e+00  1.79839920e+00 
 3.75765564e-06  1.80000000e+00  1.79836277e+00 
 3.75866285e-06  1.80000000e+00  1.79859793e+00 
 3.75978280e-06  1.80000000e+00  1.79887468e+00 
 3.76202272e-06  1.80000000e+00  1.79932421e+00 
 3.76438790e-06  1.80000000e+00  1.79959009e+00 
 3.76836714e-06  1.80000000e+00  1.79984820e+00 
 3.77331466e-06  1.80000000e+00  1.79994430e+00 
 3.78320970e-06  1.80000000e+00  1.80000965e+00 
 3.80299978e-06  1.80000000e+00  1.79999125e+00 
 3.84177144e-06  1.80000000e+00  1.80000837e+00 
 3.91931476e-06  1.80000000e+00  1.79999159e+00 
 4.00000000e-06  1.80000000e+00  1.80000826e+00 
 4.00001000e-06  1.62000000e+00  1.79881325e+00 
 4.00003000e-06  1.26000000e+00  1.79667261e+00 
 4.00007000e-06  5.40000000e-01  1.79399478e+00 
 4.00010000e-06  0.00000000e+00  1.79259308e+00 
 4.00010421e-06  0.00000000e+00  1.79288163e+00 
 4.00011264e-06  0.00000000e+00  1.79361590e+00 
 4.00012948e-06  0.00000000e+00  1.79466644e+00 
 4.00016318e-06  0.00000000e+00  1.79584629e+00 
 4.00023056e-06  0.00000000e+00  1.79772634e+00 
 4.00036534e-06  0.00000000e+00  1.79961583e+00 
 4.00054487e-06  0.00000000e+00  1.80072671e+00 
 4.00090394e-06  0.00000000e+00  1.80153706e+00 
 4.00141301e-06  0.00000000e+00  1.80149546e+00 
 4.00196259e-06  0.00000000e+00  1.80044110e+00 
 4.00254710e-06  0.00000000e+00  1.79905800e+00 
 4.00319564e-06  0.00000000e+00  1.79850491e+00 
 4.00387414e-06  0.00000000e+00  1.79922986e+00 
 4.00463348e-06  0.00000000e+00  1.79959895e+00 
 4.00545048e-06  0.00000000e+00  1.79975113e+00 
 4.00635326e-06  0.00000000e+00  1.79978632e+00 
 4.00727964e-06  0.00000000e+00  1.79993529e+00 
 4.00808215e-06  0.00000000e+00  1.79987333e+00 
 4.00904463e-06  0.00000000e+00  1.79996594e+00 
 4.00996265e-06  0.00000000e+00  1.79990254e+00 
 4.01119093e-06  0.00000000e+00  1.79998379e+00 
 4.01292274e-06  0.00000000e+00  1.79992991e+00 
 4.01527022e-06  0.00000000e+00  1.80004718e+00 
 4.01786293e-06  0.00000000e+00  1.80019488e+00 
 4.02003833e-06  0.00000000e+00  1.80026161e+00 
 4.02176056e-06  0.00000000e+00  1.79953526e+00 
 4.02338287e-06  0.00000000e+00  1.79936815e+00 
 4.02524258e-06  0.00000000e+00  1.79906948e+00 
 4.02692760e-06  0.00000000e+00  1.79817496e+00 
 4.02911090e-06  0.00000000e+00  1.79894467e+00 
 4.03111256e-06  0.00000000e+00  1.79968676e+00 
 4.03391184e-06  0.00000000e+00  1.79982897e+00 
 4.03762156e-06  0.00000000e+00  1.80002127e+00 
 4.04346475e-06  0.00000000e+00  1.79992551e+00 
 4.05306086e-06  0.00000000e+00  1.80003393e+00 
 4.06874955e-06  0.00000000e+00  1.79993075e+00 
 4.09495111e-06  0.00000000e+00  1.80004050e+00 
 4.11981971e-06  0.00000000e+00  1.79993713e+00 
 4.14345469e-06  0.00000000e+00  1.80004317e+00 
 4.17096142e-06  0.00000000e+00  1.79994044e+00 
 4.20289545e-06  0.00000000e+00  1.80004536e+00 
 4.25010000e-06  6.67038446e-12  1.79994298e+00 
 4.25011000e-06  1.80000000e-01  1.80063443e+00 
 4.25013000e-06  5.40000000e-01  1.80205823e+00 
 4.25017000e-06  1.26000000e+00  1.80498032e+00 
 4.25020000e-06  1.80000000e+00  1.80705012e+00 
 4.25020074e-06  1.80000000e+00  1.80706299e+00 
 4.25020223e-06  1.80000000e+00  1.80703732e+00 
 4.25020521e-06  1.80000000e+00  1.80684446e+00 
 4.25021117e-06  1.80000000e+00  1.80648068e+00 
 4.25022309e-06  1.80000000e+00  1.80610573e+00 
 4.25024693e-06  1.80000000e+00  1.80573014e+00 
 4.25029460e-06  1.80000000e+00  1.80514280e+00 
 4.25038995e-06  1.80000000e+00  1.80431021e+00 
 4.25058065e-06  1.80000000e+00  1.80323549e+00 
 4.25091093e-06  1.80000000e+00  1.80224212e+00 
 4.25145253e-06  1.80000000e+00  1.80349626e+00 
 4.25207748e-06  1.80000000e+00  1.80508097e+00 
 4.25274525e-06  1.80000000e+00  1.80276094e+00 
 4.25347600e-06  1.80000000e+00  1.80110257e+00 
 4.25449408e-06  1.80000000e+00  1.80016734e+00 
 4.25524417e-06  1.80000000e+00  1.79958140e+00 
 4.25611213e-06  1.80000000e+00  1.79877194e+00 
 4.25698400e-06  1.80000000e+00  1.79832264e+00 
 4.25790265e-06  1.80000000e+00  1.79847617e+00 
 4.25923470e-06  1.80000000e+00  1.79880167e+00 
 4.26096469e-06  1.80000000e+00  1.79918706e+00 
 4.26323332e-06  1.80000000e+00  1.79950531e+00 
 4.26630530e-06  1.80000000e+00  1.79975483e+00 
 4.27065854e-06  1.80000000e+00  1.79991191e+00 
 4.27936501e-06  1.80000000e+00  1.79999740e+00 
 4.29604365e-06  1.80000000e+00  1.80000095e+00 
 4.32524299e-06  1.80000000e+00  1.79999913e+00 
 4.38364167e-06  1.80000000e+00  1.80000065e+00 
 4.50000000e-06  1.80000000e+00  1.79999920e+00 
 4.50001000e-06  1.62000000e+00  1.79881544e+00 
 4.50003000e-06  1.26000000e+00  1.79669030e+00 
 4.50007000e-06  5.40000000e-01  1.79400869e+00 
 4.50010000e-06  0.00000000e+00  1.79260436e+00 
 4.50010426e-06  0.00000000e+00  1.79289803e+00 
 4.50011277e-06  0.00000000e+00  1.79363911e+00 
 4.50012980e-06  0.00000000e+00  1.79468880e+00 
 4.50016387e-06  0.00000000e+00  1.79586875e+00 
 4.50023199e-06  0.00000000e+00  1.79774973e+00 
 4.50036823e-06  0.00000000e+00  1.79963581e+00 
 4.50054852e-06  0.00000000e+00  1.80073766e+00 
 4.50090910e-06  0.00000000e+00  1.80154276e+00 
 4.50141762e-06  0.00000000e+00  1.80149823e+00 
 4.50196709e-06  0.00000000e+00  1.80043873e+00 
 4.50255032e-06  0.00000000e+00  1.79904407e+00 
 4.50319558e-06  0.00000000e+00  1.79850685e+00 
 4.50387176e-06  0.00000000e+00  1.79931182e+00 
 4.50464044e-06  0.00000000e+00  1.79963867e+00 
 4.50545924e-06  0.00000000e+00  1.79974031e+00 
 4.50632120e-06  0.00000000e+00  1.79979778e+00 
 4.50752249e-06  0.00000000e+00  1.79989157e+00 
 4.50871983e-06  0.00000000e+00  1.79984064e+00 
 4.50993424e-06  0.00000000e+00  1.79998505e+00 
 4.51126349e-06  0.00000000e+00  1.79992247e+00 
 4.51285977e-06  0.00000000e+00  1.79999576e+00 
 4.51435170e-06  0.00000000e+00  1.79992729e+00 
 4.51581743e-06  0.00000000e+00  1.80000021e+00 
 4.51738894e-06  0.00000000e+00  1.79993120e+00 
 4.51918989e-06  0.00000000e+00  1.80000244e+00 
 4.52242929e-06  0.00000000e+00  1.79993494e+00 
 4.52728882e-06  0.00000000e+00  1.80000659e+00 
 4.53700788e-06  0.00000000e+00  1.79994166e+00 
 4.55580781e-06  0.00000000e+00  1.80001576e+00 
 4.59255666e-06  0.00000000e+00  1.79995281e+00 
 4.66605434e-06  0.00000000e+00  1.80002668e+00 
 4.75010000e-06  6.67038446e-12  1.79996044e+00 
 4.75011000e-06  1.80000000e-01  1.80065162e+00 
 4.75013000e-06  5.40000000e-01  1.80207084e+00 
 4.75017000e-06  1.26000000e+00  1.80498038e+00 
 4.75020000e-06  1.80000000e+00  1.80704357e+00 
 4.75020074e-06  1.80000000e+00  1.80705614e+00 
 4.75020223e-06  1.80000000e+00  1.80702999e+00 
 4.75020521e-06  1.80000000e+00  1.80683726e+00 
 4.75021117e-06  1.80000000e+00  1.80647516e+00 
 4.75022308e-06  1.80000000e+00  1.80610255e+00 
 4.75024690e-06  1.80000000e+00  1.80572955e+00 
 4.75029455e-06  1.80000000e+00  1.80514379e+00 
 4.75038985e-06  1.80000000e+00  1.80431032e+00 
 4.75058044e-06  1.80000000e+00  1.80323586e+00 
 4.75091175e-06  1.80000000e+00  1.80224288e+00 
 4.75145259e-06  1.80000000e+00  1.80350199e+00 
 4.75207646e-06  1.80000000e+00  1.80508842e+00 
 4.75274453e-06  1.80000000e+00  1.80277006e+00 
 4.75347464e-06  1.80000000e+00  1.80112814e+00 
 4.75448845e-06  1.80000000e+00  1.80028975e+00 
 4.75522286e-06  1.80000000e+00  1.79977392e+00 
 4.75607638e-06  1.80000000e+00  1.79898946e+00 
 4.75681568e-06  1.80000000e+00  1.79840329e+00 
 4.75764190e-06  1.80000000e+00  1.79836030e+00 
 4.75864257e-06  1.80000000e+00  1.79859477e+00 
 4.75975572e-06  1.80000000e+00  1.79886807e+00 
 4.76198203e-06  1.80000000e+00  1.79931944e+00 
 4.76433692e-06  1.80000000e+00  1.79958480e+00 
 4.76829176e-06  1.80000000e+00  1.79984634e+00 
 4.77318616e-06  1.80000000e+00  1.79994174e+00 
 4.78297497e-06  1.80000000e+00  1.80001034e+00 
 4.80255258e-06  1.80000000e+00  1.79999041e+00 
 4.84055249e-06  1.80000000e+00  1.80000923e+00 
 4.91655232e-06  1.80000000e+00  1.79999069e+00 
 5.00000000e-06  1.80000000e+00  1.80000914e+00 
 5.00001000e-06  1.62000000e+00  1.79881519e+00 
 5.00003000e-06  1.26000000e+00  1.79668084e+00 
 5.00007000e-06  5.40000000e-01  1.79400748e+00 
 5.00010000e-06  0.00000000e+00  1.79260377e+00 
 5.00010421e-06  0.00000000e+00  1.79289426e+00 
 5.00011263e-06  0.00000000e+00  1.79362936e+00 
 5.00012948e-06  0.00000000e+00  1.79467379e+00 
 5.00016317e-06  0.00000000e+00  1.79584520e+00 
 5.00023056e-06  0.00000000e+00  1.79771919e+00 
 5.00036533e-06  0.00000000e+00  1.79961084e+00 
 5.00054446e-06  0.00000000e+00  1.80072497e+00 
 5.00090273e-06  0.00000000e+00  1.80153682e+00 
 5.00141125e-06  0.00000000e+00  1.80149967e+00 
 5.00196049e-06  0.00000000e+00  1.80044571e+00 
 5.00254475e-06  0.00000000e+00  1.79906036e+00 
 5.00320160e-06  0.00000000e+00  1.79850157e+00 
 5.00388610e-06  0.00000000e+00  1.79923512e+00 
 5.00465011e-06  0.00000000e+00  1.79959865e+00 
 5.00546854e-06  0.00000000e+00  1.79975431e+00 
 5.00635431e-06  0.00000000e+00  1.79978586e+00 
 5.00731050e-06  0.00000000e+00  1.79993715e+00 
 5.00809083e-06  0.00000000e+00  1.79987234e+00 
 5.00898451e-06  0.00000000e+00  1.79996619e+00 
 5.00996217e-06  0.00000000e+00  1.79990215e+00 
 5.01111918e-06  0.00000000e+00  1.79998450e+00 
 5.01296748e-06  0.00000000e+00  1.79993012e+00 
 5.01548470e-06  0.00000000e+00  1.80005228e+00 
 5.01798192e-06  0.00000000e+00  1.80020510e+00 
 5.02017492e-06  0.00000000e+00  1.80023025e+00 
 5.02188764e-06  0.00000000e+00  1.79949072e+00 
 5.02349301e-06  0.00000000e+00  1.79945119e+00 
 5.02506678e-06  0.00000000e+00  1.79901567e+00 
 5.02677724e-06  0.00000000e+00  1.79812962e+00 
 5.02870243e-06  0.00000000e+00  1.79883551e+00 
 5.03072749e-06  0.00000000e+00  1.79963487e+00 
 5.03339215e-06  0.00000000e+00  1.79980695e+00 
 5.03711394e-06  0.00000000e+00  1.80001957e+00 
 5.04321409e-06  0.00000000e+00  1.79992382e+00 
 5.05310368e-06  0.00000000e+00  1.80001626e+00 
 5.06435513e-06  0.00000000e+00  1.79988394e+00 
 5.07664414e-06  0.00000000e+00  1.80013994e+00 
 5.08513840e-06  0.00000000e+00  1.79984768e+00 
 5.09340549e-06  0.00000000e+00  1.80013482e+00 
 5.10463868e-06  0.00000000e+00  1.79985432e+00 
 5.11598568e-06  0.00000000e+00  1.80011903e+00 
 5.13024020e-06  0.00000000e+00  1.79986894e+00 
 5.14187492e-06  0.00000000e+00  1.80010806e+00 
 5.16066318e-06  0.00000000e+00  1.79991399e+00 
 5.17569110e-06  0.00000000e+00  1.80004110e+00 
 5.18941808e-06  0.00000000e+00  1.79991032e+00 
 5.20246198e-06  0.00000000e+00  1.80008811e+00 
 5.21474551e-06  0.00000000e+00  1.79989464e+00 
 5.23931257e-06  0.00000000e+00  1.80009404e+00 
 5.25010000e-06  6.67038446e-12  1.79989558e+00 
 5.25011000e-06  1.80000000e-01  1.80061753e+00 
 5.25013000e-06  5.40000000e-01  1.80203493e+00 
 5.25017000e-06  1.26000000e+00  1.80491978e+00 
 5.25020000e-06  1.80000000e+00  1.80698804e+00 
 5.25020074e-06  1.80000000e+00  1.80700088e+00 
 5.25020223e-06  1.80000000e+00  1.80697596e+00 
 5.25020521e-06  1.80000000e+00  1.80678468e+00 
 5.25021117e-06  1.80000000e+00  1.80642351e+00 
 5.25022309e-06  1.80000000e+00  1.80605212e+00 
 5.25024693e-06  1.80000000e+00  1.80568168e+00 
 5.25029461e-06  1.80000000e+00  1.80510854e+00 
 5.25038997e-06  1.80000000e+00  1.80429645e+00 
 5.25058069e-06  1.80000000e+00  1.80323753e+00 
 5.25091324e-06  1.80000000e+00  1.80224485e+00 
 5.25145316e-06  1.80000000e+00  1.80350098e+00 
 5.25207430e-06  1.80000000e+00  1.80508566e+00 
 5.25274310e-06  1.80000000e+00  1.80276234e+00 
 5.25347192e-06  1.80000000e+00  1.80110227e+00 
 5.25449082e-06  1.80000000e+00  1.80017263e+00 
 5.25524485e-06  1.80000000e+00  1.79958581e+00 
 5.25611727e-06  1.80000000e+00  1.79877604e+00 
 5.25699017e-06  1.80000000e+00  1.79832606e+00 
 5.25791084e-06  1.80000000e+00  1.79847505e+00 
 5.25925569e-06  1.80000000e+00  1.79880386e+00 
 5.26098401e-06  1.80000000e+00  1.79918746e+00 
 5.26323389e-06  1.80000000e+00  1.79950447e+00 
 5.26634159e-06  1.80000000e+00  1.79975560e+00 
 5.27067734e-06  1.80000000e+00  1.79991266e+00 
 5.27934884e-06  1.80000000e+00  1.79999654e+00 
 5.29584891e-06  1.80000000e+00  1.80000162e+00 
 5.32458714e-06  1.80000000e+00  1.79999846e+00 
 5.38205083e-06  1.80000000e+00  1.80000135e+00 
 5.49406439e-06  1.80000000e+00  1.79999857e+00 
 5.50000000e-06  1.80000000e+00  1.80000152e+00 
 5.50001000e-06  1.62000000e+00  1.79881199e+00 
 5.50003000e-06  1.26000000e+00  1.79668144e+00 
 5.50007000e-06  5.40000000e-01  1.79401197e+00 
 5.50010000e-06  0.00000000e+00  1.79261044e+00 
 5.50010421e-06  0.00000000e+00  1.79289754e+00 
 5.50011264e-06  0.00000000e+00  1.79362985e+00 
 5.50012948e-06  0.00000000e+00  1.79467516e+00 
 5.50016318e-06  0.00000000e+00  1.79584340e+00 
 5.50023056e-06  0.00000000e+00  1.79771447e+00 
 5.50036534e-06  0.00000000e+00  1.79960493e+00 
 5.50054492e-06  0.00000000e+00  1.80072404e+00 
 5.50090407e-06  0.00000000e+00  1.80153872e+00 
 5.50141350e-06  0.00000000e+00  1.80150538e+00 
 5.50196338e-06  0.00000000e+00  1.80044789e+00 
 5.50254885e-06  0.00000000e+00  1.79904170e+00 
 5.50319398e-06  0.00000000e+00  1.79849603e+00 
 5.50387039e-06  0.00000000e+00  1.79931038e+00 
 5.50463766e-06  0.00000000e+00  1.79964252e+00 
 5.50545779e-06  0.00000000e+00  1.79974291e+00 
 5.50637163e-06  0.00000000e+00  1.79980313e+00 
 5.50755453e-06  0.00000000e+00  1.79989173e+00 
 5.50879863e-06  0.00000000e+00  1.79984607e+00 
 5.50999643e-06  0.00000000e+00  1.79998658e+00 
 5.51126901e-06  0.00000000e+00  1.79992132e+00 
 5.51270259e-06  0.00000000e+00  1.79999610e+00 
 5.51406575e-06  0.00000000e+00  1.79992636e+00 
 5.51547818e-06  0.00000000e+00  1.79999998e+00 
 5.51698002e-06  0.00000000e+00  1.79993083e+00 
 5.51871048e-06  0.00000000e+00  1.80000205e+00 
 5.52205066e-06  0.00000000e+00  1.79993490e+00 
 5.52702647e-06  0.00000000e+00  1.80000634e+00 
 5.53697808e-06  0.00000000e+00  1.79994185e+00 
 5.55688131e-06  0.00000000e+00  1.80001585e+00 
 5.59657620e-06  0.00000000e+00  1.79995345e+00 
 5.67596597e-06  0.00000000e+00  1.80002693e+00 
 5.75010000e-06  6.67038446e-12  1.79996062e+00 
 5.75011000e-06  1.80000000e-01  1.80064857e+00 
 5.75013000e-06  5.40000000e-01  1.80206615e+00 
 5.75017000e-06  1.26000000e+00  1.80497456e+00 
 5.75020000e-06  1.80000000e+00  1.80703033e+00 
 5.75020074e-06  1.80000000e+00  1.80704321e+00 
 5.75020223e-06  1.80000000e+00  1.80701780e+00 
 5.75020521e-06  1.80000000e+00  1.80682599e+00 
 5.75021117e-06  1.80000000e+00  1.80646502e+00 
 5.75022309e-06  1.80000000e+00  1.80609416e+00 
 5.75024692e-06  1.80000000e+00  1.80572397e+00 
 5.75029459e-06  1.80000000e+00  1.80514290e+00 
 5.75038993e-06  1.80000000e+00  1.80431288e+00 
 5.75058060e-06  1.80000000e+00  1.80323669e+00 
 5.75091401e-06  1.80000000e+00  1.80224222e+00 
 5.75145316e-06  1.80000000e+00  1.80350947e+00 
 5.75207752e-06  1.80000000e+00  1.80508626e+00 
 5.75274449e-06  1.80000000e+00  1.80276932e+00 
 5.75347464e-06  1.80000000e+00  1.80112484e+00 
 5.75449281e-06  1.80000000e+00  1.80028690e+00 
 5.75523030e-06  1.80000000e+00  1.79977109e+00 
 5.75608523e-06  1.80000000e+00  1.79898552e+00 
 5.75682627e-06  1.80000000e+00  1.79840145e+00 
 5.75765419e-06  1.80000000e+00  1.79836165e+00 
 5.75865609e-06  1.80000000e+00  1.79859694e+00 
 5.75977035e-06  1.80000000e+00  1.79887026e+00 
 5.76199887e-06  1.80000000e+00  1.79932137e+00 
 5.76436298e-06  1.80000000e+00  1.79958663e+00 
 5.76832665e-06  1.80000000e+00  1.79984765e+00 
 5.77325257e-06  1.80000000e+00  1.79994244e+00 
 5.78310443e-06  1.80000000e+00  1.80001061e+00 
 5.80280814e-06  1.80000000e+00  1.79999023e+00 
 5.84092537e-06  1.80000000e+00  1.80000938e+00 
 5.91715984e-06  1.80000000e+00  1.79999052e+00 
 6.00000000e-06  1.80000000e+00  1.80000931e+00 
 6.00001000e-06  1.62000000e+00  1.79881861e+00 
 6.00003000e-06  1.26000000e+00  1.79668872e+00 
 6.00007000e-06  5.40000000e-01  1.79401787e+00 
 6.00010000e-06  0.00000000e+00  1.79261391e+00 
 6.00010421e-06  0.00000000e+00  1.79290286e+00 
 6.00011264e-06  0.00000000e+00  1.79363633e+00 
 6.00012948e-06  0.00000000e+00  1.79467880e+00 
 6.00016318e-06  0.00000000e+00  1.79584451e+00 
 6.00023057e-06  0.00000000e+00  1.79771444e+00 
 6.00036535e-06  0.00000000e+00  1.79960735e+00 
 6.00054486e-06  0.00000000e+00  1.80072690e+00 
 6.00090389e-06  0.00000000e+00  1.80153963e+00 
 6.00141329e-06  0.00000000e+00  1.80149990e+00 
 6.00196317e-06  0.00000000e+00  1.80044146e+00 
 6.00254734e-06  0.00000000e+00  1.79905002e+00 
 6.00319671e-06  0.00000000e+00  1.79849520e+00 
 6.00387569e-06  0.00000000e+00  1.79923144e+00 
 6.00463543e-06  0.00000000e+00  1.79960012e+00 
 6.00545221e-06  0.00000000e+00  1.79975524e+00 
 6.00630067e-06  0.00000000e+00  1.79978124e+00 
 6.00724116e-06  0.00000000e+00  1.79993617e+00 
 6.00800984e-06  0.00000000e+00  1.79987146e+00 
 6.00887346e-06  0.00000000e+00  1.79996477e+00 
 6.00987565e-06  0.00000000e+00  1.79990128e+00 
 6.01100267e-06  0.00000000e+00  1.79998310e+00 
 6.01288893e-06  0.00000000e+00  1.79992788e+00 
 6.01529697e-06  0.00000000e+00  1.80004288e+00 
 6.01803759e-06  0.00000000e+00  1.80018807e+00 
 6.02026762e-06  0.00000000e+00  1.80024400e+00 
 6.02207617e-06  0.00000000e+00  1.79947759e+00 
 6.02379079e-06  0.00000000e+00  1.79947339e+00 
 6.02541983e-06  0.00000000e+00  1.79878915e+00 
 6.02715283e-06  0.00000000e+00  1.79811235e+00 
 6.02910199e-06  0.00000000e+00  1.79902129e+00 
 6.03124639e-06  0.00000000e+00  1.79970960e+00 
 6.03381087e-06  0.00000000e+00  1.79982207e+00 
 6.03762288e-06  0.00000000e+00  1.80001988e+00 
 6.04309820e-06  0.00000000e+00  1.79989971e+00 
 6.05180150e-06  0.00000000e+00  1.79998059e+00 
 6.06073022e-06  0.00000000e+00  1.79995688e+00 
 6.06997690e-06  0.00000000e+00  1.80014309e+00 
 6.07641810e-06  0.00000000e+00  1.79978924e+00 
 6.08272132e-06  0.00000000e+00  1.80018257e+00 
 6.09147281e-06  0.00000000e+00  1.79980570e+00 
 6.10007594e-06  0.00000000e+00  1.80016397e+00 
 6.10859991e-06  0.00000000e+00  1.79982108e+00 
 6.11862847e-06  0.00000000e+00  1.80014917e+00 
 6.13264582e-06  0.00000000e+00  1.79983588e+00 
 6.15088074e-06  0.00000000e+00  1.80014197e+00 
 6.17798550e-06  0.00000000e+00  1.79984472e+00 
 6.21674768e-06  0.00000000e+00  1.80014002e+00 
 6.25010000e-06  6.67038446e-12  1.79985065e+00 
 6.25011000e-06  1.80000000e-01  1.80054032e+00 
 6.25013000e-06  5.40000000e-01  1.80197303e+00 
 6.25017000e-06  1.26000000e+00  1.80489158e+00 
 6.25020000e-06  1.80000000e+00  1.80695547e+00 
 6.25020075e-06  1.80000000e+00  1.80696910e+00 
 6.25020224e-06  1.80000000e+00  1.80694702e+00 
 6.25020522e-06  1.80000000e+00  1.80676326e+00 
 6.25021118e-06  1.80000000e+00  1.80639910e+00 
 6.25022310e-06  1.80000000e+00  1.80601225e+00 
 6.25024694e-06  1.80000000e+00  1.80563939e+00 
 6.25029462e-06  1.80000000e+00  1.80507688e+00 
 6.25038998e-06  1.80000000e+00  1.80429184e+00 
 6.25058070e-06  1.80000000e+00  1.80324753e+00 
 6.25091306e-06  1.80000000e+00  1.80224956e+00 
 6.25145306e-06  1.80000000e+00  1.80350056e+00 
 6.25207890e-06  1.80000000e+00  1.80503245e+00 
 6.25274524e-06  1.80000000e+00  1.80258712e+00 
 6.25347623e-06  1.80000000e+00  1.80068988e+00 
 6.25449404e-06  1.80000000e+00  1.79981942e+00 
 6.25520965e-06  1.80000000e+00  1.79979029e+00 
 6.25603714e-06  1.80000000e+00  1.79982402e+00 
 6.25691729e-06  1.80000000e+00  1.79979669e+00 
 6.25783295e-06  1.80000000e+00  1.79983700e+00 
 6.25909386e-06  1.80000000e+00  1.79987800e+00 
 6.26097014e-06  1.80000000e+00  1.79991865e+00 
 6.26313919e-06  1.80000000e+00  1.79995205e+00 
 6.26623182e-06  1.80000000e+00  1.79997338e+00 
 6.27046408e-06  1.80000000e+00  1.79999312e+00 
 6.27892858e-06  1.80000000e+00  1.79999718e+00 
 6.29569673e-06  1.80000000e+00  1.80000249e+00 
 6.32445024e-06  1.80000000e+00  1.79999738e+00 
 6.38195727e-06  1.80000000e+00  1.80000250e+00 
 6.49697132e-06  1.80000000e+00  1.79999738e+00 
 6.50000000e-06  1.80000000e+00  1.80000277e+00 
 6.50001000e-06  1.62000000e+00  1.79881440e+00 
 6.50003000e-06  1.26000000e+00  1.79667200e+00 
 6.50007000e-06  5.40000000e-01  1.79399437e+00 
 6.50010000e-06  0.00000000e+00  1.79261728e+00 
 6.50010421e-06  0.00000000e+00  1.79291106e+00 
 6.50011264e-06  0.00000000e+00  1.79366414e+00 
 6.50012948e-06  0.00000000e+00  1.79475202e+00 
 6.50016318e-06  0.00000000e+00  1.79592466e+00 
 6.50023056e-06  0.00000000e+00  1.79776130e+00 
 6.50036534e-06  0.00000000e+00  1.79958477e+00 
 6.50054493e-06  0.00000000e+00  1.80067996e+00 
 6.50090413e-06  0.00000000e+00  1.80148847e+00 
 6.50141384e-06  0.00000000e+00  1.80165237e+00 
 6.50196373e-06  0.00000000e+00  1.80093262e+00 
 6.50250737e-06  0.00000000e+00  1.79946374e+00 
 6.50320440e-06  0.00000000e+00  1.79776181e+00 
 6.50384906e-06  0.00000000e+00  1.79786802e+00 
 6.50461968e-06  0.00000000e+00  1.79832263e+00 
 6.50543403e-06  0.00000000e+00  1.79887021e+00 
 6.50628981e-06  0.00000000e+00  1.79920582e+00 
 6.50752831e-06  0.00000000e+00  1.79955955e+00 
 6.50870727e-06  0.00000000e+00  1.79965973e+00 
 6.51007521e-06  0.00000000e+00  1.79986667e+00 
 6.51160392e-06  0.00000000e+00  1.79987651e+00 
 6.51299908e-06  0.00000000e+00  1.79996654e+00 
 6.51440361e-06  0.00000000e+00  1.79992345e+00 
 6.51589866e-06  0.00000000e+00  1.79999296e+00 
 6.51759155e-06  0.00000000e+00  1.79994010e+00 
 6.51949645e-06  0.00000000e+00  1.80000159e+00 
 6.52297719e-06  0.00000000e+00  1.79994652e+00 
 6.52805485e-06  0.00000000e+00  1.80000625e+00 
 6.53778718e-06  0.00000000e+00  1.79995134e+00 
 6.55590964e-06  0.00000000e+00  1.80001263e+00 
 6.58950197e-06  0.00000000e+00  1.79995938e+00 
 6.65564733e-06  0.00000000e+00  1.80002113e+00 
 6.75010000e-06  6.67038446e-12  1.79996627e+00 
 6.75011000e-06  1.80000000e-01  1.80066880e+00 
 6.75013000e-06  5.40000000e-01  1.80209977e+00 
 6.75017000e-06  1.26000000e+00  1.80497826e+00 
 6.75020000e-06  1.80000000e+00  1.80701892e+00 
 6.75020074e-06  1.80000000e+00  1.80703207e+00 
 6.75020223e-06  1.80000000e+00  1.80700838e+00 
 6.75020521e-06  1.80000000e+00  1.80681932e+00 
 6.75021117e-06  1.80000000e+00  1.80645068e+00 
 6.75022309e-06  1.80000000e+00  1.80606342e+00 
 6.75024692e-06  1.80000000e+00  1.80568366e+00 
 6.75029459e-06  1.80000000e+00  1.80510837e+00 
 6.75038993e-06  1.80000000e+00  1.80430690e+00 
 6.75058060e-06  1.80000000e+00  1.80325160e+00 
 6.75091399e-06  1.80000000e+00  1.80225103e+00 
 6.75145327e-06  1.80000000e+00  1.80351336e+00 
 6.75208115e-06  1.80000000e+00  1.80504527e+00 
 6.75274632e-06  1.80000000e+00  1.80262455e+00 
 6.75347784e-06  1.80000000e+00  1.80064503e+00 
 6.75449540e-06  1.80000000e+00  1.79954000e+00 
 6.75523386e-06  1.80000000e+00  1.79960787e+00 
 6.75608846e-06  1.80000000e+00  1.80001407e+00 
 6.75683412e-06  1.80000000e+00  1.80033231e+00 
 6.75766065e-06  1.80000000e+00  1.80084878e+00 
 6.75866459e-06  1.80000000e+00  1.80117356e+00 
 6.75978154e-06  1.80000000e+00  1.80111101e+00 
 6.76092655e-06  1.80000000e+00  1.80084862e+00 
 6.76258243e-06  1.80000000e+00  1.80059871e+00 
 6.76445687e-06  1.80000000e+00  1.80041792e+00 
 6.76696800e-06  1.80000000e+00  1.80023812e+00 
 6.77018509e-06  1.80000000e+00  1.80011661e+00 
 6.77480793e-06  1.80000000e+00  1.80003586e+00 
 6.78405361e-06  1.80000000e+00  1.80000182e+00 
 6.80034289e-06  1.80000000e+00  1.79999782e+00 
 6.83292146e-06  1.80000000e+00  1.80000210e+00 
 6.89807860e-06  1.80000000e+00  1.79999774e+00 
 7.00000000e-06  1.80000000e+00  1.80000211e+00 
 7.00001000e-06  1.62000000e+00  1.79881398e+00 
 7.00003000e-06  1.26000000e+00  1.79667305e+00 
 7.00007000e-06  5.40000000e-01  1.79399778e+00 
 7.00010000e-06  0.00000000e+00  1.79262167e+00 
 7.00010421e-06  0.00000000e+00  1.79291549e+00 
 7.00011264e-06  0.00000000e+00  1.79366867e+00 
 7.00012948e-06  0.00000000e+00  1.79475658e+00 
 7.00016318e-06  0.00000000e+00  1.79592943e+00 
 7.00023057e-06  0.00000000e+00  1.79776478e+00 
 7.00036535e-06  0.00000000e+00  1.79958380e+00 
 7.00054488e-06  0.00000000e+00  1.80067710e+00 
 7.00090393e-06  0.00000000e+00  1.80148593e+00 
 7.00141307e-06  0.00000000e+00  1.80166544e+00 
 7.00196270e-06  0.00000000e+00  1.80095475e+00 
 7.00254422e-06  0.00000000e+00  1.79937423e+00 
 7.00319353e-06  0.00000000e+00  1.79795479e+00 
 7.00387151e-06  0.00000000e+00  1.79876472e+00 
 7.00462943e-06  0.00000000e+00  1.79783226e+00 
 7.00543800e-06  0.00000000e+00  1.79857281e+00 
 7.00622069e-06  0.00000000e+00  1.79992610e+00 
 7.00702739e-06  0.00000000e+00  1.80045251e+00 
 7.00782181e-06  0.00000000e+00  1.80078850e+00 
 7.00871744e-06  0.00000000e+00  1.80032241e+00 
 7.00960414e-06  0.00000000e+00  1.80034415e+00 
 7.01079189e-06  0.00000000e+00  1.80008571e+00 
 7.01244694e-06  0.00000000e+00  1.80010509e+00 
 7.01422791e-06  0.00000000e+00  1.79998672e+00 
 7.01577805e-06  0.00000000e+00  1.80007723e+00 
 7.01738740e-06  0.00000000e+00  1.80008627e+00 
 7.01892604e-06  0.00000000e+00  1.80043825e+00 
 7.02054401e-06  0.00000000e+00  1.80018916e+00 
 7.02177679e-06  0.00000000e+00  1.79963269e+00 
 7.02296505e-06  0.00000000e+00  1.79912982e+00 
 7.02443479e-06  0.00000000e+00  1.79984549e+00 
 7.02587206e-06  0.00000000e+00  1.79865827e+00 
 7.02725811e-06  0.00000000e+00  1.79829411e+00 
 7.02897760e-06  0.00000000e+00  1.79935839e+00 
 7.03117466e-06  0.00000000e+00  1.79944593e+00 
 7.03299691e-06  0.00000000e+00  1.79964338e+00 
 7.03505924e-06  0.00000000e+00  1.80000518e+00 
 7.03727002e-06  0.00000000e+00  1.79966215e+00 
 7.03942950e-06  0.00000000e+00  1.79988761e+00 
 7.04245302e-06  0.00000000e+00  1.79993190e+00 
 7.04584020e-06  0.00000000e+00  1.79996067e+00 
 7.05261456e-06  0.00000000e+00  1.80000194e+00 
 7.06517999e-06  0.00000000e+00  1.79995603e+00 
 7.08495767e-06  0.00000000e+00  1.80001661e+00 
 7.12314489e-06  0.00000000e+00  1.79995788e+00 
 7.19348960e-06  0.00000000e+00  1.80002621e+00 
 7.25010000e-06  6.67038446e-12  1.79996078e+00 
 7.25011000e-06  1.80000000e-01  1.80075826e+00 
 7.25013000e-06  5.40000000e-01  1.80221252e+00 
 7.25017000e-06  1.26000000e+00  1.80504793e+00 
 7.25020000e-06  1.80000000e+00  1.80708713e+00 
 7.25020075e-06  1.80000000e+00  1.80709656e+00 
 7.25020224e-06  1.80000000e+00  1.80706524e+00 
 7.25020522e-06  1.80000000e+00  1.80686726e+00 
 7.25021118e-06  1.80000000e+00  1.80650183e+00 
 7.25022310e-06  1.80000000e+00  1.80612482e+00 
 7.25024695e-06  1.80000000e+00  1.80574566e+00 
 7.25029464e-06  1.80000000e+00  1.80515531e+00 
 7.25039002e-06  1.80000000e+00  1.80431575e+00 
 7.25058078e-06  1.80000000e+00  1.80323045e+00 
 7.25092056e-06  1.80000000e+00  1.80223345e+00 
 7.25145533e-06  1.80000000e+00  1.80352710e+00 
 7.25208910e-06  1.80000000e+00  1.80505698e+00 
 7.25274985e-06  1.80000000e+00  1.80274924e+00 
 7.25348372e-06  1.80000000e+00  1.80109314e+00 
 7.25450111e-06  1.80000000e+00  1.80015070e+00 
 7.25523356e-06  1.80000000e+00  1.79956130e+00 
 7.25608020e-06  1.80000000e+00  1.79877332e+00 
 7.25695413e-06  1.80000000e+00  1.79832257e+00 
 7.25787010e-06  1.80000000e+00  1.79847031e+00 
 7.25916280e-06  1.80000000e+00  1.79878809e+00 
 7.26096559e-06  1.80000000e+00  1.79918936e+00 
 7.26316281e-06  1.80000000e+00  1.79949981e+00 
 7.26626581e-06  1.80000000e+00  1.79975299e+00 
 7.27052956e-06  1.80000000e+00  1.79990991e+00 
 7.27905706e-06  1.80000000e+00  1.79999574e+00 
 7.29569387e-06  1.80000000e+00  1.80000184e+00 
 7.32435750e-06  1.80000000e+00  1.79999837e+00 
 7.38168476e-06  1.80000000e+00  1.80000140e+00 
 7.49633928e-06  1.80000000e+00  1.79999849e+00 
 7.50000000e-06  1.80000000e+00  1.80000161e+00 
 7.50001000e-06  1.62000000e+00  1.79881141e+00 
 7.50003000e-06  1.26000000e+00  1.79668753e+00 
 7.50007000e-06  5.40000000e-01  1.79402264e+00 
 7.50010000e-06  0.00000000e+00  1.79261989e+00 
 7.50010421e-06  0.00000000e+00  1.79291255e+00 
 7.50011264e-06  0.00000000e+00  1.79364932e+00 
 7.50012948e-06  0.00000000e+00  1.79468846e+00 
 7.50016318e-06  0.00000000e+00  1.79584848e+00 
 7.50023057e-06  0.00000000e+00  1.79771141e+00 
 7.50036535e-06  0.00000000e+00  1.79960281e+00 
 7.50054524e-06  0.00000000e+00  1.80072728e+00 
 7.50090501e-06  0.00000000e+00  1.80153522e+00 
 7.50140969e-06  0.00000000e+00  1.80149054e+00 
 7.50195298e-06  0.00000000e+00  1.80045713e+00 
 7.50253530e-06  0.00000000e+00  1.79910331e+00 
 7.50318075e-06  0.00000000e+00  1.79852734e+00 
 7.50385509e-06  0.00000000e+00  1.79929721e+00 
 7.50462807e-06  0.00000000e+00  1.79961964e+00 
 7.50544570e-06  0.00000000e+00  1.79972971e+00 
 7.50636298e-06  0.00000000e+00  1.79979425e+00 
 7.50755697e-06  0.00000000e+00  1.79989545e+00 
 7.50879470e-06  0.00000000e+00  1.79983745e+00 
 7.51010179e-06  0.00000000e+00  1.79998762e+00 
 7.51155864e-06  0.00000000e+00  1.79992445e+00 
 7.51304841e-06  0.00000000e+00  1.79999762e+00 
 7.51443894e-06  0.00000000e+00  1.79992849e+00 
 7.51591247e-06  0.00000000e+00  1.80000171e+00 
 7.51742691e-06  0.00000000e+00  1.79993238e+00 
 7.51917982e-06  0.00000000e+00  1.80000374e+00 
 7.52261061e-06  0.00000000e+00  1.79993608e+00 
 7.52761620e-06  0.00000000e+00  1.80000775e+00 
 7.53762740e-06  0.00000000e+00  1.79994252e+00 
 7.55764978e-06  0.00000000e+00  1.80001665e+00 
 7.59768960e-06  0.00000000e+00  1.79995351e+00 
 7.67776925e-06  0.00000000e+00  1.80002732e+00 
 7.75010000e-06  0.00000000e+00  1.79996042e+00 
 7.75011000e-06  1.80000000e-01  1.80065233e+00 
 7.75013000e-06  5.40000000e-01  1.80206935e+00 
 7.75017000e-06  1.26000000e+00  1.80496772e+00 
 7.75020000e-06  1.80000000e+00  1.80701497e+00 
 7.75020074e-06  1.80000000e+00  1.80702672e+00 
 7.75020223e-06  1.80000000e+00  1.80699915e+00 
 7.75020521e-06  1.80000000e+00  1.80680579e+00 
 7.75021117e-06  1.80000000e+00  1.80644615e+00 
 7.75022309e-06  1.80000000e+00  1.80607851e+00 
 7.75024692e-06  1.80000000e+00  1.80571372e+00 
 7.75029459e-06  1.80000000e+00  1.80514067e+00 
 7.75038992e-06  1.80000000e+00  1.80431585e+00 
 7.75058059e-06  1.80000000e+00  1.80323774e+00 
 7.75091894e-06  1.80000000e+00  1.80224093e+00 
 7.75145482e-06  1.80000000e+00  1.80352987e+00 
 7.75208705e-06  1.80000000e+00  1.80507094e+00 
 7.75274890e-06  1.80000000e+00  1.80276532e+00 
 7.75348212e-06  1.80000000e+00  1.80112322e+00 
 7.75449931e-06  1.80000000e+00  1.80027200e+00 
 7.75522121e-06  1.80000000e+00  1.79975196e+00 
 7.75605670e-06  1.80000000e+00  1.79898256e+00 
 7.75678863e-06  1.80000000e+00  1.79840289e+00 
 7.75760927e-06  1.80000000e+00  1.79835939e+00 
 7.75861320e-06  1.80000000e+00  1.79859125e+00 
 7.75973084e-06  1.80000000e+00  1.79886637e+00 
 7.76196611e-06  1.80000000e+00  1.79932032e+00 
 7.76432999e-06  1.80000000e+00  1.79958576e+00 
 7.76830272e-06  1.80000000e+00  1.79984797e+00 
 7.77325043e-06  1.80000000e+00  1.79994259e+00 
 7.78314584e-06  1.80000000e+00  1.80001094e+00 
 7.80293666e-06  1.80000000e+00  1.79998997e+00 
 7.84250172e-06  1.80000000e+00  1.80000966e+00 
 7.92163182e-06  1.80000000e+00  1.79999027e+00 
 8.00000000e-06  1.80000000e+00  1.80000956e+00 
 8.00001000e-06  1.62000000e+00  1.79881896e+00 
 8.00003000e-06  1.26000000e+00  1.79669480e+00 
 8.00007000e-06  5.40000000e-01  1.79402776e+00 
 8.00010000e-06  0.00000000e+00  1.79262301e+00 
 8.00010421e-06  0.00000000e+00  1.79291579e+00 
 8.00011264e-06  0.00000000e+00  1.79365224e+00 
 8.00012948e-06  0.00000000e+00  1.79468978e+00 
 8.00016318e-06  0.00000000e+00  1.79584802e+00 
 8.00023057e-06  0.00000000e+00  1.79771091e+00 
 8.00036535e-06  0.00000000e+00  1.79960509e+00 
 8.00054515e-06  0.00000000e+00  1.80073004e+00 
 8.00090474e-06  0.00000000e+00  1.80153582e+00 
 8.00140943e-06  0.00000000e+00  1.80148494e+00 
 8.00195269e-06  0.00000000e+00  1.80045076e+00 
 8.00253341e-06  0.00000000e+00  1.79911323e+00 
 8.00318282e-06  0.00000000e+00  1.79852641e+00 
 8.00385927e-06  0.00000000e+00  1.79921803e+00 
 8.00462442e-06  0.00000000e+00  1.79957873e+00 
 8.00543883e-06  0.00000000e+00  1.79974422e+00 
 8.00628311e-06  0.00000000e+00  1.79977091e+00 
 8.00724901e-06  0.00000000e+00  1.79993213e+00 
 8.00803370e-06  0.00000000e+00  1.79986812e+00 
 8.00893859e-06  0.00000000e+00  1.79996432e+00 
 8.00988113e-06  0.00000000e+00  1.79990061e+00 
 8.01104816e-06  0.00000000e+00  1.79998491e+00 
 8.01282885e-06  0.00000000e+00  1.79992226e+00 
 8.01564972e-06  0.00000000e+00  1.80000152e+00 
 8.01863698e-06  0.00000000e+00  1.79993384e+00 
 8.02100998e-06  0.00000000e+00  1.80000581e+00 
 8.02360901e-06  0.00000000e+00  1.79993745e+00 
 8.02686037e-06  0.00000000e+00  1.80000760e+00 
 8.03030310e-06  0.00000000e+00  1.79994078e+00 
 8.03572787e-06  0.00000000e+00  1.80001024e+00 
 8.04284445e-06  0.00000000e+00  1.79994528e+00 
 8.05383084e-06  0.00000000e+00  1.80001488e+00 
 8.07098807e-06  0.00000000e+00  1.79995132e+00 
 8.09892589e-06  0.00000000e+00  1.80002130e+00 
 8.14783623e-06  0.00000000e+00  1.79995822e+00 
 8.22787645e-06  0.00000000e+00  1.80002757e+00 
 8.25010000e-06  0.00000000e+00  1.79996158e+00 
 8.25011000e-06  1.80000000e-01  1.80065385e+00 
 8.25013000e-06  5.40000000e-01  1.80207257e+00 
 8.25017000e-06  1.26000000e+00  1.80497242e+00 
 8.25020000e-06  1.80000000e+00  1.80701796e+00 
 8.25020074e-06  1.80000000e+00  1.80702945e+00 
 8.25020223e-06  1.80000000e+00  1.80700104e+00 
 8.25020521e-06  1.80000000e+00  1.80680571e+00 
 8.25021117e-06  1.80000000e+00  1.80644508e+00 
 8.25022308e-06  1.80000000e+00  1.80607839e+00 
 8.25024691e-06  1.80000000e+00  1.80571468e+00 
 8.25029457e-06  1.80000000e+00  1.80514516e+00 
 8.25038989e-06  1.80000000e+00  1.80432307e+00 
 8.25058052e-06  1.80000000e+00  1.80324300e+00 
 8.25096179e-06  1.80000000e+00  1.80225653e+00 
 8.25146963e-06  1.80000000e+00  1.80365050e+00 
 8.25213936e-06  1.80000000e+00  1.80484443e+00 
 8.25277588e-06  1.80000000e+00  1.80245487e+00 
 8.25352650e-06  1.80000000e+00  1.80061147e+00 
 8.25455167e-06  1.80000000e+00  1.79984571e+00 
 8.25554923e-06  1.80000000e+00  1.79974464e+00 
 8.25694428e-06  1.80000000e+00  1.79980099e+00 
 8.25848966e-06  1.80000000e+00  1.79985813e+00 
 8.25999475e-06  1.80000000e+00  1.79990562e+00 
 8.26246282e-06  1.80000000e+00  1.79994385e+00 
 8.26512683e-06  1.80000000e+00  1.79997052e+00 
 8.26940297e-06  1.80000000e+00  1.79998868e+00 
 8.27587344e-06  1.80000000e+00  1.79999798e+00 
 8.28881437e-06  1.80000000e+00  1.80000039e+00 
 8.31469623e-06  1.80000000e+00  1.79999954e+00 
 8.36645996e-06  1.80000000e+00  1.80000030e+00 
 8.46998742e-06  1.80000000e+00  1.79999956e+00 
 8.50000000e-06  1.80000000e+00  1.80000031e+00 
 8.50001000e-06  1.62000000e+00  1.79880900e+00 
 8.50003000e-06  1.26000000e+00  1.79668620e+00 
 8.50007000e-06  5.40000000e-01  1.79402463e+00 
 8.50010000e-06  0.00000000e+00  1.79262295e+00 
 8.50010421e-06  0.00000000e+00  1.79291859e+00 
 8.50011264e-06  0.00000000e+00  1.79366012e+00 
 8.50012950e-06  0.00000000e+00  1.79470143e+00 
 8.50016321e-06  0.00000000e+00  1.79585949e+00 
 8.50023063e-06  0.00000000e+00  1.79771714e+00 
 8.50036547e-06  0.00000000e+00  1.79960830e+00 
 8.50063042e-06  0.00000000e+00  1.80108426e+00 
 8.50106246e-06  0.00000000e+00  1.80177778e+00 
 8.50180467e-06  0.00000000e+00  1.80070099e+00 
 8.50253681e-06  0.00000000e+00  1.79891089e+00 
 8.50314654e-06  0.00000000e+00  1.80560943e+00 
 8.50389274e-06  0.00000000e+00  1.82444437e+00 
 8.50464863e-06  0.00000000e+00  1.81505371e+00 
 8.50548852e-06  0.00000000e+00  1.77260150e+00 
 8.50653403e-06  0.00000000e+00  1.71719980e+00 
 8.50761727e-06  0.00000000e+00  1.66049929e+00 
 8.50924511e-06  0.00000000e+00  1.57416827e+00 
 8.51106219e-06  0.00000000e+00  1.47771889e+00 
 8.51263629e-06  0.00000000e+00  1.39377938e+00 
 8.51426757e-06  0.00000000e+00  1.30690469e+00 
 8.51632105e-06  0.00000000e+00  1.19776065e+00 
 8.51890249e-06  0.00000000e+00  1.06192593e+00 
 8.52161632e-06  0.00000000e+00  9.21837691e-01 
 8.52704398e-06  0.00000000e+00  6.66935041e-01 
 8.53308760e-06  0.00000000e+00  4.14870905e-01 
 8.53729949e-06  0.00000000e+00  2.68904794e-01 
 8.54089881e-06  0.00000000e+00  1.69602142e-01 
 8.54398654e-06  0.00000000e+00  1.13836704e-01 
 8.54664510e-06  0.00000000e+00  7.69480716e-02 
 8.54877819e-06  0.00000000e+00  5.80403323e-02 
 8.55090418e-06  0.00000000e+00  4.18706974e-02 
 8.55289721e-06  0.00000000e+00  3.20565086e-02 
 8.55513426e-06  0.00000000e+00  2.26007642e-02 
 8.55796842e-06  0.00000000e+00  1.52646644e-02 
 8.56073716e-06  0.00000000e+00  9.78871026e-03 
 8.56375979e-06  0.00000000e+00  6.49346460e-03 
 8.56909904e-06  0.00000000e+00  2.65037333e-03 
 8.57674805e-06  0.00000000e+00  9.06247744e-04 
 8.58522503e-06  0.00000000e+00  9.42191020e-05 
 8.59513126e-06  0.00000000e+00  1.52165590e-04 
 8.61088481e-06  0.00000000e+00 -7.21699692e-05 
 8.62555778e-06  0.00000000e+00  1.14346219e-04 
 8.64923054e-06  0.00000000e+00 -6.45652641e-05 
 8.67336279e-06  0.00000000e+00  1.06424996e-04 
 8.70126128e-06  0.00000000e+00 -6.15279197e-05 
 8.73365148e-06  0.00000000e+00  9.98248493e-05 
 8.75010000e-06  0.00000000e+00 -5.74263824e-05 
 8.75011000e-06  1.80000000e-01  9.44697445e-04 
 8.75013000e-06  5.40000000e-01  2.63541442e-03 
 8.75017000e-06  1.26000000e+00  4.56358082e-03 
 8.75020000e-06  1.80000000e+00  5.72264854e-03 
 8.75020076e-06  1.80000000e+00  5.71484068e-03 
 8.75020228e-06  1.80000000e+00  5.64632598e-03 
 8.75020531e-06  1.80000000e+00  5.40123236e-03 
 8.75021138e-06  1.80000000e+00  5.01251617e-03 
 8.75022352e-06  1.80000000e+00  4.58837799e-03 
 8.75024780e-06  1.80000000e+00  4.07043465e-03 
 8.75029637e-06  1.80000000e+00  3.28948611e-03 
 8.75039349e-06  1.80000000e+00  2.31827537e-03 
 8.75058775e-06  1.80000000e+00  1.46253862e-03 
 8.75096969e-06  1.80000000e+00  1.20017806e-03 
 8.75147987e-06  1.80000000e+00  2.35033702e-03 
 8.75215751e-06  1.80000000e+00  2.27625774e-03 
 8.75280366e-06  1.80000000e+00  1.35220261e-03 
 8.75353965e-06  1.80000000e+00  9.98528656e-04 
 8.75446193e-06  1.80000000e+00 -7.09172599e-04 
 8.75521240e-06  1.80000000e+00 -1.68375395e-03 
 8.75607379e-06  1.80000000e+00 -8.73553064e-04 
 8.75688506e-06  1.80000000e+00 -3.58061969e-04 
 8.75775931e-06  1.80000000e+00 -1.37103106e-04 
 8.75913623e-06  1.80000000e+00  2.37070488e-04 
 8.76057074e-06  1.80000000e+00  3.77362294e-04 
 8.76296058e-06  1.80000000e+00  5.43801295e-04 
 8.76574137e-06  1.80000000e+00  4.79387173e-04 
 8.77017974e-06  1.80000000e+00  4.21870052e-04 
 8.77763585e-06  1.80000000e+00  2.52210801e-04 
 8.79254807e-06  1.80000000e+00  1.41831606e-04 
 8.81967745e-06  1.80000000e+00  5.13401513e-05 
 8.87393620e-06  1.80000000e+00  5.21044536e-05 
 8.98245371e-06  1.80000000e+00  7.39663609e-06 
 9.00000000e-06  1.80000000e+00  3.39232108e-05 
