 1.00000000e-12  1.78200000e+00  3.40667239e-01 
 1.02772000e-12  1.78150104e+00  3.45754881e-01 
 1.08316000e-12  1.78050312e+00  3.52849210e-01 
 1.19404001e-12  1.77850728e+00  3.61467962e-01 
 1.33845830e-12  1.77590775e+00  3.72347588e-01 
 1.62729489e-12  1.77070869e+00  3.91788097e-01 
 2.20496806e-12  1.76031057e+00  4.18885388e-01 
 3.05930935e-12  1.74493243e+00  4.40407637e-01 
 3.96207297e-12  1.72868269e+00  4.51333578e-01 
 5.17527483e-12  1.70684505e+00  4.57304190e-01 
 6.89129245e-12  1.67595674e+00  4.58963875e-01 
 1.02430847e-11  1.61562448e+00  4.55770460e-01 
 1.40817681e-11  1.54652817e+00  4.51522206e-01 
 2.08949374e-11  1.42389113e+00  4.47435946e-01 
 2.76496717e-11  1.30230591e+00  4.46156465e-01 
 3.67326458e-11  1.13881237e+00  4.45516108e-01 
 4.80368661e-11  9.35336410e-01  4.45460075e-01 
 6.53734888e-11  6.23277201e-01  4.45457691e-01 
 8.57611483e-11  2.56299331e-01  4.46151128e-01 
 1.00000000e-10  0.00000000e+00  4.46769896e-01 
 1.01203905e-10  0.00000000e+00  4.47082684e-01 
 1.03611715e-10  0.00000000e+00  4.47579080e-01 
 1.08427334e-10  0.00000000e+00  4.48409770e-01 
 1.18058573e-10  0.00000000e+00  4.49574790e-01 
 1.37321051e-10  0.00000000e+00  4.51647284e-01 
 1.75846008e-10  0.00000000e+00  4.55653231e-01 
 2.52895920e-10  0.00000000e+00  4.63262757e-01 
 4.04858924e-10  0.00000000e+00  4.76322505e-01 
 5.66393246e-10  0.00000000e+00  4.89150919e-01 
 8.31689772e-10  0.00000000e+00  5.07575876e-01 
 1.17982167e-09  0.00000000e+00  5.20904105e-01 
 1.62138821e-09  0.00000000e+00  5.24415660e-01 
 2.25455601e-09  0.00000000e+00  5.18396702e-01 
 3.03966393e-09  0.00000000e+00  4.97513565e-01 
 3.87442493e-09  0.00000000e+00  4.64862258e-01 
 4.66654382e-09  0.00000000e+00  4.29301319e-01 
 5.51523947e-09  0.00000000e+00  3.91907603e-01 
 6.74432461e-09  0.00000000e+00  3.39619122e-01 
 8.13391674e-09  0.00000000e+00  2.88427455e-01 
 9.57047585e-09  0.00000000e+00  2.40966434e-01 
 1.04813134e-08  0.00000000e+00  2.14041125e-01 
 1.13590985e-08  0.00000000e+00  1.89016526e-01 
 1.22987744e-08  0.00000000e+00  1.65354904e-01 
 1.33225592e-08  0.00000000e+00  1.42293420e-01 
 1.51584383e-08  0.00000000e+00  1.08190190e-01 
 1.75509162e-08  0.00000000e+00  7.47456758e-02 
 2.08884752e-08  0.00000000e+00  4.40422658e-02 
 2.45974583e-08  0.00000000e+00  2.39791356e-02 
 2.78331295e-08  0.00000000e+00  1.42344128e-02 
 3.11545558e-08  0.00000000e+00  8.12966574e-03 
 3.40088717e-08  0.00000000e+00  5.20719014e-03 
 3.70015911e-08  0.00000000e+00  3.07626690e-03 
 4.12937252e-08  0.00000000e+00  1.60060613e-03 
 4.74439309e-08  0.00000000e+00  4.51428794e-04 
 5.83060106e-08  0.00000000e+00  1.12982726e-04 
 7.39269682e-08  0.00000000e+00 -6.89825903e-05 
 1.05168883e-07  0.00000000e+00  7.60631219e-05 
 1.61714646e-07  0.00000000e+00 -7.21039119e-05 
 2.27784664e-07  0.00000000e+00  7.27366692e-05 
 2.50100000e-07  0.00000000e+00 -7.25220717e-05 
 2.50110000e-07  1.80000000e-01  2.20792580e-03 
 2.50130000e-07  5.40000000e-01  5.56355104e-03 
 2.50170000e-07  1.26000000e+00  9.32979829e-03 
 2.50200000e-07  1.80000000e+00  1.07779447e-02 
 2.50200518e-07  1.80000000e+00  1.06290139e-02 
 2.50201554e-07  1.80000000e+00  1.03325550e-02 
 2.50203626e-07  1.80000000e+00  9.76359944e-03 
 2.50207770e-07  1.80000000e+00  8.89415187e-03 
 2.50216057e-07  1.80000000e+00  7.76514388e-03 
 2.50232632e-07  1.80000000e+00  6.02308923e-03 
 2.50265782e-07  1.80000000e+00  3.49838158e-03 
 2.50332082e-07  1.80000000e+00  1.45136004e-03 
 2.50407759e-07  1.80000000e+00 -6.31948956e-05 
 2.50559113e-07  1.80000000e+00 -9.61956367e-04 
 2.50706067e-07  1.80000000e+00 -1.00856970e-03 
 2.50999975e-07  1.80000000e+00  3.14955299e-06 
 2.51328443e-07  1.80000000e+00  1.33391346e-03 
 2.51814006e-07  1.80000000e+00  2.21598421e-03 
 2.52368755e-07  1.80000000e+00  1.07391914e-03 
 2.52972928e-07  1.80000000e+00  7.07323279e-04 
 2.53861049e-07  1.80000000e+00  4.56845160e-05 
 2.54730409e-07  1.80000000e+00  1.27268015e-05 
 2.55539370e-07  1.80000000e+00  6.56598920e-04 
 2.56396881e-07  1.80000000e+00  6.24447498e-04 
 2.57283912e-07  1.80000000e+00  4.20820478e-04 
 2.58159346e-07  1.80000000e+00  6.16904591e-04 
 2.59692889e-07  1.80000000e+00  4.64905229e-04 
 2.61760407e-07  1.80000000e+00  4.94152311e-04 
 2.63982301e-07  1.80000000e+00  2.87505920e-04 
 2.67676177e-07  1.80000000e+00  2.50765052e-04 
 2.73182350e-07  1.80000000e+00  6.81840024e-05 
 2.84194697e-07  1.80000000e+00  7.56594995e-05 
 3.06219390e-07  1.80000000e+00 -2.90695696e-05 
 3.46184672e-07  1.80000000e+00  4.43078021e-05 
 4.26115237e-07  1.80000000e+00 -3.85106883e-05 
 4.88994728e-07  1.80000000e+00 -1.11956500e-03 
 5.00000000e-07  1.80000000e+00 -1.20579546e-03 
 5.00010000e-07  1.62000000e+00 -2.04750446e-03 
 5.00030000e-07  1.26000000e+00 -3.42619180e-03 
 5.00070000e-07  5.40000000e-01 -4.87504995e-03 
 5.00100000e-07  0.00000000e+00 -5.69423643e-03 
 5.00104203e-07  0.00000000e+00 -5.39398252e-03 
 5.00112608e-07  0.00000000e+00 -4.73912816e-03 
 5.00129418e-07  0.00000000e+00 -4.00511297e-03 
 5.00163040e-07  0.00000000e+00 -3.30998518e-03 
 5.00230282e-07  0.00000000e+00 -2.30040157e-03 
 5.00364766e-07  0.00000000e+00 -1.53081262e-03 
 5.00551182e-07  0.00000000e+00 -1.09303985e-03 
 5.00924013e-07  0.00000000e+00 -6.03042889e-04 
 5.01509472e-07  0.00000000e+00 -4.03154808e-03 
 5.02039713e-07  0.00000000e+00 -1.24858312e-02 
 5.02628022e-07  0.00000000e+00 -5.42425342e-03 
 5.03258104e-07  0.00000000e+00  4.45833461e-02 
 5.03983470e-07  0.00000000e+00  1.31736286e-01 
 5.04740290e-07  0.00000000e+00  2.28086301e-01 
 5.05513220e-07  0.00000000e+00  3.24876547e-01 
 5.06563856e-07  0.00000000e+00  4.50900405e-01 
 5.07581148e-07  0.00000000e+00  5.66951509e-01 
 5.09482373e-07  0.00000000e+00  7.72469904e-01 
 5.12220993e-07  0.00000000e+00  1.01686959e+00 
 5.14096305e-07  0.00000000e+00  1.16380608e+00 
 5.16215194e-07  0.00000000e+00  1.38069099e+00 
 5.18389420e-07  0.00000000e+00  1.60166946e+00 
 5.20828326e-07  0.00000000e+00  1.73951001e+00 
 5.23518846e-07  0.00000000e+00  1.78561893e+00 
 5.28081778e-07  0.00000000e+00  1.80113277e+00 
 5.33925536e-07  0.00000000e+00  1.79962458e+00 
 5.45155727e-07  0.00000000e+00  1.80044333e+00 
 5.63121910e-07  0.00000000e+00  1.79964087e+00 
 5.94709038e-07  0.00000000e+00  1.80038889e+00 
 6.52359694e-07  0.00000000e+00  1.79963520e+00 
 7.50100000e-07  9.52912066e-13  1.80037481e+00 
 7.50110000e-07  1.80000000e-01  1.80095798e+00 
 7.50130000e-07  5.40000000e-01  1.80229218e+00 
 7.50170000e-07  1.26000000e+00  1.80502204e+00 
 7.50200000e-07  1.80000000e+00  1.80690520e+00 
 7.50200744e-07  1.80000000e+00  1.80691606e+00 
 7.50202233e-07  1.80000000e+00  1.80688696e+00 
 7.50205211e-07  1.80000000e+00  1.80668603e+00 
 7.50211167e-07  1.80000000e+00  1.80628806e+00 
 7.50223078e-07  1.80000000e+00  1.80585145e+00 
 7.50246901e-07  1.80000000e+00  1.80542144e+00 
 7.50294547e-07  1.80000000e+00  1.80482109e+00 
 7.50389838e-07  1.80000000e+00  1.80405136e+00 
 7.50580420e-07  1.80000000e+00  1.80303112e+00 
 7.50953872e-07  1.80000000e+00  1.80239140e+00 
 7.51428745e-07  1.80000000e+00  1.80475274e+00 
 7.51992304e-07  1.80000000e+00  1.80536507e+00 
 7.52594262e-07  1.80000000e+00  1.80308643e+00 
 7.53250134e-07  1.80000000e+00  1.80165300e+00 
 7.54107027e-07  1.80000000e+00  1.80074951e+00 
 7.54725696e-07  1.80000000e+00  1.80022167e+00 
 7.55450583e-07  1.80000000e+00  1.80038172e+00 
 7.56122106e-07  1.80000000e+00  1.79824423e+00 
 7.56854152e-07  1.80000000e+00  1.79871049e+00 
 7.57769933e-07  1.80000000e+00  1.79917952e+00 
 7.58768930e-07  1.80000000e+00  1.79941440e+00 
 7.59801991e-07  1.80000000e+00  1.79876692e+00 
 7.61316524e-07  1.80000000e+00  1.79814928e+00 
 7.62892667e-07  1.80000000e+00  1.79793858e+00 
 7.65202525e-07  1.80000000e+00  1.79880189e+00 
 7.67931126e-07  1.80000000e+00  1.79934389e+00 
 7.72131152e-07  1.80000000e+00  1.79984577e+00 
 7.80531203e-07  1.80000000e+00  1.79996873e+00 
 7.93180527e-07  1.80000000e+00  1.80004505e+00 
 8.18479175e-07  1.80000000e+00  1.79996709e+00 
 8.69076471e-07  1.80000000e+00  1.80004329e+00 
 9.70271064e-07  1.80000000e+00  1.79996519e+00 
 1.00000000e-06  1.80000000e+00  1.80004155e+00 
 1.00001000e-06  1.62000000e+00  1.79886745e+00 
 1.00003000e-06  1.26000000e+00  1.79671292e+00 
 1.00007000e-06  5.40000000e-01  1.79418137e+00 
 1.00010000e-06  0.00000000e+00  1.79297592e+00 
 1.00010423e-06  0.00000000e+00  1.79330185e+00 
 1.00011268e-06  0.00000000e+00  1.79412273e+00 
 1.00012958e-06  0.00000000e+00  1.79529894e+00 
 1.00016339e-06  0.00000000e+00  1.79651652e+00 
 1.00023100e-06  0.00000000e+00  1.79834461e+00 
 1.00036623e-06  0.00000000e+00  1.80010167e+00 
 1.00055330e-06  0.00000000e+00  1.80112557e+00 
 1.00092743e-06  0.00000000e+00  1.80171253e+00 
 1.00151008e-06  0.00000000e+00  1.80094124e+00 
 1.00204157e-06  0.00000000e+00  1.79969025e+00 
 1.00261451e-06  0.00000000e+00  1.79859144e+00 
 1.00329176e-06  0.00000000e+00  1.79923860e+00 
 1.00408248e-06  0.00000000e+00  1.80048773e+00 
 1.00484647e-06  0.00000000e+00  1.80050980e+00 
 1.00553338e-06  0.00000000e+00  1.79528498e+00 
 1.00625049e-06  0.00000000e+00  1.79292457e+00 
 1.00697360e-06  0.00000000e+00  1.79249639e+00 
 1.00775485e-06  0.00000000e+00  1.78845862e+00 
 1.00854739e-06  0.00000000e+00  1.78942343e+00 
 1.00964899e-06  0.00000000e+00  1.79321375e+00 
 1.01106163e-06  0.00000000e+00  1.79626855e+00 
 1.01326822e-06  0.00000000e+00  1.79810504e+00 
 1.01474605e-06  0.00000000e+00  1.79884173e+00 
 1.01639613e-06  0.00000000e+00  1.79957424e+00 
 1.01803774e-06  0.00000000e+00  1.79983955e+00 
 1.01953076e-06  0.00000000e+00  1.79916009e+00 
 1.02077328e-06  0.00000000e+00  1.79944253e+00 
 1.02207800e-06  0.00000000e+00  1.79870382e+00 
 1.02343332e-06  0.00000000e+00  1.79790331e+00 
 1.02505348e-06  0.00000000e+00  1.79852347e+00 
 1.02673717e-06  0.00000000e+00  1.79942833e+00 
 1.02916599e-06  0.00000000e+00  1.79975880e+00 
 1.03229889e-06  0.00000000e+00  1.79999104e+00 
 1.03835120e-06  0.00000000e+00  1.79993261e+00 
 1.04630582e-06  0.00000000e+00  1.80002013e+00 
 1.05892137e-06  0.00000000e+00  1.79993687e+00 
 1.07818734e-06  0.00000000e+00  1.80002865e+00 
 1.09554120e-06  0.00000000e+00  1.79994347e+00 
 1.11630748e-06  0.00000000e+00  1.80012557e+00 
 1.12972478e-06  0.00000000e+00  1.79967036e+00 
 1.14231878e-06  0.00000000e+00  1.80037559e+00 
 1.15723285e-06  0.00000000e+00  1.79960199e+00 
 1.17431957e-06  0.00000000e+00  1.80036667e+00 
 1.19567762e-06  0.00000000e+00  1.79963831e+00 
 1.22389285e-06  0.00000000e+00  1.80033250e+00 
 1.25010000e-06  0.00000000e+00  1.79967590e+00 
 1.25011000e-06  1.80000000e-01  1.80040931e+00 
 1.25013000e-06  5.40000000e-01  1.80201633e+00 
 1.25017000e-06  1.26000000e+00  1.80510397e+00 
 1.25020000e-06  1.80000000e+00  1.80720822e+00 
 1.25020073e-06  1.80000000e+00  1.80722632e+00 
 1.25020219e-06  1.80000000e+00  1.80720879e+00 
 1.25020511e-06  1.80000000e+00  1.80701552e+00 
 1.25021095e-06  1.80000000e+00  1.80661945e+00 
 1.25022264e-06  1.80000000e+00  1.80618069e+00 
 1.25024601e-06  1.80000000e+00  1.80573556e+00 
 1.25029275e-06  1.80000000e+00  1.80508129e+00 
 1.25038623e-06  1.80000000e+00  1.80421553e+00 
 1.25057319e-06  1.80000000e+00  1.80314741e+00 
 1.25090242e-06  1.80000000e+00  1.80236867e+00 
 1.25139706e-06  1.80000000e+00  1.80412404e+00 
 1.25202164e-06  1.80000000e+00  1.80488835e+00 
 1.25260563e-06  1.80000000e+00  1.80252604e+00 
 1.25327584e-06  1.80000000e+00  1.80103274e+00 
 1.25410108e-06  1.80000000e+00  1.80012840e+00 
 1.25471188e-06  1.80000000e+00  1.79950934e+00 
 1.25542184e-06  1.80000000e+00  1.79874208e+00 
 1.25623659e-06  1.80000000e+00  1.79824713e+00 
 1.25706686e-06  1.80000000e+00  1.79839973e+00 
 1.25818985e-06  1.80000000e+00  1.79870944e+00 
 1.25996852e-06  1.80000000e+00  1.79917216e+00 
 1.26191546e-06  1.80000000e+00  1.79947564e+00 
 1.26483057e-06  1.80000000e+00  1.79975521e+00 
 1.26869800e-06  1.80000000e+00  1.79990345e+00 
 1.27643286e-06  1.80000000e+00  1.80000094e+00 
 1.29190259e-06  1.80000000e+00  1.79999654e+00 
 1.32284204e-06  1.80000000e+00  1.80000367e+00 
 1.38472094e-06  1.80000000e+00  1.79999607e+00 
 1.47601980e-06  1.80000000e+00  1.80000387e+00 
 1.50000000e-06  1.80000000e+00  1.79999592e+00 
 1.50001000e-06  1.62000000e+00  1.79876535e+00 
 1.50003000e-06  1.26000000e+00  1.79654714e+00 
 1.50007000e-06  5.40000000e-01  1.79383545e+00 
 1.50010000e-06  0.00000000e+00  1.79244658e+00 
 1.50010419e-06  0.00000000e+00  1.79274455e+00 
 1.50011258e-06  0.00000000e+00  1.79351746e+00 
 1.50012935e-06  0.00000000e+00  1.79465736e+00 
 1.50016288e-06  0.00000000e+00  1.79593464e+00 
 1.50022996e-06  0.00000000e+00  1.79792452e+00 
 1.50036411e-06  0.00000000e+00  1.79987482e+00 
 1.50054084e-06  0.00000000e+00  1.80096931e+00 
 1.50089432e-06  0.00000000e+00  1.80171919e+00 
 1.50138567e-06  0.00000000e+00  1.80134706e+00 
 1.50189652e-06  0.00000000e+00  1.80008007e+00 
 1.50243628e-06  0.00000000e+00  1.79860596e+00 
 1.50310122e-06  0.00000000e+00  1.79885488e+00 
 1.50375458e-06  0.00000000e+00  1.79955550e+00 
 1.50449769e-06  0.00000000e+00  1.79964773e+00 
 1.50535973e-06  0.00000000e+00  1.79979049e+00 
 1.50619871e-06  0.00000000e+00  1.79982241e+00 
 1.50748117e-06  0.00000000e+00  1.79985578e+00 
 1.50882852e-06  0.00000000e+00  1.79990076e+00 
 1.51009458e-06  0.00000000e+00  1.79996564e+00 
 1.51139737e-06  0.00000000e+00  1.79990911e+00 
 1.51304830e-06  0.00000000e+00  1.79997284e+00 
 1.51458068e-06  0.00000000e+00  1.79991800e+00 
 1.51653261e-06  0.00000000e+00  1.79997982e+00 
 1.51832178e-06  0.00000000e+00  1.79992456e+00 
 1.52190013e-06  0.00000000e+00  1.79998662e+00 
 1.52902059e-06  0.00000000e+00  1.79993622e+00 
 1.53991288e-06  0.00000000e+00  1.80000057e+00 
 1.56169748e-06  0.00000000e+00  1.79995179e+00 
 1.60526666e-06  0.00000000e+00  1.80001653e+00 
 1.69240504e-06  0.00000000e+00  1.79996496e+00 
 1.75010000e-06  0.00000000e+00  1.80002357e+00 
 1.75011000e-06  1.80000000e-01  1.80070218e+00 
 1.75013000e-06  5.40000000e-01  1.80221185e+00 
 1.75017000e-06  1.26000000e+00  1.80525422e+00 
 1.75020000e-06  1.80000000e+00  1.80736851e+00 
 1.75020074e-06  1.80000000e+00  1.80738535e+00 
 1.75020223e-06  1.80000000e+00  1.80736438e+00 
 1.75020521e-06  1.80000000e+00  1.80716628e+00 
 1.75021116e-06  1.80000000e+00  1.80677335e+00 
 1.75022307e-06  1.80000000e+00  1.80634809e+00 
 1.75024688e-06  1.80000000e+00  1.80590871e+00 
 1.75029451e-06  1.80000000e+00  1.80523985e+00 
 1.75038976e-06  1.80000000e+00  1.80432383e+00 
 1.75058026e-06  1.80000000e+00  1.80316453e+00 
 1.75091415e-06  1.80000000e+00  1.80237802e+00 
 1.75140570e-06  1.80000000e+00  1.80420911e+00 
 1.75204290e-06  1.80000000e+00  1.80484291e+00 
 1.75261779e-06  1.80000000e+00  1.80251903e+00 
 1.75330424e-06  1.80000000e+00  1.80104972e+00 
 1.75414304e-06  1.80000000e+00  1.80025540e+00 
 1.75474794e-06  1.80000000e+00  1.79970466e+00 
 1.75544654e-06  1.80000000e+00  1.79893061e+00 
 1.75613521e-06  1.80000000e+00  1.79830656e+00 
 1.75686521e-06  1.80000000e+00  1.79830938e+00 
 1.75780836e-06  1.80000000e+00  1.79853238e+00 
 1.75883571e-06  1.80000000e+00  1.79884610e+00 
 1.76089039e-06  1.80000000e+00  1.79929537e+00 
 1.76306937e-06  1.80000000e+00  1.79959170e+00 
 1.76680685e-06  1.80000000e+00  1.79984198e+00 
 1.77159365e-06  1.80000000e+00  1.79995855e+00 
 1.78116727e-06  1.80000000e+00  1.80000197e+00 
 1.80031450e-06  1.80000000e+00  1.79999950e+00 
 1.83860896e-06  1.80000000e+00  1.79999997e+00 
 1.91519789e-06  1.80000000e+00  1.80000000e+00 
 2.00000000e-06  1.80000000e+00  1.79999977e+00 
 2.00001000e-06  1.62000000e+00  1.79877012e+00 
 2.00003000e-06  1.26000000e+00  1.79656144e+00 
 2.00007000e-06  5.40000000e-01  1.79385337e+00 
 2.00010000e-06  3.67639252e-12  1.79245824e+00 
 2.00010419e-06  0.00000000e+00  1.79275829e+00 
 2.00011258e-06  0.00000000e+00  1.79353202e+00 
 2.00012935e-06  0.00000000e+00  1.79466773e+00 
 2.00016289e-06  0.00000000e+00  1.79594173e+00 
 2.00022997e-06  0.00000000e+00  1.79792923e+00 
 2.00036414e-06  0.00000000e+00  1.79988001e+00 
 2.00054082e-06  0.00000000e+00  1.80097302e+00 
 2.00089418e-06  0.00000000e+00  1.80171818e+00 
 2.00138553e-06  0.00000000e+00  1.80133659e+00 
 2.00189637e-06  0.00000000e+00  1.80007405e+00 
 2.00243517e-06  0.00000000e+00  1.79861421e+00 
 2.00309835e-06  0.00000000e+00  1.79880398e+00 
 2.00375436e-06  0.00000000e+00  1.79946820e+00 
 2.00453387e-06  0.00000000e+00  1.79965257e+00 
 2.00518909e-06  0.00000000e+00  1.79977356e+00 
 2.00589860e-06  0.00000000e+00  1.79981806e+00 
 2.00674504e-06  0.00000000e+00  1.79991268e+00 
 2.00748034e-06  0.00000000e+00  1.79987279e+00 
 2.00826681e-06  0.00000000e+00  1.79993678e+00 
 2.00933523e-06  0.00000000e+00  1.79989437e+00 
 2.01037276e-06  0.00000000e+00  1.79995584e+00 
 2.01228006e-06  0.00000000e+00  1.79993183e+00 
 2.01467812e-06  0.00000000e+00  1.80006331e+00 
 2.01664053e-06  0.00000000e+00  1.80029276e+00 
 2.01869776e-06  0.00000000e+00  1.79995561e+00 
 2.02019852e-06  0.00000000e+00  1.79912644e+00 
 2.02159627e-06  0.00000000e+00  1.79977394e+00 
 2.02283830e-06  0.00000000e+00  1.79847989e+00 
 2.02422636e-06  0.00000000e+00  1.79808077e+00 
 2.02575668e-06  0.00000000e+00  1.79881890e+00 
 2.02803087e-06  0.00000000e+00  1.79971108e+00 
 2.03017693e-06  0.00000000e+00  1.79979830e+00 
 2.03424338e-06  0.00000000e+00  1.80002571e+00 
 2.03999692e-06  0.00000000e+00  1.79991413e+00 
 2.04897041e-06  0.00000000e+00  1.80003297e+00 
 2.06424587e-06  0.00000000e+00  1.79992443e+00 
 2.08748928e-06  0.00000000e+00  1.80004161e+00 
 2.12247813e-06  0.00000000e+00  1.79993360e+00 
 2.17244811e-06  0.00000000e+00  1.80004825e+00 
 2.24772473e-06  0.00000000e+00  1.79993929e+00 
 2.25010000e-06  0.00000000e+00  1.80004676e+00 
 2.25011000e-06  1.80000000e-01  1.80073648e+00 
 2.25013000e-06  5.40000000e-01  1.80225129e+00 
 2.25017000e-06  1.26000000e+00  1.80526387e+00 
 2.25020000e-06  1.80000000e+00  1.80735315e+00 
 2.25020074e-06  1.80000000e+00  1.80736927e+00 
 2.25020223e-06  1.80000000e+00  1.80734708e+00 
 2.25020521e-06  1.80000000e+00  1.80714823e+00 
 2.25021116e-06  1.80000000e+00  1.80675618e+00 
 2.25022306e-06  1.80000000e+00  1.80633279e+00 
 2.25024686e-06  1.80000000e+00  1.80589634e+00 
 2.25029447e-06  1.80000000e+00  1.80523318e+00 
 2.25038969e-06  1.80000000e+00  1.80432314e+00 
 2.25058012e-06  1.80000000e+00  1.80316480e+00 
 2.25091358e-06  1.80000000e+00  1.80237702e+00 
 2.25140458e-06  1.80000000e+00  1.80420183e+00 
 2.25204223e-06  1.80000000e+00  1.80484003e+00 
 2.25261662e-06  1.80000000e+00  1.80251379e+00 
 2.25330338e-06  1.80000000e+00  1.80100863e+00 
 2.25414361e-06  1.80000000e+00  1.80010300e+00 
 2.25475389e-06  1.80000000e+00  1.79948747e+00 
 2.25545920e-06  1.80000000e+00  1.79872741e+00 
 2.25634426e-06  1.80000000e+00  1.79824342e+00 
 2.25721817e-06  1.80000000e+00  1.79845075e+00 
 2.25831063e-06  1.80000000e+00  1.79874838e+00 
 2.26022267e-06  1.80000000e+00  1.79922875e+00 
 2.26217453e-06  1.80000000e+00  1.79950788e+00 
 2.26534043e-06  1.80000000e+00  1.79978953e+00 
 2.26927292e-06  1.80000000e+00  1.79991486e+00 
 2.27713792e-06  1.80000000e+00  1.80000412e+00 
 2.29286790e-06  1.80000000e+00  1.79999425e+00 
 2.32432787e-06  1.80000000e+00  1.80000582e+00 
 2.38724781e-06  1.80000000e+00  1.79999398e+00 
 2.48346193e-06  1.80000000e+00  1.80000594e+00 
 2.50000000e-06  1.80000000e+00  1.79999391e+00 
 2.50001000e-06  1.62000000e+00  1.79876754e+00 
 2.50003000e-06  1.26000000e+00  1.79657002e+00 
 2.50007000e-06  5.40000000e-01  1.79386883e+00 
 2.50010000e-06  3.67639252e-12  1.79246998e+00 
 2.50010419e-06  0.00000000e+00  1.79277182e+00 
 2.50011258e-06  0.00000000e+00  1.79354552e+00 
 2.50012935e-06  0.00000000e+00  1.79467400e+00 
 2.50016289e-06  0.00000000e+00  1.79594122e+00 
 2.50022997e-06  0.00000000e+00  1.79792272e+00 
 2.50036414e-06  0.00000000e+00  1.79987366e+00 
 2.50054088e-06  0.00000000e+00  1.80097054e+00 
 2.50089438e-06  0.00000000e+00  1.80172079e+00 
 2.50138571e-06  0.00000000e+00  1.80134830e+00 
 2.50189640e-06  0.00000000e+00  1.80008061e+00 
 2.50243601e-06  0.00000000e+00  1.79859961e+00 
 2.50310014e-06  0.00000000e+00  1.79884770e+00 
 2.50375360e-06  0.00000000e+00  1.79955894e+00 
 2.50449457e-06  0.00000000e+00  1.79964810e+00 
 2.50535773e-06  0.00000000e+00  1.79979241e+00 
 2.50617968e-06  0.00000000e+00  1.79981996e+00 
 2.50747443e-06  0.00000000e+00  1.79985676e+00 
 2.50880594e-06  0.00000000e+00  1.79989880e+00 
 2.51005559e-06  0.00000000e+00  1.79996656e+00 
 2.51134709e-06  0.00000000e+00  1.79990782e+00 
 2.51298848e-06  0.00000000e+00  1.79997403e+00 
 2.51447707e-06  0.00000000e+00  1.79991668e+00 
 2.51621021e-06  0.00000000e+00  1.79998016e+00 
 2.51801992e-06  0.00000000e+00  1.79992327e+00 
 2.52163933e-06  0.00000000e+00  1.79998701e+00 
 2.52855632e-06  0.00000000e+00  1.79993506e+00 
 2.53996288e-06  0.00000000e+00  1.80000129e+00 
 2.56277601e-06  0.00000000e+00  1.79995137e+00 
 2.60840225e-06  0.00000000e+00  1.80001758e+00 
 2.69965474e-06  0.00000000e+00  1.79996452e+00 
 2.75010000e-06  0.00000000e+00  1.80002428e+00 
 2.75011000e-06  1.80000000e-01  1.80070411e+00 
 2.75013000e-06  5.40000000e-01  1.80221054e+00 
 2.75017000e-06  1.26000000e+00  1.80523454e+00 
 2.75020000e-06  1.80000000e+00  1.80732934e+00 
 2.75020074e-06  1.80000000e+00  1.80734528e+00 
 2.75020223e-06  1.80000000e+00  1.80732290e+00 
 2.75020521e-06  1.80000000e+00  1.80712522e+00 
 2.75021116e-06  1.80000000e+00  1.80673728e+00 
 2.75022307e-06  1.80000000e+00  1.80631925e+00 
 2.75024688e-06  1.80000000e+00  1.80588892e+00 
 2.75029451e-06  1.80000000e+00  1.80523109e+00 
 2.75038976e-06  1.80000000e+00  1.80432288e+00 
 2.75058025e-06  1.80000000e+00  1.80316466e+00 
 2.75091405e-06  1.80000000e+00  1.80237925e+00 
 2.75140454e-06  1.80000000e+00  1.80420955e+00 
 2.75197815e-06  1.80000000e+00  1.80507369e+00 
 2.75257755e-06  1.80000000e+00  1.80264049e+00 
 2.75322577e-06  1.80000000e+00  1.80115011e+00 
 2.75406326e-06  1.80000000e+00  1.80032489e+00 
 2.75467733e-06  1.80000000e+00  1.79976653e+00 
 2.75539158e-06  1.80000000e+00  1.79900388e+00 
 2.75604189e-06  1.80000000e+00  1.79836702e+00 
 2.75676423e-06  1.80000000e+00  1.79828988e+00 
 2.75765586e-06  1.80000000e+00  1.79849992e+00 
 2.75864695e-06  1.80000000e+00  1.79878929e+00 
 2.76062912e-06  1.80000000e+00  1.79925623e+00 
 2.76272743e-06  1.80000000e+00  1.79954982e+00 
 2.76626494e-06  1.80000000e+00  1.79982377e+00 
 2.77061513e-06  1.80000000e+00  1.79993847e+00 
 2.77931549e-06  1.80000000e+00  1.80000584e+00 
 2.79671623e-06  1.80000000e+00  1.79999466e+00 
 2.83151771e-06  1.80000000e+00  1.80000505e+00 
 2.90112067e-06  1.80000000e+00  1.79999484e+00 
 3.00000000e-06  1.80000000e+00  1.80000499e+00 
 3.00001000e-06  1.62000000e+00  1.79877729e+00 
 3.00003000e-06  1.26000000e+00  1.79658067e+00 
 3.00007000e-06  5.40000000e-01  1.79387800e+00 
 3.00010000e-06  3.67639252e-12  1.79247571e+00 
 3.00010419e-06  0.00000000e+00  1.79277818e+00 
 3.00011258e-06  0.00000000e+00  1.79355174e+00 
 3.00012935e-06  0.00000000e+00  1.79467787e+00 
 3.00016290e-06  0.00000000e+00  1.79594343e+00 
 3.00022998e-06  0.00000000e+00  1.79792466e+00 
 3.00036416e-06  0.00000000e+00  1.79987765e+00 
 3.00054087e-06  0.00000000e+00  1.80097382e+00 
 3.00089427e-06  0.00000000e+00  1.80171988e+00 
 3.00138562e-06  0.00000000e+00  1.80133883e+00 
 3.00189632e-06  0.00000000e+00  1.80007537e+00 
 3.00243459e-06  0.00000000e+00  1.79860953e+00 
 3.00309754e-06  0.00000000e+00  1.79879771e+00 
 3.00375338e-06  0.00000000e+00  1.79947212e+00 
 3.00453267e-06  0.00000000e+00  1.79965256e+00 
 3.00519378e-06  0.00000000e+00  1.79977934e+00 
 3.00590051e-06  0.00000000e+00  1.79981685e+00 
 3.00677134e-06  0.00000000e+00  1.79991264e+00 
 3.00752754e-06  0.00000000e+00  1.79987113e+00 
 3.00832702e-06  0.00000000e+00  1.79993840e+00 
 3.00949130e-06  0.00000000e+00  1.79989465e+00 
 3.01054736e-06  0.00000000e+00  1.79995891e+00 
 3.01258644e-06  0.00000000e+00  1.79993901e+00 
 3.01494758e-06  0.00000000e+00  1.80009005e+00 
 3.01681001e-06  0.00000000e+00  1.80032020e+00 
 3.01884224e-06  0.00000000e+00  1.79986611e+00 
 3.02020170e-06  0.00000000e+00  1.79909287e+00 
 3.02173921e-06  0.00000000e+00  1.79971747e+00 
 3.02310578e-06  0.00000000e+00  1.79832997e+00 
 3.02455358e-06  0.00000000e+00  1.79819339e+00 
 3.02625706e-06  0.00000000e+00  1.79906313e+00 
 3.02856101e-06  0.00000000e+00  1.79977657e+00 
 3.03098203e-06  0.00000000e+00  1.79984569e+00 
 3.03560641e-06  0.00000000e+00  1.80002329e+00 
 3.04185913e-06  0.00000000e+00  1.79992255e+00 
 3.05217602e-06  0.00000000e+00  1.80002631e+00 
 3.06859981e-06  0.00000000e+00  1.79993333e+00 
 3.08916875e-06  0.00000000e+00  1.80003227e+00 
 3.10583381e-06  0.00000000e+00  1.79989574e+00 
 3.12244251e-06  0.00000000e+00  1.80012125e+00 
 3.13453880e-06  0.00000000e+00  1.79986477e+00 
 3.14561452e-06  0.00000000e+00  1.80012436e+00 
 3.15606669e-06  0.00000000e+00  1.79986120e+00 
 3.16524103e-06  0.00000000e+00  1.80011692e+00 
 3.17468742e-06  0.00000000e+00  1.79987315e+00 
 3.18889808e-06  0.00000000e+00  1.80010881e+00 
 3.20348518e-06  0.00000000e+00  1.79988229e+00 
 3.22034956e-06  0.00000000e+00  1.80010885e+00 
 3.23925356e-06  0.00000000e+00  1.79994437e+00 
 3.24891400e-06  0.00000000e+00  1.79993185e+00 
 3.25010000e-06  0.00000000e+00  1.79993569e+00 
 3.25011000e-06  1.80000000e-01  1.80069636e+00 
 3.25013000e-06  5.40000000e-01  1.80220994e+00 
 3.25017000e-06  1.26000000e+00  1.80518846e+00 
 3.25020000e-06  1.80000000e+00  1.80729158e+00 
 3.25020073e-06  1.80000000e+00  1.80730660e+00 
 3.25020219e-06  1.80000000e+00  1.80728526e+00 
 3.25020512e-06  1.80000000e+00  1.80709280e+00 
 3.25021096e-06  1.80000000e+00  1.80670842e+00 
 3.25022266e-06  1.80000000e+00  1.80629067e+00 
 3.25024604e-06  1.80000000e+00  1.80586492e+00 
 3.25029282e-06  1.80000000e+00  1.80522030e+00 
 3.25038636e-06  1.80000000e+00  1.80432769e+00 
 3.25057345e-06  1.80000000e+00  1.80318835e+00 
 3.25090223e-06  1.80000000e+00  1.80236872e+00 
 3.25139374e-06  1.80000000e+00  1.80412769e+00 
 3.25202179e-06  1.80000000e+00  1.80491152e+00 
 3.25260251e-06  1.80000000e+00  1.80255022e+00 
 3.25328154e-06  1.80000000e+00  1.80103160e+00 
 3.25412465e-06  1.80000000e+00  1.80011497e+00 
 3.25473653e-06  1.80000000e+00  1.79950133e+00 
 3.25544364e-06  1.80000000e+00  1.79873959e+00 
 3.25636083e-06  1.80000000e+00  1.79823947e+00 
 3.25722806e-06  1.80000000e+00  1.79845316e+00 
 3.25834051e-06  1.80000000e+00  1.79875472e+00 
 3.26037925e-06  1.80000000e+00  1.79925511e+00 
 3.26231503e-06  1.80000000e+00  1.79952381e+00 
 3.26558943e-06  1.80000000e+00  1.79980070e+00 
 3.26955308e-06  1.80000000e+00  1.79992123e+00 
 3.27748037e-06  1.80000000e+00  1.80000278e+00 
 3.29333496e-06  1.80000000e+00  1.79999554e+00 
 3.32504414e-06  1.80000000e+00  1.80000438e+00 
 3.38846250e-06  1.80000000e+00  1.79999544e+00 
 3.45598946e-06  1.80000000e+00  1.80000449e+00 
 3.50000000e-06  1.80000000e+00  1.79999541e+00 
 3.50001000e-06  1.62000000e+00  1.79877458e+00 
 3.50003000e-06  1.26000000e+00  1.79658607e+00 
 3.50007000e-06  5.40000000e-01  1.79388734e+00 
 3.50010000e-06  3.67639252e-12  1.79248485e+00 
 3.50010419e-06  0.00000000e+00  1.79278382e+00 
 3.50011258e-06  0.00000000e+00  1.79355399e+00 
 3.50012935e-06  0.00000000e+00  1.79467913e+00 
 3.50016288e-06  0.00000000e+00  1.79594073e+00 
 3.50022996e-06  0.00000000e+00  1.79791912e+00 
 3.50036411e-06  0.00000000e+00  1.79987088e+00 
 3.50054086e-06  0.00000000e+00  1.80097102e+00 
 3.50089436e-06  0.00000000e+00  1.80172260e+00 
 3.50138571e-06  0.00000000e+00  1.80135045e+00 
 3.50189644e-06  0.00000000e+00  1.80007909e+00 
 3.50243566e-06  0.00000000e+00  1.79859315e+00 
 3.50309957e-06  0.00000000e+00  1.79884132e+00 
 3.50375288e-06  0.00000000e+00  1.79955740e+00 
 3.50450139e-06  0.00000000e+00  1.79964642e+00 
 3.50533705e-06  0.00000000e+00  1.79979190e+00 
 3.50616006e-06  0.00000000e+00  1.79981972e+00 
 3.50729724e-06  0.00000000e+00  1.79985181e+00 
 3.50866649e-06  0.00000000e+00  1.79989374e+00 
 3.50980942e-06  0.00000000e+00  1.79996925e+00 
 3.51102183e-06  0.00000000e+00  1.79990591e+00 
 3.51248560e-06  0.00000000e+00  1.79997421e+00 
 3.51405415e-06  0.00000000e+00  1.79991496e+00 
 3.51565335e-06  0.00000000e+00  1.79998021e+00 
 3.51761417e-06  0.00000000e+00  1.79992185e+00 
 3.52077422e-06  0.00000000e+00  1.79998673e+00 
 3.52557464e-06  0.00000000e+00  1.79993166e+00 
 3.53430405e-06  0.00000000e+00  1.79999863e+00 
 3.55033611e-06  0.00000000e+00  1.79994672e+00 
 3.57978344e-06  0.00000000e+00  1.80001426e+00 
 3.63700970e-06  0.00000000e+00  1.79996082e+00 
 3.74776827e-06  0.00000000e+00  1.80002493e+00 
 3.75010000e-06  0.00000000e+00  1.79996529e+00 
 3.75011000e-06  1.80000000e-01  1.80068641e+00 
 3.75013000e-06  5.40000000e-01  1.80220700e+00 
 3.75017000e-06  1.26000000e+00  1.80522265e+00 
 3.75020000e-06  1.80000000e+00  1.80731181e+00 
 3.75020073e-06  1.80000000e+00  1.80732714e+00 
 3.75020219e-06  1.80000000e+00  1.80730579e+00 
 3.75020511e-06  1.80000000e+00  1.80711385e+00 
 3.75021096e-06  1.80000000e+00  1.80673218e+00 
 3.75022265e-06  1.80000000e+00  1.80631686e+00 
 3.75024603e-06  1.80000000e+00  1.80589363e+00 
 3.75029278e-06  1.80000000e+00  1.80524903e+00 
 3.75038629e-06  1.80000000e+00  1.80435132e+00 
 3.75057332e-06  1.80000000e+00  1.80320123e+00 
 3.75090121e-06  1.80000000e+00  1.80237440e+00 
 3.75139317e-06  1.80000000e+00  1.80413720e+00 
 3.75202121e-06  1.80000000e+00  1.80493022e+00 
 3.75260203e-06  1.80000000e+00  1.80257071e+00 
 3.75328073e-06  1.80000000e+00  1.80107978e+00 
 3.75412407e-06  1.80000000e+00  1.80027640e+00 
 3.75473082e-06  1.80000000e+00  1.79972733e+00 
 3.75543103e-06  1.80000000e+00  1.79896014e+00 
 3.75611169e-06  1.80000000e+00  1.79832626e+00 
 3.75683766e-06  1.80000000e+00  1.79830313e+00 
 3.75777662e-06  1.80000000e+00  1.79852901e+00 
 3.75881670e-06  1.80000000e+00  1.79883705e+00 
 3.76089688e-06  1.80000000e+00  1.79930018e+00 
 3.76304776e-06  1.80000000e+00  1.79958518e+00 
 3.76678640e-06  1.80000000e+00  1.79984474e+00 
 3.77149865e-06  1.80000000e+00  1.79995345e+00 
 3.78092314e-06  1.80000000e+00  1.80000538e+00 
 3.79977212e-06  1.80000000e+00  1.79999596e+00 
 3.83747009e-06  1.80000000e+00  1.80000353e+00 
 3.91286603e-06  1.80000000e+00  1.79999644e+00 
 4.00000000e-06  1.80000000e+00  1.80000337e+00 
 4.00001000e-06  1.62000000e+00  1.79878082e+00 
 4.00003000e-06  1.26000000e+00  1.79659344e+00 
 4.00007000e-06  5.40000000e-01  1.79389348e+00 
 4.00010000e-06  0.00000000e+00  1.79248818e+00 
 4.00010419e-06  0.00000000e+00  1.79278921e+00 
 4.00011258e-06  0.00000000e+00  1.79356056e+00 
 4.00012935e-06  0.00000000e+00  1.79468252e+00 
 4.00016288e-06  0.00000000e+00  1.79594186e+00 
 4.00022996e-06  0.00000000e+00  1.79791965e+00 
 4.00036411e-06  0.00000000e+00  1.79987427e+00 
 4.00054079e-06  0.00000000e+00  1.80097421e+00 
 4.00089415e-06  0.00000000e+00  1.80172195e+00 
 4.00138544e-06  0.00000000e+00  1.80134242e+00 
 4.00189613e-06  0.00000000e+00  1.80007541e+00 
 4.00243438e-06  0.00000000e+00  1.79860253e+00 
 4.00309699e-06  0.00000000e+00  1.79878936e+00 
 4.00375287e-06  0.00000000e+00  1.79947239e+00 
 4.00453191e-06  0.00000000e+00  1.79965222e+00 
 4.00518620e-06  0.00000000e+00  1.79978220e+00 
 4.00589489e-06  0.00000000e+00  1.79981611e+00 
 4.00677349e-06  0.00000000e+00  1.79991523e+00 
 4.00754899e-06  0.00000000e+00  1.79987104e+00 
 4.00836234e-06  0.00000000e+00  1.79994101e+00 
 4.00944427e-06  0.00000000e+00  1.79989354e+00 
 4.01057279e-06  0.00000000e+00  1.79996066e+00 
 4.01258364e-06  0.00000000e+00  1.79993949e+00 
 4.01502270e-06  0.00000000e+00  1.80010601e+00 
 4.01688475e-06  0.00000000e+00  1.80032784e+00 
 4.01893736e-06  0.00000000e+00  1.79980689e+00 
 4.02059528e-06  0.00000000e+00  1.79918101e+00 
 4.02238818e-06  0.00000000e+00  1.79934193e+00 
 4.02412557e-06  0.00000000e+00  1.79806154e+00 
 4.02619344e-06  0.00000000e+00  1.79892731e+00 
 4.02812523e-06  0.00000000e+00  1.79962310e+00 
 4.03105992e-06  0.00000000e+00  1.79990984e+00 
 4.03492137e-06  0.00000000e+00  1.79994363e+00 
 4.04063781e-06  0.00000000e+00  1.79991589e+00 
 4.04621341e-06  0.00000000e+00  1.79996045e+00 
 4.05032466e-06  0.00000000e+00  1.79998770e+00 
 4.05608955e-06  0.00000000e+00  1.80002852e+00 
 4.06040307e-06  0.00000000e+00  1.80009795e+00 
 4.06413578e-06  0.00000000e+00  1.79979769e+00 
 4.06814982e-06  0.00000000e+00  1.80014459e+00 
 4.07360943e-06  0.00000000e+00  1.79984124e+00 
 4.07975860e-06  0.00000000e+00  1.80012777e+00 
 4.08732787e-06  0.00000000e+00  1.79985405e+00 
 4.09357578e-06  0.00000000e+00  1.80011251e+00 
 4.10142103e-06  0.00000000e+00  1.79986331e+00 
 4.11125540e-06  0.00000000e+00  1.80011001e+00 
 4.12810001e-06  0.00000000e+00  1.79986940e+00 
 4.15257487e-06  0.00000000e+00  1.80011103e+00 
 4.19535235e-06  0.00000000e+00  1.79987428e+00 
 4.24218435e-06  0.00000000e+00  1.80011335e+00 
 4.25010000e-06  6.67038446e-12  1.79987859e+00 
 4.25011000e-06  1.80000000e-01  1.80065926e+00 
 4.25013000e-06  5.40000000e-01  1.80222057e+00 
 4.25017000e-06  1.26000000e+00  1.80520698e+00 
 4.25020000e-06  1.80000000e+00  1.80728517e+00 
 4.25020073e-06  1.80000000e+00  1.80729977e+00 
 4.25020219e-06  1.80000000e+00  1.80727944e+00 
 4.25020512e-06  1.80000000e+00  1.80709361e+00 
 4.25021096e-06  1.80000000e+00  1.80670709e+00 
 4.25022265e-06  1.80000000e+00  1.80627036e+00 
 4.25024604e-06  1.80000000e+00  1.80583642e+00 
 4.25029280e-06  1.80000000e+00  1.80520092e+00 
 4.25038634e-06  1.80000000e+00  1.80433863e+00 
 4.25057340e-06  1.80000000e+00  1.80321394e+00 
 4.25090049e-06  1.80000000e+00  1.80238047e+00 
 4.25139302e-06  1.80000000e+00  1.80412334e+00 
 4.25201964e-06  1.80000000e+00  1.80485455e+00 
 4.25260101e-06  1.80000000e+00  1.80233061e+00 
 4.25327914e-06  1.80000000e+00  1.80055928e+00 
 4.25412263e-06  1.80000000e+00  1.79984187e+00 
 4.25471802e-06  1.80000000e+00  1.79981698e+00 
 4.25540206e-06  1.80000000e+00  1.79981227e+00 
 4.25623604e-06  1.80000000e+00  1.79977824e+00 
 4.25721620e-06  1.80000000e+00  1.79984438e+00 
 4.25820793e-06  1.80000000e+00  1.79986584e+00 
 4.26019139e-06  1.80000000e+00  1.79992706e+00 
 4.26209891e-06  1.80000000e+00  1.79994607e+00 
 4.26523883e-06  1.80000000e+00  1.79998208e+00 
 4.26908835e-06  1.80000000e+00  1.79998765e+00 
 4.27678737e-06  1.80000000e+00  1.80000356e+00 
 4.29218542e-06  1.80000000e+00  1.79999613e+00 
 4.32298152e-06  1.80000000e+00  1.80000372e+00 
 4.38457373e-06  1.80000000e+00  1.79999616e+00 
 4.50000000e-06  1.80000000e+00  1.80000373e+00 
 4.50001000e-06  1.62000000e+00  1.79878793e+00 
 4.50003000e-06  1.26000000e+00  1.79658814e+00 
 4.50007000e-06  5.40000000e-01  1.79387727e+00 
 4.50010000e-06  0.00000000e+00  1.79250397e+00 
 4.50010423e-06  0.00000000e+00  1.79281227e+00 
 4.50011269e-06  0.00000000e+00  1.79360733e+00 
 4.50012961e-06  0.00000000e+00  1.79477681e+00 
 4.50016345e-06  0.00000000e+00  1.79604305e+00 
 4.50023114e-06  0.00000000e+00  1.79798382e+00 
 4.50036650e-06  0.00000000e+00  1.79986439e+00 
 4.50054388e-06  0.00000000e+00  1.80092831e+00 
 4.50089863e-06  0.00000000e+00  1.80170059e+00 
 4.50139464e-06  0.00000000e+00  1.80160180e+00 
 4.50190816e-06  0.00000000e+00  1.80058159e+00 
 4.50241627e-06  0.00000000e+00  1.79871666e+00 
 4.50303822e-06  0.00000000e+00  1.79766327e+00 
 4.50369130e-06  0.00000000e+00  1.79800985e+00 
 4.50455803e-06  0.00000000e+00  1.79861110e+00 
 4.50534220e-06  0.00000000e+00  1.79909558e+00 
 4.50627658e-06  0.00000000e+00  1.79939252e+00 
 4.50742953e-06  0.00000000e+00  1.79961504e+00 
 4.50870054e-06  0.00000000e+00  1.79976453e+00 
 4.50989624e-06  0.00000000e+00  1.79987260e+00 
 4.51111943e-06  0.00000000e+00  1.79987661e+00 
 4.51228532e-06  0.00000000e+00  1.79993693e+00 
 4.51360252e-06  0.00000000e+00  1.79991197e+00 
 4.51492902e-06  0.00000000e+00  1.79996221e+00 
 4.51643917e-06  0.00000000e+00  1.79992611e+00 
 4.51945947e-06  0.00000000e+00  1.79997568e+00 
 4.52550008e-06  0.00000000e+00  1.79994032e+00 
 4.53606636e-06  0.00000000e+00  1.79999119e+00 
 4.55719892e-06  0.00000000e+00  1.79995761e+00 
 4.59946404e-06  0.00000000e+00  1.80000879e+00 
 4.68399428e-06  0.00000000e+00  1.79997176e+00 
 4.75010000e-06  6.67038446e-12  1.80001650e+00 
 4.75011000e-06  1.80000000e-01  1.80070968e+00 
 4.75013000e-06  5.40000000e-01  1.80222998e+00 
 4.75017000e-06  1.26000000e+00  1.80522526e+00 
 4.75020000e-06  1.80000000e+00  1.80728767e+00 
 4.75020074e-06  1.80000000e+00  1.80730391e+00 
 4.75020223e-06  1.80000000e+00  1.80728396e+00 
 4.75020521e-06  1.80000000e+00  1.80709175e+00 
 4.75021116e-06  1.80000000e+00  1.80670068e+00 
 4.75022306e-06  1.80000000e+00  1.80627013e+00 
 4.75024687e-06  1.80000000e+00  1.80583651e+00 
 4.75029448e-06  1.80000000e+00  1.80519394e+00 
 4.75038971e-06  1.80000000e+00  1.80432382e+00 
 4.75058016e-06  1.80000000e+00  1.80318324e+00 
 4.75091179e-06  1.80000000e+00  1.80238847e+00 
 4.75140377e-06  1.80000000e+00  1.80420227e+00 
 4.75203998e-06  1.80000000e+00  1.80479115e+00 
 4.75261453e-06  1.80000000e+00  1.80232405e+00 
 4.75330040e-06  1.80000000e+00  1.80041283e+00 
 4.75414991e-06  1.80000000e+00  1.79951399e+00 
 4.75475742e-06  1.80000000e+00  1.79966749e+00 
 4.75545439e-06  1.80000000e+00  1.80003362e+00 
 4.75615394e-06  1.80000000e+00  1.80040693e+00 
 4.75688839e-06  1.80000000e+00  1.80093905e+00 
 4.75787614e-06  1.80000000e+00  1.80123507e+00 
 4.75893956e-06  1.80000000e+00  1.80109850e+00 
 4.76005976e-06  1.80000000e+00  1.80081132e+00 
 4.76153034e-06  1.80000000e+00  1.80059121e+00 
 4.76363046e-06  1.80000000e+00  1.80036781e+00 
 4.76564143e-06  1.80000000e+00  1.80022795e+00 
 4.76929079e-06  1.80000000e+00  1.80008612e+00 
 4.77385927e-06  1.80000000e+00  1.80002802e+00 
 4.78299623e-06  1.80000000e+00  1.79999638e+00 
 4.80127014e-06  1.80000000e+00  1.80000271e+00 
 4.83781796e-06  1.80000000e+00  1.79999733e+00 
 4.91091361e-06  1.80000000e+00  1.80000250e+00 
 5.00000000e-06  1.80000000e+00  1.79999743e+00 
 5.00001000e-06  1.62000000e+00  1.79878002e+00 
 5.00003000e-06  1.26000000e+00  1.79658546e+00 
 5.00007000e-06  5.40000000e-01  1.79388208e+00 
 5.00010000e-06  0.00000000e+00  1.79250854e+00 
 5.00010419e-06  0.00000000e+00  1.79281394e+00 
 5.00011258e-06  0.00000000e+00  1.79360337e+00 
 5.00012934e-06  0.00000000e+00  1.79476897e+00 
 5.00016288e-06  0.00000000e+00  1.79602895e+00 
 5.00022995e-06  0.00000000e+00  1.79796028e+00 
 5.00036410e-06  0.00000000e+00  1.79984093e+00 
 5.00054032e-06  0.00000000e+00  1.80091077e+00 
 5.00089275e-06  0.00000000e+00  1.80169581e+00 
 5.00138307e-06  0.00000000e+00  1.80163093e+00 
 5.00189307e-06  0.00000000e+00  1.80063982e+00 
 5.00242825e-06  0.00000000e+00  1.79873280e+00 
 5.00308820e-06  0.00000000e+00  1.79810160e+00 
 5.00374130e-06  0.00000000e+00  1.79854327e+00 
 5.00450729e-06  0.00000000e+00  1.79778890e+00 
 5.00513965e-06  0.00000000e+00  1.79920515e+00 
 5.00583591e-06  0.00000000e+00  1.80012690e+00 
 5.00652257e-06  0.00000000e+00  1.80070448e+00 
 5.00719819e-06  0.00000000e+00  1.80060746e+00 
 5.00791978e-06  0.00000000e+00  1.80035389e+00 
 5.00897756e-06  0.00000000e+00  1.80023333e+00 
 5.00994371e-06  0.00000000e+00  1.80007745e+00 
 5.01179106e-06  0.00000000e+00  1.80005864e+00 
 5.01294348e-06  0.00000000e+00  1.79999467e+00 
 5.01429160e-06  0.00000000e+00  1.80007730e+00 
 5.01559583e-06  0.00000000e+00  1.80016355e+00 
 5.01714776e-06  0.00000000e+00  1.80044088e+00 
 5.01864390e-06  0.00000000e+00  1.79986719e+00 
 5.02002529e-06  0.00000000e+00  1.79915376e+00 
 5.02153307e-06  0.00000000e+00  1.79965174e+00 
 5.02288010e-06  0.00000000e+00  1.79846927e+00 
 5.02427792e-06  0.00000000e+00  1.79804725e+00 
 5.02594747e-06  0.00000000e+00  1.79899740e+00 
 5.02809348e-06  0.00000000e+00  1.79966881e+00 
 5.03039917e-06  0.00000000e+00  1.79986868e+00 
 5.03431685e-06  0.00000000e+00  1.79996992e+00 
 5.03985202e-06  0.00000000e+00  1.79997507e+00 
 5.04588841e-06  0.00000000e+00  1.79999641e+00 
 5.05252506e-06  0.00000000e+00  1.80013499e+00 
 5.05878788e-06  0.00000000e+00  1.79989241e+00 
 5.06306646e-06  0.00000000e+00  1.79986361e+00 
 5.06708306e-06  0.00000000e+00  1.79988339e+00 
 5.07090472e-06  0.00000000e+00  1.80007379e+00 
 5.07552225e-06  0.00000000e+00  1.79988818e+00 
 5.08282094e-06  0.00000000e+00  1.80007762e+00 
 5.09115566e-06  0.00000000e+00  1.79989356e+00 
 5.10413812e-06  0.00000000e+00  1.80007850e+00 
 5.12296467e-06  0.00000000e+00  1.79989799e+00 
 5.14070647e-06  0.00000000e+00  1.80006348e+00 
 5.15737012e-06  0.00000000e+00  1.79991185e+00 
 5.17753955e-06  0.00000000e+00  1.80010473e+00 
 5.19425089e-06  0.00000000e+00  1.79985241e+00 
 5.21249113e-06  0.00000000e+00  1.80015894e+00 
 5.22902926e-06  0.00000000e+00  1.79981806e+00 
 5.24227129e-06  0.00000000e+00  1.80017645e+00 
 5.25010000e-06  6.67038446e-12  1.79981354e+00 
 5.25011000e-06  1.80000000e-01  1.80056814e+00 
 5.25013000e-06  5.40000000e-01  1.80213298e+00 
 5.25017000e-06  1.26000000e+00  1.80514180e+00 
 5.25020000e-06  1.80000000e+00  1.80721990e+00 
 5.25020074e-06  1.80000000e+00  1.80723535e+00 
 5.25020223e-06  1.80000000e+00  1.80721509e+00 
 5.25020521e-06  1.80000000e+00  1.80702662e+00 
 5.25021116e-06  1.80000000e+00  1.80663969e+00 
 5.25022306e-06  1.80000000e+00  1.80620896e+00 
 5.25024685e-06  1.80000000e+00  1.80578135e+00 
 5.25029445e-06  1.80000000e+00  1.80515337e+00 
 5.25038965e-06  1.80000000e+00  1.80430295e+00 
 5.25058004e-06  1.80000000e+00  1.80317936e+00 
 5.25091422e-06  1.80000000e+00  1.80238882e+00 
 5.25140469e-06  1.80000000e+00  1.80420348e+00 
 5.25203330e-06  1.80000000e+00  1.80479719e+00 
 5.25261016e-06  1.80000000e+00  1.80229407e+00 
 5.25329733e-06  1.80000000e+00  1.80052264e+00 
 5.25414375e-06  1.80000000e+00  1.79982831e+00 
 5.25474033e-06  1.80000000e+00  1.79981214e+00 
 5.25542727e-06  1.80000000e+00  1.79981287e+00 
 5.25625674e-06  1.80000000e+00  1.79977946e+00 
 5.25724414e-06  1.80000000e+00  1.79984659e+00 
 5.25822990e-06  1.80000000e+00  1.79986604e+00 
 5.26020140e-06  1.80000000e+00  1.79992779e+00 
 5.26211860e-06  1.80000000e+00  1.79994549e+00 
 5.26529717e-06  1.80000000e+00  1.79998298e+00 
 5.26915749e-06  1.80000000e+00  1.79998710e+00 
 5.27687814e-06  1.80000000e+00  1.80000423e+00 
 5.29231943e-06  1.80000000e+00  1.79999548e+00 
 5.32320200e-06  1.80000000e+00  1.80000438e+00 
 5.38496715e-06  1.80000000e+00  1.79999550e+00 
 5.46521463e-06  1.80000000e+00  1.80000439e+00 
 5.50000000e-06  1.80000000e+00  1.79999551e+00 
 5.50001000e-06  1.62000000e+00  1.79877914e+00 
 5.50003000e-06  1.26000000e+00  1.79658609e+00 
 5.50007000e-06  5.40000000e-01  1.79388103e+00 
 5.50010000e-06  0.00000000e+00  1.79250544e+00 
 5.50010419e-06  0.00000000e+00  1.79281124e+00 
 5.50011258e-06  0.00000000e+00  1.79360136e+00 
 5.50012935e-06  0.00000000e+00  1.79476671e+00 
 5.50016289e-06  0.00000000e+00  1.79602613e+00 
 5.50022997e-06  0.00000000e+00  1.79795926e+00 
 5.50036413e-06  0.00000000e+00  1.79984305e+00 
 5.50054088e-06  0.00000000e+00  1.80091652e+00 
 5.50089440e-06  0.00000000e+00  1.80169719e+00 
 5.50138739e-06  0.00000000e+00  1.80160893e+00 
 5.50189906e-06  0.00000000e+00  1.80060549e+00 
 5.50240461e-06  0.00000000e+00  1.79875296e+00 
 5.50302749e-06  0.00000000e+00  1.79766173e+00 
 5.50367384e-06  0.00000000e+00  1.79800026e+00 
 5.50454262e-06  0.00000000e+00  1.79859858e+00 
 5.50534995e-06  0.00000000e+00  1.79909731e+00 
 5.50626873e-06  0.00000000e+00  1.79939014e+00 
 5.50760518e-06  0.00000000e+00  1.79964327e+00 
 5.50885399e-06  0.00000000e+00  1.79977867e+00 
 5.51019948e-06  0.00000000e+00  1.79988625e+00 
 5.51156969e-06  0.00000000e+00  1.79988806e+00 
 5.51291824e-06  0.00000000e+00  1.79994636e+00 
 5.51431048e-06  0.00000000e+00  1.79991827e+00 
 5.51593704e-06  0.00000000e+00  1.79996762e+00 
 5.51774841e-06  0.00000000e+00  1.79993021e+00 
 5.52094797e-06  0.00000000e+00  1.79997867e+00 
 5.52563246e-06  0.00000000e+00  1.79994055e+00 
 5.53426977e-06  0.00000000e+00  1.79999067e+00 
 5.55013754e-06  0.00000000e+00  1.79995498e+00 
 5.57892500e-06  0.00000000e+00  1.80000604e+00 
 5.63496922e-06  0.00000000e+00  1.79996883e+00 
 5.74705764e-06  0.00000000e+00  1.80001682e+00 
 5.75010000e-06  6.67038446e-12  1.79997300e+00 
 5.75011000e-06  1.80000000e-01  1.80070670e+00 
 5.75013000e-06  5.40000000e-01  1.80223787e+00 
 5.75017000e-06  1.26000000e+00  1.80522176e+00 
 5.75020000e-06  1.80000000e+00  1.80728609e+00 
 5.75020073e-06  1.80000000e+00  1.80730132e+00 
 5.75020219e-06  1.80000000e+00  1.80728132e+00 
 5.75020511e-06  1.80000000e+00  1.80709315e+00 
 5.75021096e-06  1.80000000e+00  1.80670666e+00 
 5.75022265e-06  1.80000000e+00  1.80627648e+00 
 5.75024602e-06  1.80000000e+00  1.80584598e+00 
 5.75029278e-06  1.80000000e+00  1.80521140e+00 
 5.75038629e-06  1.80000000e+00  1.80434822e+00 
 5.75057331e-06  1.80000000e+00  1.80321821e+00 
 5.75090118e-06  1.80000000e+00  1.80238545e+00 
 5.75139350e-06  1.80000000e+00  1.80413870e+00 
 5.75201526e-06  1.80000000e+00  1.80488945e+00 
 5.75259822e-06  1.80000000e+00  1.80238452e+00 
 5.75327374e-06  1.80000000e+00  1.80046371e+00 
 5.75411917e-06  1.80000000e+00  1.79952639e+00 
 5.75472940e-06  1.80000000e+00  1.79965454e+00 
 5.75543313e-06  1.80000000e+00  1.80002433e+00 
 5.75611080e-06  1.80000000e+00  1.80038390e+00 
 5.75683704e-06  1.80000000e+00  1.80090365e+00 
 5.75778055e-06  1.80000000e+00  1.80123375e+00 
 5.75881420e-06  1.80000000e+00  1.80112867e+00 
 5.75993425e-06  1.80000000e+00  1.80084035e+00 
 5.76137379e-06  1.80000000e+00  1.80060893e+00 
 5.76330104e-06  1.80000000e+00  1.80040006e+00 
 5.76541940e-06  1.80000000e+00  1.80023891e+00 
 5.76873216e-06  1.80000000e+00  1.80010268e+00 
 5.77311107e-06  1.80000000e+00  1.80003236e+00 
 5.78186887e-06  1.80000000e+00  1.79999867e+00 
 5.79938447e-06  1.80000000e+00  1.80000062e+00 
 5.83441568e-06  1.80000000e+00  1.79999933e+00 
 5.90447810e-06  1.80000000e+00  1.80000051e+00 
 6.00000000e-06  1.80000000e+00  1.79999940e+00 
 6.00001000e-06  1.62000000e+00  1.79878291e+00 
 6.00003000e-06  1.26000000e+00  1.79659014e+00 
 6.00007000e-06  5.40000000e-01  1.79388580e+00 
 6.00010000e-06  0.00000000e+00  1.79251063e+00 
 6.00010419e-06  0.00000000e+00  1.79281655e+00 
 6.00011258e-06  0.00000000e+00  1.79360677e+00 
 6.00012935e-06  0.00000000e+00  1.79477200e+00 
 6.00016288e-06  0.00000000e+00  1.79603133e+00 
 6.00022996e-06  0.00000000e+00  1.79796228e+00 
 6.00036412e-06  0.00000000e+00  1.79984163e+00 
 6.00054079e-06  0.00000000e+00  1.80091322e+00 
 6.00089414e-06  0.00000000e+00  1.80169747e+00 
 6.00138561e-06  0.00000000e+00  1.80162812e+00 
 6.00189651e-06  0.00000000e+00  1.80062997e+00 
 6.00243311e-06  0.00000000e+00  1.79871680e+00 
 6.00309326e-06  0.00000000e+00  1.79810777e+00 
 6.00374947e-06  0.00000000e+00  1.79854139e+00 
 6.00451542e-06  0.00000000e+00  1.79780249e+00 
 6.00514724e-06  0.00000000e+00  1.79921000e+00 
 6.00584238e-06  0.00000000e+00  1.80013685e+00 
 6.00653783e-06  0.00000000e+00  1.80070267e+00 
 6.00725863e-06  0.00000000e+00  1.80059748e+00 
 6.00800557e-06  0.00000000e+00  1.80033119e+00 
 6.00907662e-06  0.00000000e+00  1.80022589e+00 
 6.01013638e-06  0.00000000e+00  1.80005850e+00 
 6.01204604e-06  0.00000000e+00  1.80005715e+00 
 6.01325598e-06  0.00000000e+00  1.79998803e+00 
 6.01466205e-06  0.00000000e+00  1.80009047e+00 
 6.01600465e-06  0.00000000e+00  1.80022443e+00 
 6.01753275e-06  0.00000000e+00  1.80039848e+00 
 6.01893653e-06  0.00000000e+00  1.79975413e+00 
 6.02040773e-06  0.00000000e+00  1.79907751e+00 
 6.02183987e-06  0.00000000e+00  1.79973216e+00 
 6.02323498e-06  0.00000000e+00  1.79837899e+00 
 6.02465871e-06  0.00000000e+00  1.79813445e+00 
 6.02630362e-06  0.00000000e+00  1.79909105e+00 
 6.02853638e-06  0.00000000e+00  1.79972532e+00 
 6.03094362e-06  0.00000000e+00  1.79992214e+00 
 6.03474316e-06  0.00000000e+00  1.80026971e+00 
 6.03843896e-06  0.00000000e+00  1.79984503e+00 
 6.04120447e-06  0.00000000e+00  1.79996962e+00 
 6.04383323e-06  0.00000000e+00  1.79962437e+00 
 6.04709625e-06  0.00000000e+00  1.80006456e+00 
 6.05044709e-06  0.00000000e+00  1.79987429e+00 
 6.05401358e-06  0.00000000e+00  1.80006264e+00 
 6.06020698e-06  0.00000000e+00  1.79989638e+00 
 6.06736174e-06  0.00000000e+00  1.80006202e+00 
 6.07899926e-06  0.00000000e+00  1.79990413e+00 
 6.09583787e-06  0.00000000e+00  1.80006592e+00 
 6.12042172e-06  0.00000000e+00  1.79991011e+00 
 6.15883462e-06  0.00000000e+00  1.80007082e+00 
 6.21514215e-06  0.00000000e+00  1.79991506e+00 
 6.25010000e-06  6.67038446e-12  1.80007377e+00 
 6.25011000e-06  1.80000000e-01  1.80060038e+00 
 6.25013000e-06  5.40000000e-01  1.80211012e+00 
 6.25017000e-06  1.26000000e+00  1.80525237e+00 
 6.25020000e-06  1.80000000e+00  1.80728570e+00 
 6.25020074e-06  1.80000000e+00  1.80730565e+00 
 6.25020223e-06  1.80000000e+00  1.80729019e+00 
 6.25020521e-06  1.80000000e+00  1.80710059e+00 
 6.25021116e-06  1.80000000e+00  1.80671998e+00 
 6.25022305e-06  1.80000000e+00  1.80630749e+00 
 6.25024685e-06  1.80000000e+00  1.80588337e+00 
 6.25029445e-06  1.80000000e+00  1.80523336e+00 
 6.25038964e-06  1.80000000e+00  1.80432507e+00 
 6.25058003e-06  1.80000000e+00  1.80315579e+00 
 6.25091449e-06  1.80000000e+00  1.80236869e+00 
 6.25140522e-06  1.80000000e+00  1.80420965e+00 
 6.25204089e-06  1.80000000e+00  1.80483901e+00 
 6.25261513e-06  1.80000000e+00  1.80250786e+00 
 6.25330086e-06  1.80000000e+00  1.80100743e+00 
 6.25414068e-06  1.80000000e+00  1.80011268e+00 
 6.25474772e-06  1.80000000e+00  1.79949528e+00 
 6.25544944e-06  1.80000000e+00  1.79873431e+00 
 6.25634212e-06  1.80000000e+00  1.79823632e+00 
 6.25723935e-06  1.80000000e+00  1.79845549e+00 
 6.25831723e-06  1.80000000e+00  1.79874889e+00 
 6.26022830e-06  1.80000000e+00  1.79922828e+00 
 6.26218280e-06  1.80000000e+00  1.79950849e+00 
 6.26536352e-06  1.80000000e+00  1.79978990e+00 
 6.26930647e-06  1.80000000e+00  1.79991612e+00 
 6.27719238e-06  1.80000000e+00  1.80000354e+00 
 6.29296420e-06  1.80000000e+00  1.79999492e+00 
 6.32450783e-06  1.80000000e+00  1.80000514e+00 
 6.38759511e-06  1.80000000e+00  1.79999469e+00 
 6.50000000e-06  1.80000000e+00  1.80000522e+00 
 6.50001000e-06  1.62000000e+00  1.79879420e+00 
 6.50003000e-06  1.26000000e+00  1.79661887e+00 
 6.50007000e-06  5.40000000e-01  1.79391514e+00 
 6.50010000e-06  0.00000000e+00  1.79250471e+00 
 6.50010423e-06  0.00000000e+00  1.79280806e+00 
 6.50011269e-06  0.00000000e+00  1.79358421e+00 
 6.50012960e-06  0.00000000e+00  1.79470625e+00 
 6.50016344e-06  0.00000000e+00  1.79596333e+00 
 6.50023110e-06  0.00000000e+00  1.79794116e+00 
 6.50036643e-06  0.00000000e+00  1.79988900e+00 
 6.50054416e-06  0.00000000e+00  1.80098439e+00 
 6.50089962e-06  0.00000000e+00  1.80172693e+00 
 6.50139484e-06  0.00000000e+00  1.80133839e+00 
 6.50190813e-06  0.00000000e+00  1.80004874e+00 
 6.50245128e-06  0.00000000e+00  1.79855864e+00 
 6.50311505e-06  0.00000000e+00  1.79885252e+00 
 6.50377806e-06  0.00000000e+00  1.79958088e+00 
 6.50451754e-06  0.00000000e+00  1.79964825e+00 
 6.50537324e-06  0.00000000e+00  1.79980224e+00 
 6.50619003e-06  0.00000000e+00  1.79982001e+00 
 6.50732568e-06  0.00000000e+00  1.79985614e+00 
 6.50870632e-06  0.00000000e+00  1.79989214e+00 
 6.50986845e-06  0.00000000e+00  1.79997082e+00 
 6.51109310e-06  0.00000000e+00  1.79990341e+00 
 6.51221577e-06  0.00000000e+00  1.79997386e+00 
 6.51353816e-06  0.00000000e+00  1.79991193e+00 
 6.51485827e-06  0.00000000e+00  1.79997846e+00 
 6.51635663e-06  0.00000000e+00  1.79991882e+00 
 6.51935335e-06  0.00000000e+00  1.79998445e+00 
 6.52534680e-06  0.00000000e+00  1.79993070e+00 
 6.53587753e-06  0.00000000e+00  1.79999953e+00 
 6.55693898e-06  0.00000000e+00  1.79994864e+00 
 6.59906189e-06  0.00000000e+00  1.80001737e+00 
 6.68330770e-06  0.00000000e+00  1.79996305e+00 
 6.75010000e-06  6.67038446e-12  1.80002513e+00 
 6.75011000e-06  1.80000000e-01  1.80070226e+00 
 6.75013000e-06  5.40000000e-01  1.80220587e+00 
 6.75017000e-06  1.26000000e+00  1.80521625e+00 
 6.75020000e-06  1.80000000e+00  1.80728032e+00 
 6.75020074e-06  1.80000000e+00  1.80729596e+00 
 6.75020223e-06  1.80000000e+00  1.80727354e+00 
 6.75020521e-06  1.80000000e+00  1.80707775e+00 
 6.75021116e-06  1.80000000e+00  1.80669588e+00 
 6.75022307e-06  1.80000000e+00  1.80628615e+00 
 6.75024688e-06  1.80000000e+00  1.80586630e+00 
 6.75029450e-06  1.80000000e+00  1.80522352e+00 
 6.75038975e-06  1.80000000e+00  1.80432614e+00 
 6.75058023e-06  1.80000000e+00  1.80316647e+00 
 6.75091384e-06  1.80000000e+00  1.80238061e+00 
 6.75140520e-06  1.80000000e+00  1.80422010e+00 
 6.75204218e-06  1.80000000e+00  1.80484792e+00 
 6.75261599e-06  1.80000000e+00  1.80252085e+00 
 6.75330251e-06  1.80000000e+00  1.80104687e+00 
 6.75414222e-06  1.80000000e+00  1.80026308e+00 
 6.75474558e-06  1.80000000e+00  1.79971638e+00 
 6.75544180e-06  1.80000000e+00  1.79895997e+00 
 6.75613122e-06  1.80000000e+00  1.79832109e+00 
 6.75685946e-06  1.80000000e+00  1.79830479e+00 
 6.75781245e-06  1.80000000e+00  1.79853485e+00 
 6.75886689e-06  1.80000000e+00  1.79884687e+00 
 6.76097577e-06  1.80000000e+00  1.79931150e+00 
 6.76314911e-06  1.80000000e+00  1.79959410e+00 
 6.76694456e-06  1.80000000e+00  1.79985084e+00 
 6.77178700e-06  1.80000000e+00  1.79995701e+00 
 6.78147186e-06  1.80000000e+00  1.80000575e+00 
 6.80084160e-06  1.80000000e+00  1.79999577e+00 
 6.83958106e-06  1.80000000e+00  1.80000370e+00 
 6.91706000e-06  1.80000000e+00  1.79999632e+00 
 7.00000000e-06  1.80000000e+00  1.80000348e+00 
 7.00001000e-06  1.62000000e+00  1.79878596e+00 
 7.00003000e-06  1.26000000e+00  1.79661076e+00 
 7.00007000e-06  5.40000000e-01  1.79391309e+00 
 7.00010000e-06  0.00000000e+00  1.79250332e+00 
 7.00010419e-06  0.00000000e+00  1.79280579e+00 
 7.00011258e-06  0.00000000e+00  1.79357808e+00 
 7.00012935e-06  0.00000000e+00  1.79469440e+00 
 7.00016289e-06  0.00000000e+00  1.79594399e+00 
 7.00022997e-06  0.00000000e+00  1.79791555e+00 
 7.00036414e-06  0.00000000e+00  1.79987127e+00 
 7.00054083e-06  0.00000000e+00  1.80097484e+00 
 7.00089420e-06  0.00000000e+00  1.80172429e+00 
 7.00138553e-06  0.00000000e+00  1.80134737e+00 
 7.00189625e-06  0.00000000e+00  1.80007428e+00 
 7.00243461e-06  0.00000000e+00  1.79858991e+00 
 7.00309707e-06  0.00000000e+00  1.79877754e+00 
 7.00375346e-06  0.00000000e+00  1.79947923e+00 
 7.00453222e-06  0.00000000e+00  1.79965220e+00 
 7.00518665e-06  0.00000000e+00  1.79978785e+00 
 7.00589510e-06  0.00000000e+00  1.79981451e+00 
 7.00669847e-06  0.00000000e+00  1.79991740e+00 
 7.00746079e-06  0.00000000e+00  1.79986824e+00 
 7.00828933e-06  0.00000000e+00  1.79994275e+00 
 7.00952428e-06  0.00000000e+00  1.79989276e+00 
 7.01069871e-06  0.00000000e+00  1.79996271e+00 
 7.01287472e-06  0.00000000e+00  1.79993837e+00 
 7.01545630e-06  0.00000000e+00  1.80011593e+00 
 7.01739966e-06  0.00000000e+00  1.80032362e+00 
 7.01953888e-06  0.00000000e+00  1.79971722e+00 
 7.02108555e-06  0.00000000e+00  1.79930258e+00 
 7.02275121e-06  0.00000000e+00  1.79901954e+00 
 7.02430719e-06  0.00000000e+00  1.79798343e+00 
 7.02628158e-06  0.00000000e+00  1.79896101e+00 
 7.02813748e-06  0.00000000e+00  1.79961401e+00 
 7.03067135e-06  0.00000000e+00  1.79987213e+00 
 7.03409751e-06  0.00000000e+00  1.79995737e+00 
 7.03940008e-06  0.00000000e+00  1.79997307e+00 
 7.04646486e-06  0.00000000e+00  1.79997182e+00 
 7.05754607e-06  0.00000000e+00  1.79997673e+00 
 7.07336461e-06  0.00000000e+00  1.79997403e+00 
 7.09606458e-06  0.00000000e+00  1.79999824e+00 
 7.11654318e-06  0.00000000e+00  1.79998147e+00 
 7.14181787e-06  0.00000000e+00  1.80000852e+00 
 7.15859351e-06  0.00000000e+00  1.79995667e+00 
 7.17456415e-06  0.00000000e+00  1.80004105e+00 
 7.20190689e-06  0.00000000e+00  1.79994187e+00 
 7.23052864e-06  0.00000000e+00  1.80004843e+00 
 7.25010000e-06  6.67038446e-12  1.79993933e+00 
 7.25011000e-06  1.80000000e-01  1.80066301e+00 
 7.25013000e-06  5.40000000e-01  1.80218854e+00 
 7.25017000e-06  1.26000000e+00  1.80517881e+00 
 7.25020000e-06  1.80000000e+00  1.80724005e+00 
 7.25020073e-06  1.80000000e+00  1.80725511e+00 
 7.25020219e-06  1.80000000e+00  1.80723564e+00 
 7.25020512e-06  1.80000000e+00  1.80705188e+00 
 7.25021096e-06  1.80000000e+00  1.80667103e+00 
 7.25022265e-06  1.80000000e+00  1.80624369e+00 
 7.25024604e-06  1.80000000e+00  1.80582231e+00 
 7.25029280e-06  1.80000000e+00  1.80520215e+00 
 7.25038634e-06  1.80000000e+00  1.80434804e+00 
 7.25057341e-06  1.80000000e+00  1.80322097e+00 
 7.25090697e-06  1.80000000e+00  1.80239219e+00 
 7.25139636e-06  1.80000000e+00  1.80415812e+00 
 7.25202797e-06  1.80000000e+00  1.80482704e+00 
 7.25260602e-06  1.80000000e+00  1.80232223e+00 
 7.25328744e-06  1.80000000e+00  1.80054058e+00 
 7.25412981e-06  1.80000000e+00  1.79983948e+00 
 7.25472329e-06  1.80000000e+00  1.79981491e+00 
 7.25540309e-06  1.80000000e+00  1.79981255e+00 
 7.25621747e-06  1.80000000e+00  1.79977651e+00 
 7.25725191e-06  1.80000000e+00  1.79984689e+00 
 7.25821180e-06  1.80000000e+00  1.79986634e+00 
 7.26013158e-06  1.80000000e+00  1.79992628e+00 
 7.26206008e-06  1.80000000e+00  1.79994604e+00 
 7.26518500e-06  1.80000000e+00  1.79998185e+00 
 7.26904538e-06  1.80000000e+00  1.79998793e+00 
 7.27676614e-06  1.80000000e+00  1.80000343e+00 
 7.29220767e-06  1.80000000e+00  1.79999645e+00 
 7.32309071e-06  1.80000000e+00  1.80000359e+00 
 7.38485680e-06  1.80000000e+00  1.79999657e+00 
 7.44336536e-06  1.80000000e+00  1.80000320e+00 
 7.50000000e-06  1.80000000e+00  1.79999677e+00 
 7.50001000e-06  1.62000000e+00  1.79878269e+00 
 7.50003000e-06  1.26000000e+00  1.79659511e+00 
 7.50007000e-06  5.40000000e-01  1.79389278e+00 
 7.50010000e-06  0.00000000e+00  1.79251648e+00 
 7.50010419e-06  0.00000000e+00  1.79282278e+00 
 7.50011258e-06  0.00000000e+00  1.79361320e+00 
 7.50012935e-06  0.00000000e+00  1.79477570e+00 
 7.50016289e-06  0.00000000e+00  1.79602837e+00 
 7.50022997e-06  0.00000000e+00  1.79795534e+00 
 7.50036413e-06  0.00000000e+00  1.79983929e+00 
 7.50054156e-06  0.00000000e+00  1.80091978e+00 
 7.50089642e-06  0.00000000e+00  1.80169872e+00 
 7.50140808e-06  0.00000000e+00  1.80158369e+00 
 7.50192923e-06  0.00000000e+00  1.80052401e+00 
 7.50245924e-06  0.00000000e+00  1.79858573e+00 
 7.50307571e-06  0.00000000e+00  1.79767036e+00 
 7.50375703e-06  0.00000000e+00  1.79806760e+00 
 7.50455698e-06  0.00000000e+00  1.79861751e+00 
 7.50541197e-06  0.00000000e+00  1.79912996e+00 
 7.50631201e-06  0.00000000e+00  1.79940448e+00 
 7.50757234e-06  0.00000000e+00  1.79963181e+00 
 7.50905783e-06  0.00000000e+00  1.79979450e+00 
 7.51041351e-06  0.00000000e+00  1.79989077e+00 
 7.51180098e-06  0.00000000e+00  1.79989105e+00 
 7.51308152e-06  0.00000000e+00  1.79994394e+00 
 7.51447670e-06  0.00000000e+00  1.79991736e+00 
 7.51596790e-06  0.00000000e+00  1.79996371e+00 
 7.51767049e-06  0.00000000e+00  1.79992839e+00 
 7.52081555e-06  0.00000000e+00  1.79997512e+00 
 7.52533883e-06  0.00000000e+00  1.79993951e+00 
 7.53429105e-06  0.00000000e+00  1.79998838e+00 
 7.55093950e-06  0.00000000e+00  1.79995569e+00 
 7.58232853e-06  0.00000000e+00  1.80000529e+00 
 7.64510660e-06  0.00000000e+00  1.79997048e+00 
 7.75010000e-06  0.00000000e+00  1.80001574e+00 
 7.75011000e-06  1.80000000e-01  1.80070904e+00 
 7.75013000e-06  5.40000000e-01  1.80222896e+00 
 7.75017000e-06  1.26000000e+00  1.80521770e+00 
 7.75020000e-06  1.80000000e+00  1.80726477e+00 
 7.75020074e-06  1.80000000e+00  1.80728057e+00 
 7.75020223e-06  1.80000000e+00  1.80725994e+00 
 7.75020521e-06  1.80000000e+00  1.80706762e+00 
 7.75021116e-06  1.80000000e+00  1.80667865e+00 
 7.75022307e-06  1.80000000e+00  1.80625165e+00 
 7.75024688e-06  1.80000000e+00  1.80582284e+00 
 7.75029451e-06  1.80000000e+00  1.80518884e+00 
 7.75038976e-06  1.80000000e+00  1.80432582e+00 
 7.75058026e-06  1.80000000e+00  1.80318459e+00 
 7.75091841e-06  1.80000000e+00  1.80239427e+00 
 7.75140748e-06  1.80000000e+00  1.80423686e+00 
 7.75197873e-06  1.80000000e+00  1.80501637e+00 
 7.75257777e-06  1.80000000e+00  1.80244812e+00 
 7.75322494e-06  1.80000000e+00  1.80054531e+00 
 7.75406355e-06  1.80000000e+00  1.79954728e+00 
 7.75467054e-06  1.80000000e+00  1.79963757e+00 
 7.75537436e-06  1.80000000e+00  1.80000558e+00 
 7.75603260e-06  1.80000000e+00  1.80035471e+00 
 7.75675193e-06  1.80000000e+00  1.80086007e+00 
 7.75765868e-06  1.80000000e+00  1.80122102e+00 
 7.75866978e-06  1.80000000e+00  1.80115509e+00 
 7.75969525e-06  1.80000000e+00  1.80088903e+00 
 7.76119321e-06  1.80000000e+00  1.80062617e+00 
 7.76286831e-06  1.80000000e+00  1.80044117e+00 
 7.76516923e-06  1.80000000e+00  1.80025021e+00 
 7.76803794e-06  1.80000000e+00  1.80012383e+00 
 7.77230863e-06  1.80000000e+00  1.80003790e+00 
 7.78085001e-06  1.80000000e+00  1.80000086e+00 
 7.79783571e-06  1.80000000e+00  1.79999863e+00 
 7.83180711e-06  1.80000000e+00  1.80000129e+00 
 7.89974992e-06  1.80000000e+00  1.79999855e+00 
 8.00000000e-06  1.80000000e+00  1.80000134e+00 
 8.00001000e-06  1.62000000e+00  1.79878708e+00 
 8.00003000e-06  1.26000000e+00  1.79659922e+00 
 8.00007000e-06  5.40000000e-01  1.79389662e+00 
 8.00010000e-06  0.00000000e+00  1.79252061e+00 
 8.00010419e-06  0.00000000e+00  1.79282710e+00 
 8.00011258e-06  0.00000000e+00  1.79361771e+00 
 8.00012935e-06  0.00000000e+00  1.79478005e+00 
 8.00016290e-06  0.00000000e+00  1.79603305e+00 
 8.00023000e-06  0.00000000e+00  1.79795875e+00 
 8.00036418e-06  0.00000000e+00  1.79983835e+00 
 8.00054155e-06  0.00000000e+00  1.80091679e+00 
 8.00089629e-06  0.00000000e+00  1.80169994e+00 
 8.00140632e-06  0.00000000e+00  1.80160448e+00 
 8.00192621e-06  0.00000000e+00  1.80055003e+00 
 8.00248405e-06  0.00000000e+00  1.79857630e+00 
 8.00314012e-06  0.00000000e+00  1.79827696e+00 
 8.00382994e-06  0.00000000e+00  1.79832507e+00 
 8.00461322e-06  0.00000000e+00  1.79795604e+00 
 8.00524864e-06  0.00000000e+00  1.79946728e+00 
 8.00593735e-06  0.00000000e+00  1.80021115e+00 
 8.00660692e-06  0.00000000e+00  1.80076638e+00 
 8.00738483e-06  0.00000000e+00  1.80048586e+00 
 8.00810447e-06  0.00000000e+00  1.80034500e+00 
 8.00919539e-06  0.00000000e+00  1.80016948e+00 
 8.01024695e-06  0.00000000e+00  1.80007720e+00 
 8.01192063e-06  0.00000000e+00  1.80001225e+00 
 8.01318607e-06  0.00000000e+00  1.79997880e+00 
 8.01454391e-06  0.00000000e+00  1.79997717e+00 
 8.01594026e-06  0.00000000e+00  1.79995607e+00 
 8.01749857e-06  0.00000000e+00  1.79997403e+00 
 8.01915306e-06  0.00000000e+00  1.79996119e+00 
 8.02133411e-06  0.00000000e+00  1.79999231e+00 
 8.02415748e-06  0.00000000e+00  1.79996426e+00 
 8.02695574e-06  0.00000000e+00  1.80001880e+00 
 8.03089915e-06  0.00000000e+00  1.80016358e+00 
 8.03542508e-06  0.00000000e+00  1.79975388e+00 
 8.03859181e-06  0.00000000e+00  1.80013138e+00 
 8.04159895e-06  0.00000000e+00  1.79979826e+00 
 8.04565572e-06  0.00000000e+00  1.79996972e+00 
 8.04962347e-06  0.00000000e+00  1.79989165e+00 
 8.05456696e-06  0.00000000e+00  1.80005827e+00 
 8.06143386e-06  0.00000000e+00  1.79989629e+00 
 8.07222482e-06  0.00000000e+00  1.80006513e+00 
 8.08748265e-06  0.00000000e+00  1.79990240e+00 
 8.11190156e-06  0.00000000e+00  1.80007104e+00 
 8.14985634e-06  0.00000000e+00  1.79990856e+00 
 8.20858325e-06  0.00000000e+00  1.80007648e+00 
 8.25010000e-06  0.00000000e+00  1.79991221e+00 
 8.25011000e-06  1.80000000e-01  1.80074445e+00 
 8.25013000e-06  5.40000000e-01  1.80226011e+00 
 8.25017000e-06  1.26000000e+00  1.80517230e+00 
 8.25020000e-06  1.80000000e+00  1.80725816e+00 
 8.25020073e-06  1.80000000e+00  1.80727026e+00 
 8.25020219e-06  1.80000000e+00  1.80724407e+00 
 8.25020511e-06  1.80000000e+00  1.80704788e+00 
 8.25021096e-06  1.80000000e+00  1.80666763e+00 
 8.25022265e-06  1.80000000e+00  1.80625888e+00 
 8.25024603e-06  1.80000000e+00  1.80584339e+00 
 8.25029279e-06  1.80000000e+00  1.80521749e+00 
 8.25038631e-06  1.80000000e+00  1.80434364e+00 
 8.25057335e-06  1.80000000e+00  1.80320487e+00 
 8.25094743e-06  1.80000000e+00  1.80243096e+00 
 8.25141463e-06  1.80000000e+00  1.80429336e+00 
 8.25197543e-06  1.80000000e+00  1.80496564e+00 
 8.25257513e-06  1.80000000e+00  1.80237713e+00 
 8.25321482e-06  1.80000000e+00  1.80066694e+00 
 8.25404512e-06  1.80000000e+00  1.79991292e+00 
 8.25494650e-06  1.80000000e+00  1.79974694e+00 
 8.25612517e-06  1.80000000e+00  1.79979118e+00 
 8.25752640e-06  1.80000000e+00  1.79984703e+00 
 8.25885346e-06  1.80000000e+00  1.79990115e+00 
 8.26110481e-06  1.80000000e+00  1.79993743e+00 
 8.26350640e-06  1.80000000e+00  1.79997105e+00 
 8.26728870e-06  1.80000000e+00  1.79998475e+00 
 8.27291852e-06  1.80000000e+00  1.80000030e+00 
 8.28417816e-06  1.80000000e+00  1.79999762e+00 
 8.30669743e-06  1.80000000e+00  1.80000235e+00 
 8.35148017e-06  1.80000000e+00  1.79999752e+00 
 8.44104564e-06  1.80000000e+00  1.80000239e+00 
 8.50000000e-06  1.80000000e+00  1.79999750e+00 
 8.50001000e-06  1.62000000e+00  1.79878098e+00 
 8.50003000e-06  1.26000000e+00  1.79660661e+00 
 8.50007000e-06  5.40000000e-01  1.79391289e+00 
 8.50010000e-06  0.00000000e+00  1.79250585e+00 
 8.50010420e-06  0.00000000e+00  1.79280953e+00 
 8.50011259e-06  0.00000000e+00  1.79358592e+00 
 8.50012937e-06  0.00000000e+00  1.79470805e+00 
 8.50016293e-06  0.00000000e+00  1.79595921e+00 
 8.50023006e-06  0.00000000e+00  1.79792667e+00 
 8.50036432e-06  0.00000000e+00  1.79987797e+00 
 8.50062364e-06  0.00000000e+00  1.80133093e+00 
 8.50102312e-06  0.00000000e+00  1.80185070e+00 
 8.50173205e-06  0.00000000e+00  1.80025206e+00 
 8.50237634e-06  0.00000000e+00  1.80039687e+00 
 8.50293916e-06  0.00000000e+00  1.81077556e+00 
 8.50362482e-06  0.00000000e+00  1.82401190e+00 
 8.50426449e-06  0.00000000e+00  1.80356363e+00 
 8.50501664e-06  0.00000000e+00  1.75869023e+00 
 8.50585800e-06  0.00000000e+00  1.71042513e+00 
 8.50679649e-06  0.00000000e+00  1.65549094e+00 
 8.50827068e-06  0.00000000e+00  1.56942966e+00 
 8.50962710e-06  0.00000000e+00  1.48964820e+00 
 8.51110722e-06  0.00000000e+00  1.40275814e+00 
 8.51253379e-06  0.00000000e+00  1.31886379e+00 
 8.51418889e-06  0.00000000e+00  1.22211662e+00 
 8.51633748e-06  0.00000000e+00  1.09766106e+00 
 8.51872869e-06  0.00000000e+00  9.62236425e-01 
 8.52351111e-06  0.00000000e+00  7.18618786e-01 
 8.52875858e-06  0.00000000e+00  4.79636767e-01 
 8.53252097e-06  0.00000000e+00  3.28087870e-01 
 8.53563656e-06  0.00000000e+00  2.22463134e-01 
 8.53857866e-06  0.00000000e+00  1.49365470e-01 
 8.54142409e-06  0.00000000e+00  9.72266094e-02 
 8.54357826e-06  0.00000000e+00  7.05055444e-02 
 8.54571773e-06  0.00000000e+00  4.99183726e-02 
 8.54798372e-06  0.00000000e+00  3.66949788e-02 
 8.55016881e-06  0.00000000e+00  2.58928772e-02 
 8.55293066e-06  0.00000000e+00  1.71778961e-02 
 8.55635822e-06  0.00000000e+00  9.65251541e-03 
 8.56043018e-06  0.00000000e+00  5.30630704e-03 
 8.56444591e-06  0.00000000e+00  2.52562445e-03 
 8.56959727e-06  0.00000000e+00  1.30262233e-03 
 8.57505310e-06  0.00000000e+00  3.55644642e-04 
 8.58218735e-06  0.00000000e+00  2.97523261e-04 
 8.59065396e-06  0.00000000e+00 -5.12243680e-05 
 8.60279159e-06  0.00000000e+00  1.61736324e-04 
 8.61818320e-06  0.00000000e+00 -7.45726772e-05 
 8.63503180e-06  0.00000000e+00  1.49737309e-04 
 8.65519132e-06  0.00000000e+00 -7.49412221e-05 
 8.67986802e-06  0.00000000e+00  1.40067441e-04 
 8.72153273e-06  0.00000000e+00 -7.86104117e-05 
 8.75010000e-06  0.00000000e+00  1.31231486e-04 
 8.75011000e-06  1.80000000e-01  1.24946731e-03 
 8.75013000e-06  5.40000000e-01  2.99869945e-03 
 8.75017000e-06  1.26000000e+00  4.91272177e-03 
 8.75020000e-06  1.80000000e+00  6.05830877e-03 
 8.75020073e-06  1.80000000e+00  6.04915885e-03 
 8.75020218e-06  1.80000000e+00  5.98107659e-03 
 8.75020510e-06  1.80000000e+00  5.73446191e-03 
 8.75021092e-06  1.80000000e+00  5.31992243e-03 
 8.75022257e-06  1.80000000e+00  4.84185265e-03 
 8.75024587e-06  1.80000000e+00  4.26254029e-03 
 8.75029248e-06  1.80000000e+00  3.41402387e-03 
 8.75038568e-06  1.80000000e+00  2.38866743e-03 
 8.75057209e-06  1.80000000e+00  1.52128182e-03 
 8.75093982e-06  1.80000000e+00  1.38777949e-03 
 8.75141146e-06  1.80000000e+00  2.84199900e-03 
 8.75198057e-06  1.80000000e+00  2.47475497e-03 
 8.75258366e-06  1.80000000e+00  1.52882184e-03 
 8.75322818e-06  1.80000000e+00  1.16362196e-03 
 8.75405425e-06  1.80000000e+00  2.12506118e-04 
 8.75468829e-06  1.80000000e+00  9.91035222e-04 
 8.75542604e-06  1.80000000e+00  1.82221325e-03 
 8.75622526e-06  1.80000000e+00  1.77086010e-03 
 8.75705373e-06  1.80000000e+00  1.49323623e-03 
 8.75817048e-06  1.80000000e+00  1.30501842e-03 
 8.75983572e-06  1.80000000e+00  1.00916706e-03 
 8.76179284e-06  1.80000000e+00  8.28597353e-04 
 8.76462624e-06  1.80000000e+00  5.01472379e-04 
 8.76849983e-06  1.80000000e+00  3.21947320e-04 
 8.77624701e-06  1.80000000e+00  7.79457094e-05 
 8.79174136e-06  1.80000000e+00  4.32407598e-05 
 8.82101220e-06  1.80000000e+00  2.24995458e-06 
 8.87955388e-06  1.80000000e+00  3.51381639e-05 
 8.95428645e-06  1.80000000e+00 -6.76232838e-06 
 9.00000000e-06  1.80000000e+00  3.17602746e-05 
