 0.00000000e+00  1.23903980e-05 
 1.00000000e-12  6.50277353e-03 
 2.00000000e-12  7.28169309e-03 
 4.00000000e-12  7.51771905e-03 
 8.00000000e-12  7.18459398e-03 
 1.60000000e-11  7.31701492e-03 
 3.20000000e-11  7.23291574e-03 
 6.40000000e-11  9.15078848e-03 
 1.00000000e-10  1.13428283e-02 
 1.01502794e-10  4.16494122e-03 
 1.04508383e-10  2.65338239e-03 
 1.10519560e-10  3.75599630e-03 
 1.22541915e-10  2.64845167e-03 
 1.46586625e-10  3.30730754e-03 
 1.94676044e-10  2.10636276e-03 
 2.90854883e-10  2.51946679e-03 
 4.60300068e-10  1.38045865e-03 
 7.25648052e-10  1.86638607e-03 
 1.08510635e-09  7.55869655e-04 
 1.56335344e-09  1.41722583e-03 
 2.16631717e-09  5.35547015e-04 
 2.84264196e-09  1.34268376e-03 
 3.60720120e-09  4.86735361e-04 
 4.49815791e-09  1.26796983e-03 
 5.32043019e-09  1.47984300e-04 
 6.12298209e-09  8.83783846e-04 
 6.91819103e-09 -6.51343663e-05 
 7.77899951e-09  7.84528494e-04 
 8.81871457e-09 -1.45396031e-04 
 9.85252335e-09  7.16158591e-04 
 1.08753745e-08 -2.56884007e-04 
 1.20452225e-08  5.46694895e-04 
 1.32442679e-08 -3.25206611e-04 
 1.45183313e-08  5.64713251e-04 
 1.63346915e-08 -2.75782040e-04 
 1.76344987e-08  5.09909189e-04 
 1.90336597e-08 -3.35442855e-04 
 2.03181941e-08  5.06072123e-04 
 2.19510004e-08 -3.43272424e-04 
 2.36689133e-08  5.31695937e-04 
 2.60544171e-08 -2.31758620e-04 
 2.82043150e-08  6.68917771e-04 
 2.97302832e-08 -3.38914374e-04 
 3.11697556e-08  5.37641395e-04 
 3.22350166e-08 -3.31738641e-04 
 3.34279073e-08  5.32282773e-04 
 3.54175318e-08 -3.32141111e-04 
 3.77801993e-08  5.30636463e-04 
 4.25055342e-08 -3.23332055e-04 
 4.74284377e-08  5.42622194e-04 
 5.21360124e-08 -3.24127505e-04 
 5.81970472e-08  5.42428874e-04 
 6.43034843e-08 -3.22959826e-04 
 7.24567500e-08  5.41399932e-04 
 8.35993816e-08 -3.22806461e-04 
 1.00717528e-07  5.40584882e-04 
 1.23850102e-07 -3.23143642e-04 
 1.54082397e-07  5.39787282e-04 
 1.94596069e-07 -3.24537159e-04 
 2.50100000e-07  5.36059459e-04 
 2.50110000e-07 -7.76637864e-03 
 2.50130000e-07 -8.44137489e-03 
 2.50170000e-07 -7.19468884e-03 
 2.50200000e-07 -6.74715562e-03 
 2.50200519e-07 -9.75792216e-04 
 2.50201557e-07  9.63839314e-04 
 2.50203633e-07 -1.03809988e-04 
 2.50207784e-07  4.08307036e-04 
 2.50216088e-07  6.31382429e-05 
 2.50232694e-07  4.65967892e-04 
 2.50265907e-07  2.04772552e-04 
 2.50332333e-07  5.00280915e-04 
 2.50418689e-07  2.27702829e-04 
 2.50591400e-07  5.09731690e-04 
 2.50787310e-07  2.58188454e-04 
 2.51099037e-07  6.35006740e-04 
 2.51526251e-07  3.94094854e-04 
 2.52163621e-07  5.93536855e-04 
 2.52764359e-07  8.20948214e-05 
 2.53460838e-07  3.26953324e-04 
 2.54322808e-07  3.09085470e-05 
 2.55268269e-07  3.38270633e-04 
 2.56141284e-07 -1.29905415e-05 
 2.57015036e-07  2.73249726e-04 
 2.57902605e-07 -2.38439787e-05 
 2.58816286e-07  2.66137753e-04 
 2.60643647e-07 -3.58538053e-05 
 2.62567453e-07  2.50374386e-04 
 2.65300223e-07 -4.15324803e-05 
 2.69239089e-07  2.48690494e-04 
 2.74472313e-07 -4.21147007e-05 
 2.84938761e-07  2.47229163e-04 
 3.05871657e-07 -4.46637599e-05 
 3.44308098e-07  2.42218408e-04 
 4.21180982e-07 -5.38849620e-05 
 5.00000000e-07  2.31556474e-04 
 5.00010000e-07  3.71206630e-03 
 5.00030000e-07  3.65064420e-03 
 5.00070000e-07  4.67579501e-03 
 5.00100000e-07  5.33252500e-03 
 5.00104312e-07  1.51059576e-03 
 5.00112937e-07  1.09586732e-03 
 5.00130187e-07  1.32798439e-03 
 5.00164686e-07  8.91891821e-04 
 5.00233685e-07  1.07751204e-03 
 5.00371682e-07  6.44236612e-04 
 5.00573157e-07  8.78548890e-04 
 5.00953648e-07  5.14845020e-04 
 5.01537987e-07  5.23084298e-04 
 5.02096150e-07  7.33482736e-05 
 5.02766084e-07  4.12282027e-04 
 5.03533126e-07  5.13210498e-05 
 5.04330166e-07  3.02527665e-04 
 5.05154104e-07 -4.28241961e-05 
 5.05968672e-07  2.74986719e-04 
 5.07079162e-07 -5.25359339e-05 
 5.08142811e-07  2.71741693e-04 
 5.09968706e-07 -4.87656843e-05 
 5.12229424e-07  2.98572043e-04 
 5.14416427e-07 -1.66146724e-05 
 5.16727540e-07  2.67547481e-04 
 5.18916519e-07 -5.50572381e-05 
 5.21497436e-07  2.51884267e-04 
 5.24238202e-07 -7.52434483e-05 
 5.29270625e-07  2.47400499e-04 
 5.35641764e-07 -7.74042038e-05 
 5.46686996e-07  2.47109805e-04 
 5.65206545e-07 -7.86349515e-05 
 5.94413390e-07  2.45658969e-04 
 6.52809203e-07 -8.09046398e-05 
 7.50100000e-07  2.42973984e-04 
 7.50110000e-07 -3.70221474e-03 
 7.50130000e-07 -4.04322925e-03 
 7.50170000e-07 -3.54435202e-03 
 7.50200000e-07 -3.25609962e-03 
 7.50200746e-07 -3.52864841e-04 
 7.50202237e-07  5.01048379e-04 
 7.50205220e-07 -1.20914896e-04 
 7.50211187e-07  3.22317765e-04 
 7.50223119e-07  5.35049944e-06 
 7.50246984e-07  3.74503178e-04 
 7.50294713e-07  1.04723834e-04 
 7.50390173e-07  4.36539050e-04 
 7.50581091e-07  1.68355659e-04 
 7.50959213e-07  5.65329803e-04 
 7.51571881e-07  3.60166149e-04 
 7.52190970e-07  5.77993636e-04 
 7.52840173e-07  3.32771352e-05 
 7.53541419e-07  3.15401065e-04 
 7.54447829e-07 -1.61728243e-05 
 7.55180178e-07  2.96555135e-04 
 7.56013312e-07 -5.23848171e-05 
 7.56742922e-07  2.53922213e-04 
 7.57549972e-07 -6.54813920e-05 
 7.58562867e-07  2.50314932e-04 
 7.59651788e-07 -6.90157037e-05 
 7.61829631e-07  2.38822103e-04 
 7.64153530e-07 -7.70017234e-05 
 7.68214535e-07  2.37474395e-04 
 7.72586651e-07 -7.69093614e-05 
 7.81330883e-07  2.37227684e-04 
 7.98819346e-07 -7.70588974e-05 
 8.31714961e-07  2.36858615e-04 
 8.97506190e-07 -7.75349454e-05 
 1.00000000e-06  2.36313564e-04 
 1.00001000e-06  3.70030003e-03 
 1.00003000e-06  3.62642281e-03 
 1.00007000e-06  4.67092708e-03 
 1.00010000e-06  5.31247720e-03 
 1.00010430e-06  1.50096692e-03 
 1.00011289e-06  1.08713161e-03 
 1.00013009e-06  1.31732986e-03 
 1.00016447e-06  8.85546558e-04 
 1.00023323e-06  1.06907483e-03 
 1.00037077e-06  6.39252183e-04 
 1.00057185e-06  8.70327946e-04 
 1.00095112e-06  5.09419235e-04 
 1.00153766e-06  5.14475118e-04 
 1.00209219e-06  6.68965250e-05 
 1.00275990e-06  4.05480328e-04 
 1.00352789e-06  4.93236933e-05 
 1.00439900e-06  2.88251112e-04 
 1.00519117e-06 -4.97856612e-05 
 1.00605645e-06  2.72835545e-04 
 1.00684349e-06 -5.02653341e-05 
 1.00758579e-06  2.64217167e-04 
 1.00846265e-06 -6.38382349e-05 
 1.00937968e-06  2.49895415e-04 
 1.01056304e-06 -7.51699014e-05 
 1.01240999e-06  2.45398487e-04 
 1.01476227e-06 -6.20588666e-05 
 1.01828956e-06  2.73148420e-04 
 1.02069553e-06 -3.59155607e-05 
 1.02282491e-06  3.18698579e-04 
 1.02484980e-06 -7.28455216e-06 
 1.02662664e-06  2.99299511e-04 
 1.02848224e-06 -2.60993304e-05 
 1.03073053e-06  2.86079554e-04 
 1.03323563e-06 -3.49765849e-05 
 1.03622032e-06  2.78995607e-04 
 1.04042266e-06 -4.30321071e-05 
 1.04607533e-06  2.70634040e-04 
 1.05449459e-06 -5.21995335e-05 
 1.06709979e-06  2.61056132e-04 
 1.08621412e-06 -6.11521474e-05 
 1.11607152e-06  2.54461385e-04 
 1.16229147e-06 -6.62507322e-05 
 1.23318864e-06  2.46918270e-04 
 1.25010000e-06 -7.25196589e-05 
 1.25011000e-06 -3.71207773e-03 
 1.25013000e-06 -4.03788674e-03 
 1.25017000e-06 -3.54784224e-03 
 1.25020000e-06 -3.23244103e-03 
 1.25020073e-06 -3.55798360e-04 
 1.25020219e-06  5.03036011e-04 
 1.25020511e-06 -1.10110542e-04 
 1.25021094e-06  3.20640659e-04 
 1.25022261e-06  1.56485501e-05 
 1.25024595e-06  3.73885836e-04 
 1.25029263e-06  1.16713364e-04 
 1.25038599e-06  4.37975727e-04 
 1.25057271e-06  1.80480179e-04 
 1.25090125e-06  5.40605637e-04 
 1.25153817e-06  3.76101614e-04 
 1.25213092e-06  5.93542556e-04 
 1.25276197e-06  6.38596651e-05 
 1.25346887e-06  3.12817081e-04 
 1.25438405e-06  1.97516244e-06 
 1.25516499e-06  2.93780082e-04 
 1.25602822e-06 -4.18937991e-05 
 1.25690175e-06  2.47800335e-04 
 1.25781754e-06 -4.93149688e-05 
 1.25903493e-06  2.44655441e-04 
 1.26096803e-06 -5.82616379e-05 
 1.26333223e-06  2.32961013e-04 
 1.26658387e-06 -6.17690937e-05 
 1.27087644e-06  2.32256767e-04 
 1.27833290e-06 -6.25308192e-05 
 1.29324581e-06  2.30735911e-04 
 1.32122248e-06 -6.49471206e-05 
 1.37717582e-06  2.27284028e-04 
 1.48908250e-06 -6.81533750e-05 
 1.50000000e-06  2.26015672e-04 
 1.50001000e-06  3.69613510e-03 
 1.50003000e-06  3.62068421e-03 
 1.50007000e-06  4.67732348e-03 
 1.50010000e-06  5.31224827e-03 
 1.50010430e-06  1.50461486e-03 
 1.50011291e-06  1.09114773e-03 
 1.50013012e-06  1.32082348e-03 
 1.50016454e-06  8.88669124e-04 
 1.50023338e-06  1.07232152e-03 
 1.50037106e-06  6.40897492e-04 
 1.50056625e-06  8.72750719e-04 
 1.50092726e-06  5.15567161e-04 
 1.50143461e-06  5.66798078e-04 
 1.50196069e-06  8.00473359e-05 
 1.50260599e-06  3.95989168e-04 
 1.50336999e-06  6.11907482e-05 
 1.50412309e-06  3.06092096e-04 
 1.50495114e-06 -4.51222395e-05 
 1.50594396e-06  2.63701455e-04 
 1.50685793e-06 -5.20284192e-05 
 1.50810245e-06  2.67800402e-04 
 1.50927036e-06 -5.72172914e-05 
 1.51070317e-06  2.53166315e-04 
 1.51199799e-06 -6.16864496e-05 
 1.51364620e-06  2.50902434e-04 
 1.51501438e-06 -7.80609664e-05 
 1.51660071e-06  2.39659163e-04 
 1.51814590e-06 -7.87701096e-05 
 1.51992920e-06  2.37737081e-04 
 1.52349581e-06 -7.92213589e-05 
 1.52964244e-06  2.37312868e-04 
 1.53960447e-06 -7.91636593e-05 
 1.55952854e-06  2.37327661e-04 
 1.59937666e-06 -7.90334929e-05 
 1.67907292e-06  2.37554206e-04 
 1.75010000e-06 -7.87672783e-05 
 1.75011000e-06 -3.71336145e-03 
 1.75013000e-06 -4.03848843e-03 
 1.75017000e-06 -3.54843868e-03 
 1.75020000e-06 -3.23088799e-03 
 1.75020073e-06 -3.60194445e-04 
 1.75020219e-06  4.93681657e-04 
 1.75020511e-06 -1.17137467e-04 
 1.75021095e-06  3.12709088e-04 
 1.75022263e-06  7.92048340e-06 
 1.75024599e-06  3.65394827e-04 
 1.75029270e-06  1.08003608e-04 
 1.75038614e-06  4.28720960e-04 
 1.75057301e-06  1.71510969e-04 
 1.75090065e-06  5.32032818e-04 
 1.75155594e-06  3.68822557e-04 
 1.75214860e-06  5.82144749e-04 
 1.75278023e-06  5.30712523e-05 
 1.75348219e-06  3.06065303e-04 
 1.75439573e-06 -7.15406282e-06 
 1.75514371e-06  2.88039765e-04 
 1.75598395e-06 -4.33009366e-05 
 1.75670941e-06  2.44108655e-04 
 1.75751550e-06 -5.63855592e-05 
 1.75854622e-06  2.40150386e-04 
 1.75964642e-06 -5.98938684e-05 
 1.76184682e-06  2.28439570e-04 
 1.76416206e-06 -6.81087041e-05 
 1.76824268e-06  2.27099903e-04 
 1.77261373e-06 -6.79553413e-05 
 1.78135582e-06  2.26961902e-04 
 1.79884001e-06 -6.78879005e-05 
 1.83316625e-06  2.26957806e-04 
 1.90181873e-06 -6.78175061e-05 
 2.00000000e-06  2.27016195e-04 
 2.00001000e-06  3.69323341e-03 
 2.00003000e-06  3.61519931e-03 
 2.00007000e-06  4.67999431e-03 
 2.00010000e-06  5.30780358e-03 
 2.00010430e-06  1.50406573e-03 
 2.00011290e-06  1.09111905e-03 
 2.00013011e-06  1.32032774e-03 
 2.00016452e-06  8.89169364e-04 
 2.00023334e-06  1.07247835e-03 
 2.00037098e-06  6.42008380e-04 
 2.00056607e-06  8.73289883e-04 
 2.00092698e-06  5.16813476e-04 
 2.00143413e-06  5.67208995e-04 
 2.00196006e-06  8.08862484e-05 
 2.00260429e-06  3.96865661e-04 
 2.00336655e-06  6.46909645e-05 
 2.00412201e-06  3.08360163e-04 
 2.00497365e-06 -4.63348559e-05 
 2.00572331e-06  2.70250132e-04 
 2.00653908e-06 -4.81958407e-05 
 2.00755887e-06  2.64405033e-04 
 2.00852886e-06 -6.20597647e-05 
 2.00954426e-06  2.49491191e-04 
 2.01096790e-06 -7.36746505e-05 
 2.01251106e-06  2.43787376e-04 
 2.01509875e-06 -5.94078485e-05 
 2.01830408e-06  2.69703108e-04 
 2.02061039e-06 -3.02876937e-05 
 2.02269765e-06  3.13795015e-04 
 2.02473502e-06 -1.13451429e-05 
 2.02666557e-06  2.88459162e-04 
 2.02849861e-06 -3.45767626e-05 
 2.03081786e-06  2.72119558e-04 
 2.03305949e-06 -4.59784067e-05 
 2.03603294e-06  2.63711057e-04 
 2.03963748e-06 -5.50532869e-05 
 2.04469107e-06  2.55350922e-04 
 2.05198301e-06 -6.34347295e-05 
 2.06261394e-06  2.48327056e-04 
 2.07899607e-06 -6.82002393e-05 
 2.10397487e-06  2.44594271e-04 
 2.14295316e-06 -7.37615331e-05 
 2.20543619e-06  2.35820650e-04 
 2.25010000e-06 -7.90314255e-05 
 2.25011000e-06 -3.71930633e-03 
 2.25013000e-06 -4.04576630e-03 
 2.25017000e-06 -3.55303580e-03 
 2.25020000e-06 -3.22841081e-03 
 2.25020073e-06 -3.59389411e-04 
 2.25020219e-06  4.93237192e-04 
 2.25020511e-06 -1.17048218e-04 
 2.25021095e-06  3.12536396e-04 
 2.25022263e-06  8.23866587e-06 
 2.25024600e-06  3.65687843e-04 
 2.25029272e-06  1.08800217e-04 
 2.25038617e-06  4.29274655e-04 
 2.25057308e-06  1.72098702e-04 
 2.25090192e-06  5.32482854e-04 
 2.25155961e-06  3.67741653e-04 
 2.25215434e-06  5.78910848e-04 
 2.25278794e-06  4.98558036e-05 
 2.25349001e-06  3.05539162e-04 
 2.25440038e-06 -6.89947437e-06 
 2.25516074e-06  2.86697485e-04 
 2.25601137e-06 -5.01977001e-05 
 2.25687474e-06  2.41004390e-04 
 2.25778000e-06 -5.79972986e-05 
 2.25898580e-06  2.38105425e-04 
 2.26085675e-06 -6.63811928e-05 
 2.26325966e-06  2.26603252e-04 
 2.26641947e-06 -6.98124012e-05 
 2.27071678e-06  2.26512744e-04 
 2.27773573e-06 -6.96751356e-05 
 2.29177364e-06  2.26630381e-04 
 2.31871865e-06 -6.92824877e-05 
 2.37260868e-06  2.27293938e-04 
 2.47403226e-06 -6.84023108e-05 
 2.50000000e-06  2.27775991e-04 
 2.50001000e-06  3.69209939e-03 
 2.50003000e-06  3.61373655e-03 
 2.50007000e-06  4.68221726e-03 
 2.50010000e-06  5.30687407e-03 
 2.50010430e-06  1.50416898e-03 
 2.50011290e-06  1.09085988e-03 
 2.50013011e-06  1.32073659e-03 
 2.50016452e-06  8.88733765e-04 
 2.50023335e-06  1.07277397e-03 
 2.50037100e-06  6.41579780e-04 
 2.50056622e-06  8.73519387e-04 
 2.50092718e-06  5.16352325e-04 
 2.50143468e-06  5.67518217e-04 
 2.50196071e-06  8.06735390e-05 
 2.50260432e-06  3.96816194e-04 
 2.50336899e-06  6.19450861e-05 
 2.50412110e-06  3.06947464e-04 
 2.50495422e-06 -4.43748523e-05 
 2.50594492e-06  2.64594541e-04 
 2.50685093e-06 -5.14114453e-05 
 2.50810144e-06  2.68314653e-04 
 2.50926468e-06 -5.72139616e-05 
 2.51068809e-06  2.54257732e-04 
 2.51198562e-06 -5.98909852e-05 
 2.51362130e-06  2.51404502e-04 
 2.51497520e-06 -7.75088988e-05 
 2.51654568e-06  2.40548699e-04 
 2.51807699e-06 -7.82266083e-05 
 2.51985508e-06  2.38659457e-04 
 2.52341127e-06 -7.86619369e-05 
 2.52919965e-06  2.38241518e-04 
 2.53980531e-06 -7.86201586e-05 
 2.56091961e-06  2.38220069e-04 
 2.60314819e-06 -7.85808518e-05 
 2.68760537e-06  2.38254789e-04 
 2.75010000e-06 -7.85409451e-05 
 2.75011000e-06 -3.71298444e-03 
 2.75013000e-06 -4.03796286e-03 
 2.75017000e-06 -3.54615654e-03 
 2.75020000e-06 -3.22101141e-03 
 2.75020073e-06 -3.56123253e-04 
 2.75020219e-06  4.93684572e-04 
 2.75020511e-06 -1.15079023e-04 
 2.75021095e-06  3.13634637e-04 
 2.75022263e-06  9.63229956e-06 
 2.75024599e-06  3.66187654e-04 
 2.75029270e-06  1.09261091e-04 
 2.75038614e-06  4.28972301e-04 
 2.75057301e-06  1.72137581e-04 
 2.75090053e-06  5.32169258e-04 
 2.75155557e-06  3.69571937e-04 
 2.75215135e-06  5.81287839e-04 
 2.75278496e-06  5.26450292e-05 
 2.75348725e-06  3.06200636e-04 
 2.75439936e-06 -6.45321351e-06 
 2.75514344e-06  2.88011263e-04 
 2.75598037e-06 -4.25591714e-05 
 2.75670354e-06  2.44245803e-04 
 2.75750655e-06 -5.55790527e-05 
 2.75854238e-06  2.40256341e-04 
 2.75964488e-06 -5.91562491e-05 
 2.76184986e-06  2.28511970e-04 
 2.76416679e-06 -6.73925793e-05 
 2.76824618e-06  2.27175388e-04 
 2.77261687e-06 -6.72482026e-05 
 2.78135824e-06  2.27024591e-04 
 2.79884099e-06 -6.72051567e-05 
 2.83380648e-06  2.26978115e-04 
 2.90373746e-06 -6.72017255e-05 
 3.00000000e-06  2.26962217e-04 
 3.00001000e-06  3.68969601e-03 
 3.00003000e-06  3.61019084e-03 
 3.00007000e-06  4.68302209e-03 
 3.00010000e-06  5.30370652e-03 
 3.00010430e-06  1.50340666e-03 
 3.00011290e-06  1.09076572e-03 
 3.00013011e-06  1.31974516e-03 
 3.00016452e-06  8.89123353e-04 
 3.00023334e-06  1.07234302e-03 
 3.00037098e-06  6.42409162e-04 
 3.00056612e-06  8.73349591e-04 
 3.00092709e-06  5.17227195e-04 
 3.00143462e-06  5.67040447e-04 
 3.00196065e-06  8.12256303e-05 
 3.00260387e-06  3.97036655e-04 
 3.00336656e-06  6.43480377e-05 
 3.00412180e-06  3.06710984e-04 
 3.00497329e-06 -4.80886124e-05 
 3.00574817e-06  2.70953747e-04 
 3.00655392e-06 -4.79987070e-05 
 3.00763162e-06  2.63445153e-04 
 3.00863236e-06 -6.26565342e-05 
 3.00964287e-06  2.48730363e-04 
 3.01107117e-06 -7.35370108e-05 
 3.01273633e-06  2.45022035e-04 
 3.01545865e-06 -5.60818272e-05 
 3.01836238e-06  2.69625566e-04 
 3.02064742e-06 -1.40845122e-05 
 3.02252233e-06  3.08032105e-04 
 3.02429486e-06 -2.06612222e-05 
 3.02588400e-06  2.82810014e-04 
 3.02760454e-06 -4.31542464e-05 
 3.02962714e-06  2.64179780e-04 
 3.03158284e-06 -5.59286795e-05 
 3.03453522e-06  2.55478421e-04 
 3.03777703e-06 -6.43399639e-05 
 3.04343681e-06  2.48519436e-04 
 3.05161548e-06 -6.94679178e-05 
 3.06474039e-06  2.44860929e-04 
 3.07917727e-06 -8.28915904e-05 
 3.09251723e-06  2.49297174e-04 
 3.10246932e-06 -9.96371140e-05 
 3.11187993e-06  2.40277895e-04 
 3.12008457e-06 -1.06935587e-04 
 3.12849472e-06  2.31337626e-04 
 3.13573643e-06 -1.06482250e-04 
 3.14492185e-06  2.29367703e-04 
 3.15802193e-06 -1.05663231e-04 
 3.17609435e-06  2.28477756e-04 
 3.20166350e-06 -1.04978219e-04 
 3.22852949e-06  2.47079951e-04 
 3.25010000e-06 -7.28747539e-05 
 3.25011000e-06 -3.71306678e-03 
 3.25013000e-06 -4.03855039e-03 
 3.25017000e-06 -3.54458569e-03 
 3.25020000e-06 -3.21380724e-03 
 3.25020073e-06 -3.48718621e-04 
 3.25020219e-06  5.01203310e-04 
 3.25020511e-06 -1.07707989e-04 
 3.25021095e-06  3.21019584e-04 
 3.25022263e-06  1.74405289e-05 
 3.25024600e-06  3.74416161e-04 
 3.25029273e-06  1.18451000e-04 
 3.25038619e-06  4.39308177e-04 
 3.25057310e-06  1.84145986e-04 
 3.25090205e-06  5.46292723e-04 
 3.25155729e-06  3.84787973e-04 
 3.25215482e-06  5.97633398e-04 
 3.25278979e-06  7.15397864e-05 
 3.25349212e-06  3.28120757e-04 
 3.25440220e-06  2.04366228e-05 
 3.25514739e-06  3.20305578e-04 
 3.25598459e-06 -3.35149664e-06 
 3.25684349e-06  2.66510558e-04 
 3.25773996e-06 -3.69075588e-05 
 3.25893447e-06  2.55686502e-04 
 3.26076648e-06 -5.49232493e-05 
 3.26320868e-06  2.26218388e-04 
 3.26628574e-06 -6.64087746e-05 
 3.27019416e-06  2.25635285e-04 
 3.27492336e-06 -6.66059289e-05 
 3.28438176e-06  2.25534873e-04 
 3.30329857e-06 -6.61202060e-05 
 3.32771306e-06  2.25766062e-04 
 3.35565659e-06 -6.60377053e-05 
 3.40366145e-06  2.25844427e-04 
 3.49915557e-06 -6.59472703e-05 
 3.50000000e-06  2.25405158e-04 
 3.50001000e-06  3.68972041e-03 
 3.50003000e-06  3.61097913e-03 
 3.50007000e-06  4.68446548e-03 
 3.50010000e-06  5.30446347e-03 
 3.50010430e-06  1.50397650e-03 
 3.50011290e-06  1.09075350e-03 
 3.50013011e-06  1.32057433e-03 
 3.50016452e-06  8.88818521e-04 
 3.50023333e-06  1.07287334e-03 
 3.50037097e-06  6.41941173e-04 
 3.50056615e-06  8.73715686e-04 
 3.50092706e-06  5.16692352e-04 
 3.50143440e-06  5.67844614e-04 
 3.50196035e-06  8.10296420e-05 
 3.50260336e-06  3.97023322e-04 
 3.50336790e-06  6.16622677e-05 
 3.50411955e-06  3.05737969e-04 
 3.50493498e-06 -4.57491171e-05 
 3.50582029e-06  2.65865322e-04 
 3.50675537e-06 -5.15335088e-05 
 3.50784402e-06  2.68990788e-04 
 3.50918287e-06 -5.57172484e-05 
 3.51037787e-06  2.55968558e-04 
 3.51164008e-06 -5.97046210e-05 
 3.51346054e-06  2.50209181e-04 
 3.51493040e-06 -7.78508477e-05 
 3.51653181e-06  2.40653831e-04 
 3.51810808e-06 -7.81735434e-05 
 3.51995417e-06  2.38809428e-04 
 3.52349372e-06 -7.84261985e-05 
 3.52857459e-06  2.38433120e-04 
 3.53873634e-06 -7.83766540e-05 
 3.55905984e-06  2.38378423e-04 
 3.59970682e-06 -7.83759052e-05 
 3.68100080e-06  2.38358677e-04 
 3.75010000e-06 -7.83743636e-05 
 3.75011000e-06 -3.71359455e-03 
 3.75013000e-06 -4.03827903e-03 
 3.75017000e-06 -3.54503151e-03 
 3.75020000e-06 -3.21547830e-03 
 3.75020073e-06 -3.53555196e-04 
 3.75020219e-06  4.94172974e-04 
 3.75020511e-06 -1.13481889e-04 
 3.75021095e-06  3.14556920e-04 
 3.75022263e-06  1.10330213e-05 
 3.75024599e-06  3.66984174e-04 
 3.75029271e-06  1.10293326e-04 
 3.75038614e-06  4.29248868e-04 
 3.75057301e-06  1.72544364e-04 
 3.75090051e-06  5.32192073e-04 
 3.75155550e-06  3.69885085e-04 
 3.75215331e-06  5.80528815e-04 
 3.75278823e-06  5.22436378e-05 
 3.75349078e-06  3.06100658e-04 
 3.75440182e-06 -6.06053562e-06 
 3.75514285e-06  2.87733033e-04 
 3.75597719e-06 -4.20672673e-05 
 3.75670004e-06  2.44201045e-04 
 3.75750221e-06 -5.51780261e-05 
 3.75853288e-06  2.40191780e-04 
 3.75963056e-06 -5.87270355e-05 
 3.76182594e-06  2.28451209e-04 
 3.76413698e-06 -6.70320650e-05 
 3.76820575e-06  2.27069178e-04 
 3.77256056e-06 -6.68877730e-05 
 3.78127019e-06  2.26915881e-04 
 3.79868945e-06 -6.68467305e-05 
 3.83352797e-06  2.26864844e-04 
 3.90320501e-06 -6.68496734e-05 
 4.00000000e-06  2.26842232e-04 
 4.00001000e-06  3.68751392e-03 
 4.00003000e-06  3.60774792e-03 
 4.00007000e-06  4.68444125e-03 
 4.00010000e-06  5.30160987e-03 
 4.00010430e-06  1.50299549e-03 
 4.00011290e-06  1.09048673e-03 
 4.00013011e-06  1.31940532e-03 
 4.00016452e-06  8.89022427e-04 
 4.00023335e-06  1.07229383e-03 
 4.00037100e-06  6.42600382e-04 
 4.00056613e-06  8.73427951e-04 
 4.00092713e-06  5.17419454e-04 
 4.00143466e-06  5.67030112e-04 
 4.00196073e-06  8.12998905e-05 
 4.00260350e-06  3.97042382e-04 
 4.00336587e-06  6.49685249e-05 
 4.00412111e-06  3.08253573e-04 
 4.00497218e-06 -4.56179721e-05 
 4.00572133e-06  2.70885540e-04 
 4.00653665e-06 -4.71379643e-05 
 4.00743883e-06  2.65137445e-04 
 4.00836572e-06 -6.03105494e-05 
 4.00934181e-06  2.49207537e-04 
 4.01064329e-06 -7.31831969e-05 
 4.01218409e-06  2.43254546e-04 
 4.01457210e-06 -6.07756746e-05 
 4.01792608e-06  2.69327720e-04 
 4.02026111e-06 -1.89013474e-05 
 4.02227711e-06  3.01365244e-04 
 4.02419462e-06 -2.95434066e-05 
 4.02611654e-06  2.70882622e-04 
 4.02794491e-06 -5.40363877e-05 
 4.03023466e-06  2.51723716e-04 
 4.03232104e-06 -6.91082319e-05 
 4.03534355e-06  2.39926343e-04 
 4.03868751e-06 -7.60232377e-05 
 4.04392212e-06  2.36522807e-04 
 4.04947655e-06 -7.48492749e-05 
 4.05498568e-06  2.59689793e-04 
 4.05908041e-06 -1.01701723e-04 
 4.06336629e-06  2.42993589e-04 
 4.06801497e-06 -9.93121861e-05 
 4.07306329e-06  2.34968156e-04 
 4.08024570e-06 -1.05390182e-04 
 4.08705410e-06  2.27030713e-04 
 4.09380153e-06 -1.04334963e-04 
 4.10199011e-06  2.26386019e-04 
 4.11836727e-06 -1.02329726e-04 
 4.13638617e-06  2.27406201e-04 
 4.16186790e-06 -1.00840942e-04 
 4.19012257e-06  2.27751447e-04 
 4.23923168e-06 -1.00321490e-04 
 4.25010000e-06  2.27483145e-04 
 4.25011000e-06 -3.72041673e-03 
 4.25013000e-06 -4.06486304e-03 
 4.25017000e-06 -3.55723818e-03 
 4.25020000e-06 -3.24214592e-03 
 4.25020074e-06 -3.60567262e-04 
 4.25020223e-06  4.79836406e-04 
 4.25020521e-06 -1.34602404e-04 
 4.25021117e-06  3.04297471e-04 
 4.25022309e-06 -8.01180600e-06 
 4.25024693e-06  3.58565181e-04 
 4.25029460e-06  9.33651871e-05 
 4.25038994e-06  4.21374597e-04 
 4.25058062e-06  1.55040439e-04 
 4.25091081e-06  5.26521861e-04 
 4.25157119e-06  3.48243766e-04 
 4.25217489e-06  5.62702161e-04 
 4.25281652e-06  2.42092472e-05 
 4.25351863e-06  2.93159557e-04 
 4.25441696e-06 -3.11016882e-05 
 4.25511708e-06  2.72342581e-04 
 4.25591517e-06 -7.28841416e-05 
 4.25677461e-06  2.29579726e-04 
 4.25765901e-06 -7.82961911e-05 
 4.25881075e-06  2.29093338e-04 
 4.26073302e-06 -8.52559380e-05 
 4.26320348e-06  2.17143614e-04 
 4.26622776e-06 -8.93377585e-05 
 4.27055632e-06  2.17033217e-04 
 4.27692395e-06 -8.93107823e-05 
 4.28965923e-06  2.16965196e-04 
 4.31512978e-06 -8.92989899e-05 
 4.36607088e-06  2.16956036e-04 
 4.46795308e-06 -8.92790920e-05 
 4.50000000e-06  2.16956380e-04 
 4.50001000e-06  3.67273485e-03 
 4.50003000e-06  3.59389336e-03 
 4.50007000e-06  4.67159311e-03 
 4.50010000e-06  5.28852964e-03 
 4.50010430e-06  1.48860179e-03 
 4.50011291e-06  1.07535446e-03 
 4.50013012e-06  1.30460057e-03 
 4.50016455e-06  8.71403156e-04 
 4.50023341e-06  1.05486519e-03 
 4.50037112e-06  6.24283675e-04 
 4.50056616e-06  8.56867903e-04 
 4.50092601e-06  5.00258101e-04 
 4.50143367e-06  5.53112161e-04 
 4.50195970e-06  6.71382566e-05 
 4.50256032e-06  3.74548677e-04 
 4.50327429e-06  3.97670468e-05 
 4.50402113e-06  2.93833573e-04 
 4.50494419e-06 -6.30324948e-05 
 4.50583462e-06  2.48416505e-04 
 4.50682910e-06 -6.61985404e-05 
 4.50797526e-06  2.56220811e-04 
 4.50916299e-06 -7.32490635e-05 
 4.51038312e-06  2.41120616e-04 
 4.51164057e-06 -7.38936763e-05 
 4.51326264e-06  2.31500688e-04 
 4.51469347e-06 -9.34668468e-05 
 4.51621645e-06  2.23811167e-04 
 4.51787139e-06 -9.41161303e-05 
 4.51974462e-06  2.22368045e-04 
 4.52317548e-06 -9.43522185e-05 
 4.52819978e-06  2.22112811e-04 
 4.53818733e-06 -9.43304414e-05 
 4.55724087e-06  2.22070470e-04 
 4.59394273e-06 -9.43396988e-05 
 4.66734644e-06  2.22047230e-04 
 4.75010000e-06 -9.43478250e-05 
 4.75011000e-06 -3.72997187e-03 
 4.75013000e-06 -4.05536721e-03 
 4.75017000e-06 -3.56337961e-03 
 4.75020000e-06 -3.23129317e-03 
 4.75020073e-06 -3.70891213e-04 
 4.75020219e-06  4.76090208e-04 
 4.75020511e-06 -1.31322453e-04 
 4.75021094e-06  2.96625014e-04 
 4.75022262e-06 -5.82409849e-06 
 4.75024597e-06  3.50589625e-04 
 4.75029266e-06  9.55128554e-05 
 4.75038606e-06  4.14048663e-04 
 4.75057285e-06  1.57439509e-04 
 4.75089803e-06  5.14750066e-04 
 4.75154838e-06  3.54414801e-04 
 4.75214706e-06  5.64882361e-04 
 4.75278137e-06  3.79035010e-05 
 4.75348427e-06  2.89624399e-04 
 4.75439991e-06 -2.06619136e-05 
 4.75514447e-06  2.73123559e-04 
 4.75598129e-06 -4.88187016e-05 
 4.75670573e-06  2.40352273e-04 
 4.75750934e-06 -5.40660325e-05 
 4.75854896e-06  2.32253704e-04 
 4.75965315e-06 -6.99443273e-05 
 4.76078767e-06  2.20607550e-04 
 4.76247287e-06 -7.70614828e-05 
 4.76455330e-06  2.11127530e-04 
 4.76718014e-06 -8.22846111e-05 
 4.77076906e-06  2.09942462e-04 
 4.77530063e-06 -8.20626746e-05 
 4.78436375e-06  2.09789950e-04 
 4.79846238e-06 -8.20035772e-05 
 4.82665965e-06  2.09730464e-04 
 4.88305417e-06 -8.19998096e-05 
 4.99584323e-06  2.09703574e-04 
 5.00000000e-06 -8.19100407e-05 
 5.00001000e-06  3.65928780e-03 
 5.00003000e-06  3.60050583e-03 
 5.00007000e-06  4.66290879e-03 
 5.00010000e-06  5.29571130e-03 
 5.00010434e-06  1.48751616e-03 
 5.00011301e-06  1.07643487e-03 
 5.00013036e-06  1.30196726e-03 
 5.00016506e-06  8.71722075e-04 
 5.00023445e-06  1.05213225e-03 
 5.00037325e-06  6.24936989e-04 
 5.00056872e-06  8.55556575e-04 
 5.00093162e-06  5.00905448e-04 
 5.00144506e-06  5.44531000e-04 
 5.00197488e-06  6.38565886e-05 
 5.00261289e-06  3.79702598e-04 
 5.00337633e-06  4.74846854e-05 
 5.00413903e-06  2.92779598e-04 
 5.00497463e-06 -5.74808788e-05 
 5.00568678e-06  2.67793350e-04 
 5.00647518e-06 -4.80031689e-05 
 5.00719553e-06  2.54039532e-04 
 5.00803800e-06 -7.02815129e-05 
 5.00891197e-06  2.39465588e-04 
 5.00997894e-06 -8.21744906e-05 
 5.01133304e-06  2.37793823e-04 
 5.01334593e-06 -7.10041930e-05 
 5.01470677e-06  2.44785324e-04 
 5.01622172e-06 -5.18458021e-05 
 5.01789423e-06  2.58717783e-04 
 5.01959888e-06 -3.35462995e-05 
 5.02135889e-06  3.04133732e-04 
 5.02299391e-06 -2.06318748e-05 
 5.02466349e-06  2.80449445e-04 
 5.02608630e-06 -4.21032167e-05 
 5.02761350e-06  2.63318782e-04 
 5.02942803e-06 -5.34029692e-05 
 5.03161891e-06  2.57997507e-04 
 5.03425713e-06 -5.16093980e-05 
 5.03790539e-06  2.66818423e-04 
 5.04392697e-06 -3.22722784e-05 
 5.04972399e-06  2.74742425e-04 
 5.05634589e-06 -8.72241491e-06 
 5.06101086e-06  2.36972865e-04 
 5.06540626e-06 -5.41837609e-05 
 5.06884600e-06  2.35826350e-04 
 5.07279379e-06 -6.02700410e-05 
 5.08031167e-06  2.34197220e-04 
 5.08766376e-06 -6.54025039e-05 
 5.10070500e-06  2.31501247e-04 
 5.11948715e-06 -6.87151887e-05 
 5.14643843e-06  2.30149139e-04 
 5.19179253e-06 -6.96091458e-05 
 5.25010000e-06  2.29900536e-04 
 5.25011000e-06 -3.71385864e-03 
 5.25013000e-06 -4.05595793e-03 
 5.25017000e-06 -3.54407542e-03 
 5.25020000e-06 -3.22561797e-03 
 5.25020074e-06 -3.45729645e-04 
 5.25020223e-06  4.93661411e-04 
 5.25020521e-06 -1.19614317e-04 
 5.25021117e-06  3.18660647e-04 
 5.25022309e-06  6.45547013e-06 
 5.25024692e-06  3.72502716e-04 
 5.25029458e-06  1.07222401e-04 
 5.25038991e-06  4.36046049e-04 
 5.25058057e-06  1.71086884e-04 
 5.25091263e-06  5.44078235e-04 
 5.25157416e-06  3.64475136e-04 
 5.25217984e-06  5.77988540e-04 
 5.25282314e-06  3.96874282e-05 
 5.25352551e-06  3.13489809e-04 
 5.25443051e-06 -1.02119007e-05 
 5.25515774e-06  2.93530137e-04 
 5.25598452e-06 -5.33491582e-05 
 5.25683568e-06  2.48572469e-04 
 5.25772325e-06 -6.14867211e-05 
 5.25890821e-06  2.45739624e-04 
 5.26076003e-06 -6.97230313e-05 
 5.26319944e-06  2.33909988e-04 
 5.26626911e-06 -7.35300416e-05 
 5.27056942e-06  2.33772051e-04 
 5.27720478e-06 -7.35107010e-05 
 5.29047552e-06  2.33667830e-04 
 5.31647420e-06 -7.35626795e-05 
 5.36847157e-06  2.33505576e-04 
 5.45027947e-06 -7.42469071e-05 
 5.50000000e-06  2.32793500e-04 
 5.50001000e-06  3.68599826e-03 
 5.50003000e-06  3.60680223e-03 
 5.50007000e-06  4.68490215e-03 
 5.50010000e-06  5.30090679e-03 
 5.50010430e-06  1.50259331e-03 
 5.50011290e-06  1.08948850e-03 
 5.50013010e-06  1.31933677e-03 
 5.50016450e-06  8.87800182e-04 
 5.50023330e-06  1.07190950e-03 
 5.50037089e-06  6.41314323e-04 
 5.50056608e-06  8.72890286e-04 
 5.50092668e-06  5.16106499e-04 
 5.50143350e-06  5.67307143e-04 
 5.50195921e-06  8.03131414e-05 
 5.50260190e-06  3.96269701e-04 
 5.50336423e-06  6.24875572e-05 
 5.50411579e-06  3.06466734e-04 
 5.50492627e-06 -4.41819867e-05 
 5.50582134e-06  2.64080140e-04 
 5.50674658e-06 -5.19066932e-05 
 5.50793138e-06  2.67043919e-04 
 5.50911742e-06 -5.72273398e-05 
 5.51035062e-06  2.56710470e-04 
 5.51161718e-06 -5.86223970e-05 
 5.51321850e-06  2.45096238e-04 
 5.51471327e-06 -7.81451325e-05 
 5.51626437e-06  2.38707433e-04 
 5.51807322e-06 -7.88140622e-05 
 5.52008464e-06  2.37500447e-04 
 5.52362493e-06 -7.89543302e-05 
 5.52882829e-06  2.37294575e-04 
 5.53850784e-06 -7.89537480e-05 
 5.55652142e-06  2.37269949e-04 
 5.58974627e-06 -7.76639714e-05 
 5.61972530e-06  2.41774366e-04 
 5.65039681e-06 -7.95131860e-05 
 5.68300518e-06  2.37430229e-04 
 5.71536714e-06 -7.95887888e-05 
 5.74861027e-06  2.37221509e-04 
 5.75010000e-06 -7.94023940e-05 
 5.75011000e-06 -3.71491025e-03 
 5.75013000e-06 -4.03950474e-03 
 5.75017000e-06 -3.54682558e-03 
 5.75020000e-06 -3.21345618e-03 
 5.75020073e-06 -3.54210599e-04 
 5.75020219e-06  4.91409237e-04 
 5.75020511e-06 -1.15235889e-04 
 5.75021095e-06  3.12513310e-04 
 5.75022263e-06  9.44144624e-06 
 5.75024599e-06  3.65265929e-04 
 5.75029271e-06  1.09230462e-04 
 5.75038615e-06  4.28209061e-04 
 5.75057302e-06  1.71446104e-04 
 5.75090040e-06  5.30865252e-04 
 5.75155516e-06  3.68722267e-04 
 5.75215548e-06  5.78371462e-04 
 5.75279201e-06  4.99614966e-05 
 5.75349497e-06  3.04835940e-04 
 5.75440508e-06 -6.67030015e-06 
 5.75515898e-06  2.87866929e-04 
 5.75600474e-06 -3.47725327e-05 
 5.75673201e-06  2.55925396e-04 
 5.75754107e-06 -3.97121369e-05 
 5.75857721e-06  2.47778988e-04 
 5.75967802e-06 -5.61053092e-05 
 5.76081084e-06  2.36169152e-04 
 5.76247679e-06 -6.29826524e-05 
 5.76458450e-06  2.26825240e-04 
 5.76719046e-06 -6.82053065e-05 
 5.77079371e-06  2.25609998e-04 
 5.77530414e-06 -6.80102639e-05 
 5.78432501e-06  2.25409015e-04 
 5.79861115e-06 -6.80391619e-05 
 5.82718343e-06  2.25178289e-04 
 5.88432798e-06 -6.84677630e-05 
 5.99861707e-06  2.22632428e-04 
 6.00000000e-06 -7.04760124e-05 
 6.00001000e-06  3.67043501e-03 
 6.00003000e-06  3.61159345e-03 
 6.00007000e-06  4.67468977e-03 
 6.00010000e-06  5.30659191e-03 
 6.00010434e-06  1.49905137e-03 
 6.00011301e-06  1.08757531e-03 
 6.00013035e-06  1.31416750e-03 
 6.00016503e-06  8.83161352e-04 
 6.00023440e-06  1.06486042e-03 
 6.00037314e-06  6.36712274e-04 
 6.00056885e-06  8.68444393e-04 
 6.00093281e-06  5.12412631e-04 
 6.00144709e-06  5.56299195e-04 
 6.00197777e-06  7.50465885e-05 
 6.00261829e-06  3.92762417e-04 
 6.00338557e-06  5.78228213e-05 
 6.00414697e-06  3.03059971e-04 
 6.00498658e-06 -4.76961735e-05 
 6.00571894e-06  2.81750087e-04 
 6.00649719e-06 -3.72869568e-05 
 6.00722755e-06  2.63850591e-04 
 6.00805626e-06 -6.05334069e-05 
 6.00896282e-06  2.50949436e-04 
 6.01001890e-06 -7.07830369e-05 
 6.01162484e-06  2.51396166e-04 
 6.01350002e-06 -5.96829025e-05 
 6.01491545e-06  2.62550423e-04 
 6.01643114e-06 -2.79969102e-05 
 6.01804776e-06  2.95106922e-04 
 6.01994587e-06  8.73704087e-06 
 6.02176602e-06  3.50196334e-04 
 6.02325245e-06  2.79088285e-05 
 6.02485316e-06  3.49840026e-04 
 6.02619281e-06  5.74302912e-05 
 6.02731733e-06  2.93565525e-04 
 6.02854944e-06 -3.14040375e-05 
 6.03017401e-06  2.68849174e-04 
 6.03164042e-06 -4.02351901e-05 
 6.03387294e-06  2.62804672e-04 
 6.03833799e-06 -5.57670101e-05 
 6.04447846e-06  2.43267186e-04 
 6.04856881e-06 -6.84687088e-05 
 6.05362704e-06  2.38223956e-04 
 6.05890937e-06 -7.16732579e-05 
 6.06811646e-06  2.35908657e-04 
 6.07946640e-06 -7.34595369e-05 
 6.10216629e-06  2.34665131e-04 
 6.14756606e-06 -7.42319334e-05 
 6.22638958e-06  2.34396263e-04 
 6.25010000e-06 -7.42782781e-05 
 6.25011000e-06 -3.71881918e-03 
 6.25013000e-06 -4.04515697e-03 
 6.25017000e-06 -3.54948324e-03 
 6.25020000e-06 -3.21369826e-03 
 6.25020073e-06 -3.52530477e-04 
 6.25020219e-06  4.94318411e-04 
 6.25020511e-06 -1.13065101e-04 
 6.25021095e-06  3.15047270e-04 
 6.25022264e-06  1.18830823e-05 
 6.25024600e-06  3.68158922e-04 
 6.25029273e-06  1.11961588e-04 
 6.25038620e-06  4.31093012e-04 
 6.25057312e-06  1.74314451e-04 
 6.25090117e-06  5.33836314e-04 
 6.25155520e-06  3.70126468e-04 
 6.25215641e-06  5.79362077e-04 
 6.25279341e-06  5.11102681e-05 
 6.25349635e-06  3.07513642e-04 
 6.25440558e-06 -4.16289459e-06 
 6.25515211e-06  2.87915891e-04 
 6.25599204e-06 -4.73370581e-05 
 6.25684604e-06  2.42295648e-04 
 6.25774083e-06 -5.54195864e-05 
 6.25893677e-06  2.39394185e-04 
 6.26079089e-06 -6.36333423e-05 
 6.26322253e-06  2.27688076e-04 
 6.26631531e-06 -6.73383325e-05 
 6.27062174e-06  2.27552331e-04 
 6.27737755e-06 -6.73069808e-05 
 6.29088918e-06  2.27468320e-04 
 6.31718881e-06 -6.73177323e-05 
 6.36978807e-06  2.27420772e-04 
 6.47498659e-06 -6.73428626e-05 
 6.50000000e-06  2.27392930e-04 
 6.50001000e-06  3.68617987e-03 
 6.50003000e-06  3.60749347e-03 
 6.50007000e-06  4.68590856e-03 
 6.50010000e-06  5.30156083e-03 
 6.50010430e-06  1.50318409e-03 
 6.50011291e-06  1.09018419e-03 
 6.50013011e-06  1.31995378e-03 
 6.50016453e-06  8.88488057e-04 
 6.50023336e-06  1.07264097e-03 
 6.50037101e-06  6.41981848e-04 
 6.50056622e-06  8.73680417e-04 
 6.50092721e-06  5.16771247e-04 
 6.50143472e-06  5.67642398e-04 
 6.50196078e-06  8.10187779e-05 
 6.50260301e-06  3.97014673e-04 
 6.50336859e-06  6.15133832e-05 
 6.50411975e-06  3.05216769e-04 
 6.50493322e-06 -4.60711800e-05 
 6.50581896e-06  2.65316857e-04 
 6.50674661e-06 -5.21772620e-05 
 6.50783809e-06  2.68567462e-04 
 6.50920930e-06 -5.57631532e-05 
 6.51041140e-06  2.58102177e-04 
 6.51168059e-06 -5.86244167e-05 
 6.51352694e-06  2.44814791e-04 
 6.51522225e-06 -7.76382776e-05 
 6.51686612e-06  2.39584566e-04 
 6.51887238e-06 -7.81737821e-05 
 6.52107150e-06  2.38513333e-04 
 6.52468502e-06 -7.82263132e-05 
 6.52998933e-06  2.38353743e-04 
 6.53915754e-06 -7.82001476e-05 
 6.55564115e-06  2.38309482e-04 
 6.58473916e-06 -7.82091552e-05 
 6.63953815e-06  2.38281618e-04 
 6.73993204e-06 -7.82241601e-05 
 6.75010000e-06  2.38259455e-04 
 6.75011000e-06 -3.70593700e-03 
 6.75013000e-06 -4.04590727e-03 
 6.75017000e-06 -3.53618874e-03 
 6.75020000e-06 -3.21898004e-03 
 6.75020075e-06 -3.41523384e-04 
 6.75020224e-06  4.95495126e-04 
 6.75020522e-06 -1.17126466e-04 
 6.75021118e-06  3.20722888e-04 
 6.75022310e-06  8.12947118e-06 
 6.75024694e-06  3.73349506e-04 
 6.75029462e-06  1.07052061e-04 
 6.75038999e-06  4.34608347e-04 
 6.75058072e-06  1.69059868e-04 
 6.75091320e-06  5.42660454e-04 
 6.75157815e-06  3.64006288e-04 
 6.75218521e-06  5.76513880e-04 
 6.75283011e-06  3.81959817e-05 
 6.75353292e-06  3.11824215e-04 
 6.75442583e-06 -1.21466437e-05 
 6.75514035e-06  2.94237749e-04 
 6.75595285e-06 -4.77816148e-05 
 6.75666427e-06  2.50829830e-04 
 6.75745204e-06 -6.14813412e-05 
 6.75846992e-06  2.46729260e-04 
 6.75955399e-06 -6.47815014e-05 
 6.76172214e-06  2.35087587e-04 
 6.76401148e-06 -7.34111512e-05 
 6.76802479e-06  2.33517744e-04 
 6.77231803e-06 -7.32678138e-05 
 6.78090451e-06  2.33360415e-04 
 6.79807748e-06 -7.32259223e-05 
 6.83242340e-06  2.33307148e-04 
 6.90111526e-06 -7.32304411e-05 
 7.00000000e-06  2.33282014e-04 
 7.00001000e-06  3.68499729e-03 
 7.00003000e-06  3.60516319e-03 
 7.00007000e-06  4.68560254e-03 
 7.00010000e-06  5.29936332e-03 
 7.00010430e-06  1.50253169e-03 
 7.00011290e-06  1.09009845e-03 
 7.00013009e-06  1.31913439e-03 
 7.00016449e-06  8.88887166e-04 
 7.00023327e-06  1.07233066e-03 
 7.00037084e-06  6.42704974e-04 
 7.00056592e-06  8.73488138e-04 
 7.00092674e-06  5.17543404e-04 
 7.00143380e-06  5.67506065e-04 
 7.00195956e-06  8.14554639e-05 
 7.00260194e-06  3.96937052e-04 
 7.00336441e-06  6.47822108e-05 
 7.00411924e-06  3.07915929e-04 
 7.00497018e-06 -4.52973360e-05 
 7.00571941e-06  2.71877960e-04 
 7.00653393e-06 -4.65267519e-05 
 7.00730705e-06  2.64568527e-04 
 7.00825921e-06 -6.04301019e-05 
 7.00915192e-06  2.49273075e-04 
 7.01036913e-06 -7.25385238e-05 
 7.01199755e-06  2.42370796e-04 
 7.01424128e-06 -6.44866566e-05 
 7.01716476e-06  2.68087401e-04 
 7.01946997e-06 -4.80770322e-05 
 7.02190148e-06  2.92468248e-04 
 7.02366457e-06 -3.53743143e-05 
 7.02528986e-06  2.67190188e-04 
 7.02678280e-06 -4.80509721e-05 
 7.02835928e-06  2.51451212e-04 
 7.03014655e-06 -6.72264321e-05 
 7.03265016e-06  2.35939555e-04 
 7.03528151e-06 -7.78119674e-05 
 7.03771733e-06  2.31243308e-04 
 7.04041678e-06 -7.88074711e-05 
 7.04408944e-06  2.30670670e-04 
 7.04847161e-06 -7.87805758e-05 
 7.05659287e-06  2.32247041e-04 
 7.06619742e-06 -7.49109402e-05 
 7.08294571e-06  2.36388897e-04 
 7.09590116e-06 -7.44133638e-05 
 7.11301231e-06  2.34691642e-04 
 7.13624086e-06 -7.46621107e-05 
 7.15955057e-06  2.34645205e-04 
 7.20617000e-06 -7.46321743e-05 
 7.25010000e-06  2.34678988e-04 
 7.25011000e-06 -3.71011230e-03 
 7.25013000e-06 -4.05272959e-03 
 7.25017000e-06 -3.54166983e-03 
 7.25020000e-06 -3.22212430e-03 
 7.25020074e-06 -3.43310352e-04 
 7.25020223e-06  4.95111089e-04 
 7.25020521e-06 -1.17973748e-04 
 7.25021117e-06  3.20148223e-04 
 7.25022309e-06  7.84087063e-06 
 7.25024692e-06  3.73445453e-04 
 7.25029459e-06  1.07787712e-04 
 7.25038993e-06  4.35839349e-04 
 7.25058060e-06  1.70791542e-04 
 7.25091839e-06  5.46459867e-04 
 7.25157905e-06  3.64523106e-04 
 7.25218906e-06  5.75362883e-04 
 7.25283555e-06  3.67674435e-05 
 7.25353816e-06  3.13335899e-04 
 7.25442916e-06 -1.02797166e-05 
 7.25513018e-06  2.94831626e-04 
 7.25592906e-06 -5.31387109e-05 
 7.25678534e-06  2.49074730e-04 
 7.25766810e-06 -6.21136107e-05 
 7.25882779e-06  2.46366590e-04 
 7.26071242e-06 -7.00575993e-05 
 7.26318879e-06  2.34332314e-04 
 7.26619581e-06 -7.40419187e-05 
 7.27051701e-06  2.34238733e-04 
 7.27696321e-06 -7.40159068e-05 
 7.28985560e-06  2.34162933e-04 
 7.31564039e-06 -7.40179527e-05 
 7.36720996e-06  2.34128962e-04 
 7.47034911e-06 -7.40281084e-05 
 7.50000000e-06  2.34111481e-04 
 7.50001000e-06  3.68687474e-03 
 7.50003000e-06  3.60803713e-03 
 7.50007000e-06  4.68684911e-03 
 7.50010000e-06  5.30203160e-03 
 7.50010430e-06  1.50397320e-03 
 7.50011290e-06  1.09069096e-03 
 7.50013010e-06  1.32005512e-03 
 7.50016449e-06  8.88564020e-04 
 7.50023328e-06  1.07238061e-03 
 7.50037086e-06  6.41665113e-04 
 7.50056345e-06  8.73757196e-04 
 7.50092059e-06  5.17984206e-04 
 7.50144899e-06  5.60267815e-04 
 7.50198543e-06  7.76585096e-05 
 7.50264443e-06  3.99834620e-04 
 7.50340948e-06  5.77960705e-05 
 7.50418129e-06  3.02317458e-04 
 7.50497168e-06 -4.47167545e-05 
 7.50593657e-06  2.64886143e-04 
 7.50684107e-06 -5.21215217e-05 
 7.50804436e-06  2.68738767e-04 
 7.50927816e-06 -5.70940712e-05 
 7.51051841e-06  2.57292506e-04 
 7.51180085e-06 -5.85357715e-05 
 7.51346346e-06  2.49074543e-04 
 7.51490246e-06 -7.80267081e-05 
 7.51643514e-06  2.40974104e-04 
 7.51806875e-06 -7.86682393e-05 
 7.51992085e-06  2.39382656e-04 
 7.52331712e-06 -7.89096808e-05 
 7.52826050e-06  2.39075958e-04 
 7.53814727e-06 -7.88785638e-05 
 7.55704583e-06  2.39023301e-04 
 7.59354958e-06 -7.88885086e-05 
 7.66655708e-06  2.38993772e-04 
 7.75010000e-06 -7.88991144e-05 
 7.75011000e-06 -3.71316564e-03 
 7.75013000e-06 -4.03806970e-03 
 7.75017000e-06 -3.54480595e-03 
 7.75020000e-06 -3.20986105e-03 
 7.75020073e-06 -3.51496062e-04 
 7.75020219e-06  4.93604035e-04 
 7.75020511e-06 -1.12912670e-04 
 7.75021095e-06  3.14531912e-04 
 7.75022263e-06  1.14080299e-05 
 7.75024598e-06  3.66706660e-04 
 7.75029270e-06  1.10288742e-04 
 7.75038612e-06  4.28652277e-04 
 7.75057298e-06  1.72628760e-04 
 7.75090568e-06  5.34603719e-04 
 7.75157107e-06  3.70295340e-04 
 7.75217424e-06  5.75100966e-04 
 7.75281512e-06  4.68507458e-05 
 7.75351842e-06  3.06721446e-04 
 7.75441765e-06 -5.94592997e-06 
 7.75511668e-06  2.88650352e-04 
 7.75591211e-06 -4.24467253e-05 
 7.75662602e-06  2.45248461e-04 
 7.75740663e-06 -5.58538030e-05 
 7.75843746e-06  2.41214988e-04 
 7.75952985e-06 -5.91186497e-05 
 7.76171462e-06  2.29476937e-04 
 7.76401909e-06 -6.77816194e-05 
 7.76804098e-06  2.27930236e-04 
 7.77235655e-06 -6.76388450e-05 
 7.78098769e-06  2.27771985e-04 
 7.79824997e-06 -6.75963272e-05 
 7.83277453e-06  2.27718854e-04 
 7.90182364e-06 -6.76003705e-05 
 8.00000000e-06  2.27694181e-04 
 8.00001000e-06  3.68576762e-03 
 8.00003000e-06  3.60675528e-03 
 8.00007000e-06  4.68651408e-03 
 8.00010000e-06  5.30052586e-03 
 8.00010430e-06  1.50329715e-03 
 8.00011290e-06  1.09075263e-03 
 8.00013011e-06  1.31870742e-03 
 8.00016452e-06  8.89139194e-04 
 8.00023334e-06  1.07153876e-03 
 8.00037098e-06  6.42557361e-04 
 8.00056353e-06  8.73097221e-04 
 8.00092088e-06  5.18722888e-04 
 8.00144982e-06  5.58703069e-04 
 8.00198663e-06  7.81816917e-05 
 8.00264567e-06  3.99315928e-04 
 8.00340897e-06  5.94620866e-05 
 8.00418449e-06  2.99535651e-04 
 8.00504713e-06 -4.80925744e-05 
 8.00586566e-06  2.72860903e-04 
 8.00666085e-06 -4.70289104e-05 
 8.00741699e-06  2.64099737e-04 
 8.00831360e-06 -6.02573656e-05 
 8.00921944e-06  2.50808534e-04 
 8.01039621e-06 -7.11887190e-05 
 8.01220040e-06  2.42644772e-04 
 8.01437538e-06 -7.14583969e-05 
 8.01717355e-06  2.48087154e-04 
 8.01983103e-06 -7.48666912e-05 
 8.02251635e-06  2.39979916e-04 
 8.02522547e-06 -7.66640009e-05 
 8.02812000e-06  2.38076445e-04 
 8.03390906e-06 -7.73969787e-05 
 8.04245502e-06  2.37561716e-04 
 8.05443203e-06 -7.73905812e-05 
 8.07669937e-06  2.37516793e-04 
 8.12123405e-06 -7.73921772e-05 
 8.21030341e-06  2.37490670e-04 
 8.25010000e-06 -7.73939773e-05 
 8.25011000e-06 -3.71719235e-03 
 8.25013000e-06 -4.03953411e-03 
 8.25017000e-06 -3.53712082e-03 
 8.25020000e-06 -3.21013227e-03 
 8.25020073e-06 -3.51490202e-04 
 8.25020219e-06  4.91441019e-04 
 8.25020511e-06 -1.16568871e-04 
 8.25021095e-06  3.13259347e-04 
 8.25022262e-06  1.03938979e-05 
 8.25024598e-06  3.68051529e-04 
 8.25029269e-06  1.11424868e-04 
 8.25038610e-06  4.30550386e-04 
 8.25057294e-06  1.73685211e-04 
 8.25094660e-06  5.53178434e-04 
 8.25158001e-06  3.57416164e-04 
 8.25220546e-06  5.52723740e-04 
 8.25285886e-06  2.07185618e-05 
 8.25356075e-06  2.90114898e-04 
 8.25444095e-06 -2.91374389e-05 
 8.25540214e-06  2.54682234e-04 
 8.25661829e-06 -6.28986496e-05 
 8.25790657e-06  2.46155590e-04 
 8.25938249e-06 -6.36214652e-05 
 8.26204258e-06  2.33669760e-04 
 8.26458250e-06 -7.27742079e-05 
 8.26858316e-06  2.32868176e-04 
 8.27332326e-06 -7.25304149e-05 
 8.28280346e-06  2.32661306e-04 
 8.30176387e-06 -7.24734130e-05 
 8.33968468e-06  2.32594449e-04 
 8.41552629e-06 -7.24754355e-05 
 8.50000000e-06  2.32566374e-04 
