 1.00000000e-12  1.78200000e+00  5.65040279e-01 
 1.02800000e-12  1.78149600e+00  5.61266080e-01 
 1.08400000e-12  1.78048800e+00  5.58609408e-01 
 1.19600000e-12  1.77847200e+00  5.63611626e-01 
 1.42000000e-12  1.77444000e+00  5.72406518e-01 
 1.73497255e-12  1.76877049e+00  5.80681232e-01 
 2.36491764e-12  1.75743148e+00  5.89090152e-01 
 3.21220120e-12  1.74218038e+00  5.92341547e-01 
 4.49402628e-12  1.71910753e+00  5.93286642e-01 
 6.34294748e-12  1.68582695e+00  5.93253316e-01 
 9.93271581e-12  1.62121112e+00  5.93312963e-01 
 1.36576850e-11  1.55416167e+00  5.93272162e-01 
 2.09082457e-11  1.42365158e+00  5.93381560e-01 
 3.54093670e-11  1.16263139e+00  5.93557601e-01 
 6.44116096e-11  6.40591026e-01  5.94580400e-01 
 1.00000000e-10  0.00000000e+00  5.97265206e-01 
 1.05800449e-10  0.00000000e+00  5.98227573e-01 
 1.17401346e-10  0.00000000e+00  6.00071046e-01 
 1.40603140e-10  0.00000000e+00  6.03441148e-01 
 1.87006728e-10  0.00000000e+00  6.09648768e-01 
 2.79813904e-10  0.00000000e+00  6.20489789e-01 
 4.65428257e-10  0.00000000e+00  6.36349044e-01 
 6.77244568e-10  0.00000000e+00  6.48607068e-01 
 9.79507563e-10  0.00000000e+00  6.60210848e-01 
 1.38234083e-09  0.00000000e+00  6.68998130e-01 
 1.88603644e-09  0.00000000e+00  6.69075885e-01 
 2.49133731e-09  0.00000000e+00  6.50803569e-01 
 3.22831942e-09  0.00000000e+00  6.14786458e-01 
 4.13841112e-09  0.00000000e+00  5.68739696e-01 
 5.06765908e-09  0.00000000e+00  5.18333687e-01 
 6.06109528e-09  0.00000000e+00  4.65155124e-01 
 6.88307009e-09  0.00000000e+00  4.22558007e-01 
 7.75770605e-09  0.00000000e+00  3.78460272e-01 
 8.86165745e-09  0.00000000e+00  3.26304482e-01 
 9.92118125e-09  0.00000000e+00  2.80762297e-01 
 1.17141120e-08  0.00000000e+00  2.14273544e-01 
 1.37264671e-08  0.00000000e+00  1.55483579e-01 
 1.76216845e-08  0.00000000e+00  7.96984543e-02 
 2.07000469e-08  0.00000000e+00  4.60397996e-02 
 2.37453528e-08  0.00000000e+00  2.61932008e-02 
 2.66854598e-08  0.00000000e+00  1.51513527e-02 
 2.97634536e-08  0.00000000e+00  8.52641325e-03 
 3.26383040e-08  0.00000000e+00  5.12353833e-03 
 3.83880047e-08  0.00000000e+00  1.64303711e-03 
 4.45506927e-08  0.00000000e+00  5.31562774e-04 
 5.68760686e-08  0.00000000e+00 -3.93317021e-05 
 8.15268205e-08  0.00000000e+00  4.49219982e-05 
 1.26384799e-07  0.00000000e+00 -3.20121756e-05 
 1.99650983e-07  0.00000000e+00  3.54829082e-05 
 2.50100000e-07  0.00000000e+00 -3.07091804e-05 
 2.50110000e-07  1.80000000e-01  1.32936102e-03 
 2.50130000e-07  5.40000000e-01  4.23619303e-03 
 2.50170000e-07  1.26000000e+00  8.96542543e-03 
 2.50200000e-07  1.80000000e+00  1.01626304e-02 
 2.50207309e-07  1.80000000e+00  9.28268476e-03 
 2.50221927e-07  1.80000000e+00  7.40834869e-03 
 2.50251164e-07  1.80000000e+00  4.05256569e-03 
 2.50309637e-07  1.80000000e+00  2.33910050e-04 
 2.50400333e-07  1.80000000e+00 -1.42708907e-03 
 2.50532282e-07  1.80000000e+00 -1.71163182e-03 
 2.50742236e-07  1.80000000e+00 -1.23048927e-03 
 2.50977001e-07  1.80000000e+00  5.05188628e-04 
 2.51446530e-07  1.80000000e+00  3.74952680e-03 
 2.51884546e-07  1.80000000e+00  1.89323591e-03 
 2.52335203e-07  1.80000000e+00  9.98356697e-04 
 2.52991501e-07  1.80000000e+00  8.09313699e-04 
 2.53628955e-07  1.80000000e+00  1.18352264e-03 
 2.54223493e-07  1.80000000e+00  1.94499532e-03 
 2.54835385e-07  1.80000000e+00  1.75203809e-03 
 2.55447756e-07  1.80000000e+00  1.55817310e-03 
 2.56182768e-07  1.80000000e+00  1.47525735e-03 
 2.57102067e-07  1.80000000e+00  1.46345171e-03 
 2.58285511e-07  1.80000000e+00  1.17562319e-03 
 2.59966451e-07  1.80000000e+00  1.03483857e-03 
 2.62515822e-07  1.80000000e+00  5.99246635e-04 
 2.65837492e-07  1.80000000e+00  4.55534876e-04 
 2.72480833e-07  1.80000000e+00  1.07873086e-04 
 2.82464392e-07  1.80000000e+00  1.12199229e-04 
 2.99859543e-07  1.80000000e+00 -2.71117285e-05 
 3.29711801e-07  1.80000000e+00  6.41868564e-05 
 3.78873628e-07  1.80000000e+00 -4.58639119e-05 
 4.64757868e-07  1.80000000e+00  5.58344988e-05 
 5.00000000e-07  1.80000000e+00 -4.83873874e-05 
 5.00010000e-07  1.62000000e+00 -8.34754125e-04 
 5.00030000e-07  1.26000000e+00 -2.24866485e-03 
 5.00070000e-07  5.40000000e-01 -4.13795533e-03 
 5.00100000e-07  0.00000000e+00 -4.93895918e-03 
 5.00108000e-07  0.00000000e+00 -4.47994690e-03 
 5.00124000e-07  0.00000000e+00 -3.54988432e-03 
 5.00156000e-07  0.00000000e+00 -2.18200626e-03 
 5.00220000e-07  0.00000000e+00 -7.12109823e-04 
 5.00348000e-07  0.00000000e+00  2.59942140e-04 
 5.00537099e-07  0.00000000e+00  7.49649627e-04 
 5.00857202e-07  0.00000000e+00  9.50338884e-04 
 5.01189157e-07  0.00000000e+00 -3.19793444e-03 
 5.01583947e-07  0.00000000e+00 -1.37769247e-02 
 5.02029578e-07  0.00000000e+00 -7.00208503e-03 
 5.02505187e-07  0.00000000e+00  4.46883060e-02 
 5.03007098e-07  0.00000000e+00  1.25234287e-01 
 5.03582195e-07  0.00000000e+00  2.24449172e-01 
 5.04129933e-07  0.00000000e+00  3.20323298e-01 
 5.04920350e-07  0.00000000e+00  4.53331045e-01 
 5.05653820e-07  0.00000000e+00  5.69725196e-01 
 5.07120759e-07  0.00000000e+00  7.87364689e-01 
 5.08638414e-07  0.00000000e+00  9.90119980e-01 
 5.09859244e-07  0.00000000e+00  1.11804700e+00 
 5.11222048e-07  0.00000000e+00  1.24911582e+00 
 5.12586600e-07  0.00000000e+00  1.39260255e+00 
 5.14227687e-07  0.00000000e+00  1.58387069e+00 
 5.16084424e-07  0.00000000e+00  1.72645878e+00 
 5.17966446e-07  0.00000000e+00  1.77881261e+00 
 5.21730489e-07  0.00000000e+00  1.80184676e+00 
 5.25832332e-07  0.00000000e+00  1.79965995e+00 
 5.33513200e-07  0.00000000e+00  1.80042096e+00 
 5.47374135e-07  0.00000000e+00  1.79969219e+00 
 5.68639981e-07  0.00000000e+00  1.80034672e+00 
 6.10095004e-07  0.00000000e+00  1.79968562e+00 
 6.93005049e-07  0.00000000e+00  1.80032712e+00 
 7.50100000e-07  9.52912066e-13  1.79968422e+00 
 7.50110000e-07  1.80000000e-01  1.80034287e+00 
 7.50130000e-07  5.40000000e-01  1.80184195e+00 
 7.50170000e-07  1.26000000e+00  1.80546326e+00 
 7.50200000e-07  1.80000000e+00  1.80783723e+00 
 7.50207988e-07  1.80000000e+00  1.80753222e+00 
 7.50223964e-07  1.80000000e+00  1.80690576e+00 
 7.50255916e-07  1.80000000e+00  1.80593779e+00 
 7.50319819e-07  1.80000000e+00  1.80476221e+00 
 7.50447627e-07  1.80000000e+00  1.80349518e+00 
 7.50703241e-07  1.80000000e+00  1.80205570e+00 
 7.51108445e-07  1.80000000e+00  1.80460288e+00 
 7.51575614e-07  1.80000000e+00  1.80824775e+00 
 7.52039973e-07  1.80000000e+00  1.80603083e+00 
 7.52525867e-07  1.80000000e+00  1.80351131e+00 
 7.53260347e-07  1.80000000e+00  1.80126884e+00 
 7.53779682e-07  1.80000000e+00  1.80059029e+00 
 7.54364373e-07  1.80000000e+00  1.80108095e+00 
 7.54923076e-07  1.80000000e+00  1.79829510e+00 
 7.55512188e-07  1.80000000e+00  1.79849901e+00 
 7.56264034e-07  1.80000000e+00  1.79903644e+00 
 7.57072854e-07  1.80000000e+00  1.79871809e+00 
 7.57937807e-07  1.80000000e+00  1.79816569e+00 
 7.58956139e-07  1.80000000e+00  1.79762310e+00 
 7.60510585e-07  1.80000000e+00  1.79764563e+00 
 7.62155173e-07  1.80000000e+00  1.79850419e+00 
 7.64955914e-07  1.80000000e+00  1.79943561e+00 
 7.68225826e-07  1.80000000e+00  1.79979274e+00 
 7.74765651e-07  1.80000000e+00  1.80002935e+00 
 7.87845300e-07  1.80000000e+00  1.79998354e+00 
 8.12141857e-07  1.80000000e+00  1.80002850e+00 
 8.60734969e-07  1.80000000e+00  1.79998191e+00 
 9.57921194e-07  1.80000000e+00  1.80002662e+00 
 1.00000000e-06  1.80000000e+00  1.79998022e+00 
 1.00001000e-06  1.62000000e+00  1.79880542e+00 
 1.00003000e-06  1.26000000e+00  1.79661440e+00 
 1.00007000e-06  5.40000000e-01  1.79327064e+00 
 1.00010000e-06  0.00000000e+00  1.79176618e+00 
 1.00010800e-06  0.00000000e+00  1.79236299e+00 
 1.00012400e-06  0.00000000e+00  1.79353110e+00 
 1.00015600e-06  0.00000000e+00  1.79531377e+00 
 1.00022000e-06  0.00000000e+00  1.79772180e+00 
 1.00034800e-06  0.00000000e+00  1.80023800e+00 
 1.00053699e-06  0.00000000e+00  1.80192321e+00 
 1.00085716e-06  0.00000000e+00  1.80238203e+00 
 1.00118960e-06  0.00000000e+00  1.80099364e+00 
 1.00162601e-06  0.00000000e+00  1.79877588e+00 
 1.00209298e-06  0.00000000e+00  1.79783345e+00 
 1.00257521e-06  0.00000000e+00  1.79917824e+00 
 1.00307662e-06  0.00000000e+00  1.80043210e+00 
 1.00363476e-06  0.00000000e+00  1.79997404e+00 
 1.00419040e-06  0.00000000e+00  1.79197241e+00 
 1.00470312e-06  0.00000000e+00  1.79056208e+00 
 1.00519260e-06  0.00000000e+00  1.79029064e+00 
 1.00573629e-06  0.00000000e+00  1.78669801e+00 
 1.00639515e-06  0.00000000e+00  1.78804326e+00 
 1.00710265e-06  0.00000000e+00  1.79160884e+00 
 1.00806607e-06  0.00000000e+00  1.79476927e+00 
 1.00920842e-06  0.00000000e+00  1.79666654e+00 
 1.01009657e-06  0.00000000e+00  1.79768214e+00 
 1.01104485e-06  0.00000000e+00  1.79865091e+00 
 1.01198007e-06  0.00000000e+00  1.79957590e+00 
 1.01300625e-06  0.00000000e+00  1.79977806e+00 
 1.01373268e-06  0.00000000e+00  1.79936766e+00 
 1.01443236e-06  0.00000000e+00  1.79903301e+00 
 1.01529626e-06  0.00000000e+00  1.79942764e+00 
 1.01622038e-06  0.00000000e+00  1.79959149e+00 
 1.01713227e-06  0.00000000e+00  1.79802997e+00 
 1.01811712e-06  0.00000000e+00  1.79787074e+00 
 1.01916289e-06  0.00000000e+00  1.79824479e+00 
 1.02090956e-06  0.00000000e+00  1.79948066e+00 
 1.02273344e-06  0.00000000e+00  1.79975456e+00 
 1.02599806e-06  0.00000000e+00  1.80002567e+00 
 1.03252730e-06  0.00000000e+00  1.79992664e+00 
 1.04142985e-06  0.00000000e+00  1.80002929e+00 
 1.05923495e-06  0.00000000e+00  1.79993628e+00 
 1.09484515e-06  0.00000000e+00  1.80003716e+00 
 1.15485558e-06  0.00000000e+00  1.79994556e+00 
 1.21724106e-06  0.00000000e+00  1.80004233e+00 
 1.25010000e-06  0.00000000e+00  1.79994879e+00 
 1.25011000e-06  1.80000000e-01  1.80060568e+00 
 1.25013000e-06  5.40000000e-01  1.80213202e+00 
 1.25017000e-06  1.26000000e+00  1.80581921e+00 
 1.25020000e-06  1.80000000e+00  1.80829517e+00 
 1.25020799e-06  1.80000000e+00  1.80799334e+00 
 1.25022396e-06  1.80000000e+00  1.80736256e+00 
 1.25025591e-06  1.80000000e+00  1.80635806e+00 
 1.25031982e-06  1.80000000e+00  1.80508634e+00 
 1.25044762e-06  1.80000000e+00  1.80368341e+00 
 1.25070323e-06  1.80000000e+00  1.80221385e+00 
 1.25110285e-06  1.80000000e+00  1.80421111e+00 
 1.25157082e-06  1.80000000e+00  1.80781742e+00 
 1.25203348e-06  1.80000000e+00  1.80523723e+00 
 1.25251838e-06  1.80000000e+00  1.80221356e+00 
 1.25325124e-06  1.80000000e+00  1.80020032e+00 
 1.25376947e-06  1.80000000e+00  1.79996134e+00 
 1.25435400e-06  1.80000000e+00  1.79978631e+00 
 1.25508746e-06  1.80000000e+00  1.79966511e+00 
 1.25575083e-06  1.80000000e+00  1.79974929e+00 
 1.25655453e-06  1.80000000e+00  1.79976507e+00 
 1.25816193e-06  1.80000000e+00  1.79987626e+00 
 1.25985922e-06  1.80000000e+00  1.79990690e+00 
 1.26279910e-06  1.80000000e+00  1.79998026e+00 
 1.26630387e-06  1.80000000e+00  1.79997934e+00 
 1.27331341e-06  1.80000000e+00  1.80001095e+00 
 1.28733248e-06  1.80000000e+00  1.79998918e+00 
 1.31537063e-06  1.80000000e+00  1.80001062e+00 
 1.37144692e-06  1.80000000e+00  1.79998937e+00 
 1.48359950e-06  1.80000000e+00  1.80001056e+00 
 1.50000000e-06  1.80000000e+00  1.79998952e+00 
 1.50001000e-06  1.62000000e+00  1.79876879e+00 
 1.50003000e-06  1.26000000e+00  1.79651917e+00 
 1.50007000e-06  5.40000000e-01  1.79311063e+00 
 1.50010000e-06  0.00000000e+00  1.79150861e+00 
 1.50010800e-06  0.00000000e+00  1.79209102e+00 
 1.50012400e-06  0.00000000e+00  1.79325278e+00 
 1.50015600e-06  0.00000000e+00  1.79507678e+00 
 1.50022000e-06  0.00000000e+00  1.79755460e+00 
 1.50034800e-06  0.00000000e+00  1.80009585e+00 
 1.50053708e-06  0.00000000e+00  1.80173571e+00 
 1.50085689e-06  0.00000000e+00  1.80243272e+00 
 1.50118900e-06  0.00000000e+00  1.80168277e+00 
 1.50158784e-06  0.00000000e+00  1.79981815e+00 
 1.50203489e-06  0.00000000e+00  1.79735718e+00 
 1.50251422e-06  0.00000000e+00  1.79693515e+00 
 1.50300276e-06  0.00000000e+00  1.79746352e+00 
 1.50356090e-06  0.00000000e+00  1.79815886e+00 
 1.50410705e-06  0.00000000e+00  1.79873401e+00 
 1.50488259e-06  0.00000000e+00  1.79919789e+00 
 1.50560978e-06  0.00000000e+00  1.79947595e+00 
 1.50624473e-06  0.00000000e+00  1.79965037e+00 
 1.50694293e-06  0.00000000e+00  1.79976048e+00 
 1.50794118e-06  0.00000000e+00  1.79985724e+00 
 1.50885347e-06  0.00000000e+00  1.79990104e+00 
 1.50984883e-06  0.00000000e+00  1.79993062e+00 
 1.51110473e-06  0.00000000e+00  1.79994691e+00 
 1.51224080e-06  0.00000000e+00  1.79995641e+00 
 1.51451293e-06  0.00000000e+00  1.79996261e+00 
 1.51905718e-06  0.00000000e+00  1.79996912e+00 
 1.52624844e-06  0.00000000e+00  1.79997217e+00 
 1.54063096e-06  0.00000000e+00  1.79997979e+00 
 1.56939599e-06  0.00000000e+00  1.79998518e+00 
 1.62678430e-06  0.00000000e+00  1.79999230e+00 
 1.74156092e-06  0.00000000e+00  1.79999491e+00 
 1.75010000e-06  0.00000000e+00  1.79999636e+00 
 1.75011000e-06  1.80000000e-01  1.80055207e+00 
 1.75013000e-06  5.40000000e-01  1.80189875e+00 
 1.75017000e-06  1.26000000e+00  1.80542565e+00 
 1.75020000e-06  1.80000000e+00  1.80790943e+00 
 1.75020799e-06  1.80000000e+00  1.80763233e+00 
 1.75022398e-06  1.80000000e+00  1.80704793e+00 
 1.75025594e-06  1.80000000e+00  1.80611194e+00 
 1.75031988e-06  1.80000000e+00  1.80492080e+00 
 1.75044775e-06  1.80000000e+00  1.80359180e+00 
 1.75070349e-06  1.80000000e+00  1.80218690e+00 
 1.75110070e-06  1.80000000e+00  1.80422171e+00 
 1.75157037e-06  1.80000000e+00  1.80788062e+00 
 1.75203361e-06  1.80000000e+00  1.80533527e+00 
 1.75251867e-06  1.80000000e+00  1.80224890e+00 
 1.75325326e-06  1.80000000e+00  1.79974653e+00 
 1.75377528e-06  1.80000000e+00  1.79962366e+00 
 1.75436152e-06  1.80000000e+00  1.80000595e+00 
 1.75491162e-06  1.80000000e+00  1.80044502e+00 
 1.75549503e-06  1.80000000e+00  1.80118737e+00 
 1.75623956e-06  1.80000000e+00  1.80152685e+00 
 1.75705036e-06  1.80000000e+00  1.80131364e+00 
 1.75787732e-06  1.80000000e+00  1.80097450e+00 
 1.75890890e-06  1.80000000e+00  1.80073344e+00 
 1.76052258e-06  1.80000000e+00  1.80045872e+00 
 1.76213057e-06  1.80000000e+00  1.80028983e+00 
 1.76494443e-06  1.80000000e+00  1.80010752e+00 
 1.76812374e-06  1.80000000e+00  1.80004442e+00 
 1.77448237e-06  1.80000000e+00  1.79999542e+00 
 1.78571888e-06  1.80000000e+00  1.80000478e+00 
 1.80542976e-06  1.80000000e+00  1.79999510e+00 
 1.84485153e-06  1.80000000e+00  1.80000482e+00 
 1.92369507e-06  1.80000000e+00  1.79999513e+00 
 2.00000000e-06  1.80000000e+00  1.80000481e+00 
 2.00001000e-06  1.62000000e+00  1.79878674e+00 
 2.00003000e-06  1.26000000e+00  1.79654419e+00 
 2.00007000e-06  5.40000000e-01  1.79313442e+00 
 2.00010000e-06  3.67639252e-12  1.79152525e+00 
 2.00010800e-06  0.00000000e+00  1.79210673e+00 
 2.00012400e-06  0.00000000e+00  1.79326749e+00 
 2.00015600e-06  0.00000000e+00  1.79508884e+00 
 2.00022000e-06  0.00000000e+00  1.79756166e+00 
 2.00034800e-06  0.00000000e+00  1.80009777e+00 
 2.00053674e-06  0.00000000e+00  1.80173273e+00 
 2.00085672e-06  0.00000000e+00  1.80244271e+00 
 2.00118923e-06  0.00000000e+00  1.80169111e+00 
 2.00162631e-06  0.00000000e+00  1.79956689e+00 
 2.00209300e-06  0.00000000e+00  1.79736771e+00 
 2.00257545e-06  0.00000000e+00  1.79846734e+00 
 2.00307720e-06  0.00000000e+00  1.79724679e+00 
 2.00363570e-06  0.00000000e+00  1.79725255e+00 
 2.00419156e-06  0.00000000e+00  1.79933358e+00 
 2.00470440e-06  0.00000000e+00  1.80021219e+00 
 2.00519290e-06  0.00000000e+00  1.80098753e+00 
 2.00573752e-06  0.00000000e+00  1.80059048e+00 
 2.00639228e-06  0.00000000e+00  1.80046123e+00 
 2.00710180e-06  0.00000000e+00  1.80021664e+00 
 2.00806878e-06  0.00000000e+00  1.80015463e+00 
 2.00920958e-06  0.00000000e+00  1.80005570e+00 
 2.01009664e-06  0.00000000e+00  1.80011450e+00 
 2.01104467e-06  0.00000000e+00  1.80019149e+00 
 2.01197219e-06  0.00000000e+00  1.80053653e+00 
 2.01299222e-06  0.00000000e+00  1.80029784e+00 
 2.01371469e-06  0.00000000e+00  1.79972453e+00 
 2.01440909e-06  0.00000000e+00  1.79926505e+00 
 2.01526856e-06  0.00000000e+00  1.79948749e+00 
 2.01618538e-06  0.00000000e+00  1.79979068e+00 
 2.01709457e-06  0.00000000e+00  1.79810756e+00 
 2.01805951e-06  0.00000000e+00  1.79789833e+00 
 2.01908580e-06  0.00000000e+00  1.79819525e+00 
 2.02097297e-06  0.00000000e+00  1.79950458e+00 
 2.02271574e-06  0.00000000e+00  1.79976245e+00 
 2.02598650e-06  0.00000000e+00  1.80001980e+00 
 2.03252801e-06  0.00000000e+00  1.79993236e+00 
 2.04101377e-06  0.00000000e+00  1.80002336e+00 
 2.05798530e-06  0.00000000e+00  1.79994176e+00 
 2.08460272e-06  0.00000000e+00  1.80003015e+00 
 2.12746999e-06  0.00000000e+00  1.79995008e+00 
 2.18465191e-06  0.00000000e+00  1.80003551e+00 
 2.25010000e-06  0.00000000e+00  1.79995448e+00 
 2.25011000e-06  1.80000000e-01  1.80050702e+00 
 2.25013000e-06  5.40000000e-01  1.80185856e+00 
 2.25017000e-06  1.26000000e+00  1.80539646e+00 
 2.25020000e-06  1.80000000e+00  1.80786962e+00 
 2.25020799e-06  1.80000000e+00  1.80759393e+00 
 2.25022396e-06  1.80000000e+00  1.80701320e+00 
 2.25025591e-06  1.80000000e+00  1.80608713e+00 
 2.25031982e-06  1.80000000e+00  1.80491145e+00 
 2.25044762e-06  1.80000000e+00  1.80359585e+00 
 2.25070323e-06  1.80000000e+00  1.80219020e+00 
 2.25109735e-06  1.80000000e+00  1.80418785e+00 
 2.25156709e-06  1.80000000e+00  1.80787599e+00 
 2.25202916e-06  1.80000000e+00  1.80530807e+00 
 2.25251378e-06  1.80000000e+00  1.80227792e+00 
 2.25324326e-06  1.80000000e+00  1.80024318e+00 
 2.25376370e-06  1.80000000e+00  1.79999216e+00 
 2.25435045e-06  1.80000000e+00  1.79981376e+00 
 2.25500310e-06  1.80000000e+00  1.79968734e+00 
 2.25566397e-06  1.80000000e+00  1.79975938e+00 
 2.25643359e-06  1.80000000e+00  1.79977203e+00 
 2.25797282e-06  1.80000000e+00  1.79987564e+00 
 2.25959926e-06  1.80000000e+00  1.79990640e+00 
 2.26243537e-06  1.80000000e+00  1.79997741e+00 
 2.26570924e-06  1.80000000e+00  1.79997898e+00 
 2.27225698e-06  1.80000000e+00  1.80000958e+00 
 2.28535247e-06  1.80000000e+00  1.79999040e+00 
 2.31154344e-06  1.80000000e+00  1.80000944e+00 
 2.36392539e-06  1.80000000e+00  1.79999051e+00 
 2.45586953e-06  1.80000000e+00  1.80000941e+00 
 2.50000000e-06  1.80000000e+00  1.79999057e+00 
 2.50001000e-06  1.62000000e+00  1.79877752e+00 
 2.50003000e-06  1.26000000e+00  1.79655181e+00 
 2.50007000e-06  5.40000000e-01  1.79314862e+00 
 2.50010000e-06  3.67639252e-12  1.79153620e+00 
 2.50010800e-06  0.00000000e+00  1.79211665e+00 
 2.50012400e-06  0.00000000e+00  1.79327481e+00 
 2.50015600e-06  0.00000000e+00  1.79509371e+00 
 2.50022000e-06  0.00000000e+00  1.79756399e+00 
 2.50034800e-06  0.00000000e+00  1.80009816e+00 
 2.50053707e-06  0.00000000e+00  1.80173644e+00 
 2.50085688e-06  0.00000000e+00  1.80242876e+00 
 2.50118900e-06  0.00000000e+00  1.80167784e+00 
 2.50158820e-06  0.00000000e+00  1.79980697e+00 
 2.50203518e-06  0.00000000e+00  1.79735243e+00 
 2.50251464e-06  0.00000000e+00  1.79693611e+00 
 2.50300326e-06  0.00000000e+00  1.79746546e+00 
 2.50356139e-06  0.00000000e+00  1.79816023e+00 
 2.50410763e-06  0.00000000e+00  1.79873495e+00 
 2.50488266e-06  0.00000000e+00  1.79919821e+00 
 2.50561030e-06  0.00000000e+00  1.79947643e+00 
 2.50624638e-06  0.00000000e+00  1.79965093e+00 
 2.50694412e-06  0.00000000e+00  1.79976081e+00 
 2.50794413e-06  0.00000000e+00  1.79985756e+00 
 2.50885630e-06  0.00000000e+00  1.79990124e+00 
 2.50985263e-06  0.00000000e+00  1.79993077e+00 
 2.51110401e-06  0.00000000e+00  1.79994695e+00 
 2.51224036e-06  0.00000000e+00  1.79995646e+00 
 2.51451304e-06  0.00000000e+00  1.79996264e+00 
 2.51905841e-06  0.00000000e+00  1.79996916e+00 
 2.52622384e-06  0.00000000e+00  1.79997217e+00 
 2.54055471e-06  0.00000000e+00  1.79997978e+00 
 2.56921644e-06  0.00000000e+00  1.79998515e+00 
 2.62653990e-06  0.00000000e+00  1.79999230e+00 
 2.74118683e-06  0.00000000e+00  1.79999490e+00 
 2.75010000e-06  0.00000000e+00  1.79999637e+00 
 2.75011000e-06  1.80000000e-01  1.80055203e+00 
 2.75013000e-06  5.40000000e-01  1.80189821e+00 
 2.75017000e-06  1.26000000e+00  1.80540853e+00 
 2.75020000e-06  1.80000000e+00  1.80786150e+00 
 2.75020799e-06  1.80000000e+00  1.80758754e+00 
 2.75022398e-06  1.80000000e+00  1.80701007e+00 
 2.75025594e-06  1.80000000e+00  1.80608509e+00 
 2.75031988e-06  1.80000000e+00  1.80490746e+00 
 2.75044775e-06  1.80000000e+00  1.80358954e+00 
 2.75070349e-06  1.80000000e+00  1.80218891e+00 
 2.75109655e-06  1.80000000e+00  1.80419198e+00 
 2.75156758e-06  1.80000000e+00  1.80789383e+00 
 2.75203037e-06  1.80000000e+00  1.80535911e+00 
 2.75251522e-06  1.80000000e+00  1.80227165e+00 
 2.75324728e-06  1.80000000e+00  1.79975846e+00 
 2.75377097e-06  1.80000000e+00  1.79962323e+00 
 2.75435884e-06  1.80000000e+00  1.80000516e+00 
 2.75490605e-06  1.80000000e+00  1.80044093e+00 
 2.75548892e-06  1.80000000e+00  1.80118024e+00 
 2.75623340e-06  1.80000000e+00  1.80152789e+00 
 2.75704525e-06  1.80000000e+00  1.80131683e+00 
 2.75786636e-06  1.80000000e+00  1.80097934e+00 
 2.75889938e-06  1.80000000e+00  1.80073552e+00 
 2.76046759e-06  1.80000000e+00  1.80046710e+00 
 2.76209419e-06  1.80000000e+00  1.80029299e+00 
 2.76485348e-06  1.80000000e+00  1.80011168e+00 
 2.76802618e-06  1.80000000e+00  1.80004544e+00 
 2.77437157e-06  1.80000000e+00  1.79999588e+00 
 2.78514072e-06  1.80000000e+00  1.80000438e+00 
 2.80371761e-06  1.80000000e+00  1.79999550e+00 
 2.84087139e-06  1.80000000e+00  1.80000442e+00 
 2.91517895e-06  1.80000000e+00  1.79999553e+00 
 3.00000000e-06  1.80000000e+00  1.80000441e+00 
 3.00001000e-06  1.62000000e+00  1.79879246e+00 
 3.00003000e-06  1.26000000e+00  1.79656671e+00 
 3.00007000e-06  5.40000000e-01  1.79315731e+00 
 3.00010000e-06  3.67639252e-12  1.79154148e+00 
 3.00010800e-06  0.00000000e+00  1.79212181e+00 
 3.00012400e-06  0.00000000e+00  1.79328033e+00 
 3.00015600e-06  0.00000000e+00  1.79509846e+00 
 3.00022000e-06  0.00000000e+00  1.79756712e+00 
 3.00034800e-06  0.00000000e+00  1.80009956e+00 
 3.00053674e-06  0.00000000e+00  1.80173312e+00 
 3.00085672e-06  0.00000000e+00  1.80244008e+00 
 3.00118923e-06  0.00000000e+00  1.80168737e+00 
 3.00162650e-06  0.00000000e+00  1.79955996e+00 
 3.00209313e-06  0.00000000e+00  1.79736588e+00 
 3.00257565e-06  0.00000000e+00  1.79846961e+00 
 3.00307753e-06  0.00000000e+00  1.79724784e+00 
 3.00363614e-06  0.00000000e+00  1.79725442e+00 
 3.00419212e-06  0.00000000e+00  1.79933615e+00 
 3.00470502e-06  0.00000000e+00  1.80021349e+00 
 3.00519385e-06  0.00000000e+00  1.80098815e+00 
 3.00573867e-06  0.00000000e+00  1.80058945e+00 
 3.00639429e-06  0.00000000e+00  1.80046097e+00 
 3.00710377e-06  0.00000000e+00  1.80021613e+00 
 3.00807032e-06  0.00000000e+00  1.80015509e+00 
 3.00921049e-06  0.00000000e+00  1.80005574e+00 
 3.01009836e-06  0.00000000e+00  1.80011485e+00 
 3.01104646e-06  0.00000000e+00  1.80019197e+00 
 3.01197130e-06  0.00000000e+00  1.80053638e+00 
 3.01298883e-06  0.00000000e+00  1.80029986e+00 
 3.01370894e-06  0.00000000e+00  1.79972836e+00 
 3.01440186e-06  0.00000000e+00  1.79926908e+00 
 3.01525936e-06  0.00000000e+00  1.79945957e+00 
 3.01617388e-06  0.00000000e+00  1.79983044e+00 
 3.01707964e-06  0.00000000e+00  1.79812016e+00 
 3.01803979e-06  0.00000000e+00  1.79789978e+00 
 3.01905918e-06  0.00000000e+00  1.79817526e+00 
 3.02089633e-06  0.00000000e+00  1.79946828e+00 
 3.02264475e-06  0.00000000e+00  1.79975596e+00 
 3.02581049e-06  0.00000000e+00  1.80001374e+00 
 3.03214196e-06  0.00000000e+00  1.79993624e+00 
 3.04042254e-06  0.00000000e+00  1.80001960e+00 
 3.05698369e-06  0.00000000e+00  1.79994496e+00 
 3.08020989e-06  0.00000000e+00  1.80002614e+00 
 3.10779870e-06  0.00000000e+00  1.79995237e+00 
 3.13467846e-06  0.00000000e+00  1.80002955e+00 
 3.16477766e-06  0.00000000e+00  1.79995639e+00 
 3.19629173e-06  0.00000000e+00  1.80003097e+00 
 3.22995629e-06  0.00000000e+00  1.79995909e+00 
 3.25010000e-06  0.00000000e+00  1.80003098e+00 
 3.25011000e-06  1.80000000e-01  1.80060637e+00 
 3.25013000e-06  5.40000000e-01  1.80196813e+00 
 3.25017000e-06  1.26000000e+00  1.80544669e+00 
 3.25020000e-06  1.80000000e+00  1.80786621e+00 
 3.25020799e-06  1.80000000e+00  1.80758799e+00 
 3.25022398e-06  1.80000000e+00  1.80700393e+00 
 3.25025594e-06  1.80000000e+00  1.80607539e+00 
 3.25031988e-06  1.80000000e+00  1.80490224e+00 
 3.25044775e-06  1.80000000e+00  1.80359276e+00 
 3.25070349e-06  1.80000000e+00  1.80219100e+00 
 3.25109445e-06  1.80000000e+00  1.80416713e+00 
 3.25156543e-06  1.80000000e+00  1.80788312e+00 
 3.25202731e-06  1.80000000e+00  1.80532137e+00 
 3.25251188e-06  1.80000000e+00  1.80228865e+00 
 3.25324003e-06  1.80000000e+00  1.80024721e+00 
 3.25376170e-06  1.80000000e+00  1.79999311e+00 
 3.25434962e-06  1.80000000e+00  1.79981499e+00 
 3.25499793e-06  1.80000000e+00  1.79968775e+00 
 3.25565573e-06  1.80000000e+00  1.79975902e+00 
 3.25642657e-06  1.80000000e+00  1.79977197e+00 
 3.25796824e-06  1.80000000e+00  1.79987537e+00 
 3.25958307e-06  1.80000000e+00  1.79990623e+00 
 3.26242167e-06  1.80000000e+00  1.79997711e+00 
 3.26567667e-06  1.80000000e+00  1.79997903e+00 
 3.27218668e-06  1.80000000e+00  1.80000937e+00 
 3.28520669e-06  1.80000000e+00  1.79999059e+00 
 3.31124671e-06  1.80000000e+00  1.80000926e+00 
 3.36332674e-06  1.80000000e+00  1.79999070e+00 
 3.46748682e-06  1.80000000e+00  1.80000923e+00 
 3.50000000e-06  1.80000000e+00  1.79999077e+00 
 3.50001000e-06  1.62000000e+00  1.79878258e+00 
 3.50003000e-06  1.26000000e+00  1.79656903e+00 
 3.50007000e-06  5.40000000e-01  1.79316476e+00 
 3.50010000e-06  3.67639252e-12  1.79154756e+00 
 3.50010800e-06  0.00000000e+00  1.79212718e+00 
 3.50012400e-06  0.00000000e+00  1.79328372e+00 
 3.50015600e-06  0.00000000e+00  1.79510042e+00 
 3.50022000e-06  0.00000000e+00  1.79756775e+00 
 3.50034800e-06  0.00000000e+00  1.80009936e+00 
 3.50053707e-06  0.00000000e+00  1.80173670e+00 
 3.50085688e-06  0.00000000e+00  1.80242690e+00 
 3.50118899e-06  0.00000000e+00  1.80167496e+00 
 3.50158826e-06  0.00000000e+00  1.79980237e+00 
 3.50203515e-06  0.00000000e+00  1.79735067e+00 
 3.50251468e-06  0.00000000e+00  1.79693664e+00 
 3.50300335e-06  0.00000000e+00  1.79746633e+00 
 3.50356148e-06  0.00000000e+00  1.79816089e+00 
 3.50410777e-06  0.00000000e+00  1.79873538e+00 
 3.50488259e-06  0.00000000e+00  1.79919838e+00 
 3.50561034e-06  0.00000000e+00  1.79947658e+00 
 3.50624680e-06  0.00000000e+00  1.79965113e+00 
 3.50694438e-06  0.00000000e+00  1.79976091e+00 
 3.50794488e-06  0.00000000e+00  1.79985767e+00 
 3.50885700e-06  0.00000000e+00  1.79990129e+00 
 3.50985434e-06  0.00000000e+00  1.79993084e+00 
 3.51110124e-06  0.00000000e+00  1.79994693e+00 
 3.51223891e-06  0.00000000e+00  1.79995647e+00 
 3.51451423e-06  0.00000000e+00  1.79996264e+00 
 3.51906488e-06  0.00000000e+00  1.79996918e+00 
 3.52622137e-06  0.00000000e+00  1.79997216e+00 
 3.54053435e-06  0.00000000e+00  1.79997978e+00 
 3.56916032e-06  0.00000000e+00  1.79998513e+00 
 3.62641227e-06  0.00000000e+00  1.79999230e+00 
 3.74091615e-06  0.00000000e+00  1.79999488e+00 
 3.75010000e-06  0.00000000e+00  1.79999638e+00 
 3.75011000e-06  1.80000000e-01  1.80055202e+00 
 3.75013000e-06  5.40000000e-01  1.80189801e+00 
 3.75017000e-06  1.26000000e+00  1.80540306e+00 
 3.75020000e-06  1.80000000e+00  1.80783900e+00 
 3.75020799e-06  1.80000000e+00  1.80756647e+00 
 3.75022398e-06  1.80000000e+00  1.80699236e+00 
 3.75025594e-06  1.80000000e+00  1.80607276e+00 
 3.75031988e-06  1.80000000e+00  1.80490179e+00 
 3.75044775e-06  1.80000000e+00  1.80358894e+00 
 3.75070349e-06  1.80000000e+00  1.80218969e+00 
 3.75109401e-06  1.80000000e+00  1.80417315e+00 
 3.75156589e-06  1.80000000e+00  1.80790139e+00 
 3.75202841e-06  1.80000000e+00  1.80537319e+00 
 3.75251314e-06  1.80000000e+00  1.80228507e+00 
 3.75324369e-06  1.80000000e+00  1.79976544e+00 
 3.75376843e-06  1.80000000e+00  1.79962277e+00 
 3.75435730e-06  1.80000000e+00  1.80000443e+00 
 3.75490289e-06  1.80000000e+00  1.80043851e+00 
 3.75548554e-06  1.80000000e+00  1.80117612e+00 
 3.75623007e-06  1.80000000e+00  1.80152844e+00 
 3.75704263e-06  1.80000000e+00  1.80131852e+00 
 3.75786077e-06  1.80000000e+00  1.80098191e+00 
 3.75889456e-06  1.80000000e+00  1.80073659e+00 
 3.76043952e-06  1.80000000e+00  1.80047146e+00 
 3.76207639e-06  1.80000000e+00  1.80029454e+00 
 3.76480745e-06  1.80000000e+00  1.80011385e+00 
 3.76797761e-06  1.80000000e+00  1.80004594e+00 
 3.77431793e-06  1.80000000e+00  1.79999613e+00 
 3.78485430e-06  1.80000000e+00  1.80000415e+00 
 3.80285462e-06  1.80000000e+00  1.79999572e+00 
 3.83885525e-06  1.80000000e+00  1.80000420e+00 
 3.91085651e-06  1.80000000e+00  1.79999575e+00 
 4.00000000e-06  1.80000000e+00  1.80000419e+00 
 4.00001000e-06  1.62000000e+00  1.79879646e+00 
 4.00003000e-06  1.26000000e+00  1.79658052e+00 
 4.00007000e-06  5.40000000e-01  1.79316971e+00 
 4.00010000e-06  0.00000000e+00  1.79155014e+00 
 4.00010800e-06  0.00000000e+00  1.79212981e+00 
 4.00012400e-06  0.00000000e+00  1.79328706e+00 
 4.00015600e-06  0.00000000e+00  1.79510358e+00 
 4.00022000e-06  0.00000000e+00  1.79756997e+00 
 4.00034800e-06  0.00000000e+00  1.80010041e+00 
 4.00053674e-06  0.00000000e+00  1.80173330e+00 
 4.00085672e-06  0.00000000e+00  1.80243869e+00 
 4.00118923e-06  0.00000000e+00  1.80168503e+00 
 4.00162658e-06  0.00000000e+00  1.79955623e+00 
 4.00209316e-06  0.00000000e+00  1.79736493e+00 
 4.00257572e-06  0.00000000e+00  1.79847088e+00 
 4.00307766e-06  0.00000000e+00  1.79724859e+00 
 4.00363634e-06  0.00000000e+00  1.79725537e+00 
 4.00419237e-06  0.00000000e+00  1.79933740e+00 
 4.00470530e-06  0.00000000e+00  1.80021413e+00 
 4.00519428e-06  0.00000000e+00  1.80098844e+00 
 4.00573920e-06  0.00000000e+00  1.80058898e+00 
 4.00639520e-06  0.00000000e+00  1.80046086e+00 
 4.00710466e-06  0.00000000e+00  1.80021581e+00 
 4.00807078e-06  0.00000000e+00  1.80015513e+00 
 4.00921064e-06  0.00000000e+00  1.80005564e+00 
 4.01009879e-06  0.00000000e+00  1.80011507e+00 
 4.01104676e-06  0.00000000e+00  1.80019229e+00 
 4.01196909e-06  0.00000000e+00  1.80053583e+00 
 4.01298460e-06  0.00000000e+00  1.80030247e+00 
 4.01370287e-06  0.00000000e+00  1.79973241e+00 
 4.01439611e-06  0.00000000e+00  1.79927188e+00 
 4.01525319e-06  0.00000000e+00  1.79944005e+00 
 4.01616750e-06  0.00000000e+00  1.79985636e+00 
 4.01707128e-06  0.00000000e+00  1.79812832e+00 
 4.01802924e-06  0.00000000e+00  1.79790066e+00 
 4.01904499e-06  0.00000000e+00  1.79816436e+00 
 4.02085515e-06  0.00000000e+00  1.79944762e+00 
 4.02260702e-06  0.00000000e+00  1.79975249e+00 
 4.02571452e-06  0.00000000e+00  1.80001014e+00 
 4.03192952e-06  0.00000000e+00  1.79993844e+00 
 4.04008780e-06  0.00000000e+00  1.80001725e+00 
 4.05238349e-06  0.00000000e+00  1.79994638e+00 
 4.06522081e-06  0.00000000e+00  1.80002115e+00 
 4.08080421e-06  0.00000000e+00  1.79995296e+00 
 4.10184493e-06  0.00000000e+00  1.80002387e+00 
 4.11782393e-06  0.00000000e+00  1.79995790e+00 
 4.13631344e-06  0.00000000e+00  1.80002443e+00 
 4.15655226e-06  0.00000000e+00  1.79996149e+00 
 4.19175527e-06  0.00000000e+00  1.80002541e+00 
 4.23694527e-06  0.00000000e+00  1.79996455e+00 
 4.25010000e-06  6.67038446e-12  1.80002523e+00 
 4.25011000e-06  1.80000000e-01  1.80060196e+00 
 4.25013000e-06  5.40000000e-01  1.80196567e+00 
 4.25017000e-06  1.26000000e+00  1.80544262e+00 
 4.25020000e-06  1.80000000e+00  1.80784896e+00 
 4.25020799e-06  1.80000000e+00  1.80757189e+00 
 4.25022398e-06  1.80000000e+00  1.80699054e+00 
 4.25025594e-06  1.80000000e+00  1.80606633e+00 
 4.25031988e-06  1.80000000e+00  1.80489855e+00 
 4.25044775e-06  1.80000000e+00  1.80359299e+00 
 4.25070349e-06  1.80000000e+00  1.80219210e+00 
 4.25109246e-06  1.80000000e+00  1.80415296e+00 
 4.25156411e-06  1.80000000e+00  1.80788915e+00 
 4.25202570e-06  1.80000000e+00  1.80533330e+00 
 4.25251015e-06  1.80000000e+00  1.80229862e+00 
 4.25323707e-06  1.80000000e+00  1.80025158e+00 
 4.25375960e-06  1.80000000e+00  1.79999460e+00 
 4.25434838e-06  1.80000000e+00  1.79981643e+00 
 4.25499318e-06  1.80000000e+00  1.79968841e+00 
 4.25564855e-06  1.80000000e+00  1.79975895e+00 
 4.25642040e-06  1.80000000e+00  1.79977211e+00 
 4.25796412e-06  1.80000000e+00  1.79987524e+00 
 4.25956905e-06  1.80000000e+00  1.79990614e+00 
 4.26240958e-06  1.80000000e+00  1.79997689e+00 
 4.26564830e-06  1.80000000e+00  1.79997909e+00 
 4.27212574e-06  1.80000000e+00  1.80000919e+00 
 4.28508061e-06  1.80000000e+00  1.79999075e+00 
 4.31099035e-06  1.80000000e+00  1.80000910e+00 
 4.36280983e-06  1.80000000e+00  1.79999086e+00 
 4.46644880e-06  1.80000000e+00  1.80000907e+00 
 4.50000000e-06  1.80000000e+00  1.79999092e+00 
 4.50001000e-06  1.62000000e+00  1.79878631e+00 
 4.50003000e-06  1.26000000e+00  1.79658046e+00 
 4.50007000e-06  5.40000000e-01  1.79317464e+00 
 4.50010000e-06  0.00000000e+00  1.79155448e+00 
 4.50010800e-06  0.00000000e+00  1.79213355e+00 
 4.50012400e-06  0.00000000e+00  1.79328907e+00 
 4.50015600e-06  0.00000000e+00  1.79510455e+00 
 4.50022000e-06  0.00000000e+00  1.79757004e+00 
 4.50034800e-06  0.00000000e+00  1.80009999e+00 
 4.50053707e-06  0.00000000e+00  1.80173681e+00 
 4.50085688e-06  0.00000000e+00  1.80242582e+00 
 4.50118899e-06  0.00000000e+00  1.80167301e+00 
 4.50158833e-06  0.00000000e+00  1.79979934e+00 
 4.50203518e-06  0.00000000e+00  1.79734942e+00 
 4.50251474e-06  0.00000000e+00  1.79693700e+00 
 4.50300342e-06  0.00000000e+00  1.79746688e+00 
 4.50356155e-06  0.00000000e+00  1.79816131e+00 
 4.50410785e-06  0.00000000e+00  1.79873563e+00 
 4.50488246e-06  0.00000000e+00  1.79919845e+00 
 4.50561031e-06  0.00000000e+00  1.79947666e+00 
 4.50624708e-06  0.00000000e+00  1.79965128e+00 
 4.50694451e-06  0.00000000e+00  1.79976097e+00 
 4.50794537e-06  0.00000000e+00  1.79985774e+00 
 4.50885742e-06  0.00000000e+00  1.79990132e+00 
 4.50985556e-06  0.00000000e+00  1.79993089e+00 
 4.51109901e-06  0.00000000e+00  1.79994691e+00 
 4.51223775e-06  0.00000000e+00  1.79995648e+00 
 4.51451521e-06  0.00000000e+00  1.79996264e+00 
 4.51907013e-06  0.00000000e+00  1.79996920e+00 
 4.52622037e-06  0.00000000e+00  1.79997216e+00 
 4.54052084e-06  0.00000000e+00  1.79997979e+00 
 4.56912180e-06  0.00000000e+00  1.79998512e+00 
 4.62632371e-06  0.00000000e+00  1.79999230e+00 
 4.74072753e-06  0.00000000e+00  1.79999487e+00 
 4.75010000e-06  6.67038446e-12  1.79999639e+00 
 4.75011000e-06  1.80000000e-01  1.80055202e+00 
 4.75013000e-06  5.40000000e-01  1.80189791e+00 
 4.75017000e-06  1.26000000e+00  1.80540029e+00 
 4.75020000e-06  1.80000000e+00  1.80782481e+00 
 4.75020799e-06  1.80000000e+00  1.80755316e+00 
 4.75022398e-06  1.80000000e+00  1.80698114e+00 
 4.75025594e-06  1.80000000e+00  1.80606497e+00 
 4.75031988e-06  1.80000000e+00  1.80489836e+00 
 4.75044775e-06  1.80000000e+00  1.80358868e+00 
 4.75070349e-06  1.80000000e+00  1.80219012e+00 
 4.75109230e-06  1.80000000e+00  1.80416066e+00 
 4.75156476e-06  1.80000000e+00  1.80790634e+00 
 4.75202705e-06  1.80000000e+00  1.80538282e+00 
 4.75251173e-06  1.80000000e+00  1.80229414e+00 
 4.75324124e-06  1.80000000e+00  1.79977021e+00 
 4.75376669e-06  1.80000000e+00  1.79962242e+00 
 4.75435626e-06  1.80000000e+00  1.80000391e+00 
 4.75490079e-06  1.80000000e+00  1.80043689e+00 
 4.75548334e-06  1.80000000e+00  1.80117337e+00 
 4.75622796e-06  1.80000000e+00  1.80152880e+00 
 4.75704101e-06  1.80000000e+00  1.80131957e+00 
 4.75785726e-06  1.80000000e+00  1.80098355e+00 
 4.75889159e-06  1.80000000e+00  1.80073724e+00 
 4.76042182e-06  1.80000000e+00  1.80047425e+00 
 4.76206549e-06  1.80000000e+00  1.80029549e+00 
 4.76477857e-06  1.80000000e+00  1.80011524e+00 
 4.76794747e-06  1.80000000e+00  1.80004624e+00 
 4.77428529e-06  1.80000000e+00  1.79999629e+00 
 4.78467619e-06  1.80000000e+00  1.80000400e+00 
 4.80231565e-06  1.80000000e+00  1.79999587e+00 
 4.83759457e-06  1.80000000e+00  1.80000404e+00 
 4.90815240e-06  1.80000000e+00  1.79999590e+00 
 5.00000000e-06  1.80000000e+00  1.80000404e+00 
 5.00001000e-06  1.62000000e+00  1.79879954e+00 
 5.00003000e-06  1.26000000e+00  1.79659020e+00 
 5.00007000e-06  5.40000000e-01  1.79317790e+00 
 5.00010000e-06  0.00000000e+00  1.79155584e+00 
 5.00010800e-06  0.00000000e+00  1.79213504e+00 
 5.00012400e-06  0.00000000e+00  1.79329142e+00 
 5.00015600e-06  0.00000000e+00  1.79510699e+00 
 5.00022000e-06  0.00000000e+00  1.79757185e+00 
 5.00034800e-06  0.00000000e+00  1.80010090e+00 
 5.00053674e-06  0.00000000e+00  1.80173340e+00 
 5.00085672e-06  0.00000000e+00  1.80243781e+00 
 5.00118923e-06  0.00000000e+00  1.80168336e+00 
 5.00162662e-06  0.00000000e+00  1.79955375e+00 
 5.00209318e-06  0.00000000e+00  1.79736429e+00 
 5.00257577e-06  0.00000000e+00  1.79847175e+00 
 5.00307775e-06  0.00000000e+00  1.79724912e+00 
 5.00363646e-06  0.00000000e+00  1.79725599e+00 
 5.00419253e-06  0.00000000e+00  1.79933820e+00 
 5.00470548e-06  0.00000000e+00  1.80021455e+00 
 5.00519456e-06  0.00000000e+00  1.80098863e+00 
 5.00573954e-06  0.00000000e+00  1.80058869e+00 
 5.00639579e-06  0.00000000e+00  1.80046079e+00 
 5.00710525e-06  0.00000000e+00  1.80021561e+00 
 5.00807076e-06  0.00000000e+00  1.80015519e+00 
 5.00921046e-06  0.00000000e+00  1.80005564e+00 
 5.01009950e-06  0.00000000e+00  1.80011543e+00 
 5.01104692e-06  0.00000000e+00  1.80019275e+00 
 5.01196730e-06  0.00000000e+00  1.80053519e+00 
 5.01298136e-06  0.00000000e+00  1.80030446e+00 
 5.01369779e-06  0.00000000e+00  1.79973554e+00 
 5.01439227e-06  0.00000000e+00  1.79927338e+00 
 5.01524898e-06  0.00000000e+00  1.79942642e+00 
 5.01616367e-06  0.00000000e+00  1.79987398e+00 
 5.01706620e-06  0.00000000e+00  1.79813382e+00 
 5.01802306e-06  0.00000000e+00  1.79790116e+00 
 5.01903673e-06  0.00000000e+00  1.79815804e+00 
 5.02083170e-06  0.00000000e+00  1.79943531e+00 
 5.02258547e-06  0.00000000e+00  1.79975029e+00 
 5.02565764e-06  0.00000000e+00  1.80000748e+00 
 5.03180200e-06  0.00000000e+00  1.79994018e+00 
 5.03987720e-06  0.00000000e+00  1.80001580e+00 
 5.04904905e-06  0.00000000e+00  1.79994732e+00 
 5.05891700e-06  0.00000000e+00  1.80001786e+00 
 5.06728511e-06  0.00000000e+00  1.79995390e+00 
 5.07649166e-06  0.00000000e+00  1.80001735e+00 
 5.08848780e-06  0.00000000e+00  1.79995954e+00 
 5.10735138e-06  0.00000000e+00  1.80001847e+00 
 5.12924116e-06  0.00000000e+00  1.79996420e+00 
 5.15835491e-06  0.00000000e+00  1.80002016e+00 
 5.19249301e-06  0.00000000e+00  1.79996771e+00 
 5.24283592e-06  0.00000000e+00  1.80002175e+00 
 5.25010000e-06  6.67038446e-12  1.79997125e+00 
 5.25011000e-06  1.80000000e-01  1.80052013e+00 
 5.25013000e-06  5.40000000e-01  1.80186563e+00 
 5.25017000e-06  1.26000000e+00  1.80538448e+00 
 5.25020000e-06  1.80000000e+00  1.80781108e+00 
 5.25020799e-06  1.80000000e+00  1.80753896e+00 
 5.25022396e-06  1.80000000e+00  1.80696675e+00 
 5.25025591e-06  1.80000000e+00  1.80605459e+00 
 5.25031982e-06  1.80000000e+00  1.80489672e+00 
 5.25044762e-06  1.80000000e+00  1.80359501e+00 
 5.25070323e-06  1.80000000e+00  1.80219336e+00 
 5.25109087e-06  1.80000000e+00  1.80414100e+00 
 5.25156278e-06  1.80000000e+00  1.80789475e+00 
 5.25202394e-06  1.80000000e+00  1.80534588e+00 
 5.25250824e-06  1.80000000e+00  1.80230909e+00 
 5.25323367e-06  1.80000000e+00  1.80025653e+00 
 5.25375693e-06  1.80000000e+00  1.79999629e+00 
 5.25434648e-06  1.80000000e+00  1.79981786e+00 
 5.25498769e-06  1.80000000e+00  1.79968902e+00 
 5.25564060e-06  1.80000000e+00  1.79975873e+00 
 5.25641357e-06  1.80000000e+00  1.79977216e+00 
 5.25795951e-06  1.80000000e+00  1.79987506e+00 
 5.25955390e-06  1.80000000e+00  1.79990602e+00 
 5.26239626e-06  1.80000000e+00  1.79997663e+00 
 5.26561737e-06  1.80000000e+00  1.79997914e+00 
 5.27205957e-06  1.80000000e+00  1.80000900e+00 
 5.28494398e-06  1.80000000e+00  1.79999093e+00 
 5.31071280e-06  1.80000000e+00  1.80000894e+00 
 5.36225044e-06  1.80000000e+00  1.79999102e+00 
 5.46532572e-06  1.80000000e+00  1.80000891e+00 
 5.50000000e-06  1.80000000e+00  1.79999108e+00 
 5.50001000e-06  1.62000000e+00  1.79878928e+00 
 5.50003000e-06  1.26000000e+00  1.79658883e+00 
 5.50007000e-06  5.40000000e-01  1.79318156e+00 
 5.50010000e-06  0.00000000e+00  1.79155933e+00 
 5.50010800e-06  0.00000000e+00  1.79213798e+00 
 5.50012400e-06  0.00000000e+00  1.79329275e+00 
 5.50015600e-06  0.00000000e+00  1.79510747e+00 
 5.50022000e-06  0.00000000e+00  1.79757165e+00 
 5.50034800e-06  0.00000000e+00  1.80010038e+00 
 5.50053707e-06  0.00000000e+00  1.80173688e+00 
 5.50085688e-06  0.00000000e+00  1.80242508e+00 
 5.50118899e-06  0.00000000e+00  1.80167156e+00 
 5.50158836e-06  0.00000000e+00  1.79979725e+00 
 5.50203520e-06  0.00000000e+00  1.79734855e+00 
 5.50251477e-06  0.00000000e+00  1.79693727e+00 
 5.50300346e-06  0.00000000e+00  1.79746725e+00 
 5.50356158e-06  0.00000000e+00  1.79816161e+00 
 5.50410790e-06  0.00000000e+00  1.79873579e+00 
 5.50488236e-06  0.00000000e+00  1.79919850e+00 
 5.50561027e-06  0.00000000e+00  1.79947670e+00 
 5.50624724e-06  0.00000000e+00  1.79965137e+00 
 5.50694457e-06  0.00000000e+00  1.79976101e+00 
 5.50794565e-06  0.00000000e+00  1.79985779e+00 
 5.50885766e-06  0.00000000e+00  1.79990134e+00 
 5.50985644e-06  0.00000000e+00  1.79993092e+00 
 5.51109710e-06  0.00000000e+00  1.79994689e+00 
 5.51223677e-06  0.00000000e+00  1.79995649e+00 
 5.51451611e-06  0.00000000e+00  1.79996265e+00 
 5.51907479e-06  0.00000000e+00  1.79996921e+00 
 5.52622096e-06  0.00000000e+00  1.79997215e+00 
 5.54051331e-06  0.00000000e+00  1.79997979e+00 
 5.56909800e-06  0.00000000e+00  1.79998511e+00 
 5.62626739e-06  0.00000000e+00  1.79999231e+00 
 5.74060616e-06  0.00000000e+00  1.79999487e+00 
 5.75010000e-06  6.67038446e-12  1.79999639e+00 
 5.75011000e-06  1.80000000e-01  1.80055203e+00 
 5.75013000e-06  5.40000000e-01  1.80189786e+00 
 5.75017000e-06  1.26000000e+00  1.80539863e+00 
 5.75020000e-06  1.80000000e+00  1.80781477e+00 
 5.75020799e-06  1.80000000e+00  1.80754369e+00 
 5.75022398e-06  1.80000000e+00  1.80697311e+00 
 5.75025594e-06  1.80000000e+00  1.80605935e+00 
 5.75031988e-06  1.80000000e+00  1.80489597e+00 
 5.75044775e-06  1.80000000e+00  1.80358853e+00 
 5.75070348e-06  1.80000000e+00  1.80219040e+00 
 5.75109110e-06  1.80000000e+00  1.80415205e+00 
 5.75156398e-06  1.80000000e+00  1.80790980e+00 
 5.75202609e-06  1.80000000e+00  1.80538963e+00 
 5.75251072e-06  1.80000000e+00  1.80230061e+00 
 5.75323948e-06  1.80000000e+00  1.79977361e+00 
 5.75376545e-06  1.80000000e+00  1.79962214e+00 
 5.75435552e-06  1.80000000e+00  1.80000351e+00 
 5.75489932e-06  1.80000000e+00  1.80043575e+00 
 5.75548183e-06  1.80000000e+00  1.80117145e+00 
 5.75622653e-06  1.80000000e+00  1.80152904e+00 
 5.75703996e-06  1.80000000e+00  1.80132028e+00 
 5.75785494e-06  1.80000000e+00  1.80098466e+00 
 5.75888962e-06  1.80000000e+00  1.80073768e+00 
 5.76040996e-06  1.80000000e+00  1.80047613e+00 
 5.76205835e-06  1.80000000e+00  1.80029610e+00 
 5.76475928e-06  1.80000000e+00  1.80011619e+00 
 5.76792752e-06  1.80000000e+00  1.80004644e+00 
 5.77426400e-06  1.80000000e+00  1.79999641e+00 
 5.78455791e-06  1.80000000e+00  1.80000389e+00 
 5.80195588e-06  1.80000000e+00  1.79999597e+00 
 5.83675183e-06  1.80000000e+00  1.80000393e+00 
 5.90634372e-06  1.80000000e+00  1.79999601e+00 
 6.00000000e-06  1.80000000e+00  1.80000393e+00 
 6.00001000e-06  1.62000000e+00  1.79880204e+00 
 6.00003000e-06  1.26000000e+00  1.79659751e+00 
 6.00007000e-06  5.40000000e-01  1.79318387e+00 
 6.00010000e-06  0.00000000e+00  1.79156000e+00 
 6.00010800e-06  0.00000000e+00  1.79213883e+00 
 6.00012400e-06  0.00000000e+00  1.79329454e+00 
 6.00015600e-06  0.00000000e+00  1.79510950e+00 
 6.00022000e-06  0.00000000e+00  1.79757322e+00 
 6.00034800e-06  0.00000000e+00  1.80010122e+00 
 6.00053674e-06  0.00000000e+00  1.80173345e+00 
 6.00085672e-06  0.00000000e+00  1.80243719e+00 
 6.00118923e-06  0.00000000e+00  1.80168208e+00 
 6.00162665e-06  0.00000000e+00  1.79955195e+00 
 6.00209320e-06  0.00000000e+00  1.79736383e+00 
 6.00257579e-06  0.00000000e+00  1.79847236e+00 
 6.00307780e-06  0.00000000e+00  1.79724954e+00 
 6.00363655e-06  0.00000000e+00  1.79725643e+00 
 6.00419263e-06  0.00000000e+00  1.79933872e+00 
 6.00470560e-06  0.00000000e+00  1.80021484e+00 
 6.00519474e-06  0.00000000e+00  1.80098876e+00 
 6.00573976e-06  0.00000000e+00  1.80058851e+00 
 6.00639618e-06  0.00000000e+00  1.80046075e+00 
 6.00710563e-06  0.00000000e+00  1.80021548e+00 
 6.00807010e-06  0.00000000e+00  1.80015530e+00 
 6.00920982e-06  0.00000000e+00  1.80005572e+00 
 6.01010039e-06  0.00000000e+00  1.80011593e+00 
 6.01104679e-06  0.00000000e+00  1.80019322e+00 
 6.01196535e-06  0.00000000e+00  1.80053443e+00 
 6.01297833e-06  0.00000000e+00  1.80030617e+00 
 6.01368924e-06  0.00000000e+00  1.79974066e+00 
 6.01438892e-06  0.00000000e+00  1.79927448e+00 
 6.01524784e-06  0.00000000e+00  1.79942007e+00 
 6.01616528e-06  0.00000000e+00  1.79987993e+00 
 6.01706857e-06  0.00000000e+00  1.79813401e+00 
 6.01802640e-06  0.00000000e+00  1.79789893e+00 
 6.01904085e-06  0.00000000e+00  1.79815880e+00 
 6.02084006e-06  0.00000000e+00  1.79943926e+00 
 6.02258994e-06  0.00000000e+00  1.79975092e+00 
 6.02566549e-06  0.00000000e+00  1.80000798e+00 
 6.03181660e-06  0.00000000e+00  1.79994000e+00 
 6.03531053e-06  0.00000000e+00  1.80001249e+00 
 6.03931529e-06  0.00000000e+00  1.79994847e+00 
 6.04382118e-06  0.00000000e+00  1.80000811e+00 
 6.05186470e-06  0.00000000e+00  1.79995733e+00 
 6.06162370e-06  0.00000000e+00  1.80000883e+00 
 6.07930454e-06  0.00000000e+00  1.79996432e+00 
 6.10725546e-06  0.00000000e+00  1.80001295e+00 
 6.16315729e-06  0.00000000e+00  1.79997097e+00 
 6.23294025e-06  0.00000000e+00  1.80001752e+00 
 6.25010000e-06  6.67038446e-12  1.79997422e+00 
 6.25011000e-06  1.80000000e-01  1.80052275e+00 
 6.25013000e-06  5.40000000e-01  1.80186754e+00 
 6.25017000e-06  1.26000000e+00  1.80538418e+00 
 6.25020000e-06  1.80000000e+00  1.80780314e+00 
 6.25020799e-06  1.80000000e+00  1.80753142e+00 
 6.25022396e-06  1.80000000e+00  1.80696026e+00 
 6.25025591e-06  1.80000000e+00  1.80605000e+00 
 6.25031982e-06  1.80000000e+00  1.80489479e+00 
 6.25044762e-06  1.80000000e+00  1.80359486e+00 
 6.25070323e-06  1.80000000e+00  1.80219345e+00 
 6.25108987e-06  1.80000000e+00  1.80413500e+00 
 6.25156215e-06  1.80000000e+00  1.80789875e+00 
 6.25202318e-06  1.80000000e+00  1.80535265e+00 
 6.25250742e-06  1.80000000e+00  1.80231502e+00 
 6.25323232e-06  1.80000000e+00  1.80025968e+00 
 6.25375599e-06  1.80000000e+00  1.79999791e+00 
 6.25434592e-06  1.80000000e+00  1.79981930e+00 
 6.25498567e-06  1.80000000e+00  1.79968997e+00 
 6.25563761e-06  1.80000000e+00  1.79975926e+00 
 6.25641107e-06  1.80000000e+00  1.79977266e+00 
 6.25795800e-06  1.80000000e+00  1.79987528e+00 
 6.25954826e-06  1.80000000e+00  1.79990616e+00 
 6.26239161e-06  1.80000000e+00  1.79997660e+00 
 6.26560606e-06  1.80000000e+00  1.79997919e+00 
 6.27203495e-06  1.80000000e+00  1.80000892e+00 
 6.28489273e-06  1.80000000e+00  1.79999099e+00 
 6.31060829e-06  1.80000000e+00  1.80000887e+00 
 6.36203942e-06  1.80000000e+00  1.79999108e+00 
 6.46490168e-06  1.80000000e+00  1.80000884e+00 
 6.50000000e-06  1.80000000e+00  1.79999114e+00 
 6.50001000e-06  1.62000000e+00  1.79879167e+00 
 6.50003000e-06  1.26000000e+00  1.79659529e+00 
 6.50007000e-06  5.40000000e-01  1.79318677e+00 
 6.50010000e-06  0.00000000e+00  1.79156298e+00 
 6.50010800e-06  0.00000000e+00  1.79214130e+00 
 6.50012400e-06  0.00000000e+00  1.79329547e+00 
 6.50015600e-06  0.00000000e+00  1.79510971e+00 
 6.50022000e-06  0.00000000e+00  1.79757287e+00 
 6.50034800e-06  0.00000000e+00  1.80010064e+00 
 6.50053707e-06  0.00000000e+00  1.80173692e+00 
 6.50085688e-06  0.00000000e+00  1.80242455e+00 
 6.50118899e-06  0.00000000e+00  1.80167043e+00 
 6.50158838e-06  0.00000000e+00  1.79979569e+00 
 6.50203522e-06  0.00000000e+00  1.79734791e+00 
 6.50251479e-06  0.00000000e+00  1.79693743e+00 
 6.50300347e-06  0.00000000e+00  1.79746749e+00 
 6.50356158e-06  0.00000000e+00  1.79816181e+00 
 6.50410789e-06  0.00000000e+00  1.79873588e+00 
 6.50488224e-06  0.00000000e+00  1.79919853e+00 
 6.50561017e-06  0.00000000e+00  1.79947672e+00 
 6.50624731e-06  0.00000000e+00  1.79965143e+00 
 6.50694455e-06  0.00000000e+00  1.79976103e+00 
 6.50794576e-06  0.00000000e+00  1.79985782e+00 
 6.50885772e-06  0.00000000e+00  1.79990135e+00 
 6.50985709e-06  0.00000000e+00  1.79993095e+00 
 6.51109527e-06  0.00000000e+00  1.79994687e+00 
 6.51223585e-06  0.00000000e+00  1.79995649e+00 
 6.51451700e-06  0.00000000e+00  1.79996265e+00 
 6.51907932e-06  0.00000000e+00  1.79996922e+00 
 6.52622313e-06  0.00000000e+00  1.79997215e+00 
 6.54051074e-06  0.00000000e+00  1.79997980e+00 
 6.56908597e-06  0.00000000e+00  1.79998510e+00 
 6.62623644e-06  0.00000000e+00  1.79999231e+00 
 6.74053737e-06  0.00000000e+00  1.79999486e+00 
 6.75010000e-06  6.67038446e-12  1.79999640e+00 
 6.75011000e-06  1.80000000e-01  1.80055205e+00 
 6.75013000e-06  5.40000000e-01  1.80189785e+00 
 6.75017000e-06  1.26000000e+00  1.80539754e+00 
 6.75020000e-06  1.80000000e+00  1.80780718e+00 
 6.75020799e-06  1.80000000e+00  1.80753651e+00 
 6.75022398e-06  1.80000000e+00  1.80696696e+00 
 6.75025594e-06  1.80000000e+00  1.80605502e+00 
 6.75031988e-06  1.80000000e+00  1.80489419e+00 
 6.75044775e-06  1.80000000e+00  1.80358844e+00 
 6.75070348e-06  1.80000000e+00  1.80219059e+00 
 6.75109021e-06  1.80000000e+00  1.80414594e+00 
 6.75156340e-06  1.80000000e+00  1.80791231e+00 
 6.75202538e-06  1.80000000e+00  1.80539459e+00 
 6.75250996e-06  1.80000000e+00  1.80230544e+00 
 6.75323819e-06  1.80000000e+00  1.79977612e+00 
 6.75376454e-06  1.80000000e+00  1.79962192e+00 
 6.75435497e-06  1.80000000e+00  1.80000318e+00 
 6.75489824e-06  1.80000000e+00  1.80043489e+00 
 6.75548072e-06  1.80000000e+00  1.80117002e+00 
 6.75622549e-06  1.80000000e+00  1.80152920e+00 
 6.75703920e-06  1.80000000e+00  1.80132079e+00 
 6.75785319e-06  1.80000000e+00  1.80098550e+00 
 6.75888819e-06  1.80000000e+00  1.80073799e+00 
 6.76040107e-06  1.80000000e+00  1.80047755e+00 
 6.76205305e-06  1.80000000e+00  1.80029656e+00 
 6.76474488e-06  1.80000000e+00  1.80011690e+00 
 6.76791267e-06  1.80000000e+00  1.80004658e+00 
 6.77424825e-06  1.80000000e+00  1.79999650e+00 
 6.78446958e-06  1.80000000e+00  1.80000381e+00 
 6.80169176e-06  1.80000000e+00  1.79999606e+00 
 6.83613612e-06  1.80000000e+00  1.80000385e+00 
 6.90502484e-06  1.80000000e+00  1.79999609e+00 
 7.00000000e-06  1.80000000e+00  1.80000385e+00 
 7.00001000e-06  1.62000000e+00  1.79880413e+00 
 7.00003000e-06  1.26000000e+00  1.79660328e+00 
 7.00007000e-06  5.40000000e-01  1.79318850e+00 
 7.00010000e-06  0.00000000e+00  1.79156323e+00 
 7.00010800e-06  0.00000000e+00  1.79214175e+00 
 7.00012400e-06  0.00000000e+00  1.79329691e+00 
 7.00015600e-06  0.00000000e+00  1.79511148e+00 
 7.00022000e-06  0.00000000e+00  1.79757430e+00 
 7.00034800e-06  0.00000000e+00  1.80010144e+00 
 7.00053674e-06  0.00000000e+00  1.80173349e+00 
 7.00085672e-06  0.00000000e+00  1.80243672e+00 
 7.00118923e-06  0.00000000e+00  1.80168106e+00 
 7.00162667e-06  0.00000000e+00  1.79955059e+00 
 7.00209321e-06  0.00000000e+00  1.79736347e+00 
 7.00257581e-06  0.00000000e+00  1.79847283e+00 
 7.00307784e-06  0.00000000e+00  1.79724987e+00 
 7.00363661e-06  0.00000000e+00  1.79725675e+00 
 7.00419270e-06  0.00000000e+00  1.79933909e+00 
 7.00470568e-06  0.00000000e+00  1.80021504e+00 
 7.00519486e-06  0.00000000e+00  1.80098885e+00 
 7.00573991e-06  0.00000000e+00  1.80058839e+00 
 7.00639645e-06  0.00000000e+00  1.80046073e+00 
 7.00710589e-06  0.00000000e+00  1.80021539e+00 
 7.00806858e-06  0.00000000e+00  1.80015548e+00 
 7.00920853e-06  0.00000000e+00  1.80005587e+00 
 7.01010153e-06  0.00000000e+00  1.80011650e+00 
 7.01104899e-06  0.00000000e+00  1.80019401e+00 
 7.01196713e-06  0.00000000e+00  1.80053403e+00 
 7.01298083e-06  0.00000000e+00  1.80030417e+00 
 7.01368177e-06  0.00000000e+00  1.79974453e+00 
 7.01438908e-06  0.00000000e+00  1.79927460e+00 
 7.01525039e-06  0.00000000e+00  1.79942534e+00 
 7.01617007e-06  0.00000000e+00  1.79987050e+00 
 7.01707586e-06  0.00000000e+00  1.79812995e+00 
 7.01803638e-06  0.00000000e+00  1.79790342e+00 
 7.01905346e-06  0.00000000e+00  1.79816608e+00 
 7.02086136e-06  0.00000000e+00  1.79944786e+00 
 7.02261465e-06  0.00000000e+00  1.79975280e+00 
 7.02508293e-06  0.00000000e+00  1.79998848e+00 
 7.02755367e-06  0.00000000e+00  1.79993557e+00 
 7.03168029e-06  0.00000000e+00  1.80000816e+00 
 7.03709851e-06  0.00000000e+00  1.79995024e+00 
 7.04793495e-06  0.00000000e+00  1.80000893e+00 
 7.06587215e-06  0.00000000e+00  1.79995945e+00 
 7.10174656e-06  0.00000000e+00  1.80001561e+00 
 7.16767956e-06  0.00000000e+00  1.79996810e+00 
 7.25010000e-06  6.67038446e-12  1.80002098e+00 
 7.25011000e-06  1.80000000e-01  1.80059857e+00 
 7.25013000e-06  5.40000000e-01  1.80196353e+00 
 7.25017000e-06  1.26000000e+00  1.80543801e+00 
 7.25020000e-06  1.80000000e+00  1.80782217e+00 
 7.25020799e-06  1.80000000e+00  1.80754664e+00 
 7.25022398e-06  1.80000000e+00  1.80696912e+00 
 7.25025594e-06  1.80000000e+00  1.80605140e+00 
 7.25031988e-06  1.80000000e+00  1.80489238e+00 
 7.25044775e-06  1.80000000e+00  1.80359261e+00 
 7.25070349e-06  1.80000000e+00  1.80219255e+00 
 7.25108936e-06  1.80000000e+00  1.80413305e+00 
 7.25156214e-06  1.80000000e+00  1.80789996e+00 
 7.25202330e-06  1.80000000e+00  1.80535284e+00 
 7.25250757e-06  1.80000000e+00  1.80231547e+00 
 7.25323276e-06  1.80000000e+00  1.80025989e+00 
 7.25375659e-06  1.80000000e+00  1.79999830e+00 
 7.25434659e-06  1.80000000e+00  1.79981978e+00 
 7.25498663e-06  1.80000000e+00  1.79969045e+00 
 7.25563880e-06  1.80000000e+00  1.79975975e+00 
 7.25641227e-06  1.80000000e+00  1.79977302e+00 
 7.25795919e-06  1.80000000e+00  1.79987555e+00 
 7.25955060e-06  1.80000000e+00  1.79990632e+00 
 7.26239434e-06  1.80000000e+00  1.79997670e+00 
 7.26561125e-06  1.80000000e+00  1.79997920e+00 
 7.27204508e-06  1.80000000e+00  1.80000895e+00 
 7.28491274e-06  1.80000000e+00  1.79999097e+00 
 7.31064806e-06  1.80000000e+00  1.80000889e+00 
 7.36211870e-06  1.80000000e+00  1.79999106e+00 
 7.46505997e-06  1.80000000e+00  1.80000886e+00 
 7.50000000e-06  1.80000000e+00  1.79999112e+00 
 7.50001000e-06  1.62000000e+00  1.79879363e+00 
 7.50003000e-06  1.26000000e+00  1.79660046e+00 
 7.50007000e-06  5.40000000e-01  1.79319088e+00 
 7.50010000e-06  0.00000000e+00  1.79156588e+00 
 7.50010800e-06  0.00000000e+00  1.79214392e+00 
 7.50012400e-06  0.00000000e+00  1.79329757e+00 
 7.50015600e-06  0.00000000e+00  1.79511151e+00 
 7.50022000e-06  0.00000000e+00  1.79757385e+00 
 7.50034800e-06  0.00000000e+00  1.80010081e+00 
 7.50053707e-06  0.00000000e+00  1.80173693e+00 
 7.50085688e-06  0.00000000e+00  1.80242413e+00 
 7.50118899e-06  0.00000000e+00  1.80166951e+00 
 7.50158840e-06  0.00000000e+00  1.79979447e+00 
 7.50203522e-06  0.00000000e+00  1.79734741e+00 
 7.50251481e-06  0.00000000e+00  1.79693755e+00 
 7.50300348e-06  0.00000000e+00  1.79746767e+00 
 7.50356157e-06  0.00000000e+00  1.79816199e+00 
 7.50410788e-06  0.00000000e+00  1.79873600e+00 
 7.50488235e-06  0.00000000e+00  1.79919864e+00 
 7.50561026e-06  0.00000000e+00  1.79947678e+00 
 7.50624732e-06  0.00000000e+00  1.79965146e+00 
 7.50694461e-06  0.00000000e+00  1.79976105e+00 
 7.50794579e-06  0.00000000e+00  1.79985784e+00 
 7.50885778e-06  0.00000000e+00  1.79990136e+00 
 7.50985760e-06  0.00000000e+00  1.79993097e+00 
 7.51109367e-06  0.00000000e+00  1.79994686e+00 
 7.51223505e-06  0.00000000e+00  1.79995650e+00 
 7.51451782e-06  0.00000000e+00  1.79996265e+00 
 7.51907954e-06  0.00000000e+00  1.79996923e+00 
 7.52622250e-06  0.00000000e+00  1.79997215e+00 
 7.54050841e-06  0.00000000e+00  1.79997980e+00 
 7.56908025e-06  0.00000000e+00  1.79998510e+00 
 7.62622392e-06  0.00000000e+00  1.79999231e+00 
 7.74051127e-06  0.00000000e+00  1.79999486e+00 
 7.75010000e-06  0.00000000e+00  1.79999640e+00 
 7.75011000e-06  1.80000000e-01  1.80055207e+00 
 7.75013000e-06  5.40000000e-01  1.80189786e+00 
 7.75017000e-06  1.26000000e+00  1.80539678e+00 
 7.75020000e-06  1.80000000e+00  1.80780120e+00 
 7.75020799e-06  1.80000000e+00  1.80753081e+00 
 7.75022398e-06  1.80000000e+00  1.80696203e+00 
 7.75025594e-06  1.80000000e+00  1.80605150e+00 
 7.75031988e-06  1.80000000e+00  1.80489278e+00 
 7.75044775e-06  1.80000000e+00  1.80358836e+00 
 7.75070348e-06  1.80000000e+00  1.80219072e+00 
 7.75108793e-06  1.80000000e+00  1.80412458e+00 
 7.75156194e-06  1.80000000e+00  1.80791849e+00 
 7.75202360e-06  1.80000000e+00  1.80540758e+00 
 7.75250805e-06  1.80000000e+00  1.80231785e+00 
 7.75323494e-06  1.80000000e+00  1.79978262e+00 
 7.75376228e-06  1.80000000e+00  1.79962138e+00 
 7.75435366e-06  1.80000000e+00  1.80000231e+00 
 7.75489562e-06  1.80000000e+00  1.80043286e+00 
 7.75547805e-06  1.80000000e+00  1.80116662e+00 
 7.75622301e-06  1.80000000e+00  1.80152972e+00 
 7.75703745e-06  1.80000000e+00  1.80132210e+00 
 7.75784922e-06  1.80000000e+00  1.80098752e+00 
 7.75888492e-06  1.80000000e+00  1.80073878e+00 
 7.76038076e-06  1.80000000e+00  1.80048085e+00 
 7.76204127e-06  1.80000000e+00  1.80029759e+00 
 7.76471205e-06  1.80000000e+00  1.80011855e+00 
 7.76787917e-06  1.80000000e+00  1.80004691e+00 
 7.77421341e-06  1.80000000e+00  1.79999670e+00 
 7.78427046e-06  1.80000000e+00  1.80000362e+00 
 7.80108324e-06  1.80000000e+00  1.79999625e+00 
 7.83470881e-06  1.80000000e+00  1.80000366e+00 
 7.90195993e-06  1.80000000e+00  1.79999628e+00 
 8.00000000e-06  1.80000000e+00  1.80000365e+00 
 8.00001000e-06  1.62000000e+00  1.79880582e+00 
 8.00003000e-06  1.26000000e+00  1.79660796e+00 
 8.00007000e-06  5.40000000e-01  1.79319225e+00 
 8.00010000e-06  0.00000000e+00  1.79156587e+00 
 8.00010800e-06  0.00000000e+00  1.79214412e+00 
 8.00012400e-06  0.00000000e+00  1.79329879e+00 
 8.00015600e-06  0.00000000e+00  1.79511311e+00 
 8.00022000e-06  0.00000000e+00  1.79757516e+00 
 8.00034800e-06  0.00000000e+00  1.80010156e+00 
 8.00053674e-06  0.00000000e+00  1.80173349e+00 
 8.00085672e-06  0.00000000e+00  1.80243640e+00 
 8.00118923e-06  0.00000000e+00  1.80168050e+00 
 8.00162664e-06  0.00000000e+00  1.79954960e+00 
 8.00209319e-06  0.00000000e+00  1.79736203e+00 
 8.00257579e-06  0.00000000e+00  1.79847195e+00 
 8.00307784e-06  0.00000000e+00  1.79725278e+00 
 8.00363665e-06  0.00000000e+00  1.79726162e+00 
 8.00414502e-06  0.00000000e+00  1.79919309e+00 
 8.00467368e-06  0.00000000e+00  1.80016898e+00 
 8.00515358e-06  0.00000000e+00  1.80096459e+00 
 8.00568842e-06  0.00000000e+00  1.80063057e+00 
 8.00631170e-06  0.00000000e+00  1.80047336e+00 
 8.00702752e-06  0.00000000e+00  1.80023967e+00 
 8.00772788e-06  0.00000000e+00  1.80017939e+00 
 8.00858593e-06  0.00000000e+00  1.80006663e+00 
 8.00930124e-06  0.00000000e+00  1.80005847e+00 
 8.01007661e-06  0.00000000e+00  1.80001155e+00 
 8.01087398e-06  0.00000000e+00  1.80001304e+00 
 8.01180925e-06  0.00000000e+00  1.79998167e+00 
 8.01367981e-06  0.00000000e+00  1.79998068e+00 
 8.01550182e-06  0.00000000e+00  1.79996427e+00 
 8.01630863e-06  0.00000000e+00  1.79997280e+00 
 8.01747547e-06  0.00000000e+00  1.79996638e+00 
 8.01879275e-06  0.00000000e+00  1.79997202e+00 
 8.02142732e-06  0.00000000e+00  1.79996974e+00 
 8.02469125e-06  0.00000000e+00  1.79997506e+00 
 8.03121909e-06  0.00000000e+00  1.79997504e+00 
 8.04197240e-06  0.00000000e+00  1.79998175e+00 
 8.06128946e-06  0.00000000e+00  1.79998345e+00 
 8.08944248e-06  0.00000000e+00  1.79999008e+00 
 8.14574851e-06  0.00000000e+00  1.79999135e+00 
 8.24452156e-06  0.00000000e+00  1.79999694e+00 
 8.25010000e-06  0.00000000e+00  1.79999450e+00 
 8.25011000e-06  1.80000000e-01  1.80055304e+00 
 8.25013000e-06  5.40000000e-01  1.80190173e+00 
 8.25017000e-06  1.26000000e+00  1.80540301e+00 
 8.25020000e-06  1.80000000e+00  1.80780799e+00 
 8.25020799e-06  1.80000000e+00  1.80753820e+00 
 8.25022398e-06  1.80000000e+00  1.80696991e+00 
 8.25025594e-06  1.80000000e+00  1.80605956e+00 
 8.25031988e-06  1.80000000e+00  1.80489639e+00 
 8.25044775e-06  1.80000000e+00  1.80358233e+00 
 8.25070349e-06  1.80000000e+00  1.80218325e+00 
 8.25109104e-06  1.80000000e+00  1.80415721e+00 
 8.25156325e-06  1.80000000e+00  1.80786534e+00 
 8.25202465e-06  1.80000000e+00  1.80530834e+00 
 8.25250902e-06  1.80000000e+00  1.80241619e+00 
 8.25323527e-06  1.80000000e+00  1.80036901e+00 
 8.25392332e-06  1.80000000e+00  1.79976080e+00 
 8.25482814e-06  1.80000000e+00  1.79969199e+00 
 8.25575601e-06  1.80000000e+00  1.79974215e+00 
 8.25675610e-06  1.80000000e+00  1.79981828e+00 
 8.25838169e-06  1.80000000e+00  1.79988933e+00 
 8.26013954e-06  1.80000000e+00  1.79993683e+00 
 8.26309211e-06  1.80000000e+00  1.79997623e+00 
 8.26683814e-06  1.80000000e+00  1.79999271e+00 
 8.27433019e-06  1.80000000e+00  1.80000106e+00 
 8.28931430e-06  1.80000000e+00  1.79999902e+00 
 8.31928253e-06  1.80000000e+00  1.80000086e+00 
 8.37921898e-06  1.80000000e+00  1.79999908e+00 
 8.49909188e-06  1.80000000e+00  1.80000086e+00 
 8.50000000e-06  1.80000000e+00  1.79999852e+00 
 8.50001000e-06  1.62000000e+00  1.79879920e+00 
 8.50003000e-06  1.26000000e+00  1.79659755e+00 
 8.50007000e-06  5.40000000e-01  1.79316560e+00 
 8.50010000e-06  0.00000000e+00  1.79152805e+00 
 8.50010800e-06  0.00000000e+00  1.79210803e+00 
 8.50012400e-06  0.00000000e+00  1.79326629e+00 
 8.50015600e-06  0.00000000e+00  1.79509091e+00 
 8.50022000e-06  0.00000000e+00  1.79757943e+00 
 8.50034800e-06  0.00000000e+00  1.80016145e+00 
 8.50057729e-06  0.00000000e+00  1.80218099e+00 
 8.50096415e-06  0.00000000e+00  1.80226943e+00 
 8.50141183e-06  0.00000000e+00  1.79940859e+00 
 8.50196586e-06  0.00000000e+00  1.80117076e+00 
 8.50247715e-06  0.00000000e+00  1.81816156e+00 
 8.50310025e-06  0.00000000e+00  1.82931224e+00 
 8.50368402e-06  0.00000000e+00  1.80288651e+00 
 8.50428678e-06  0.00000000e+00  1.76630191e+00 
 8.50474750e-06  0.00000000e+00  1.74181745e+00 
 8.50529875e-06  0.00000000e+00  1.71042980e+00 
 8.50596475e-06  0.00000000e+00  1.67309434e+00 
 8.50666833e-06  0.00000000e+00  1.63320133e+00 
 8.50807549e-06  0.00000000e+00  1.55344480e+00 
 8.50982565e-06  0.00000000e+00  1.45378906e+00 
 8.51291940e-06  0.00000000e+00  1.27825696e+00 
 8.51832359e-06  0.00000000e+00  9.79934512e-01 
 8.52410559e-06  0.00000000e+00  6.84313530e-01 
 8.52943198e-06  0.00000000e+00  4.16313140e-01 
 8.53325499e-06  0.00000000e+00  2.55234019e-01 
 8.53688621e-06  0.00000000e+00  1.49197996e-01 
 8.54048517e-06  0.00000000e+00  8.40013109e-02 
 8.54359919e-06  0.00000000e+00  4.99709709e-02 
 8.54651257e-06  0.00000000e+00  3.07364774e-02 
 8.54930054e-06  0.00000000e+00  1.90062655e-02 
 8.55218596e-06  0.00000000e+00  1.17508032e-02 
 8.55757857e-06  0.00000000e+00  4.35747692e-03 
 8.56307235e-06  0.00000000e+00  1.74844315e-03 
 8.57210348e-06  0.00000000e+00  2.49050447e-04 
 8.58426134e-06  0.00000000e+00  1.64216008e-04 
 8.60130059e-06  0.00000000e+00  3.79917353e-05 
 8.62829520e-06  0.00000000e+00  1.50518680e-04 
 8.66582968e-06  0.00000000e+00  2.04617903e-05 
 8.72376776e-06  0.00000000e+00  1.28249885e-04 
 8.75010000e-06  0.00000000e+00  5.44901595e-06 
 8.75011000e-06  1.80000000e-01  8.71205720e-04 
 8.75013000e-06  5.40000000e-01  2.55652253e-03 
 8.75017000e-06  1.26000000e+00  5.33825431e-03 
 8.75020000e-06  1.80000000e+00  6.70635093e-03 
 8.75020799e-06  1.80000000e+00  6.32495657e-03 
 8.75022398e-06  1.80000000e+00  5.56627421e-03 
 8.75025594e-06  1.80000000e+00  4.38824653e-03 
 8.75031988e-06  1.80000000e+00  2.96797657e-03 
 8.75044775e-06  1.80000000e+00  1.79369969e-03 
 8.75070348e-06  1.80000000e+00  1.35177178e-03 
 8.75108912e-06  1.80000000e+00  2.64560276e-03 
 8.75156168e-06  1.80000000e+00  4.05503102e-03 
 8.75202240e-06  1.80000000e+00  2.64618954e-03 
 8.75250672e-06  1.80000000e+00  2.14089755e-03 
 8.75322133e-06  1.80000000e+00  1.99233222e-03 
 8.75372721e-06  1.80000000e+00  3.81676206e-03 
 8.75430246e-06  1.80000000e+00  5.00028304e-03 
 8.75496253e-06  1.80000000e+00  4.69951549e-03 
 8.75562765e-06  1.80000000e+00  4.35049824e-03 
 8.75637257e-06  1.80000000e+00  3.89668233e-03 
 8.75786240e-06  1.80000000e+00  3.16537066e-03 
 8.75942161e-06  1.80000000e+00  2.55768124e-03 
 8.76222623e-06  1.80000000e+00  1.63220007e-03 
 8.76536221e-06  1.80000000e+00  1.04110374e-03 
 8.77163416e-06  1.80000000e+00  3.81190604e-04 
 8.78417808e-06  1.80000000e+00  9.92257353e-05 
 8.80926590e-06  1.80000000e+00  5.54208088e-05 
 8.85944155e-06  1.80000000e+00  6.80785572e-05 
 8.95979284e-06  1.80000000e+00  2.79032033e-05 
 9.00000000e-06  1.80000000e+00  5.37458366e-05 
