 1.00000000e-12  1.78200000e+00  5.65422411e-01 
 1.02800000e-12  1.78149600e+00  5.60659858e-01 
 1.08400000e-12  1.78048800e+00  5.55810588e-01 
 1.19600000e-12  1.77847200e+00  5.56930697e-01 
 1.42000000e-12  1.77444000e+00  5.60605557e-01 
 1.69447368e-12  1.76949947e+00  5.64386125e-01 
 2.24342104e-12  1.75961842e+00  5.69356125e-01 
 3.22933169e-12  1.74187203e+00  5.72274888e-01 
 4.45876530e-12  1.71974222e+00  5.72727721e-01 
 6.44913716e-12  1.68391553e+00  5.72390889e-01 
 9.37727398e-12  1.63120907e+00  5.72018764e-01 
 1.39829263e-11  1.54830733e+00  5.71251554e-01 
 2.00134520e-11  1.43975786e+00  5.70457340e-01 
 3.20745035e-11  1.22265894e+00  5.68778268e-01 
 5.61966065e-11  7.88461082e-01  5.66453767e-01 
 1.00000000e-10  0.00000000e+00  5.63845291e-01 
 1.04824421e-10  0.00000000e+00  5.64027771e-01 
 1.14473262e-10  0.00000000e+00  5.64446937e-01 
 1.33770944e-10  0.00000000e+00  5.65223489e-01 
 1.72366309e-10  0.00000000e+00  5.67046488e-01 
 2.49557039e-10  0.00000000e+00  5.71541365e-01 
 4.03938498e-10  0.00000000e+00  5.79781788e-01 
 6.60106704e-10  0.00000000e+00  5.90130854e-01 
 9.65025136e-10  0.00000000e+00  6.02150781e-01 
 1.37387071e-09  0.00000000e+00  6.15016854e-01 
 1.92243832e-09  0.00000000e+00  6.12975153e-01 
 2.49299713e-09  0.00000000e+00  5.91815869e-01 
 3.32283747e-09  0.00000000e+00  5.44539060e-01 
 4.19681366e-09  0.00000000e+00  4.91695159e-01 
 5.07492914e-09  0.00000000e+00  4.40515435e-01 
 6.04522691e-09  0.00000000e+00  3.88934836e-01 
 7.18211271e-09  0.00000000e+00  3.29344265e-01 
 8.25274756e-09  0.00000000e+00  2.75350985e-01 
 8.92599847e-09  0.00000000e+00  2.44963685e-01 
 9.67377404e-09  0.00000000e+00  2.14026083e-01 
 1.06027994e-08  0.00000000e+00  1.81004260e-01 
 1.15213502e-08  0.00000000e+00  1.55162532e-01 
 1.26870452e-08  0.00000000e+00  1.27964658e-01 
 1.36465404e-08  0.00000000e+00  1.08815150e-01 
 1.46070956e-08  0.00000000e+00  9.04444631e-02 
 1.53888910e-08  0.00000000e+00  7.71897842e-02 
 1.62765109e-08  0.00000000e+00  6.45988357e-02 
 1.75727812e-08  0.00000000e+00  4.95071963e-02 
 2.00454957e-08  0.00000000e+00  2.94500477e-02 
 2.36428612e-08  0.00000000e+00  1.34306788e-02 
 2.88004348e-08  0.00000000e+00  4.04762097e-03 
 3.37236124e-08  0.00000000e+00  1.27590456e-03 
 4.00360743e-08  0.00000000e+00  2.74134634e-04 
 4.72999189e-08  0.00000000e+00  3.67867862e-05 
 5.70124748e-08  0.00000000e+00  6.60514540e-06 
 7.17530170e-08  0.00000000e+00  8.87244734e-07 
 9.33906956e-08  0.00000000e+00  1.09607755e-06 
 1.28032720e-07  0.00000000e+00 -1.45792172e-06 
 1.78178128e-07  0.00000000e+00 -1.79114757e-06 
 2.50100000e-07  0.00000000e+00 -2.08626821e-06 
 2.50110000e-07  1.80000000e-01  1.48629525e-03 
 2.50130000e-07  5.40000000e-01  4.93304128e-03 
 2.50170000e-07  1.26000000e+00  9.67349950e-03 
 2.50200000e-07  1.80000000e+00  1.07840806e-02 
 2.50207464e-07  1.80000000e+00  9.75637779e-03 
 2.50222393e-07  1.80000000e+00  7.39509677e-03 
 2.50252251e-07  1.80000000e+00  3.39518804e-03 
 2.50306601e-07  1.80000000e+00 -2.10769159e-04 
 2.50377940e-07  1.80000000e+00 -1.98221425e-03 
 2.50520618e-07  1.80000000e+00 -2.98522745e-03 
 2.50651742e-07  1.80000000e+00 -2.45432221e-03 
 2.50913989e-07  1.80000000e+00  5.51106995e-05 
 2.51226228e-07  1.80000000e+00  3.12577892e-03 
 2.51635938e-07  1.80000000e+00  3.26512657e-03 
 2.52082100e-07  1.80000000e+00  1.91123483e-03 
 2.52677476e-07  1.80000000e+00  1.14746698e-03 
 2.53418110e-07  1.80000000e+00  2.18482326e-04 
 2.53967110e-07  1.80000000e+00 -2.20969861e-05 
 2.54618486e-07  1.80000000e+00  1.25292586e-03 
 2.55233439e-07  1.80000000e+00  1.04661270e-03 
 2.55884719e-07  1.80000000e+00  9.57434114e-04 
 2.56688526e-07  1.80000000e+00  1.02466176e-03 
 2.57829065e-07  1.80000000e+00  9.02642410e-04 
 2.59098895e-07  1.80000000e+00  7.93734749e-04 
 2.61131647e-07  1.80000000e+00  5.05552182e-04 
 2.63915323e-07  1.80000000e+00  3.39799723e-04 
 2.69482675e-07  1.80000000e+00  1.01345114e-04 
 2.80149694e-07  1.80000000e+00  4.91425096e-05 
 2.98778300e-07  1.80000000e+00 -4.71935361e-06 
 3.36035512e-07  1.80000000e+00  2.34654030e-05 
 4.10549935e-07  1.80000000e+00 -1.65224973e-05 
 5.00000000e-07  1.80000000e+00  2.06846678e-05 
 5.00010000e-07  1.62000000e+00 -8.58060075e-04 
 5.00030000e-07  1.26000000e+00 -2.44478329e-03 
 5.00070000e-07  5.40000000e-01 -4.59500047e-03 
 5.00100000e-07  0.00000000e+00 -5.66566974e-03 
 5.00108000e-07  0.00000000e+00 -5.22389415e-03 
 5.00124000e-07  0.00000000e+00 -4.29633350e-03 
 5.00156000e-07  0.00000000e+00 -2.94746219e-03 
 5.00220000e-07  0.00000000e+00 -1.55747211e-03 
 5.00336933e-07  0.00000000e+00 -4.91200468e-04 
 5.00499771e-07  0.00000000e+00 -5.93068364e-05 
 5.00825446e-07  0.00000000e+00  8.28407305e-04 
 5.01282703e-07  0.00000000e+00 -2.01617615e-03 
 5.01757722e-07  0.00000000e+00 -1.49998080e-02 
 5.02188730e-07  0.00000000e+00 -1.62503912e-02 
 5.02682756e-07  0.00000000e+00  2.08412290e-02 
 5.03255952e-07  0.00000000e+00  8.61623174e-02 
 5.03857777e-07  0.00000000e+00  1.55864529e-01 
 5.04510815e-07  0.00000000e+00  2.31948823e-01 
 5.05211129e-07  0.00000000e+00  3.11208606e-01 
 5.06264082e-07  0.00000000e+00  4.23864977e-01 
 5.07340554e-07  0.00000000e+00  5.33974449e-01 
 5.09047459e-07  0.00000000e+00  7.05859766e-01 
 5.10263376e-07  0.00000000e+00  8.17821993e-01 
 5.11596727e-07  0.00000000e+00  9.15905314e-01 
 5.13079205e-07  0.00000000e+00  1.02401765e+00 
 5.14750596e-07  0.00000000e+00  1.12009126e+00 
 5.16411644e-07  0.00000000e+00  1.29551342e+00 
 5.18157079e-07  0.00000000e+00  1.51225613e+00 
 5.20486828e-07  0.00000000e+00  1.69412093e+00 
 5.23448999e-07  0.00000000e+00  1.77882628e+00 
 5.27921895e-07  0.00000000e+00  1.80036633e+00 
 5.34406985e-07  0.00000000e+00  1.80038005e+00 
 5.44614805e-07  0.00000000e+00  1.79970136e+00 
 5.64029033e-07  0.00000000e+00  1.80039576e+00 
 5.99978957e-07  0.00000000e+00  1.79963911e+00 
 6.71878806e-07  0.00000000e+00  1.80038408e+00 
 7.50100000e-07  9.52912066e-13  1.79962434e+00 
 7.50110000e-07  1.80000000e-01  1.80046710e+00 
 7.50130000e-07  5.40000000e-01  1.80238587e+00 
 7.50170000e-07  1.26000000e+00  1.80600381e+00 
 7.50200000e-07  1.80000000e+00  1.80829046e+00 
 7.50207874e-07  1.80000000e+00  1.80801793e+00 
 7.50223623e-07  1.80000000e+00  1.80744114e+00 
 7.50255120e-07  1.80000000e+00  1.80653433e+00 
 7.50318114e-07  1.80000000e+00  1.80535487e+00 
 7.50444103e-07  1.80000000e+00  1.80395463e+00 
 7.50684100e-07  1.80000000e+00  1.80266708e+00 
 7.50947566e-07  1.80000000e+00  1.80350085e+00 
 7.51386616e-07  1.80000000e+00  1.80689970e+00 
 7.51856173e-07  1.80000000e+00  1.80432698e+00 
 7.52366705e-07  1.80000000e+00  1.80198036e+00 
 7.53028468e-07  1.80000000e+00  1.80036834e+00 
 7.53777666e-07  1.80000000e+00  1.80003807e+00 
 7.54422277e-07  1.80000000e+00  1.80185334e+00 
 7.55089520e-07  1.80000000e+00  1.80036624e+00 
 7.55803148e-07  1.80000000e+00  1.79993181e+00 
 7.56661845e-07  1.80000000e+00  1.80010940e+00 
 7.57551261e-07  1.80000000e+00  1.80002420e+00 
 7.59175710e-07  1.80000000e+00  1.80005046e+00 
 7.61365278e-07  1.80000000e+00  1.80000749e+00 
 7.65443692e-07  1.80000000e+00  1.80002521e+00 
 7.72873344e-07  1.80000000e+00  1.79999734e+00 
 7.84867607e-07  1.80000000e+00  1.80001875e+00 
 8.07722421e-07  1.80000000e+00  1.79999703e+00 
 8.46425661e-07  1.80000000e+00  1.80001666e+00 
 9.19219725e-07  1.80000000e+00  1.79999505e+00 
 1.00000000e-06  1.80000000e+00  1.80001423e+00 
 1.00001000e-06  1.62000000e+00  1.79879681e+00 
 1.00003000e-06  1.26000000e+00  1.79657472e+00 
 1.00007000e-06  5.40000000e-01  1.79325411e+00 
 1.00010000e-06  0.00000000e+00  1.79160244e+00 
 1.00010800e-06  0.00000000e+00  1.79220329e+00 
 1.00012400e-06  0.00000000e+00  1.79339669e+00 
 1.00015600e-06  0.00000000e+00  1.79517681e+00 
 1.00022000e-06  0.00000000e+00  1.79731984e+00 
 1.00033686e-06  0.00000000e+00  1.79954402e+00 
 1.00049977e-06  0.00000000e+00  1.80089542e+00 
 1.00082558e-06  0.00000000e+00  1.80197359e+00 
 1.00128296e-06  0.00000000e+00  1.80184123e+00 
 1.00175800e-06  0.00000000e+00  1.80031179e+00 
 1.00218898e-06  0.00000000e+00  1.79815755e+00 
 1.00268318e-06  0.00000000e+00  1.79859224e+00 
 1.00328853e-06  0.00000000e+00  1.79955218e+00 
 1.00391184e-06  0.00000000e+00  1.79916514e+00 
 1.00440855e-06  0.00000000e+00  1.79744623e+00 
 1.00498779e-06  0.00000000e+00  1.78960306e+00 
 1.00556676e-06  0.00000000e+00  1.78775347e+00 
 1.00609212e-06  0.00000000e+00  1.78288285e+00 
 1.00670507e-06  0.00000000e+00  1.78244506e+00 
 1.00756332e-06  0.00000000e+00  1.78759465e+00 
 1.00843254e-06  0.00000000e+00  1.79184471e+00 
 1.00995311e-06  0.00000000e+00  1.79608527e+00 
 1.01141807e-06  0.00000000e+00  1.79835951e+00 
 1.01278322e-06  0.00000000e+00  1.79942891e+00 
 1.01387954e-06  0.00000000e+00  1.79913021e+00 
 1.01493480e-06  0.00000000e+00  1.79826641e+00 
 1.01603404e-06  0.00000000e+00  1.79925229e+00 
 1.01707816e-06  0.00000000e+00  1.79829613e+00 
 1.01819405e-06  0.00000000e+00  1.79727250e+00 
 1.01938218e-06  0.00000000e+00  1.79816484e+00 
 1.02106262e-06  0.00000000e+00  1.79919530e+00 
 1.02274682e-06  0.00000000e+00  1.79957334e+00 
 1.02611523e-06  0.00000000e+00  1.79992536e+00 
 1.03155739e-06  0.00000000e+00  1.79992371e+00 
 1.04083261e-06  0.00000000e+00  1.79998314e+00 
 1.05113712e-06  0.00000000e+00  1.79988263e+00 
 1.06056640e-06  0.00000000e+00  1.79998040e+00 
 1.07120905e-06  0.00000000e+00  1.80008683e+00 
 1.07856405e-06  0.00000000e+00  1.79985293e+00 
 1.08542157e-06  0.00000000e+00  1.80011372e+00 
 1.09233071e-06  0.00000000e+00  1.79987065e+00 
 1.09865647e-06  0.00000000e+00  1.80008142e+00 
 1.10550246e-06  0.00000000e+00  1.79989359e+00 
 1.11254506e-06  0.00000000e+00  1.80006500e+00 
 1.12480685e-06  0.00000000e+00  1.79991140e+00 
 1.13964154e-06  0.00000000e+00  1.80005848e+00 
 1.16203318e-06  0.00000000e+00  1.79992203e+00 
 1.19819598e-06  0.00000000e+00  1.80005773e+00 
 1.24835928e-06  0.00000000e+00  1.79992890e+00 
 1.25010000e-06  0.00000000e+00  1.80002488e+00 
 1.25011000e-06  1.80000000e-01  1.80079505e+00 
 1.25013000e-06  5.40000000e-01  1.80267265e+00 
 1.25017000e-06  1.26000000e+00  1.80640083e+00 
 1.25020000e-06  1.80000000e+00  1.80879750e+00 
 1.25020788e-06  1.80000000e+00  1.80850385e+00 
 1.25022363e-06  1.80000000e+00  1.80788315e+00 
 1.25025513e-06  1.80000000e+00  1.80689930e+00 
 1.25031814e-06  1.80000000e+00  1.80561686e+00 
 1.25044415e-06  1.80000000e+00  1.80409777e+00 
 1.25068447e-06  1.80000000e+00  1.80276431e+00 
 1.25094632e-06  1.80000000e+00  1.80347629e+00 
 1.25138411e-06  1.80000000e+00  1.80637786e+00 
 1.25185387e-06  1.80000000e+00  1.80370560e+00 
 1.25236264e-06  1.80000000e+00  1.80141287e+00 
 1.25302565e-06  1.80000000e+00  1.80030332e+00 
 1.25373726e-06  1.80000000e+00  1.80011397e+00 
 1.25439529e-06  1.80000000e+00  1.80012783e+00 
 1.25509648e-06  1.80000000e+00  1.79999605e+00 
 1.25577756e-06  1.80000000e+00  1.80001189e+00 
 1.25675914e-06  1.80000000e+00  1.80000705e+00 
 1.25788160e-06  1.80000000e+00  1.80000462e+00 
 1.25942206e-06  1.80000000e+00  1.80000485e+00 
 1.26186541e-06  1.80000000e+00  1.80000065e+00 
 1.26619609e-06  1.80000000e+00  1.80000165e+00 
 1.27339668e-06  1.80000000e+00  1.79999850e+00 
 1.28585997e-06  1.80000000e+00  1.80000117e+00 
 1.30755806e-06  1.80000000e+00  1.79999859e+00 
 1.34480482e-06  1.80000000e+00  1.80000128e+00 
 1.41735016e-06  1.80000000e+00  1.79999861e+00 
 1.50000000e-06  1.80000000e+00  1.80000130e+00 
 1.50001000e-06  1.62000000e+00  1.79872867e+00 
 1.50003000e-06  1.26000000e+00  1.79641162e+00 
 1.50007000e-06  5.40000000e-01  1.79301635e+00 
 1.50010000e-06  0.00000000e+00  1.79128375e+00 
 1.50010800e-06  0.00000000e+00  1.79189298e+00 
 1.50012400e-06  0.00000000e+00  1.79311164e+00 
 1.50015600e-06  0.00000000e+00  1.79496247e+00 
 1.50022000e-06  0.00000000e+00  1.79722533e+00 
 1.50033687e-06  0.00000000e+00  1.79951887e+00 
 1.50049975e-06  0.00000000e+00  1.80085617e+00 
 1.50082550e-06  0.00000000e+00  1.80191608e+00 
 1.50128522e-06  0.00000000e+00  1.80182002e+00 
 1.50176133e-06  0.00000000e+00  1.80042741e+00 
 1.50217941e-06  0.00000000e+00  1.79818505e+00 
 1.50264520e-06  0.00000000e+00  1.79773437e+00 
 1.50331654e-06  0.00000000e+00  1.79821619e+00 
 1.50394975e-06  0.00000000e+00  1.79865717e+00 
 1.50473287e-06  0.00000000e+00  1.79907482e+00 
 1.50553503e-06  0.00000000e+00  1.79932565e+00 
 1.50657398e-06  0.00000000e+00  1.79948409e+00 
 1.50734298e-06  0.00000000e+00  1.79965431e+00 
 1.50817023e-06  0.00000000e+00  1.79970597e+00 
 1.50903128e-06  0.00000000e+00  1.79978107e+00 
 1.51002605e-06  0.00000000e+00  1.79980328e+00 
 1.51120147e-06  0.00000000e+00  1.79985312e+00 
 1.51241542e-06  0.00000000e+00  1.79985908e+00 
 1.51484333e-06  0.00000000e+00  1.79989956e+00 
 1.51960950e-06  0.00000000e+00  1.79991158e+00 
 1.52889090e-06  0.00000000e+00  1.79994857e+00 
 1.54745369e-06  0.00000000e+00  1.79995747e+00 
 1.58457928e-06  0.00000000e+00  1.79998671e+00 
 1.65883046e-06  0.00000000e+00  1.79998354e+00 
 1.75010000e-06  0.00000000e+00  1.80000044e+00 
 1.75011000e-06  1.80000000e-01  1.80064474e+00 
 1.75013000e-06  5.40000000e-01  1.80232569e+00 
 1.75017000e-06  1.26000000e+00  1.80595043e+00 
 1.75020000e-06  1.80000000e+00  1.80838580e+00 
 1.75020787e-06  1.80000000e+00  1.80811719e+00 
 1.75022361e-06  1.80000000e+00  1.80754358e+00 
 1.75025509e-06  1.80000000e+00  1.80663380e+00 
 1.75031805e-06  1.80000000e+00  1.80544772e+00 
 1.75044397e-06  1.80000000e+00  1.80402881e+00 
 1.75068292e-06  1.80000000e+00  1.80276313e+00 
 1.75094429e-06  1.80000000e+00  1.80348635e+00 
 1.75138129e-06  1.80000000e+00  1.80642584e+00 
 1.75185091e-06  1.80000000e+00  1.80380235e+00 
 1.75235761e-06  1.80000000e+00  1.80151239e+00 
 1.75302046e-06  1.80000000e+00  1.79999625e+00 
 1.75376728e-06  1.80000000e+00  1.79963177e+00 
 1.75440035e-06  1.80000000e+00  1.80025724e+00 
 1.75506144e-06  1.80000000e+00  1.80056943e+00 
 1.75577301e-06  1.80000000e+00  1.80118252e+00 
 1.75672009e-06  1.80000000e+00  1.80166633e+00 
 1.75759264e-06  1.80000000e+00  1.80161780e+00 
 1.75843593e-06  1.80000000e+00  1.80127810e+00 
 1.75934326e-06  1.80000000e+00  1.80108386e+00 
 1.76076971e-06  1.80000000e+00  1.80078760e+00 
 1.76216411e-06  1.80000000e+00  1.80057201e+00 
 1.76491425e-06  1.80000000e+00  1.80028398e+00 
 1.76839992e-06  1.80000000e+00  1.80012381e+00 
 1.77537126e-06  1.80000000e+00  1.80000701e+00 
 1.78818063e-06  1.80000000e+00  1.80000168e+00 
 1.80933938e-06  1.80000000e+00  1.79999680e+00 
 1.85165689e-06  1.80000000e+00  1.80000339e+00 
 1.93416698e-06  1.80000000e+00  1.79999639e+00 
 2.00000000e-06  1.80000000e+00  1.80000363e+00 
 2.00001000e-06  1.62000000e+00  1.79873297e+00 
 2.00003000e-06  1.26000000e+00  1.79642610e+00 
 2.00007000e-06  5.40000000e-01  1.79304480e+00 
 2.00010000e-06  3.67639252e-12  1.79130655e+00 
 2.00010800e-06  0.00000000e+00  1.79191679e+00 
 2.00012400e-06  0.00000000e+00  1.79313443e+00 
 2.00015600e-06  0.00000000e+00  1.79498072e+00 
 2.00022000e-06  0.00000000e+00  1.79723490e+00 
 2.00033683e-06  0.00000000e+00  1.79951864e+00 
 2.00049960e-06  0.00000000e+00  1.80085254e+00 
 2.00082514e-06  0.00000000e+00  1.80191442e+00 
 2.00128247e-06  0.00000000e+00  1.80183921e+00 
 2.00175749e-06  0.00000000e+00  1.80043588e+00 
 2.00218783e-06  0.00000000e+00  1.79821108e+00 
 2.00268179e-06  0.00000000e+00  1.79842069e+00 
 2.00328956e-06  0.00000000e+00  1.79872064e+00 
 2.00391397e-06  0.00000000e+00  1.79761547e+00 
 2.00441408e-06  0.00000000e+00  1.79906660e+00 
 2.00498903e-06  0.00000000e+00  1.79984748e+00 
 2.00556468e-06  0.00000000e+00  1.80074628e+00 
 2.00608983e-06  0.00000000e+00  1.80092382e+00 
 2.00670333e-06  0.00000000e+00  1.80062480e+00 
 2.00755901e-06  0.00000000e+00  1.80039341e+00 
 2.00842590e-06  0.00000000e+00  1.80019879e+00 
 2.00973361e-06  0.00000000e+00  1.80018473e+00 
 2.01070600e-06  0.00000000e+00  1.80014711e+00 
 2.01173481e-06  0.00000000e+00  1.80043505e+00 
 2.01284361e-06  0.00000000e+00  1.80044260e+00 
 2.01369062e-06  0.00000000e+00  1.79989293e+00 
 2.01451665e-06  0.00000000e+00  1.79890499e+00 
 2.01547023e-06  0.00000000e+00  1.79869641e+00 
 2.01645454e-06  0.00000000e+00  1.79985535e+00 
 2.01745985e-06  0.00000000e+00  1.79797857e+00 
 2.01853195e-06  0.00000000e+00  1.79744346e+00 
 2.01963540e-06  0.00000000e+00  1.79832410e+00 
 2.02129801e-06  0.00000000e+00  1.79921665e+00 
 2.02307311e-06  0.00000000e+00  1.79964499e+00 
 2.02662329e-06  0.00000000e+00  1.79990239e+00 
 2.03205299e-06  0.00000000e+00  1.79996060e+00 
 2.04089644e-06  0.00000000e+00  1.79994656e+00 
 2.05670837e-06  0.00000000e+00  1.79998133e+00 
 2.07629847e-06  0.00000000e+00  1.79996568e+00 
 2.09528322e-06  0.00000000e+00  1.79999444e+00 
 2.10966959e-06  0.00000000e+00  1.80019901e+00 
 2.12062402e-06  0.00000000e+00  1.79940917e+00 
 2.13066116e-06  0.00000000e+00  1.80066552e+00 
 2.14019058e-06  0.00000000e+00  1.79932720e+00 
 2.14947675e-06  0.00000000e+00  1.80057458e+00 
 2.15942264e-06  0.00000000e+00  1.79947823e+00 
 2.17003642e-06  0.00000000e+00  1.80042680e+00 
 2.18249757e-06  0.00000000e+00  1.79961172e+00 
 2.19683255e-06  0.00000000e+00  1.80032112e+00 
 2.21383027e-06  0.00000000e+00  1.79970172e+00 
 2.23196486e-06  0.00000000e+00  1.80024750e+00 
 2.25010000e-06  0.00000000e+00  1.79977343e+00 
 2.25011000e-06  1.80000000e-01  1.80034527e+00 
 2.25013000e-06  5.40000000e-01  1.80192530e+00 
 2.25017000e-06  1.26000000e+00  1.80546778e+00 
 2.25020000e-06  1.80000000e+00  1.80788826e+00 
 2.25020788e-06  1.80000000e+00  1.80764136e+00 
 2.25022363e-06  1.80000000e+00  1.80710920e+00 
 2.25025513e-06  1.80000000e+00  1.80625457e+00 
 2.25031813e-06  1.80000000e+00  1.80512181e+00 
 2.25044414e-06  1.80000000e+00  1.80379402e+00 
 2.25068457e-06  1.80000000e+00  1.80267921e+00 
 2.25094485e-06  1.80000000e+00  1.80346291e+00 
 2.25138126e-06  1.80000000e+00  1.80645007e+00 
 2.25185093e-06  1.80000000e+00  1.80393336e+00 
 2.25235777e-06  1.80000000e+00  1.80188760e+00 
 2.25302221e-06  1.80000000e+00  1.80092124e+00 
 2.25378089e-06  1.80000000e+00  1.79985533e+00 
 2.25438867e-06  1.80000000e+00  1.79888582e+00 
 2.25504446e-06  1.80000000e+00  1.79817491e+00 
 2.25570874e-06  1.80000000e+00  1.79826124e+00 
 2.25667052e-06  1.80000000e+00  1.79851708e+00 
 2.25761267e-06  1.80000000e+00  1.79882435e+00 
 2.25919264e-06  1.80000000e+00  1.79918261e+00 
 2.26144523e-06  1.80000000e+00  1.79953465e+00 
 2.26555789e-06  1.80000000e+00  1.79983267e+00 
 2.27277983e-06  1.80000000e+00  1.79999118e+00 
 2.28469973e-06  1.80000000e+00  1.79999790e+00 
 2.30666224e-06  1.80000000e+00  1.80000283e+00 
 2.34393868e-06  1.80000000e+00  1.79999552e+00 
 2.37449042e-06  1.80000000e+00  1.79995533e+00 
 2.40488804e-06  1.80000000e+00  1.80061086e+00 
 2.41960414e-06  1.80000000e+00  1.79975347e+00 
 2.43386519e-06  1.80000000e+00  1.80014978e+00 
 2.44873950e-06  1.80000000e+00  1.79987453e+00 
 2.46283290e-06  1.80000000e+00  1.80011731e+00 
 2.48075019e-06  1.80000000e+00  1.79988517e+00 
 2.50000000e-06  1.80000000e+00  1.80011280e+00 
 2.50001000e-06  1.62000000e+00  1.79882547e+00 
 2.50003000e-06  1.26000000e+00  1.79649464e+00 
 2.50007000e-06  5.40000000e-01  1.79309498e+00 
 2.50010000e-06  3.67639252e-12  1.79134284e+00 
 2.50010800e-06  0.00000000e+00  1.79195059e+00 
 2.50012400e-06  0.00000000e+00  1.79316100e+00 
 2.50015600e-06  0.00000000e+00  1.79499794e+00 
 2.50022000e-06  0.00000000e+00  1.79724221e+00 
 2.50033687e-06  0.00000000e+00  1.79951815e+00 
 2.50049976e-06  0.00000000e+00  1.80084742e+00 
 2.50082554e-06  0.00000000e+00  1.80190620e+00 
 2.50128588e-06  0.00000000e+00  1.80181156e+00 
 2.50176234e-06  0.00000000e+00  1.80041037e+00 
 2.50218362e-06  0.00000000e+00  1.79816041e+00 
 2.50265055e-06  0.00000000e+00  1.79772696e+00 
 2.50332783e-06  0.00000000e+00  1.79821647e+00 
 2.50395752e-06  0.00000000e+00  1.79865847e+00 
 2.50484563e-06  0.00000000e+00  1.79912182e+00 
 2.50564607e-06  0.00000000e+00  1.79934519e+00 
 2.50673422e-06  0.00000000e+00  1.79951915e+00 
 2.50751497e-06  0.00000000e+00  1.79967703e+00 
 2.50835500e-06  0.00000000e+00  1.79972074e+00 
 2.50916236e-06  0.00000000e+00  1.79978978e+00 
 2.51010194e-06  0.00000000e+00  1.79980785e+00 
 2.51115203e-06  0.00000000e+00  1.79985356e+00 
 2.51230460e-06  0.00000000e+00  1.79985910e+00 
 2.51460974e-06  0.00000000e+00  1.79989881e+00 
 2.51922003e-06  0.00000000e+00  1.79991108e+00 
 2.52816338e-06  0.00000000e+00  1.79994754e+00 
 2.54605007e-06  0.00000000e+00  1.79995665e+00 
 2.58182345e-06  0.00000000e+00  1.79998596e+00 
 2.65337022e-06  0.00000000e+00  1.79998326e+00 
 2.75010000e-06  0.00000000e+00  1.80000036e+00 
 2.75011000e-06  1.80000000e-01  1.80064418e+00 
 2.75013000e-06  5.40000000e-01  1.80232318e+00 
 2.75017000e-06  1.26000000e+00  1.80592026e+00 
 2.75020000e-06  1.80000000e+00  1.80833175e+00 
 2.75020787e-06  1.80000000e+00  1.80806687e+00 
 2.75022362e-06  1.80000000e+00  1.80750074e+00 
 2.75025512e-06  1.80000000e+00  1.80660313e+00 
 2.75031811e-06  1.80000000e+00  1.80543243e+00 
 2.75044408e-06  1.80000000e+00  1.80402596e+00 
 2.75068306e-06  1.80000000e+00  1.80276535e+00 
 2.75094338e-06  1.80000000e+00  1.80348831e+00 
 2.75137949e-06  1.80000000e+00  1.80643157e+00 
 2.75184899e-06  1.80000000e+00  1.80381679e+00 
 2.75235455e-06  1.80000000e+00  1.80152306e+00 
 2.75301842e-06  1.80000000e+00  1.79999379e+00 
 2.75375936e-06  1.80000000e+00  1.79963498e+00 
 2.75439342e-06  1.80000000e+00  1.80026191e+00 
 2.75505342e-06  1.80000000e+00  1.80057025e+00 
 2.75576208e-06  1.80000000e+00  1.80118366e+00 
 2.75670607e-06  1.80000000e+00  1.80166516e+00 
 2.75757832e-06  1.80000000e+00  1.80162125e+00 
 2.75842421e-06  1.80000000e+00  1.80127870e+00 
 2.75933131e-06  1.80000000e+00  1.80108550e+00 
 2.76075283e-06  1.80000000e+00  1.80078877e+00 
 2.76214773e-06  1.80000000e+00  1.80057373e+00 
 2.76488776e-06  1.80000000e+00  1.80028488e+00 
 2.76836185e-06  1.80000000e+00  1.80012526e+00 
 2.77531005e-06  1.80000000e+00  1.80000683e+00 
 2.78786665e-06  1.80000000e+00  1.80000219e+00 
 2.80865544e-06  1.80000000e+00  1.79999630e+00 
 2.85023301e-06  1.80000000e+00  1.80000387e+00 
 2.93042289e-06  1.80000000e+00  1.79999591e+00 
 3.00000000e-06  1.80000000e+00  1.80000410e+00 
 3.00001000e-06  1.62000000e+00  1.79873779e+00 
 3.00003000e-06  1.26000000e+00  1.79644579e+00 
 3.00007000e-06  5.40000000e-01  1.79307445e+00 
 3.00010000e-06  3.67639252e-12  1.79132902e+00 
 3.00010800e-06  0.00000000e+00  1.79193904e+00 
 3.00012400e-06  0.00000000e+00  1.79315380e+00 
 3.00015600e-06  0.00000000e+00  1.79499356e+00 
 3.00022000e-06  0.00000000e+00  1.79724041e+00 
 3.00033684e-06  0.00000000e+00  1.79951979e+00 
 3.00049962e-06  0.00000000e+00  1.80085237e+00 
 3.00082518e-06  0.00000000e+00  1.80191375e+00 
 3.00128293e-06  0.00000000e+00  1.80183856e+00 
 3.00175819e-06  0.00000000e+00  1.80042890e+00 
 3.00218815e-06  0.00000000e+00  1.79820900e+00 
 3.00268334e-06  0.00000000e+00  1.79844162e+00 
 3.00329574e-06  0.00000000e+00  1.79867968e+00 
 3.00392371e-06  0.00000000e+00  1.79763969e+00 
 3.00442587e-06  0.00000000e+00  1.79910338e+00 
 3.00500156e-06  0.00000000e+00  1.79986173e+00 
 3.00556811e-06  0.00000000e+00  1.80075959e+00 
 3.00609079e-06  0.00000000e+00  1.80091477e+00 
 3.00669733e-06  0.00000000e+00  1.80062925e+00 
 3.00754351e-06  0.00000000e+00  1.80039092e+00 
 3.00841485e-06  0.00000000e+00  1.80020283e+00 
 3.00971865e-06  0.00000000e+00  1.80017951e+00 
 3.01067873e-06  0.00000000e+00  1.80014692e+00 
 3.01170172e-06  0.00000000e+00  1.80042078e+00 
 3.01280967e-06  0.00000000e+00  1.80046329e+00 
 3.01366622e-06  0.00000000e+00  1.79992138e+00 
 3.01450714e-06  0.00000000e+00  1.79892450e+00 
 3.01546623e-06  0.00000000e+00  1.79868830e+00 
 3.01645501e-06  0.00000000e+00  1.79985170e+00 
 3.01747498e-06  0.00000000e+00  1.79795604e+00 
 3.01867319e-06  0.00000000e+00  1.79747424e+00 
 3.01975866e-06  0.00000000e+00  1.79841429e+00 
 3.02145846e-06  0.00000000e+00  1.79927088e+00 
 3.02326864e-06  0.00000000e+00  1.79967155e+00 
 3.02631436e-06  0.00000000e+00  1.79990069e+00 
 3.02997615e-06  0.00000000e+00  1.80002124e+00 
 3.03356856e-06  0.00000000e+00  1.80119761e+00 
 3.03634878e-06  0.00000000e+00  1.79870750e+00 
 3.03850921e-06  0.00000000e+00  1.79968326e+00 
 3.04024030e-06  0.00000000e+00  1.79967225e+00 
 3.04215183e-06  0.00000000e+00  1.79997557e+00 
 3.04524673e-06  0.00000000e+00  1.79987412e+00 
 3.04872866e-06  0.00000000e+00  1.80001817e+00 
 3.05413539e-06  0.00000000e+00  1.79991935e+00 
 3.05938711e-06  0.00000000e+00  1.80001224e+00 
 3.06989056e-06  0.00000000e+00  1.79993672e+00 
 3.08246437e-06  0.00000000e+00  1.80001484e+00 
 3.10198004e-06  0.00000000e+00  1.79994910e+00 
 3.13115989e-06  0.00000000e+00  1.80002018e+00 
 3.17169424e-06  0.00000000e+00  1.79995822e+00 
 3.23437226e-06  0.00000000e+00  1.80002494e+00 
 3.25010000e-06  0.00000000e+00  1.79996391e+00 
 3.25011000e-06  1.80000000e-01  1.80055544e+00 
 3.25013000e-06  5.40000000e-01  1.80219051e+00 
 3.25017000e-06  1.26000000e+00  1.80583272e+00 
 3.25020000e-06  1.80000000e+00  1.80827167e+00 
 3.25020788e-06  1.80000000e+00  1.80802724e+00 
 3.25022364e-06  1.80000000e+00  1.80749531e+00 
 3.25025515e-06  1.80000000e+00  1.80662562e+00 
 3.25031818e-06  1.80000000e+00  1.80544039e+00 
 3.25044424e-06  1.80000000e+00  1.80399938e+00 
 3.25068459e-06  1.80000000e+00  1.80273898e+00 
 3.25094416e-06  1.80000000e+00  1.80347397e+00 
 3.25137994e-06  1.80000000e+00  1.80644861e+00 
 3.25184954e-06  1.80000000e+00  1.80393755e+00 
 3.25235552e-06  1.80000000e+00  1.80188909e+00 
 3.25302050e-06  1.80000000e+00  1.80092395e+00 
 3.25377833e-06  1.80000000e+00  1.79985995e+00 
 3.25438205e-06  1.80000000e+00  1.79889317e+00 
 3.25503601e-06  1.80000000e+00  1.79817422e+00 
 3.25569875e-06  1.80000000e+00  1.79825746e+00 
 3.25665751e-06  1.80000000e+00  1.79851310e+00 
 3.25759351e-06  1.80000000e+00  1.79881875e+00 
 3.25916748e-06  1.80000000e+00  1.79917806e+00 
 3.26141400e-06  1.80000000e+00  1.79953094e+00 
 3.26548127e-06  1.80000000e+00  1.79982942e+00 
 3.27264529e-06  1.80000000e+00  1.79999005e+00 
 3.28440615e-06  1.80000000e+00  1.79999824e+00 
 3.30605330e-06  1.80000000e+00  1.80000269e+00 
 3.34272870e-06  1.80000000e+00  1.79999685e+00 
 3.41103226e-06  1.80000000e+00  1.80000314e+00 
 3.50000000e-06  1.80000000e+00  1.79999670e+00 
 3.50001000e-06  1.62000000e+00  1.79875403e+00 
 3.50003000e-06  1.26000000e+00  1.79649308e+00 
 3.50007000e-06  5.40000000e-01  1.79309557e+00 
 3.50010000e-06  3.67639252e-12  1.79130069e+00 
 3.50010800e-06  0.00000000e+00  1.79187922e+00 
 3.50012400e-06  0.00000000e+00  1.79304944e+00 
 3.50015600e-06  0.00000000e+00  1.79488373e+00 
 3.50022000e-06  0.00000000e+00  1.79719834e+00 
 3.50033687e-06  0.00000000e+00  1.79956391e+00 
 3.50049969e-06  0.00000000e+00  1.80094117e+00 
 3.50082534e-06  0.00000000e+00  1.80197844e+00 
 3.50128255e-06  0.00000000e+00  1.80136556e+00 
 3.50175753e-06  0.00000000e+00  1.79956850e+00 
 3.50218751e-06  0.00000000e+00  1.79815349e+00 
 3.50268356e-06  0.00000000e+00  1.79916021e+00 
 3.50323094e-06  0.00000000e+00  1.80001442e+00 
 3.50382056e-06  0.00000000e+00  1.80003644e+00 
 3.50442309e-06  0.00000000e+00  1.79997288e+00 
 3.50508490e-06  0.00000000e+00  1.80000894e+00 
 3.50616187e-06  0.00000000e+00  1.79982221e+00 
 3.50719521e-06  0.00000000e+00  1.79993416e+00 
 3.50818341e-06  0.00000000e+00  1.79991375e+00 
 3.50930837e-06  0.00000000e+00  1.79990532e+00 
 3.51036413e-06  0.00000000e+00  1.79989115e+00 
 3.51157897e-06  0.00000000e+00  1.79989909e+00 
 3.51288797e-06  0.00000000e+00  1.79989225e+00 
 3.51550598e-06  0.00000000e+00  1.79990932e+00 
 3.52039554e-06  0.00000000e+00  1.79991849e+00 
 3.52859361e-06  0.00000000e+00  1.79994642e+00 
 3.54498974e-06  0.00000000e+00  1.79995840e+00 
 3.57778201e-06  0.00000000e+00  1.79998240e+00 
 3.64336655e-06  0.00000000e+00  1.79998489e+00 
 3.75010000e-06  0.00000000e+00  1.79999795e+00 
 3.75011000e-06  1.80000000e-01  1.80063103e+00 
 3.75013000e-06  5.40000000e-01  1.80229090e+00 
 3.75017000e-06  1.26000000e+00  1.80587510e+00 
 3.75020000e-06  1.80000000e+00  1.80828124e+00 
 3.75020787e-06  1.80000000e+00  1.80803705e+00 
 3.75022362e-06  1.80000000e+00  1.80750494e+00 
 3.75025512e-06  1.80000000e+00  1.80663432e+00 
 3.75031811e-06  1.80000000e+00  1.80544712e+00 
 3.75044410e-06  1.80000000e+00  1.80400909e+00 
 3.75068313e-06  1.80000000e+00  1.80274927e+00 
 3.75094287e-06  1.80000000e+00  1.80347624e+00 
 3.75137852e-06  1.80000000e+00  1.80646661e+00 
 3.75184800e-06  1.80000000e+00  1.80397031e+00 
 3.75235301e-06  1.80000000e+00  1.80190531e+00 
 3.75302038e-06  1.80000000e+00  1.80105231e+00 
 3.75376777e-06  1.80000000e+00  1.80022885e+00 
 3.75439594e-06  1.80000000e+00  1.79924222e+00 
 3.75505569e-06  1.80000000e+00  1.79822869e+00 
 3.75576876e-06  1.80000000e+00  1.79815605e+00 
 3.75671277e-06  1.80000000e+00  1.79845517e+00 
 3.75758393e-06  1.80000000e+00  1.79871940e+00 
 3.75924790e-06  1.80000000e+00  1.79915264e+00 
 3.76142517e-06  1.80000000e+00  1.79948735e+00 
 3.76554278e-06  1.80000000e+00  1.79983289e+00 
 3.77270769e-06  1.80000000e+00  1.79997795e+00 
 3.78428751e-06  1.80000000e+00  1.80000941e+00 
 3.80586331e-06  1.80000000e+00  1.79999158e+00 
 3.84176223e-06  1.80000000e+00  1.80000786e+00 
 3.90883524e-06  1.80000000e+00  1.79999215e+00 
 4.00000000e-06  1.80000000e+00  1.80000766e+00 
 4.00001000e-06  1.62000000e+00  1.79876508e+00 
 4.00003000e-06  1.26000000e+00  1.79650786e+00 
 4.00007000e-06  5.40000000e-01  1.79310676e+00 
 4.00010000e-06  0.00000000e+00  1.79130709e+00 
 4.00010800e-06  0.00000000e+00  1.79188432e+00 
 4.00012400e-06  0.00000000e+00  1.79305265e+00 
 4.00015600e-06  0.00000000e+00  1.79488363e+00 
 4.00022000e-06  0.00000000e+00  1.79719862e+00 
 4.00033683e-06  0.00000000e+00  1.79956651e+00 
 4.00049961e-06  0.00000000e+00  1.80094375e+00 
 4.00082518e-06  0.00000000e+00  1.80197711e+00 
 4.00128246e-06  0.00000000e+00  1.80135330e+00 
 4.00175745e-06  0.00000000e+00  1.79956398e+00 
 4.00218727e-06  0.00000000e+00  1.79816846e+00 
 4.00268210e-06  0.00000000e+00  1.79907598e+00 
 4.00328664e-06  0.00000000e+00  1.79988459e+00 
 4.00390882e-06  0.00000000e+00  1.80001347e+00 
 4.00440477e-06  0.00000000e+00  1.80000066e+00 
 4.00498326e-06  0.00000000e+00  1.80006018e+00 
 4.00556567e-06  0.00000000e+00  1.79999591e+00 
 4.00609453e-06  0.00000000e+00  1.79998171e+00 
 4.00671324e-06  0.00000000e+00  1.79993457e+00 
 4.00757393e-06  0.00000000e+00  1.79991669e+00 
 4.00843966e-06  0.00000000e+00  1.79991047e+00 
 4.00998845e-06  0.00000000e+00  1.79999835e+00 
 4.01143183e-06  0.00000000e+00  1.80024084e+00 
 4.01279868e-06  0.00000000e+00  1.80042376e+00 
 4.01388491e-06  0.00000000e+00  1.79969909e+00 
 4.01492735e-06  0.00000000e+00  1.79862958e+00 
 4.01602670e-06  0.00000000e+00  1.79944706e+00 
 4.01707070e-06  0.00000000e+00  1.79843995e+00 
 4.01818594e-06  0.00000000e+00  1.79734831e+00 
 4.01937525e-06  0.00000000e+00  1.79819170e+00 
 4.02105345e-06  0.00000000e+00  1.79921822e+00 
 4.02273602e-06  0.00000000e+00  1.79956999e+00 
 4.02610115e-06  0.00000000e+00  1.79993588e+00 
 4.03156245e-06  0.00000000e+00  1.79991377e+00 
 4.04086989e-06  0.00000000e+00  1.79999134e+00 
 4.05125531e-06  0.00000000e+00  1.79987058e+00 
 4.06092753e-06  0.00000000e+00  1.80000019e+00 
 4.07180655e-06  0.00000000e+00  1.80007006e+00 
 4.07933493e-06  0.00000000e+00  1.79987197e+00 
 4.08633534e-06  0.00000000e+00  1.80009504e+00 
 4.09455207e-06  0.00000000e+00  1.79988162e+00 
 4.10287605e-06  0.00000000e+00  1.80007622e+00 
 4.11093435e-06  0.00000000e+00  1.79990623e+00 
 4.12705096e-06  0.00000000e+00  1.80007257e+00 
 4.14314162e-06  0.00000000e+00  1.80001570e+00 
 4.15263020e-06  0.00000000e+00  1.79972883e+00 
 4.16190025e-06  0.00000000e+00  1.80028138e+00 
 4.17023729e-06  0.00000000e+00  1.79970839e+00 
 4.17926942e-06  0.00000000e+00  1.80024707e+00 
 4.19396171e-06  0.00000000e+00  1.79974955e+00 
 4.20998413e-06  0.00000000e+00  1.80022073e+00 
 4.23674717e-06  0.00000000e+00  1.79977220e+00 
 4.25010000e-06  6.67038446e-12  1.80020002e+00 
 4.25011000e-06  1.80000000e-01  1.80081949e+00 
 4.25013000e-06  5.40000000e-01  1.80244683e+00 
 4.25017000e-06  1.26000000e+00  1.80596565e+00 
 4.25020000e-06  1.80000000e+00  1.80834285e+00 
 4.25020792e-06  1.80000000e+00  1.80809553e+00 
 4.25022376e-06  1.80000000e+00  1.80756037e+00 
 4.25025544e-06  1.80000000e+00  1.80669053e+00 
 4.25031879e-06  1.80000000e+00  1.80549837e+00 
 4.25044550e-06  1.80000000e+00  1.80403555e+00 
 4.25068549e-06  1.80000000e+00  1.80275317e+00 
 4.25094508e-06  1.80000000e+00  1.80348065e+00 
 4.25138024e-06  1.80000000e+00  1.80644234e+00 
 4.25184936e-06  1.80000000e+00  1.80393285e+00 
 4.25235579e-06  1.80000000e+00  1.80188147e+00 
 4.25302009e-06  1.80000000e+00  1.80091447e+00 
 4.25378025e-06  1.80000000e+00  1.79984442e+00 
 4.25438446e-06  1.80000000e+00  1.79888120e+00 
 4.25503934e-06  1.80000000e+00  1.79816983e+00 
 4.25570276e-06  1.80000000e+00  1.79825626e+00 
 4.25666275e-06  1.80000000e+00  1.79851341e+00 
 4.25759907e-06  1.80000000e+00  1.79881919e+00 
 4.25917627e-06  1.80000000e+00  1.79917908e+00 
 4.26142239e-06  1.80000000e+00  1.79953135e+00 
 4.26548487e-06  1.80000000e+00  1.79982948e+00 
 4.27261065e-06  1.80000000e+00  1.79998950e+00 
 4.28429904e-06  1.80000000e+00  1.79999840e+00 
 4.30574424e-06  1.80000000e+00  1.80000256e+00 
 4.34200002e-06  1.80000000e+00  1.79999698e+00 
 4.40974982e-06  1.80000000e+00  1.80000302e+00 
 4.50000000e-06  1.80000000e+00  1.79999683e+00 
 4.50001000e-06  1.62000000e+00  1.79875865e+00 
 4.50003000e-06  1.26000000e+00  1.79651194e+00 
 4.50007000e-06  5.40000000e-01  1.79311875e+00 
 4.50010000e-06  0.00000000e+00  1.79131873e+00 
 4.50010800e-06  0.00000000e+00  1.79189317e+00 
 4.50012400e-06  0.00000000e+00  1.79305664e+00 
 4.50015600e-06  0.00000000e+00  1.79488055e+00 
 4.50022000e-06  0.00000000e+00  1.79719041e+00 
 4.50033687e-06  0.00000000e+00  1.79956094e+00 
 4.50049969e-06  0.00000000e+00  1.80094257e+00 
 4.50082534e-06  0.00000000e+00  1.80197892e+00 
 4.50128258e-06  0.00000000e+00  1.80136353e+00 
 4.50175757e-06  0.00000000e+00  1.79956682e+00 
 4.50218741e-06  0.00000000e+00  1.79815514e+00 
 4.50268304e-06  0.00000000e+00  1.79916264e+00 
 4.50323227e-06  0.00000000e+00  1.80001491e+00 
 4.50382309e-06  0.00000000e+00  1.80003487e+00 
 4.50442734e-06  0.00000000e+00  1.79997211e+00 
 4.50509060e-06  0.00000000e+00  1.80000821e+00 
 4.50616609e-06  0.00000000e+00  1.79982054e+00 
 4.50720212e-06  0.00000000e+00  1.79993422e+00 
 4.50818794e-06  0.00000000e+00  1.79991439e+00 
 4.50931833e-06  0.00000000e+00  1.79990549e+00 
 4.51036806e-06  0.00000000e+00  1.79989151e+00 
 4.51157678e-06  0.00000000e+00  1.79989919e+00 
 4.51288354e-06  0.00000000e+00  1.79989243e+00 
 4.51549708e-06  0.00000000e+00  1.79990928e+00 
 4.52039221e-06  0.00000000e+00  1.79991856e+00 
 4.52861269e-06  0.00000000e+00  1.79994642e+00 
 4.54505366e-06  0.00000000e+00  1.79995851e+00 
 4.57793561e-06  0.00000000e+00  1.79998240e+00 
 4.64369950e-06  0.00000000e+00  1.79998497e+00 
 4.75010000e-06  6.67038446e-12  1.79999790e+00 
 4.75011000e-06  1.80000000e-01  1.80062895e+00 
 4.75013000e-06  5.40000000e-01  1.80228388e+00 
 4.75017000e-06  1.26000000e+00  1.80585781e+00 
 4.75020000e-06  1.80000000e+00  1.80825395e+00 
 4.75020787e-06  1.80000000e+00  1.80801350e+00 
 4.75022362e-06  1.80000000e+00  1.80748885e+00 
 4.75025512e-06  1.80000000e+00  1.80662809e+00 
 4.75031812e-06  1.80000000e+00  1.80545031e+00 
 4.75044411e-06  1.80000000e+00  1.80401221e+00 
 4.75068315e-06  1.80000000e+00  1.80274980e+00 
 4.75094256e-06  1.80000000e+00  1.80347660e+00 
 4.75137794e-06  1.80000000e+00  1.80646863e+00 
 4.75184737e-06  1.80000000e+00  1.80397669e+00 
 4.75235201e-06  1.80000000e+00  1.80190747e+00 
 4.75301957e-06  1.80000000e+00  1.80105340e+00 
 4.75376602e-06  1.80000000e+00  1.80022861e+00 
 4.75439418e-06  1.80000000e+00  1.79924164e+00 
 4.75505367e-06  1.80000000e+00  1.79822968e+00 
 4.75576630e-06  1.80000000e+00  1.79815618e+00 
 4.75670945e-06  1.80000000e+00  1.79845482e+00 
 4.75758078e-06  1.80000000e+00  1.79871882e+00 
 4.75924174e-06  1.80000000e+00  1.79915197e+00 
 4.76141868e-06  1.80000000e+00  1.79948659e+00 
 4.76551125e-06  1.80000000e+00  1.79983157e+00 
 4.77263585e-06  1.80000000e+00  1.79997711e+00 
 4.78411863e-06  1.80000000e+00  1.80000966e+00 
 4.80547000e-06  1.80000000e+00  1.79999135e+00 
 4.84094993e-06  1.80000000e+00  1.80000808e+00 
 4.90738925e-06  1.80000000e+00  1.79999193e+00 
 5.00000000e-06  1.80000000e+00  1.80000788e+00 
 5.00001000e-06  1.62000000e+00  1.79877008e+00 
 5.00003000e-06  1.26000000e+00  1.79652548e+00 
 5.00007000e-06  5.40000000e-01  1.79312784e+00 
 5.00010000e-06  0.00000000e+00  1.79132359e+00 
 5.00010800e-06  0.00000000e+00  1.79189692e+00 
 5.00012400e-06  0.00000000e+00  1.79305866e+00 
 5.00015600e-06  0.00000000e+00  1.79487986e+00 
 5.00022000e-06  0.00000000e+00  1.79719035e+00 
 5.00033683e-06  0.00000000e+00  1.79956315e+00 
 5.00049961e-06  0.00000000e+00  1.80094476e+00 
 5.00082518e-06  0.00000000e+00  1.80197768e+00 
 5.00128247e-06  0.00000000e+00  1.80135222e+00 
 5.00175746e-06  0.00000000e+00  1.79956300e+00 
 5.00218714e-06  0.00000000e+00  1.79816862e+00 
 5.00268188e-06  0.00000000e+00  1.79907520e+00 
 5.00328644e-06  0.00000000e+00  1.79988490e+00 
 5.00390860e-06  0.00000000e+00  1.80001382e+00 
 5.00440458e-06  0.00000000e+00  1.80000047e+00 
 5.00498311e-06  0.00000000e+00  1.80006023e+00 
 5.00556568e-06  0.00000000e+00  1.79999576e+00 
 5.00609460e-06  0.00000000e+00  1.79998173e+00 
 5.00671342e-06  0.00000000e+00  1.79993441e+00 
 5.00757425e-06  0.00000000e+00  1.79991676e+00 
 5.00843995e-06  0.00000000e+00  1.79991037e+00 
 5.00998897e-06  0.00000000e+00  1.79999851e+00 
 5.01143248e-06  0.00000000e+00  1.80024092e+00 
 5.01279892e-06  0.00000000e+00  1.80042448e+00 
 5.01388428e-06  0.00000000e+00  1.79970136e+00 
 5.01492524e-06  0.00000000e+00  1.79863212e+00 
 5.01602474e-06  0.00000000e+00  1.79944136e+00 
 5.01706824e-06  0.00000000e+00  1.79844169e+00 
 5.01818405e-06  0.00000000e+00  1.79734164e+00 
 5.01937318e-06  0.00000000e+00  1.79818347e+00 
 5.02105203e-06  0.00000000e+00  1.79920744e+00 
 5.02273375e-06  0.00000000e+00  1.79954329e+00 
 5.02609718e-06  0.00000000e+00  1.79982727e+00 
 5.03007577e-06  0.00000000e+00  1.79986199e+00 
 5.03604910e-06  0.00000000e+00  1.80000556e+00 
 5.04193056e-06  0.00000000e+00  1.80004778e+00 
 5.04772199e-06  0.00000000e+00  1.79998424e+00 
 5.05346159e-06  0.00000000e+00  1.79989150e+00 
 5.05924144e-06  0.00000000e+00  1.80006996e+00 
 5.06549631e-06  0.00000000e+00  1.79989532e+00 
 5.07219601e-06  0.00000000e+00  1.80005150e+00 
 5.07848224e-06  0.00000000e+00  1.79990625e+00 
 5.08608760e-06  0.00000000e+00  1.80004833e+00 
 5.09855272e-06  0.00000000e+00  1.79991624e+00 
 5.11618663e-06  0.00000000e+00  1.80005033e+00 
 5.14801177e-06  0.00000000e+00  1.79992454e+00 
 5.19909172e-06  0.00000000e+00  1.80005560e+00 
 5.25010000e-06  6.67038446e-12  1.79993043e+00 
 5.25011000e-06  1.80000000e-01  1.80058576e+00 
 5.25013000e-06  5.40000000e-01  1.80227885e+00 
 5.25017000e-06  1.26000000e+00  1.80586546e+00 
 5.25020000e-06  1.80000000e+00  1.80824479e+00 
 5.25020788e-06  1.80000000e+00  1.80798584e+00 
 5.25022364e-06  1.80000000e+00  1.80743249e+00 
 5.25025515e-06  1.80000000e+00  1.80655826e+00 
 5.25031818e-06  1.80000000e+00  1.80541680e+00 
 5.25044424e-06  1.80000000e+00  1.80402410e+00 
 5.25068460e-06  1.80000000e+00  1.80276136e+00 
 5.25094350e-06  1.80000000e+00  1.80348920e+00 
 5.25137878e-06  1.80000000e+00  1.80641552e+00 
 5.25184826e-06  1.80000000e+00  1.80378091e+00 
 5.25235350e-06  1.80000000e+00  1.80146661e+00 
 5.25301925e-06  1.80000000e+00  1.80033536e+00 
 5.25372834e-06  1.80000000e+00  1.80013564e+00 
 5.25439908e-06  1.80000000e+00  1.80014877e+00 
 5.25508502e-06  1.80000000e+00  1.80001524e+00 
 5.25577531e-06  1.80000000e+00  1.80002616e+00 
 5.25674294e-06  1.80000000e+00  1.80001935e+00 
 5.25786488e-06  1.80000000e+00  1.80001394e+00 
 5.25939387e-06  1.80000000e+00  1.80001180e+00 
 5.26183314e-06  1.80000000e+00  1.80000412e+00 
 5.26600300e-06  1.80000000e+00  1.80000342e+00 
 5.27294821e-06  1.80000000e+00  1.79999835e+00 
 5.28472972e-06  1.80000000e+00  1.80000154e+00 
 5.30497420e-06  1.80000000e+00  1.79999823e+00 
 5.33936757e-06  1.80000000e+00  1.80000165e+00 
 5.40222171e-06  1.80000000e+00  1.79999824e+00 
 5.50000000e-06  1.80000000e+00  1.80000169e+00 
 5.50001000e-06  1.62000000e+00  1.79874738e+00 
 5.50003000e-06  1.26000000e+00  1.79648777e+00 
 5.50007000e-06  5.40000000e-01  1.79312552e+00 
 5.50010000e-06  0.00000000e+00  1.79136666e+00 
 5.50010800e-06  0.00000000e+00  1.79196789e+00 
 5.50012400e-06  0.00000000e+00  1.79316937e+00 
 5.50015600e-06  0.00000000e+00  1.79498897e+00 
 5.50022000e-06  0.00000000e+00  1.79722553e+00 
 5.50033687e-06  0.00000000e+00  1.79951376e+00 
 5.50049975e-06  0.00000000e+00  1.80085781e+00 
 5.50082550e-06  0.00000000e+00  1.80191738e+00 
 5.50128524e-06  0.00000000e+00  1.80180896e+00 
 5.50176136e-06  0.00000000e+00  1.80041352e+00 
 5.50217935e-06  0.00000000e+00  1.79817450e+00 
 5.50264505e-06  0.00000000e+00  1.79773316e+00 
 5.50331638e-06  0.00000000e+00  1.79821640e+00 
 5.50394954e-06  0.00000000e+00  1.79865839e+00 
 5.50473297e-06  0.00000000e+00  1.79907548e+00 
 5.50553540e-06  0.00000000e+00  1.79932640e+00 
 5.50657442e-06  0.00000000e+00  1.79948417e+00 
 5.50734349e-06  0.00000000e+00  1.79965608e+00 
 5.50817072e-06  0.00000000e+00  1.79970685e+00 
 5.50903362e-06  0.00000000e+00  1.79978244e+00 
 5.51003093e-06  0.00000000e+00  1.79980404e+00 
 5.51119151e-06  0.00000000e+00  1.79985387e+00 
 5.51240991e-06  0.00000000e+00  1.79985937e+00 
 5.51484672e-06  0.00000000e+00  1.79990033e+00 
 5.51956526e-06  0.00000000e+00  1.79991145e+00 
 5.52889678e-06  0.00000000e+00  1.79994901e+00 
 5.54755981e-06  0.00000000e+00  1.79995737e+00 
 5.58488589e-06  0.00000000e+00  1.79998708e+00 
 5.65953803e-06  0.00000000e+00  1.79998334e+00 
 5.75010000e-06  6.67038446e-12  1.80000070e+00 
 5.75011000e-06  1.80000000e-01  1.80064051e+00 
 5.75013000e-06  5.40000000e-01  1.80230897e+00 
 5.75017000e-06  1.26000000e+00  1.80587977e+00 
 5.75020000e-06  1.80000000e+00  1.80825934e+00 
 5.75020787e-06  1.80000000e+00  1.80800379e+00 
 5.75022362e-06  1.80000000e+00  1.80745527e+00 
 5.75025512e-06  1.80000000e+00  1.80658089e+00 
 5.75031812e-06  1.80000000e+00  1.80543152e+00 
 5.75044411e-06  1.80000000e+00  1.80403054e+00 
 5.75068312e-06  1.80000000e+00  1.80276664e+00 
 5.75094235e-06  1.80000000e+00  1.80348898e+00 
 5.75137753e-06  1.80000000e+00  1.80644040e+00 
 5.75184692e-06  1.80000000e+00  1.80384215e+00 
 5.75235120e-06  1.80000000e+00  1.80154062e+00 
 5.75301592e-06  1.80000000e+00  1.80000419e+00 
 5.75375924e-06  1.80000000e+00  1.79962805e+00 
 5.75438705e-06  1.80000000e+00  1.80025326e+00 
 5.75504483e-06  1.80000000e+00  1.80056529e+00 
 5.75575606e-06  1.80000000e+00  1.80117492e+00 
 5.75669522e-06  1.80000000e+00  1.80166930e+00 
 5.75756942e-06  1.80000000e+00  1.80162314e+00 
 5.75841649e-06  1.80000000e+00  1.80127485e+00 
 5.75932381e-06  1.80000000e+00  1.80107852e+00 
 5.76073478e-06  1.80000000e+00  1.80079478e+00 
 5.76213049e-06  1.80000000e+00  1.80057618e+00 
 5.76484696e-06  1.80000000e+00  1.80028953e+00 
 5.76831667e-06  1.80000000e+00  1.80012597e+00 
 5.77525607e-06  1.80000000e+00  1.80000802e+00 
 5.78758879e-06  1.80000000e+00  1.80000134e+00 
 5.80811637e-06  1.80000000e+00  1.79999720e+00 
 5.84917154e-06  1.80000000e+00  1.80000305e+00 
 5.92712544e-06  1.80000000e+00  1.79999698e+00 
 6.00000000e-06  1.80000000e+00  1.80000455e+00 
 6.00001000e-06  1.62000000e+00  1.79876769e+00 
 6.00003000e-06  1.26000000e+00  1.79652601e+00 
 6.00007000e-06  5.40000000e-01  1.79313884e+00 
 6.00010000e-06  0.00000000e+00  1.79135915e+00 
 6.00010800e-06  0.00000000e+00  1.79194124e+00 
 6.00012400e-06  0.00000000e+00  1.79311769e+00 
 6.00015600e-06  0.00000000e+00  1.79494470e+00 
 6.00022000e-06  0.00000000e+00  1.79722453e+00 
 6.00033683e-06  0.00000000e+00  1.79953239e+00 
 6.00049960e-06  0.00000000e+00  1.80086312e+00 
 6.00082515e-06  0.00000000e+00  1.80191866e+00 
 6.00128267e-06  0.00000000e+00  1.80180775e+00 
 6.00175777e-06  0.00000000e+00  1.80037171e+00 
 6.00218728e-06  0.00000000e+00  1.79817528e+00 
 6.00268028e-06  0.00000000e+00  1.79842934e+00 
 6.00328898e-06  0.00000000e+00  1.79872208e+00 
 6.00391394e-06  0.00000000e+00  1.79762781e+00 
 6.00441427e-06  0.00000000e+00  1.79907956e+00 
 6.00498946e-06  0.00000000e+00  1.79985932e+00 
 6.00556498e-06  0.00000000e+00  1.80075463e+00 
 6.00609013e-06  0.00000000e+00  1.80092771e+00 
 6.00670349e-06  0.00000000e+00  1.80062792e+00 
 6.00755890e-06  0.00000000e+00  1.80039848e+00 
 6.00842599e-06  0.00000000e+00  1.80021299e+00 
 6.00973131e-06  0.00000000e+00  1.80029961e+00 
 6.01070831e-06  0.00000000e+00  1.80065955e+00 
 6.01173917e-06  0.00000000e+00  1.80169306e+00 
 6.01284752e-06  0.00000000e+00  1.80072374e+00 
 6.01366757e-06  0.00000000e+00  1.80021594e+00 
 6.01445781e-06  0.00000000e+00  1.79798350e+00 
 6.01551661e-06  0.00000000e+00  1.79811105e+00 
 6.01648724e-06  0.00000000e+00  1.79948721e+00 
 6.01753003e-06  0.00000000e+00  1.79756074e+00 
 6.01876168e-06  0.00000000e+00  1.79746754e+00 
 6.01988284e-06  0.00000000e+00  1.79835810e+00 
 6.02169523e-06  0.00000000e+00  1.79938004e+00 
 6.02357616e-06  0.00000000e+00  1.79963405e+00 
 6.02733802e-06  0.00000000e+00  1.79997503e+00 
 6.03163967e-06  0.00000000e+00  1.79989757e+00 
 6.03704406e-06  0.00000000e+00  1.80000218e+00 
 6.04586347e-06  0.00000000e+00  1.79991598e+00 
 6.05504380e-06  0.00000000e+00  1.80001389e+00 
 6.07330269e-06  0.00000000e+00  1.79993196e+00 
 6.10982048e-06  0.00000000e+00  1.80002891e+00 
 6.17293838e-06  0.00000000e+00  1.79994664e+00 
 6.25010000e-06  6.67038446e-12  1.80003766e+00 
 6.25011000e-06  1.80000000e-01  1.80068927e+00 
 6.25013000e-06  5.40000000e-01  1.80235492e+00 
 6.25017000e-06  1.26000000e+00  1.80587760e+00 
 6.25020000e-06  1.80000000e+00  1.80823606e+00 
 6.25020792e-06  1.80000000e+00  1.80799113e+00 
 6.25022376e-06  1.80000000e+00  1.80746029e+00 
 6.25025544e-06  1.80000000e+00  1.80659800e+00 
 6.25031879e-06  1.80000000e+00  1.80542733e+00 
 6.25044550e-06  1.80000000e+00  1.80399374e+00 
 6.25068532e-06  1.80000000e+00  1.80274477e+00 
 6.25094458e-06  1.80000000e+00  1.80348775e+00 
 6.25137942e-06  1.80000000e+00  1.80645919e+00 
 6.25184845e-06  1.80000000e+00  1.80395276e+00 
 6.25235437e-06  1.80000000e+00  1.80189393e+00 
 6.25301894e-06  1.80000000e+00  1.80092972e+00 
 6.25377730e-06  1.80000000e+00  1.79986461e+00 
 6.25437944e-06  1.80000000e+00  1.79890325e+00 
 6.25503288e-06  1.80000000e+00  1.79818044e+00 
 6.25569420e-06  1.80000000e+00  1.79825784e+00 
 6.25665229e-06  1.80000000e+00  1.79851247e+00 
 6.25758404e-06  1.80000000e+00  1.79881617e+00 
 6.25915606e-06  1.80000000e+00  1.79917676e+00 
 6.26139772e-06  1.80000000e+00  1.79952880e+00 
 6.26541366e-06  1.80000000e+00  1.79982677e+00 
 6.27248440e-06  1.80000000e+00  1.79998815e+00 
 6.28401389e-06  1.80000000e+00  1.79999886e+00 
 6.30514540e-06  1.80000000e+00  1.80000212e+00 
 6.34080557e-06  1.80000000e+00  1.79999740e+00 
 6.40768080e-06  1.80000000e+00  1.80000259e+00 
 6.50000000e-06  1.80000000e+00  1.79999726e+00 
 6.50001000e-06  1.62000000e+00  1.79876618e+00 
 6.50003000e-06  1.26000000e+00  1.79653419e+00 
 6.50007000e-06  5.40000000e-01  1.79314343e+00 
 6.50010000e-06  0.00000000e+00  1.79133764e+00 
 6.50010800e-06  0.00000000e+00  1.79190875e+00 
 6.50012400e-06  0.00000000e+00  1.79306633e+00 
 6.50015600e-06  0.00000000e+00  1.79488217e+00 
 6.50022000e-06  0.00000000e+00  1.79718494e+00 
 6.50033687e-06  0.00000000e+00  1.79955635e+00 
 6.50049969e-06  0.00000000e+00  1.80094243e+00 
 6.50082534e-06  0.00000000e+00  1.80197975e+00 
 6.50128255e-06  0.00000000e+00  1.80136309e+00 
 6.50175753e-06  0.00000000e+00  1.79956482e+00 
 6.50218713e-06  0.00000000e+00  1.79815148e+00 
 6.50268332e-06  0.00000000e+00  1.79915737e+00 
 6.50323020e-06  0.00000000e+00  1.80001433e+00 
 6.50381935e-06  0.00000000e+00  1.80003775e+00 
 6.50442061e-06  0.00000000e+00  1.79997261e+00 
 6.50508149e-06  0.00000000e+00  1.80000960e+00 
 6.50615933e-06  0.00000000e+00  1.79982307e+00 
 6.50718944e-06  0.00000000e+00  1.79993415e+00 
 6.50818322e-06  0.00000000e+00  1.79991383e+00 
 6.50929988e-06  0.00000000e+00  1.79990551e+00 
 6.51036329e-06  0.00000000e+00  1.79989115e+00 
 6.51158204e-06  0.00000000e+00  1.79989925e+00 
 6.51288967e-06  0.00000000e+00  1.79989226e+00 
 6.51550493e-06  0.00000000e+00  1.79990947e+00 
 6.52035221e-06  0.00000000e+00  1.79991833e+00 
 6.52846978e-06  0.00000000e+00  1.79994629e+00 
 6.54470491e-06  0.00000000e+00  1.79995810e+00 
 6.57717517e-06  0.00000000e+00  1.79998230e+00 
 6.64211570e-06  0.00000000e+00  1.79998471e+00 
 6.75010000e-06  6.67038446e-12  1.79999804e+00 
 6.75011000e-06  1.80000000e-01  1.80062858e+00 
 6.75013000e-06  5.40000000e-01  1.80228048e+00 
 6.75017000e-06  1.26000000e+00  1.80584259e+00 
 6.75020000e-06  1.80000000e+00  1.80822333e+00 
 6.75020787e-06  1.80000000e+00  1.80798564e+00 
 6.75022362e-06  1.80000000e+00  1.80746704e+00 
 6.75025512e-06  1.80000000e+00  1.80661731e+00 
 6.75031811e-06  1.80000000e+00  1.80545190e+00 
 6.75044410e-06  1.80000000e+00  1.80401560e+00 
 6.75068313e-06  1.80000000e+00  1.80275124e+00 
 6.75094223e-06  1.80000000e+00  1.80347718e+00 
 6.75137729e-06  1.80000000e+00  1.80647134e+00 
 6.75184666e-06  1.80000000e+00  1.80398382e+00 
 6.75235089e-06  1.80000000e+00  1.80190863e+00 
 6.75301891e-06  1.80000000e+00  1.80105374e+00 
 6.75376593e-06  1.80000000e+00  1.80022969e+00 
 6.75439178e-06  1.80000000e+00  1.79925082e+00 
 6.75505045e-06  1.80000000e+00  1.79823444e+00 
 6.75576420e-06  1.80000000e+00  1.79815472e+00 
 6.75670546e-06  1.80000000e+00  1.79845340e+00 
 6.75757808e-06  1.80000000e+00  1.79871692e+00 
 6.75923434e-06  1.80000000e+00  1.79915050e+00 
 6.76141205e-06  1.80000000e+00  1.79948512e+00 
 6.76547439e-06  1.80000000e+00  1.79982999e+00 
 6.77254923e-06  1.80000000e+00  1.79997592e+00 
 6.78391648e-06  1.80000000e+00  1.80001010e+00 
 6.80499260e-06  1.80000000e+00  1.79999095e+00 
 6.83996571e-06  1.80000000e+00  1.80000848e+00 
 6.90568859e-06  1.80000000e+00  1.79999154e+00 
 7.00000000e-06  1.80000000e+00  1.80000827e+00 
 7.00001000e-06  1.62000000e+00  1.79877747e+00 
 7.00003000e-06  1.26000000e+00  1.79654642e+00 
 7.00007000e-06  5.40000000e-01  1.79315078e+00 
 7.00010000e-06  0.00000000e+00  1.79134114e+00 
 7.00010800e-06  0.00000000e+00  1.79191112e+00 
 7.00012400e-06  0.00000000e+00  1.79306635e+00 
 7.00015600e-06  0.00000000e+00  1.79488011e+00 
 7.00022000e-06  0.00000000e+00  1.79718416e+00 
 7.00033683e-06  0.00000000e+00  1.79955858e+00 
 7.00049961e-06  0.00000000e+00  1.80094506e+00 
 7.00082518e-06  0.00000000e+00  1.80197844e+00 
 7.00128246e-06  0.00000000e+00  1.80135129e+00 
 7.00175745e-06  0.00000000e+00  1.79956079e+00 
 7.00218694e-06  0.00000000e+00  1.79816701e+00 
 7.00268190e-06  0.00000000e+00  1.79907396e+00 
 7.00328638e-06  0.00000000e+00  1.79988456e+00 
 7.00390841e-06  0.00000000e+00  1.80001439e+00 
 7.00440429e-06  0.00000000e+00  1.80000111e+00 
 7.00498270e-06  0.00000000e+00  1.80006036e+00 
 7.00556553e-06  0.00000000e+00  1.79999625e+00 
 7.00609449e-06  0.00000000e+00  1.79998179e+00 
 7.00671353e-06  0.00000000e+00  1.79993473e+00 
 7.00757468e-06  0.00000000e+00  1.79991676e+00 
 7.00844020e-06  0.00000000e+00  1.79991064e+00 
 7.00998946e-06  0.00000000e+00  1.79999854e+00 
 7.01143259e-06  0.00000000e+00  1.80024130e+00 
 7.01279834e-06  0.00000000e+00  1.80042425e+00 
 7.01388150e-06  0.00000000e+00  1.79970120e+00 
 7.01491855e-06  0.00000000e+00  1.79863230e+00 
 7.01601862e-06  0.00000000e+00  1.79943831e+00 
 7.01706081e-06  0.00000000e+00  1.79846130e+00 
 7.01817834e-06  0.00000000e+00  1.79733839e+00 
 7.01936690e-06  0.00000000e+00  1.79818411e+00 
 7.02104918e-06  0.00000000e+00  1.79921453e+00 
 7.02273090e-06  0.00000000e+00  1.79957014e+00 
 7.02609432e-06  0.00000000e+00  1.79993718e+00 
 7.03042289e-06  0.00000000e+00  1.79991096e+00 
 7.03559023e-06  0.00000000e+00  1.79998972e+00 
 7.04406040e-06  0.00000000e+00  1.79992428e+00 
 7.06100073e-06  0.00000000e+00  1.80000868e+00 
 7.09033923e-06  0.00000000e+00  1.79994419e+00 
 7.14546414e-06  0.00000000e+00  1.80002573e+00 
 7.24747316e-06  0.00000000e+00  1.79995686e+00 
 7.25010000e-06  6.67038446e-12  1.80003020e+00 
 7.25011000e-06  1.80000000e-01  1.80065978e+00 
 7.25013000e-06  5.40000000e-01  1.80230435e+00 
 7.25017000e-06  1.26000000e+00  1.80584078e+00 
 7.25020000e-06  1.80000000e+00  1.80820874e+00 
 7.25020792e-06  1.80000000e+00  1.80796954e+00 
 7.25022376e-06  1.80000000e+00  1.80744950e+00 
 7.25025544e-06  1.80000000e+00  1.80660206e+00 
 7.25031879e-06  1.80000000e+00  1.80544030e+00 
 7.25044550e-06  1.80000000e+00  1.80400362e+00 
 7.25068542e-06  1.80000000e+00  1.80275036e+00 
 7.25094456e-06  1.80000000e+00  1.80349494e+00 
 7.25137935e-06  1.80000000e+00  1.80646760e+00 
 7.25184833e-06  1.80000000e+00  1.80396600e+00 
 7.25235424e-06  1.80000000e+00  1.80190377e+00 
 7.25301892e-06  1.80000000e+00  1.80092817e+00 
 7.25377955e-06  1.80000000e+00  1.79984983e+00 
 7.25438676e-06  1.80000000e+00  1.79888584e+00 
 7.25504309e-06  1.80000000e+00  1.79818057e+00 
 7.25570827e-06  1.80000000e+00  1.79826712e+00 
 7.25666901e-06  1.80000000e+00  1.79852274e+00 
 7.25761080e-06  1.80000000e+00  1.79882824e+00 
 7.25918847e-06  1.80000000e+00  1.79918563e+00 
 7.26143910e-06  1.80000000e+00  1.79953543e+00 
 7.26547338e-06  1.80000000e+00  1.79982974e+00 
 7.27251860e-06  1.80000000e+00  1.79998838e+00 
 7.28403526e-06  1.80000000e+00  1.79999863e+00 
 7.30502342e-06  1.80000000e+00  1.80000236e+00 
 7.34038336e-06  1.80000000e+00  1.79999717e+00 
 7.40668831e-06  1.80000000e+00  1.80000283e+00 
 7.50000000e-06  1.80000000e+00  1.79999702e+00 
 7.50001000e-06  1.62000000e+00  1.79877107e+00 
 7.50003000e-06  1.26000000e+00  1.79654796e+00 
 7.50007000e-06  5.40000000e-01  1.79315955e+00 
 7.50010000e-06  0.00000000e+00  1.79135065e+00 
 7.50010800e-06  0.00000000e+00  1.79191803e+00 
 7.50012400e-06  0.00000000e+00  1.79306735e+00 
 7.50015600e-06  0.00000000e+00  1.79487507e+00 
 7.50022000e-06  0.00000000e+00  1.79717525e+00 
 7.50033687e-06  0.00000000e+00  1.79955307e+00 
 7.50049969e-06  0.00000000e+00  1.80094399e+00 
 7.50082534e-06  0.00000000e+00  1.80198027e+00 
 7.50128257e-06  0.00000000e+00  1.80136217e+00 
 7.50175755e-06  0.00000000e+00  1.79956390e+00 
 7.50218712e-06  0.00000000e+00  1.79815370e+00 
 7.50268304e-06  0.00000000e+00  1.79916049e+00 
 7.50323240e-06  0.00000000e+00  1.80001504e+00 
 7.50382320e-06  0.00000000e+00  1.80003556e+00 
 7.50442755e-06  0.00000000e+00  1.79997284e+00 
 7.50509087e-06  0.00000000e+00  1.80000843e+00 
 7.50616623e-06  0.00000000e+00  1.79982078e+00 
 7.50720247e-06  0.00000000e+00  1.79993434e+00 
 7.50818556e-06  0.00000000e+00  1.79991472e+00 
 7.50931857e-06  0.00000000e+00  1.79990544e+00 
 7.51036815e-06  0.00000000e+00  1.79989174e+00 
 7.51157866e-06  0.00000000e+00  1.79989914e+00 
 7.51288519e-06  0.00000000e+00  1.79989260e+00 
 7.51549825e-06  0.00000000e+00  1.79990925e+00 
 7.52041777e-06  0.00000000e+00  1.79991876e+00 
 7.52866617e-06  0.00000000e+00  1.79994645e+00 
 7.54516296e-06  0.00000000e+00  1.79995869e+00 
 7.57815654e-06  0.00000000e+00  1.79998238e+00 
 7.64414369e-06  0.00000000e+00  1.79998509e+00 
 7.75010000e-06  0.00000000e+00  1.79999782e+00 
 7.75011000e-06  1.80000000e-01  1.80062606e+00 
 7.75013000e-06  5.40000000e-01  1.80227302e+00 
 7.75017000e-06  1.26000000e+00  1.80582887e+00 
 7.75020000e-06  1.80000000e+00  1.80820522e+00 
 7.75020787e-06  1.80000000e+00  1.80797057e+00 
 7.75022362e-06  1.80000000e+00  1.80745816e+00 
 7.75025512e-06  1.80000000e+00  1.80661768e+00 
 7.75031812e-06  1.80000000e+00  1.80545756e+00 
 7.75044412e-06  1.80000000e+00  1.80401845e+00 
 7.75068315e-06  1.80000000e+00  1.80275142e+00 
 7.75094190e-06  1.80000000e+00  1.80347589e+00 
 7.75137679e-06  1.80000000e+00  1.80647227e+00 
 7.75184621e-06  1.80000000e+00  1.80398911e+00 
 7.75235010e-06  1.80000000e+00  1.80190931e+00 
 7.75301829e-06  1.80000000e+00  1.80105435e+00 
 7.75376502e-06  1.80000000e+00  1.80022794e+00 
 7.75439037e-06  1.80000000e+00  1.79925105e+00 
 7.75504872e-06  1.80000000e+00  1.79823564e+00 
 7.75576229e-06  1.80000000e+00  1.79815532e+00 
 7.75670276e-06  1.80000000e+00  1.79845271e+00 
 7.75757518e-06  1.80000000e+00  1.79871629e+00 
 7.75922953e-06  1.80000000e+00  1.79914969e+00 
 7.76140670e-06  1.80000000e+00  1.79948456e+00 
 7.76545500e-06  1.80000000e+00  1.79982906e+00 
 7.77250922e-06  1.80000000e+00  1.79997555e+00 
 7.78382544e-06  1.80000000e+00  1.80001014e+00 
 7.80478834e-06  1.80000000e+00  1.79999092e+00 
 7.83955168e-06  1.80000000e+00  1.80000850e+00 
 7.90496239e-06  1.80000000e+00  1.79999152e+00 
 8.00000000e-06  1.80000000e+00  1.80000829e+00 
 8.00001000e-06  1.62000000e+00  1.79878241e+00 
 8.00003000e-06  1.26000000e+00  1.79655975e+00 
 8.00007000e-06  5.40000000e-01  1.79316640e+00 
 8.00010000e-06  0.00000000e+00  1.79135382e+00 
 8.00010800e-06  0.00000000e+00  1.79192018e+00 
 8.00012400e-06  0.00000000e+00  1.79306736e+00 
 8.00015600e-06  0.00000000e+00  1.79487306e+00 
 8.00022000e-06  0.00000000e+00  1.79717454e+00 
 8.00033683e-06  0.00000000e+00  1.79955506e+00 
 8.00049961e-06  0.00000000e+00  1.80094626e+00 
 8.00082518e-06  0.00000000e+00  1.80197904e+00 
 8.00128247e-06  0.00000000e+00  1.80135134e+00 
 8.00175746e-06  0.00000000e+00  1.79956058e+00 
 8.00218700e-06  0.00000000e+00  1.79816670e+00 
 8.00268187e-06  0.00000000e+00  1.79907214e+00 
 8.00328637e-06  0.00000000e+00  1.79988448e+00 
 8.00390844e-06  0.00000000e+00  1.80001961e+00 
 8.00440320e-06  0.00000000e+00  1.80000464e+00 
 8.00498216e-06  0.00000000e+00  1.80006076e+00 
 8.00556564e-06  0.00000000e+00  1.79999699e+00 
 8.00609504e-06  0.00000000e+00  1.79998253e+00 
 8.00671454e-06  0.00000000e+00  1.79993706e+00 
 8.00757618e-06  0.00000000e+00  1.79991996e+00 
 8.00844168e-06  0.00000000e+00  1.79989552e+00 
 8.00928449e-06  0.00000000e+00  1.79989643e+00 
 8.01027264e-06  0.00000000e+00  1.79988592e+00 
 8.01136725e-06  0.00000000e+00  1.79989269e+00 
 8.01355647e-06  0.00000000e+00  1.79989410e+00 
 8.01793491e-06  0.00000000e+00  1.79991639e+00 
 8.02669179e-06  0.00000000e+00  1.79993662e+00 
 8.04420555e-06  0.00000000e+00  1.79996422e+00 
 8.07923308e-06  0.00000000e+00  1.79997668e+00 
 8.14928812e-06  0.00000000e+00  1.79999168e+00 
 8.25010000e-06  0.00000000e+00  1.79999168e+00 
 8.25011000e-06  1.80000000e-01  1.80062079e+00 
 8.25013000e-06  5.40000000e-01  1.80227061e+00 
 8.25017000e-06  1.26000000e+00  1.80582283e+00 
 8.25020000e-06  1.80000000e+00  1.80819883e+00 
 8.25020792e-06  1.80000000e+00  1.80796589e+00 
 8.25022376e-06  1.80000000e+00  1.80745726e+00 
 8.25025544e-06  1.80000000e+00  1.80662189e+00 
 8.25031879e-06  1.80000000e+00  1.80546148e+00 
 8.25044550e-06  1.80000000e+00  1.80400913e+00 
 8.25069892e-06  1.80000000e+00  1.80276008e+00 
 8.25095419e-06  1.80000000e+00  1.80358555e+00 
 8.25138701e-06  1.80000000e+00  1.80640276e+00 
 8.25185799e-06  1.80000000e+00  1.80371334e+00 
 8.25236960e-06  1.80000000e+00  1.80143452e+00 
 8.25302670e-06  1.80000000e+00  1.80042938e+00 
 8.25386905e-06  1.80000000e+00  1.80004547e+00 
 8.25475110e-06  1.80000000e+00  1.80004887e+00 
 8.25564843e-06  1.80000000e+00  1.80001330e+00 
 8.25658613e-06  1.80000000e+00  1.80004441e+00 
 8.25789212e-06  1.80000000e+00  1.80001917e+00 
 8.25924919e-06  1.80000000e+00  1.80002296e+00 
 8.26176151e-06  1.80000000e+00  1.80000719e+00 
 8.26492236e-06  1.80000000e+00  1.80000658e+00 
 8.27124405e-06  1.80000000e+00  1.79999848e+00 
 8.28059840e-06  1.80000000e+00  1.80000153e+00 
 8.29642369e-06  1.80000000e+00  1.79999828e+00 
 8.32561807e-06  1.80000000e+00  1.80000150e+00 
 8.38400684e-06  1.80000000e+00  1.79999841e+00 
 8.49686847e-06  1.80000000e+00  1.80000148e+00 
 8.50000000e-06  1.80000000e+00  1.79999886e+00 
 8.50001000e-06  1.62000000e+00  1.79877658e+00 
 8.50003000e-06  1.26000000e+00  1.79656128e+00 
 8.50007000e-06  5.40000000e-01  1.79317792e+00 
 8.50010000e-06  0.00000000e+00  1.79136570e+00 
 8.50010800e-06  0.00000000e+00  1.79193266e+00 
 8.50012400e-06  0.00000000e+00  1.79307880e+00 
 8.50015600e-06  0.00000000e+00  1.79487395e+00 
 8.50022000e-06  0.00000000e+00  1.79716381e+00 
 8.50034800e-06  0.00000000e+00  1.79971193e+00 
 8.50060400e-06  0.00000000e+00  1.80150280e+00 
 8.50095813e-06  0.00000000e+00  1.80227049e+00 
 8.50153610e-06  0.00000000e+00  1.80020376e+00 
 8.50212968e-06  0.00000000e+00  1.79823897e+00 
 8.50261825e-06  0.00000000e+00  1.80715350e+00 
 8.50316935e-06  0.00000000e+00  1.82725599e+00 
 8.50381973e-06  0.00000000e+00  1.82380173e+00 
 8.50452694e-06  0.00000000e+00  1.77714966e+00 
 8.50534450e-06  0.00000000e+00  1.71432411e+00 
 8.50600388e-06  0.00000000e+00  1.66577742e+00 
 8.50672053e-06  0.00000000e+00  1.61128448e+00 
 8.50768404e-06  0.00000000e+00  1.53825453e+00 
 8.50884639e-06  0.00000000e+00  1.44927576e+00 
 8.51071015e-06  0.00000000e+00  1.30611702e+00 
 8.51382947e-06  0.00000000e+00  1.06677599e+00 
 8.51894271e-06  0.00000000e+00  6.99594751e-01 
 8.52429061e-06  0.00000000e+00  4.01077632e-01 
 8.52842936e-06  0.00000000e+00  2.25481118e-01 
 8.53146459e-06  0.00000000e+00  1.32508833e-01 
 8.53423984e-06  0.00000000e+00  7.80723384e-02 
 8.53646777e-06  0.00000000e+00  5.00915060e-02 
 8.53832271e-06  0.00000000e+00  3.49738940e-02 
 8.54016247e-06  0.00000000e+00  2.38057169e-02 
 8.54199630e-06  0.00000000e+00  1.66673768e-02 
 8.54418156e-06  0.00000000e+00  1.04500779e-02 
 8.54724292e-06  0.00000000e+00  5.62981552e-03 
 8.55120008e-06  0.00000000e+00  2.36247935e-03 
 8.55729375e-06  0.00000000e+00  6.48441680e-04 
 8.56489379e-06  0.00000000e+00  1.07972409e-04 
 8.57567868e-06  0.00000000e+00  8.51597703e-05 
 8.59065886e-06  0.00000000e+00  4.01815154e-05 
 8.60950121e-06  0.00000000e+00  7.27550223e-05 
 8.64454072e-06  0.00000000e+00  3.09197142e-05 
 8.67669145e-06  0.00000000e+00  5.75328920e-05 
 8.73602635e-06  0.00000000e+00  1.98552468e-05 
 8.75010000e-06  0.00000000e+00  4.48467499e-05 
 8.75011000e-06  1.80000000e-01  1.14210333e-03 
 8.75013000e-06  5.40000000e-01  3.20945574e-03 
 8.75017000e-06  1.26000000e+00  6.14998098e-03 
 8.75020000e-06  1.80000000e+00  7.58212153e-03 
 8.75020787e-06  1.80000000e+00  7.20540980e-03 
 8.75022362e-06  1.80000000e+00  6.42766574e-03 
 8.75025512e-06  1.80000000e+00  5.15469596e-03 
 8.75031811e-06  1.80000000e+00  3.50180928e-03 
 8.75044409e-06  1.80000000e+00  1.93135035e-03 
 8.75068553e-06  1.80000000e+00  1.32284424e-03 
 8.75094385e-06  1.80000000e+00  2.29180139e-03 
 8.75137990e-06  1.80000000e+00  4.99876992e-03 
 8.75184952e-06  1.80000000e+00  3.15327684e-03 
 8.75235543e-06  1.80000000e+00  2.16271796e-03 
 8.75301852e-06  1.80000000e+00  5.71161153e-04 
 8.75377209e-06  1.80000000e+00 -2.81919457e-03 
 8.75438747e-06  1.80000000e+00 -1.32980565e-03 
 8.75504477e-06  1.80000000e+00 -2.73468197e-04 
 8.75571140e-06  1.80000000e+00  7.10188346e-05 
 8.75667174e-06  1.80000000e+00  5.79977586e-04 
 8.75762393e-06  1.80000000e+00  8.39167125e-04 
 8.75919712e-06  1.80000000e+00  9.27054501e-04 
 8.76145797e-06  1.80000000e+00  8.42599761e-04 
 8.76548484e-06  1.80000000e+00  5.98906523e-04 
 8.77249369e-06  1.80000000e+00  3.30423513e-04 
 8.78395816e-06  1.80000000e+00  1.49740844e-04 
 8.80474167e-06  1.80000000e+00  9.53395201e-05 
 8.83973865e-06  1.80000000e+00  4.96492037e-05 
 8.90537098e-06  1.80000000e+00  4.20764746e-05 
 9.00000000e-06  1.80000000e+00  1.76593569e-05 
