 0.00000000e+00  1.14141098e-04 
 1.00000000e-12  8.11454044e-03 
 2.00000000e-12  9.01543593e-03 
 4.00000000e-12  9.39167923e-03 
 8.00000000e-12  8.98855022e-03 
 1.60000000e-11  9.02003092e-03 
 3.20000000e-11  8.83192510e-03 
 6.40000000e-11  1.02856417e-02 
 1.00000000e-10  1.27896954e-02 
 1.00577802e-10  5.17575999e-03 
 1.01733406e-10  2.61799956e-03 
 1.04044614e-10  2.99471597e-03 
 1.08667030e-10  2.63330361e-03 
 1.17911862e-10  2.94948930e-03 
 1.36401527e-10  2.44109149e-03 
 1.73380856e-10  2.53630840e-03 
 2.31885092e-10  1.91300603e-03 
 3.15536617e-10  1.99735234e-03 
 4.57616862e-10  1.43589481e-03 
 7.41777353e-10  1.55891037e-03 
 1.17201701e-09  8.97483565e-04 
 1.65070682e-09  1.10510579e-03 
 2.27518866e-09  7.08402092e-04 
 3.02089156e-09  1.07463008e-03 
 3.73192913e-09  6.66452244e-04 
 4.62240999e-09  9.98935735e-04 
 5.35100646e-09  5.35000080e-04 
 6.12083916e-09  9.01766536e-04 
 6.97704387e-09  4.29401759e-04 
 7.77763177e-09  6.82857735e-04 
 8.61984713e-09  1.91894812e-04 
 9.52187760e-09  5.00562433e-04 
 1.06393059e-08  7.35970595e-05 
 1.18222053e-08  3.62342414e-04 
 1.31110877e-08 -9.47038453e-05 
 1.43382227e-08  2.84001004e-04 
 1.57860459e-08 -9.60295719e-05 
 1.71700705e-08  3.04961561e-04 
 1.90689221e-08 -3.68078240e-05 
 2.04808636e-08  3.09237779e-04 
 2.18306388e-08 -8.84321210e-05 
 2.32412246e-08  2.97100811e-04 
 2.50030534e-08 -9.24434278e-05 
 2.68710715e-08  2.83306356e-04 
 2.94472790e-08 -1.02661883e-04 
 3.20171574e-08  3.46954834e-04 
 3.44511942e-08  2.13364306e-05 
 3.65695298e-08  3.81769119e-04 
 3.76543079e-08 -1.11837945e-04 
 3.86917854e-08  3.04904287e-04 
 3.97938582e-08 -9.21720614e-05 
 4.10434707e-08  2.91461279e-04 
 4.28478495e-08 -8.98411325e-05 
 4.52970221e-08  2.94319510e-04 
 4.92297584e-08 -7.66320293e-05 
 5.29464622e-08  2.96156133e-04 
 5.75616988e-08 -7.91670033e-05 
 6.23695474e-08  2.97064286e-04 
 7.15065916e-08 -7.99199283e-05 
 8.45818439e-08  2.96572344e-04 
 1.05381386e-07 -8.09322358e-05 
 1.26848416e-07  2.95613354e-04 
 1.58892085e-07 -8.16673376e-05 
 1.98701768e-07  2.94783112e-04 
 2.50100000e-07 -8.30919787e-05 
 2.50110000e-07 -9.39382338e-03 
 2.50130000e-07 -1.00951803e-02 
 2.50170000e-07 -8.36640658e-03 
 2.50200000e-07 -8.56938707e-03 
 2.50200515e-07 -1.25745861e-03 
 2.50201545e-07  9.62071656e-04 
 2.50203604e-07  2.41534899e-04 
 2.50207724e-07  5.98901003e-04 
 2.50215962e-07  2.86432465e-04 
 2.50232439e-07  6.41775119e-04 
 2.50265393e-07  3.38891522e-04 
 2.50331301e-07  5.90503087e-04 
 2.50413021e-07  2.88506273e-04 
 2.50576461e-07  5.47599219e-04 
 2.50755945e-07  2.82959044e-04 
 2.51099124e-07  6.34415181e-04 
 2.51496912e-07  3.60600278e-04 
 2.52186509e-07  5.69445012e-04 
 2.52821121e-07  9.89842630e-05 
 2.53569342e-07  3.13497277e-04 
 2.54551762e-07  3.57426212e-05 
 2.55541795e-07  3.16705140e-04 
 2.56566181e-07  1.41220756e-05 
 2.57735992e-07  2.92735381e-04 
 2.58848296e-07 -1.21809929e-05 
 2.60116855e-07  2.53832252e-04 
 2.61380865e-07 -3.12515947e-05 
 2.63092506e-07  2.45340594e-04 
 2.65815446e-07 -3.43527834e-05 
 2.69941336e-07  2.44580701e-04 
 2.77655831e-07 -3.48494128e-05 
 2.90040170e-07  2.43721863e-04 
 3.11994206e-07 -3.62935887e-05 
 3.50472693e-07  2.40814562e-04 
 4.16264144e-07 -4.20510644e-05 
 5.00000000e-07  2.32334988e-04 
 5.00010000e-07  4.23899730e-03 
 5.00030000e-07  4.10726983e-03 
 5.00070000e-07  4.86428257e-03 
 5.00100000e-07  5.75149863e-03 
 5.00100517e-07  2.44689989e-03 
 5.00101550e-07  1.04915774e-03 
 5.00103617e-07  1.15177692e-03 
 5.00107751e-07  1.00625845e-03 
 5.00116019e-07  1.11128410e-03 
 5.00132554e-07  9.13848446e-04 
 5.00165625e-07  9.55751503e-04 
 5.00231767e-07  7.45957365e-04 
 5.00364052e-07  7.65383900e-04 
 5.00562082e-07  5.88005368e-04 
 5.00958144e-07  6.76887714e-04 
 5.01467638e-07  4.62217328e-04 
 5.02004374e-07  3.69466575e-04 
 5.02765151e-07  1.76489305e-04 
 5.03570844e-07  2.53296399e-04 
 5.04319064e-07  9.92523606e-05 
 5.05131491e-07  1.98704411e-04 
 5.06129987e-07  7.04749517e-05 
 5.07180889e-07  1.77404482e-04 
 5.08420055e-07  5.93680900e-05 
 5.09732958e-07  1.71898948e-04 
 5.11727069e-07  6.72714018e-05 
 5.13532753e-07  1.66927818e-04 
 5.15578981e-07  5.61742658e-05 
 5.17538528e-07  1.66728530e-04 
 5.19737291e-07  6.91124056e-05 
 5.24134817e-07  1.86125452e-04 
 5.27149041e-07  5.70102603e-05 
 5.30651046e-07  1.72069293e-04 
 5.34481021e-07  4.41976015e-05 
 5.38539245e-07  1.50255065e-04 
 5.44797899e-07  3.59732415e-05 
 5.50743308e-07  1.45109133e-04 
 5.60438612e-07  3.57097573e-05 
 5.74384855e-07  1.43691993e-04 
 6.02277342e-07  3.44518587e-05 
 6.48167396e-07  1.41230006e-04 
 7.30584700e-07  3.14204052e-05 
 7.50100000e-07  1.39045148e-04 
 7.50110000e-07 -4.15768044e-03 
 7.50130000e-07 -4.55209911e-03 
 7.50170000e-07 -3.73190073e-03 
 7.50200000e-07 -3.80254602e-03 
 7.50200522e-07 -6.08731926e-04 
 7.50201565e-07  5.51973837e-04 
 7.50203652e-07  1.79770397e-04 
 7.50207825e-07  3.50872059e-04 
 7.50216171e-07  2.21890032e-04 
 7.50232864e-07  3.85393899e-04 
 7.50266250e-07  2.87494396e-04 
 7.50333022e-07  4.15268168e-04 
 7.50466566e-07  3.01485708e-04 
 7.50644013e-07  4.32982408e-04 
 7.50913670e-07  3.81016115e-04 
 7.51452985e-07  5.38868231e-04 
 7.52098698e-07  3.75757781e-04 
 7.52799549e-07  2.81041938e-04 
 7.53528813e-07  1.02141322e-04 
 7.54425955e-07  1.92852924e-04 
 7.55524390e-07  8.57860461e-05 
 7.56676043e-07  1.70814385e-04 
 7.57701971e-07  7.87164275e-05 
 7.58796176e-07  1.54135345e-04 
 7.59791853e-07  4.65896448e-05 
 7.60840921e-07  1.35733867e-04 
 7.62255334e-07  3.88913962e-05 
 7.63761333e-07  1.32249427e-04 
 7.66773333e-07  3.78018586e-05 
 7.71838695e-07  1.31973317e-04 
 7.79701861e-07  3.75991124e-05 
 7.94912709e-07  1.31694073e-04 
 8.19228173e-07  3.71554285e-05 
 8.63134915e-07  1.31076618e-04 
 9.41107379e-07  3.63304605e-05 
 1.00000000e-06  1.30409367e-04 
 1.00001000e-06  4.22069456e-03 
 1.00003000e-06  4.08716028e-03 
 1.00007000e-06  4.85210423e-03 
 1.00010000e-06  5.73516124e-03 
 1.00010052e-06  2.43323681e-03 
 1.00010155e-06  1.03810816e-03 
 1.00010362e-06  1.14110192e-03 
 1.00010775e-06  9.93369089e-04 
 1.00011602e-06  1.09927402e-03 
 1.00013256e-06  9.01538709e-04 
 1.00016564e-06  9.45586681e-04 
 1.00023179e-06  7.35519808e-04 
 1.00036410e-06  7.56494217e-04 
 1.00056235e-06  5.78364284e-04 
 1.00095885e-06  6.68106031e-04 
 1.00146870e-06  4.52755078e-04 
 1.00200570e-06  3.59309682e-04 
 1.00275807e-06  1.68777402e-04 
 1.00346211e-06  2.52078156e-04 
 1.00419562e-06  9.35251319e-05 
 1.00499321e-06  1.89372078e-04 
 1.00587478e-06  6.70288420e-05 
 1.00691243e-06  1.73029368e-04 
 1.00773934e-06  5.76427039e-05 
 1.00866562e-06  1.52502532e-04 
 1.00966078e-06  3.83079480e-05 
 1.01083745e-06  1.41052823e-04 
 1.01249093e-06  3.19465259e-05 
 1.01493234e-06  1.40295403e-04 
 1.01836868e-06  3.69455477e-05 
 1.02257244e-06  1.61396082e-04 
 1.02578217e-06  5.97707128e-05 
 1.02863639e-06  2.08765964e-04 
 1.03083452e-06  1.08571830e-04 
 1.03288382e-06  1.93673919e-04 
 1.03523357e-06  8.64489904e-05 
 1.03750875e-06  1.82920933e-04 
 1.04005901e-06  7.80878595e-05 
 1.04369368e-06  1.75679669e-04 
 1.04815606e-06  6.88021177e-05 
 1.05475219e-06  1.66604547e-04 
 1.06449980e-06  5.79549367e-05 
 1.07909877e-06  1.55511107e-04 
 1.10224192e-06  4.71280289e-05 
 1.13721415e-06  1.47638095e-04 
 1.19281929e-06  4.23138705e-05 
 1.25010000e-06  1.43804540e-04 
 1.25011000e-06 -4.15734763e-03 
 1.25013000e-06 -4.55448112e-03 
 1.25017000e-06 -3.72639410e-03 
 1.25020000e-06 -3.79128694e-03 
 1.25020052e-06 -6.01008255e-04 
 1.25020157e-06  5.56892058e-04 
 1.25020365e-06  1.85507027e-04 
 1.25020783e-06  3.56453394e-04 
 1.25021617e-06  2.27909675e-04 
 1.25023287e-06  3.91538660e-04 
 1.25026625e-06  2.94136179e-04 
 1.25033303e-06  4.22349856e-04 
 1.25046657e-06  3.09141107e-04 
 1.25064405e-06  4.40692309e-04 
 1.25091381e-06  3.89267129e-04 
 1.25145331e-06  5.44945515e-04 
 1.25209891e-06  3.81121236e-04 
 1.25287790e-06  2.67736325e-04 
 1.25358114e-06  1.08231009e-04 
 1.25454814e-06  2.00695971e-04 
 1.25561239e-06  9.14579234e-05 
 1.25655522e-06  1.79235665e-04 
 1.25766029e-06  6.32747939e-05 
 1.25882570e-06  1.51368370e-04 
 1.26001757e-06  4.95155016e-05 
 1.26153495e-06  1.40133129e-04 
 1.26423451e-06  4.31926371e-05 
 1.26760713e-06  1.38761767e-04 
 1.27324785e-06  4.27196109e-05 
 1.28452931e-06  1.37832440e-04 
 1.30108626e-06  4.11871294e-05 
 1.33420015e-06  1.35219859e-04 
 1.40042795e-06  3.68311795e-05 
 1.50000000e-06  1.30816009e-04 
 1.50001000e-06  4.21963157e-03 
 1.50003000e-06  4.08352549e-03 
 1.50007000e-06  4.85700685e-03 
 1.50010000e-06  5.73333919e-03 
 1.50010052e-06  2.43250411e-03 
 1.50010155e-06  1.03664054e-03 
 1.50010362e-06  1.14139257e-03 
 1.50010775e-06  9.93067016e-04 
 1.50011602e-06  1.09968109e-03 
 1.50013256e-06  9.01131656e-04 
 1.50016564e-06  9.45451734e-04 
 1.50023179e-06  7.34855538e-04 
 1.50036410e-06  7.56443989e-04 
 1.50056009e-06  5.78093749e-04 
 1.50095208e-06  6.68476596e-04 
 1.50145956e-06  4.57063707e-04 
 1.50199519e-06  3.63135063e-04 
 1.50274739e-06  1.72548121e-04 
 1.50344250e-06  2.65358876e-04 
 1.50416972e-06  1.01152873e-04 
 1.50500215e-06  1.90048309e-04 
 1.50592036e-06  5.73923649e-05 
 1.50700308e-06  1.67975996e-04 
 1.50798204e-06  4.93343899e-05 
 1.50966008e-06  1.69127912e-04 
 1.51119340e-06  6.17820705e-05 
 1.51311706e-06  1.67072636e-04 
 1.51471654e-06  4.47853290e-05 
 1.51641150e-06  1.50419530e-04 
 1.51867657e-06  2.63797288e-05 
 1.52099492e-06  1.39951792e-04 
 1.52487058e-06  2.55015495e-05 
 1.53000531e-06  1.39621280e-04 
 1.53801163e-06  2.57647900e-05 
 1.55075942e-06  1.39565450e-04 
 1.57340017e-06  2.58582632e-05 
 1.61497580e-06  1.39615099e-04 
 1.69176141e-06  2.60693545e-05 
 1.75010000e-06  1.39848745e-04 
 1.75011000e-06 -4.16107618e-03 
 1.75013000e-06 -4.55523127e-03 
 1.75017000e-06 -3.72646357e-03 
 1.75020000e-06 -3.78908469e-03 
 1.75020052e-06 -6.02892433e-04 
 1.75020157e-06  5.50774064e-04 
 1.75020365e-06  1.79477288e-04 
 1.75020783e-06  3.50277008e-04 
 1.75021617e-06  2.21392028e-04 
 1.75023287e-06  3.84473079e-04 
 1.75026625e-06  2.86149640e-04 
 1.75033303e-06  4.13472447e-04 
 1.75046657e-06  2.99161196e-04 
 1.75064399e-06  4.30360788e-04 
 1.75091358e-06  3.79031326e-04 
 1.75145276e-06  5.35993600e-04 
 1.75209850e-06  3.72478307e-04 
 1.75287622e-06  2.59069241e-04 
 1.75357978e-06  9.94250188e-05 
 1.75454081e-06  1.91313855e-04 
 1.75560813e-06  8.17915778e-05 
 1.75653161e-06  1.70903335e-04 
 1.75762073e-06  6.04379426e-05 
 1.75851926e-06  1.45088910e-04 
 1.75950832e-06  4.39620731e-05 
 1.76067738e-06  1.33802844e-04 
 1.76199483e-06  3.61283370e-05 
 1.76462972e-06  1.30629661e-04 
 1.76850119e-06  3.53301732e-05 
 1.77518207e-06  1.30681817e-04 
 1.78832112e-06  3.53467016e-05 
 1.80991946e-06  1.30758963e-04 
 1.85311614e-06  3.54614697e-05 
 1.93950950e-06  1.30923790e-04 
 2.00000000e-06  3.55935702e-05 
 2.00001000e-06  4.21455196e-03 
 2.00003000e-06  4.07916803e-03 
 2.00007000e-06  4.85516638e-03 
 2.00010000e-06  5.73031137e-03 
 2.00010052e-06  2.43091626e-03 
 2.00010155e-06  1.03781385e-03 
 2.00010362e-06  1.14172012e-03 
 2.00010775e-06  9.92491942e-04 
 2.00011602e-06  1.09946241e-03 
 2.00013256e-06  9.00703108e-04 
 2.00016564e-06  9.45801400e-04 
 2.00023180e-06  7.34927367e-04 
 2.00036412e-06  7.56960680e-04 
 2.00056026e-06  5.78342895e-04 
 2.00095254e-06  6.69283775e-04 
 2.00146027e-06  4.57262061e-04 
 2.00199602e-06  3.63772046e-04 
 2.00274827e-06  1.72608811e-04 
 2.00344827e-06  2.63321970e-04 
 2.00417936e-06  9.84961448e-05 
 2.00497663e-06  1.88267573e-04 
 2.00585850e-06  5.54995892e-05 
 2.00661455e-06  1.74939667e-04 
 2.00745920e-06  5.45398787e-05 
 2.00819140e-06  1.60452591e-04 
 2.00903913e-06  4.08818768e-05 
 2.01012264e-06  1.47334874e-04 
 2.01126473e-06  3.01370073e-05 
 2.01327762e-06  1.43942512e-04 
 2.01572082e-06  3.35513357e-05 
 2.01879315e-06  1.61533295e-04 
 2.02225094e-06  6.17649936e-05 
 2.02507143e-06  2.02873960e-04 
 2.02734395e-06  1.01566107e-04 
 2.02947919e-06  1.95961280e-04 
 2.03160340e-06  7.76267595e-05 
 2.03377348e-06  1.77861929e-04 
 2.03630155e-06  6.37669016e-05 
 2.03953462e-06  1.68032562e-04 
 2.04492319e-06  4.43432684e-05 
 2.05019076e-06  1.48283119e-04 
 2.05553657e-06  3.44305742e-05 
 2.06022613e-06  1.42801061e-04 
 2.06537574e-06  6.05719294e-05 
 2.06919348e-06  1.27948435e-04 
 2.07337840e-06  3.53526168e-05 
 2.07749000e-06  1.30283364e-04 
 2.08194849e-06  3.08955306e-05 
 2.08810412e-06  1.24980699e-04 
 2.09446258e-06  2.31693060e-05 
 2.10068127e-06  1.23952746e-04 
 2.10835123e-06  2.21654196e-05 
 2.11952233e-06  1.23509499e-04 
 2.13902681e-06  2.04199954e-05 
 2.17440350e-06  1.20354837e-04 
 2.24255670e-06  1.37914537e-05 
 2.25010000e-06  1.16691029e-04 
 2.25011000e-06 -4.18800503e-03 
 2.25013000e-06 -4.58528011e-03 
 2.25017000e-06 -3.75768357e-03 
 2.25020000e-06 -3.81869145e-03 
 2.25020052e-06 -6.33253007e-04 
 2.25020157e-06  5.20246554e-04 
 2.25020365e-06  1.49227041e-04 
 2.25020783e-06  3.20253309e-04 
 2.25021617e-06  1.92504807e-04 
 2.25023287e-06  3.56959881e-04 
 2.25026625e-06  2.61088348e-04 
 2.25033303e-06  3.90695599e-04 
 2.25046658e-06  2.78482168e-04 
 2.25064408e-06  4.10652496e-04 
 2.25091389e-06  3.60765220e-04 
 2.25145351e-06  5.16956902e-04 
 2.25209913e-06  3.51722515e-04 
 2.25287559e-06  2.38780424e-04 
 2.25357948e-06  8.15976999e-05 
 2.25454402e-06  1.68036984e-04 
 2.25543501e-06  6.29102605e-05 
 2.25643489e-06  1.29484389e-04 
 2.25745788e-06  2.97239052e-05 
 2.25848027e-06  1.24986894e-04 
 2.26020371e-06  2.24261459e-05 
 2.26189907e-06  1.12269548e-04 
 2.26457469e-06  1.80052872e-05 
 2.26815099e-06  1.11622231e-04 
 2.27427873e-06  1.80321657e-05 
 2.28468870e-06  1.11613822e-04 
 2.30095858e-06  1.81266503e-05 
 2.33262286e-06  1.11900407e-04 
 2.39262591e-06  1.88135388e-05 
 2.50000000e-06  1.12912974e-04 
 2.50001000e-06  4.19980131e-03 
 2.50003000e-06  4.06284148e-03 
 2.50007000e-06  4.84910502e-03 
 2.50010000e-06  5.71969210e-03 
 2.50010052e-06  2.42194224e-03 
 2.50010155e-06  1.02816121e-03 
 2.50010362e-06  1.13274267e-03 
 2.50010775e-06  9.85022154e-04 
 2.50011602e-06  1.09000056e-03 
 2.50013256e-06  8.91603073e-04 
 2.50016564e-06  9.34881382e-04 
 2.50023179e-06  7.24283452e-04 
 2.50036410e-06  7.44172514e-04 
 2.50054755e-06  5.67635767e-04 
 2.50091444e-06  6.53925811e-04 
 2.50140878e-06  4.63058959e-04 
 2.50193789e-06  3.66647512e-04 
 2.50258693e-06  1.68539856e-04 
 2.50327920e-06  2.56666103e-04 
 2.50395093e-06  8.85198717e-05 
 2.50470832e-06  1.69132299e-04 
 2.50556904e-06  4.09032737e-05 
 2.50642143e-06  1.47468045e-04 
 2.50763632e-06  3.34510372e-05 
 2.50887984e-06  1.49783986e-04 
 2.51089917e-06  4.84532614e-05 
 2.51240078e-06  1.51785074e-04 
 2.51391665e-06  2.46588790e-05 
 2.51550742e-06  1.28180417e-04 
 2.51724588e-06  1.05383878e-05 
 2.51903284e-06  1.22305140e-04 
 2.52260676e-06  9.92566215e-06 
 2.52729452e-06  1.22065754e-04 
 2.53613026e-06  1.01737297e-05 
 2.55163472e-06  1.22146992e-04 
 2.57997283e-06  1.03419808e-05 
 2.63664903e-06  1.22276391e-04 
 2.75000145e-06  1.04737613e-05 
 2.75010000e-06  1.21032874e-04 
 2.75010152e-06 -3.63622071e-03 
 2.75010456e-06 -4.54248129e-03 
 2.75011064e-06 -4.10379857e-03 
 2.75012279e-06 -4.58493225e-03 
 2.75014711e-06 -4.22433744e-03 
 2.75019574e-06 -3.49691047e-03 
 2.75020000e-06 -4.05439171e-03 
 2.75020016e-06 -1.48937219e-03 
 2.75020048e-06 -3.29535747e-04 
 2.75020113e-06  3.07170471e-04 
 2.75020242e-06  2.45594092e-04 
 2.75020500e-06  2.65986656e-04 
 2.75021015e-06  2.13119639e-04 
 2.75022047e-06  2.94500682e-04 
 2.75024109e-06  2.76227865e-04 
 2.75028235e-06  3.52271470e-04 
 2.75036485e-06  3.05926026e-04 
 2.75052987e-06  3.66951943e-04 
 2.75071568e-06  3.35162164e-04 
 2.75106608e-06  4.80311246e-04 
 2.75169305e-06  4.13631383e-04 
 2.75240035e-06  3.64133231e-04 
 2.75309276e-06  1.21831230e-04 
 2.75386894e-06  1.63516938e-04 
 2.75485823e-06  8.99921886e-05 
 2.75562539e-06  1.51349084e-04 
 2.75650218e-06  6.59177108e-05 
 2.75726491e-06  1.31651306e-04 
 2.75812287e-06  5.80787890e-05 
 2.75914238e-06  1.25125593e-04 
 2.76027432e-06  3.71067946e-05 
 2.76156117e-06  1.13106142e-04 
 2.76316262e-06  3.16126834e-05 
 2.76529227e-06  1.05315604e-04 
 2.76778111e-06  2.75240785e-05 
 2.77134179e-06  1.05114899e-04 
 2.77617594e-06  2.74548411e-05 
 2.78584423e-06  1.05194762e-04 
 2.80518083e-06  2.75171002e-05 
 2.84159051e-06  1.05274490e-04 
 2.91440988e-06  2.75649947e-05 
 3.00000000e-06  1.05297632e-04 
 3.00001000e-06  4.19735319e-03 
 3.00003000e-06  4.05881932e-03 
 3.00007000e-06  4.84801523e-03 
 3.00010000e-06  5.71671773e-03 
 3.00010052e-06  2.42016731e-03 
 3.00010155e-06  1.02845302e-03 
 3.00010362e-06  1.13322132e-03 
 3.00010775e-06  9.84214641e-04 
 3.00011602e-06  1.08953900e-03 
 3.00013256e-06  8.90911767e-04 
 3.00016564e-06  9.34700865e-04 
 3.00023179e-06  7.23964828e-04 
 3.00036410e-06  7.44312419e-04 
 3.00054764e-06  5.67828274e-04 
 3.00091471e-06  6.54756683e-04 
 3.00140860e-06  4.63373856e-04 
 3.00193742e-06  3.66658182e-04 
 3.00268254e-06  1.65161460e-04 
 3.00337517e-06  2.57130887e-04 
 3.00408785e-06  8.89595653e-05 
 3.00485287e-06  1.63429580e-04 
 3.00571190e-06  4.77156843e-05 
 3.00651491e-06  1.67951335e-04 
 3.00734136e-06  4.87707262e-05 
 3.00809467e-06  1.47245388e-04 
 3.00893764e-06  3.49258503e-05 
 3.01007084e-06  1.37262561e-04 
 3.01113883e-06  2.03361270e-05 
 3.01299469e-06  1.34943539e-04 
 3.01512146e-06  4.02205240e-05 
 3.01678586e-06  1.52562096e-04 
 3.01861812e-06  5.30573861e-05 
 3.02045993e-06  1.66529407e-04 
 3.02246583e-06  8.93384660e-05 
 3.02394774e-06  2.15785922e-04 
 3.02537357e-06  9.61340919e-05 
 3.02670306e-06  1.95919039e-04 
 3.02816136e-06  7.68293248e-05 
 3.02984745e-06  1.80413199e-04 
 3.03168807e-06  6.41870006e-05 
 3.03445139e-06  1.71500942e-04 
 3.03787384e-06  5.46592941e-05 
 3.04471875e-06  1.61487643e-04 
 3.05593297e-06  4.54885840e-05 
 3.07610941e-06  1.57725984e-04 
 3.10406138e-06  4.27437057e-05 
 3.12981813e-06  1.47452937e-04 
 3.15709769e-06  4.97499084e-05 
 3.18012094e-06  1.57111930e-04 
 3.19751921e-06  4.54090076e-05 
 3.20922916e-06  1.36778143e-04 
 3.22128335e-06  3.07672430e-05 
 3.22924785e-06  1.44769695e-04 
 3.23952601e-06  1.69897113e-05 
 3.25010000e-06  1.38172422e-04 
 3.25011000e-06 -4.16809903e-03 
 3.25013000e-06 -4.56758080e-03 
 3.25017000e-06 -3.74092766e-03 
 3.25020000e-06 -3.79901520e-03 
 3.25020052e-06 -6.15757415e-04 
 3.25020157e-06  5.35768722e-04 
 3.25020365e-06  1.64968838e-04 
 3.25020783e-06  3.35749398e-04 
 3.25021617e-06  2.07734829e-04 
 3.25023287e-06  3.71782820e-04 
 3.25026626e-06  2.75189059e-04 
 3.25033304e-06  4.03857828e-04 
 3.25046660e-06  2.90676518e-04 
 3.25064410e-06  4.22311494e-04 
 3.25091395e-06  3.72346784e-04 
 3.25145365e-06  5.26449858e-04 
 3.25209929e-06  3.58365602e-04 
 3.25287459e-06  2.44587560e-04 
 3.25357869e-06  8.62336176e-05 
 3.25454738e-06  1.74948443e-04 
 3.25561012e-06  6.70542316e-05 
 3.25655749e-06  1.37908930e-04 
 3.25755396e-06  3.58972772e-05 
 3.25858793e-06  1.31583576e-04 
 3.26014096e-06  2.83226763e-05 
 3.26173432e-06  1.18780536e-04 
 3.26443103e-06  2.33369919e-05 
 3.26792253e-06  1.17420420e-04 
 3.27393103e-06  2.28666797e-05 
 3.28523097e-06  1.16420036e-04 
 3.30237864e-06  2.11039837e-05 
 3.32018240e-06  1.14718935e-04 
 3.33110348e-06  2.04589195e-05 
 3.34690513e-06  1.14375971e-04 
 3.36953702e-06  2.00276489e-05 
 3.40476702e-06  1.13908802e-04 
 3.47522703e-06  1.95352580e-05 
 3.50000000e-06  1.13603862e-04 
 3.50001000e-06  4.19898818e-03 
 3.50003000e-06  4.06199184e-03 
 3.50007000e-06  4.85280228e-03 
 3.50010000e-06  5.71989818e-03 
 3.50010052e-06  2.42377168e-03 
 3.50010155e-06  1.03098151e-03 
 3.50010362e-06  1.13473037e-03 
 3.50010775e-06  9.88194956e-04 
 3.50011602e-06  1.09102697e-03 
 3.50013256e-06  8.94221074e-04 
 3.50016564e-06  9.35191114e-04 
 3.50023179e-06  7.25748852e-04 
 3.50036410e-06  7.43313494e-04 
 3.50054721e-06  5.68167297e-04 
 3.50091342e-06  6.53523364e-04 
 3.50141042e-06  4.68178139e-04 
 3.50193974e-06  3.71570739e-04 
 3.50269051e-06  1.67460856e-04 
 3.50338140e-06  2.48938066e-04 
 3.50409950e-06  7.96511211e-05 
 3.50489659e-06  1.62942417e-04 
 3.50578737e-06  3.82696458e-05 
 3.50677393e-06  1.45094090e-04 
 3.50801542e-06  3.65461299e-05 
 3.50965087e-06  1.54980462e-04 
 3.51114841e-06  3.65162021e-05 
 3.51288971e-06  1.43899172e-04 
 3.51452904e-06  1.96614765e-05 
 3.51641537e-06  1.20939427e-04 
 3.51820640e-06  1.37850904e-05 
 3.52051334e-06  1.20428103e-04 
 3.52404425e-06  1.29797284e-05 
 3.52932029e-06  1.20338985e-04 
 3.53845753e-06  1.28611959e-05 
 3.55528715e-06  1.20288405e-04 
 3.58502739e-06  1.27572048e-05 
 3.64198170e-06  1.20193429e-04 
 3.75010000e-06  1.26555014e-05 
 3.75011000e-06 -4.18048705e-03 
 3.75013000e-06 -4.57092023e-03 
 3.75017000e-06 -3.75219403e-03 
 3.75020000e-06 -3.80410814e-03 
 3.75020052e-06 -6.23793148e-04 
 3.75020157e-06  5.25049231e-04 
 3.75020365e-06  1.54264651e-04 
 3.75020783e-06  3.24789297e-04 
 3.75021618e-06  1.96646363e-04 
 3.75023288e-06  3.60301970e-04 
 3.75026628e-06  2.63511360e-04 
 3.75033309e-06  3.91886987e-04 
 3.75046670e-06  2.78782412e-04 
 3.75064403e-06  4.10800863e-04 
 3.75091362e-06  3.61755993e-04 
 3.75145281e-06  5.17703193e-04 
 3.75210514e-06  3.49279987e-04 
 3.75287636e-06  2.35725489e-04 
 3.75358352e-06  7.86096025e-05 
 3.75454545e-06  1.71641510e-04 
 3.75560657e-06  6.62468287e-05 
 3.75651123e-06  1.50354424e-04 
 3.75748649e-06  4.53697596e-05 
 3.75842055e-06  1.42523495e-04 
 3.75944642e-06  3.75510438e-05 
 3.76061282e-06  1.21815815e-04 
 3.76199510e-06  2.70533378e-05 
 3.76345373e-06  1.17235153e-04 
 3.76592866e-06  1.93760973e-05 
 3.76847446e-06  1.13171392e-04 
 3.77207909e-06  1.94522195e-05 
 3.77720931e-06  1.13148530e-04 
 3.78746977e-06  1.95288226e-05 
 3.80799067e-06  1.13190316e-04 
 3.84903248e-06  1.95594860e-05 
 3.93111610e-06  1.13194023e-04 
 4.00000000e-06  1.95580092e-05 
 4.00001000e-06  4.19724167e-03 
 4.00003000e-06  4.06088296e-03 
 4.00007000e-06  4.84945015e-03 
 4.00010000e-06  5.71709787e-03 
 4.00010052e-06  2.41866442e-03 
 4.00010155e-06  1.02473474e-03 
 4.00010362e-06  1.13129203e-03 
 4.00010775e-06  9.82832830e-04 
 4.00011602e-06  1.09021340e-03 
 4.00013256e-06  8.89870817e-04 
 4.00016564e-06  9.34504823e-04 
 4.00023180e-06  7.22228008e-04 
 4.00036412e-06  7.43502191e-04 
 4.00054730e-06  5.65589307e-04 
 4.00091367e-06  6.54389695e-04 
 4.00141068e-06  4.63180165e-04 
 4.00193968e-06  3.70187095e-04 
 4.00268895e-06  1.68243523e-04 
 4.00337273e-06  2.63468458e-04 
 4.00409113e-06  9.21363587e-05 
 4.00487214e-06  1.69173966e-04 
 4.00574604e-06  4.39242270e-05 
 4.00648007e-06  1.67690636e-04 
 4.00726781e-06  5.03447557e-05 
 4.00802233e-06  1.55486363e-04 
 4.00888454e-06  3.50489756e-05 
 4.00969714e-06  1.47650225e-04 
 4.01094913e-06  2.38469704e-05 
 4.01209469e-06  1.32164917e-04 
 4.01417774e-06  2.69598402e-05 
 4.01638496e-06  1.48944664e-04 
 4.01809897e-06  4.20532581e-05 
 4.01997542e-06  1.59947172e-04 
 4.02246938e-06  5.32280421e-05 
 4.02453802e-06  2.02804330e-04 
 4.02611678e-06  8.89956621e-05 
 4.02758214e-06  1.83712548e-04 
 4.02917521e-06  6.68504034e-05 
 4.03079928e-06  1.64675590e-04 
 4.03263214e-06  5.16666105e-05 
 4.03580549e-06  1.55188031e-04 
 4.03878286e-06  4.62097703e-05 
 4.04320808e-06  1.70526895e-04 
 4.04921761e-06  8.87822394e-05 
 4.05489278e-06  2.28362773e-04 
 4.05929711e-06  5.52362386e-05 
 4.06351312e-06  1.70845199e-04 
 4.06642673e-06  5.32299456e-05 
 4.06970897e-06  1.66545282e-04 
 4.07627346e-06  5.03337629e-05 
 4.08302249e-06  1.57924275e-04 
 4.09472625e-06  4.05750792e-05 
 4.11344965e-06  1.45692550e-04 
 4.13914805e-06  3.15885962e-05 
 4.16677896e-06  1.41071145e-04 
 4.20646316e-06  2.94821418e-05 
 4.25010000e-06  1.39466614e-04 
 4.25011000e-06 -4.16434923e-03 
 4.25013000e-06 -4.56044785e-03 
 4.25017000e-06 -3.72812429e-03 
 4.25020000e-06 -3.79050197e-03 
 4.25020052e-06 -6.10015304e-04 
 4.25020156e-06  5.39230205e-04 
 4.25020365e-06  1.68586233e-04 
 4.25020782e-06  3.38803606e-04 
 4.25021616e-06  2.10090284e-04 
 4.25023285e-06  3.73498457e-04 
 4.25026622e-06  2.77581288e-04 
 4.25033296e-06  4.09490090e-04 
 4.25041611e-06  2.99231303e-04 
 4.25058242e-06  4.25494652e-04 
 4.25076976e-06  3.35941377e-04 
 4.25108612e-06  5.31348545e-04 
 4.25171883e-06  4.01351089e-04 
 4.25234060e-06  4.25014740e-04 
 4.25303880e-06  1.15539229e-04 
 4.25377639e-06  2.08423791e-04 
 4.25472255e-06  8.21567213e-05 
 4.25556026e-06  1.97344213e-04 
 4.25650322e-06  4.24398703e-05 
 4.25744230e-06  1.61482227e-04 
 4.25841365e-06  3.35457757e-05 
 4.25998297e-06  1.54648638e-04 
 4.26157316e-06  2.02698122e-05 
 4.26421637e-06  1.48844132e-04 
 4.26765701e-06  1.91318444e-05 
 4.27319942e-06  1.48902237e-04 
 4.28428424e-06  1.89976498e-05 
 4.30645388e-06  1.48745542e-04 
 4.35079316e-06  1.87408479e-05 
 4.43947171e-06  1.48470911e-04 
 4.50000000e-06  1.85683590e-05 
 4.50001000e-06  4.20692529e-03 
 4.50003000e-06  4.07222356e-03 
 4.50007000e-06  4.86668407e-03 
 4.50010000e-06  5.73778639e-03 
 4.50010052e-06  2.44286379e-03 
 4.50010155e-06  1.05352413e-03 
 4.50010362e-06  1.15914907e-03 
 4.50010775e-06  1.01103496e-03 
 4.50011602e-06  1.11843731e-03 
 4.50013256e-06  9.17839401e-04 
 4.50016564e-06  9.59568636e-04 
 4.50023180e-06  7.46323892e-04 
 4.50036412e-06  7.64446690e-04 
 4.50062877e-06  5.65939602e-04 
 4.50109507e-06  6.63713409e-04 
 4.50175538e-06  3.40519832e-04 
 4.50246788e-06  2.85602925e-04 
 4.50308342e-06  1.89511056e-04 
 4.50385175e-06  2.30861281e-04 
 4.50469180e-06  8.20178921e-05 
 4.50556598e-06  1.64622069e-04 
 4.50645081e-06  5.92101714e-05 
 4.50745004e-06  1.56925338e-04 
 4.50875879e-06  6.22719057e-05 
 4.51036397e-06  1.68077146e-04 
 4.51156713e-06  6.42088404e-05 
 4.51295792e-06  1.48498709e-04 
 4.51454414e-06  3.76606142e-05 
 4.51623354e-06  1.33799894e-04 
 4.51795977e-06  3.41870159e-05 
 4.52141223e-06  1.33031033e-04 
 4.52831715e-06  3.41215892e-05 
 4.54212700e-06  1.32994921e-04 
 4.56974668e-06  3.40794456e-05 
 4.62498605e-06  1.32929382e-04 
 4.73546479e-06  3.40234640e-05 
 4.75010000e-06  1.32894815e-04 
 4.75011000e-06 -4.16270088e-03 
 4.75013000e-06 -4.55706061e-03 
 4.75017000e-06 -3.72591926e-03 
 4.75020000e-06 -3.78894588e-03 
 4.75020052e-06 -6.10003437e-04 
 4.75020156e-06  5.37326970e-04 
 4.75020365e-06  1.66760491e-04 
 4.75020782e-06  3.37210218e-04 
 4.75021617e-06  2.08123219e-04 
 4.75023286e-06  3.71577382e-04 
 4.75026624e-06  2.75267113e-04 
 4.75033301e-06  4.07089934e-04 
 4.75041517e-06  2.96661142e-04 
 4.75057947e-06  4.22892623e-04 
 4.75076658e-06  3.32977996e-04 
 4.75108012e-06  5.28981042e-04 
 4.75170720e-06  4.01483177e-04 
 4.75233215e-06  4.27262594e-04 
 4.75302979e-06  1.15449379e-04 
 4.75376516e-06  2.06987943e-04 
 4.75470735e-06  7.91423647e-05 
 4.75553734e-06  1.97272355e-04 
 4.75647401e-06  4.68080330e-05 
 4.75729134e-06  1.63552152e-04 
 4.75818447e-06  3.24909845e-05 
 4.75918777e-06  1.58813298e-04 
 4.76034864e-06  2.23378046e-05 
 4.76267040e-06  1.48579423e-04 
 4.76561237e-06  1.81801194e-05 
 4.76985475e-06  1.48637818e-04 
 4.77699830e-06  1.81706234e-05 
 4.79128540e-06  1.48661463e-04 
 4.81985961e-06  1.81918093e-05 
 4.87700802e-06  1.48683506e-04 
 4.99130485e-06  1.82075265e-05 
 5.00000000e-06  1.48690438e-04 
 5.00001000e-06  4.20743152e-03 
 5.00003000e-06  4.06520945e-03 
 5.00007000e-06  4.86887130e-03 
 5.00010000e-06  5.73239516e-03 
 5.00010052e-06  2.44059109e-03 
 5.00010155e-06  1.05344783e-03 
 5.00010362e-06  1.15845604e-03 
 5.00010775e-06  1.01070173e-03 
 5.00011602e-06  1.11790466e-03 
 5.00013256e-06  9.17850518e-04 
 5.00016564e-06  9.59095382e-04 
 5.00023179e-06  7.46529332e-04 
 5.00036409e-06  7.64096680e-04 
 5.00062870e-06  5.66358273e-04 
 5.00109426e-06  6.63686245e-04 
 5.00175484e-06  3.41102217e-04 
 5.00246757e-06  2.85344744e-04 
 5.00308786e-06  1.89419834e-04 
 5.00385395e-06  2.30580573e-04 
 5.00471647e-06  8.07411587e-05 
 5.00560815e-06  1.62581540e-04 
 5.00648801e-06  6.88538511e-05 
 5.00729295e-06  1.64007834e-04 
 5.00804597e-06  5.59265738e-05 
 5.00888728e-06  1.50496531e-04 
 5.00999750e-06  4.19219118e-05 
 5.01117127e-06  1.36554359e-04 
 5.01351880e-06  3.78854745e-05 
 5.01591157e-06  1.38919663e-04 
 5.01931196e-06  5.57488771e-05 
 5.02283323e-06  1.64400162e-04 
 5.02596415e-06  9.38497821e-05 
 5.02838180e-06  1.84598086e-04 
 5.03064853e-06  6.39569988e-05 
 5.03315662e-06  1.56082226e-04 
 5.03559531e-06  4.90001719e-05 
 5.03848934e-06  1.48644219e-04 
 5.04179296e-06  4.01800810e-05 
 5.04719473e-06  1.32985083e-04 
 5.05347959e-06  2.91903215e-05 
 5.06007718e-06  1.37064092e-04 
 5.06824958e-06  2.78436015e-05 
 5.07439791e-06  1.15212990e-04 
 5.08087227e-06  2.46540373e-05 
 5.08743733e-06  1.09067699e-04 
 5.09476529e-06  1.93827681e-05 
 5.10163385e-06  1.10064052e-04 
 5.10937087e-06  1.90251608e-05 
 5.12302865e-06  1.10941070e-04 
 5.14506514e-06  1.93974192e-05 
 5.17847006e-06  1.11769777e-04 
 5.24023800e-06  2.00205629e-05 
 5.25010000e-06  1.12342959e-04 
 5.25011000e-06 -4.18156017e-03 
 5.25013000e-06 -4.57767642e-03 
 5.25017000e-06 -3.74747101e-03 
 5.25020000e-06 -3.80843798e-03 
 5.25020052e-06 -6.29817378e-04 
 5.25020157e-06  5.17209969e-04 
 5.25020365e-06  1.46917851e-04 
 5.25020783e-06  3.17573861e-04 
 5.25021617e-06  1.88576693e-04 
 5.25023287e-06  3.52360325e-04 
 5.25026626e-06  2.56686200e-04 
 5.25033304e-06  3.89001647e-04 
 5.25041576e-06  2.78537025e-04 
 5.25058119e-06  4.05159058e-04 
 5.25076398e-06  3.14824652e-04 
 5.25108177e-06  5.11505528e-04 
 5.25171737e-06  3.82831976e-04 
 5.25234197e-06  4.08609795e-04 
 5.25304592e-06  9.71181418e-05 
 5.25378305e-06  1.87951621e-04 
 5.25472890e-06  6.07062727e-05 
 5.25575991e-06  1.72607988e-04 
 5.25651835e-06  3.14794700e-05 
 5.25740945e-06  1.42743962e-04 
 5.25836606e-06  1.56778621e-05 
 5.25949673e-06  1.39231059e-04 
 5.26070129e-06  4.33039320e-06 
 5.26311042e-06  1.30955269e-04 
 5.26622077e-06  1.19825154e-06 
 5.27073733e-06  1.31138752e-04 
 5.27935365e-06  1.14556237e-06 
 5.29658629e-06  1.31210696e-04 
 5.33105158e-06  1.22402810e-06 
 5.39998217e-06  1.31339373e-04 
 5.50000000e-06  1.32301047e-06 
 5.50001000e-06  4.18884890e-03 
 5.50003000e-06  4.05341843e-03 
 5.50007000e-06  4.85123485e-03 
 5.50010000e-06  5.71960007e-03 
 5.50010052e-06  2.42514716e-03 
 5.50010155e-06  1.03565995e-03 
 5.50010362e-06  1.14126969e-03 
 5.50010775e-06  9.93699925e-04 
 5.50011602e-06  1.10083678e-03 
 5.50013256e-06  9.00111525e-04 
 5.50016564e-06  9.41761603e-04 
 5.50023180e-06  7.28678704e-04 
 5.50036412e-06  7.47439260e-04 
 5.50062877e-06  5.49506642e-04 
 5.50109536e-06  6.46774790e-04 
 5.50175554e-06  3.22231305e-04 
 5.50246766e-06  2.66313717e-04 
 5.50308213e-06  1.62871827e-04 
 5.50385068e-06  2.05313276e-04 
 5.50481029e-06  6.03581033e-05 
 5.50576084e-06  1.50258087e-04 
 5.50670158e-06  4.08866212e-05 
 5.50782024e-06  1.41412679e-04 
 5.50925084e-06  4.40727623e-05 
 5.51082920e-06  1.56982592e-04 
 5.51232370e-06  4.32094694e-05 
 5.51367506e-06  1.35065206e-04 
 5.51517445e-06  2.40067246e-05 
 5.51688053e-06  1.18749616e-04 
 5.51863379e-06  1.55496529e-05 
 5.52214032e-06  1.17323358e-04 
 5.52702347e-06  1.52354198e-05 
 5.53666213e-06  1.17451578e-04 
 5.55444827e-06  1.52067569e-05 
 5.58611837e-06  1.17467993e-04 
 5.63762195e-06  1.52269738e-05 
 5.74062912e-06  1.17500491e-04 
 5.75010000e-06  1.52263413e-05 
 5.75011000e-06 -4.18228895e-03 
 5.75013000e-06 -4.57159052e-03 
 5.75017000e-06 -3.74614423e-03 
 5.75020000e-06 -3.80234711e-03 
 5.75020052e-06 -6.25727424e-04 
 5.75020157e-06  5.19307055e-04 
 5.75020365e-06  1.48644465e-04 
 5.75020783e-06  3.19099345e-04 
 5.75021618e-06  1.90356721e-04 
 5.75023288e-06  3.54352174e-04 
 5.75026628e-06  2.58552194e-04 
 5.75033307e-06  3.90456434e-04 
 5.75041499e-06  2.79566268e-04 
 5.75057882e-06  4.05311465e-04 
 5.75076563e-06  3.15104163e-04 
 5.75107856e-06  5.11096078e-04 
 5.75170443e-06  3.84846349e-04 
 5.75233003e-06  4.12493109e-04 
 5.75302744e-06  1.00144570e-04 
 5.75376209e-06  1.88432386e-04 
 5.75470326e-06  6.42100924e-05 
 5.75572989e-06  1.78159202e-04 
 5.75648290e-06  4.42825557e-05 
 5.75736532e-06  1.62988113e-04 
 5.75835789e-06  2.99885956e-05 
 5.75928850e-06  1.56112977e-04 
 5.76039025e-06  1.15999685e-05 
 5.76161487e-06  1.39266670e-04 
 5.76304463e-06  7.33769896e-06 
 5.76455070e-06  1.33648368e-04 
 5.76670607e-06  1.36141724e-06 
 5.76912948e-06  1.31405253e-04 
 5.77325196e-06  1.33169078e-06 
 5.77991033e-06  1.31296368e-04 
 5.79019775e-06  1.36703558e-06 
 5.80780208e-06  1.31283435e-04 
 5.83573098e-06  1.39728982e-06 
 5.89098264e-06  1.31303880e-04 
 6.00000000e-06  1.42571230e-06 
 6.00001000e-06  4.18633294e-03 
 6.00003000e-06  4.05068294e-03 
 6.00007000e-06  4.85016612e-03 
 6.00010000e-06  5.71790589e-03 
 6.00010052e-06  2.42444049e-03 
 6.00010155e-06  1.03601940e-03 
 6.00010362e-06  1.14143436e-03 
 6.00010775e-06  9.93606506e-04 
 6.00011602e-06  1.10083259e-03 
 6.00013256e-06  9.00270962e-04 
 6.00016564e-06  9.41413968e-04 
 6.00023180e-06  7.28665034e-04 
 6.00036412e-06  7.47042665e-04 
 6.00062877e-06  5.49853199e-04 
 6.00109437e-06  6.46932721e-04 
 6.00175499e-06  3.22624494e-04 
 6.00246685e-06  2.65647945e-04 
 6.00308689e-06  1.62651252e-04 
 6.00385271e-06  2.11717060e-04 
 6.00481880e-06  6.60180064e-05 
 6.00571344e-06  1.50098321e-04 
 6.00665923e-06  6.28137584e-05 
 6.00761579e-06  1.60757435e-04 
 6.00854990e-06  3.52312255e-05 
 6.00956424e-06  1.33671755e-04 
 6.01079496e-06  2.17958653e-05 
 6.01200586e-06  1.25644640e-04 
 6.01442765e-06  2.70929920e-05 
 6.01700057e-06  1.34748877e-04 
 6.01890819e-06  3.25127706e-05 
 6.02104522e-06  1.49919659e-04 
 6.02330216e-06  4.04782158e-05 
 6.02589770e-06  1.65713665e-04 
 6.02796949e-06  8.31602562e-05 
 6.02948067e-06  1.88838708e-04 
 6.03112101e-06  8.87652621e-05 
 6.03296141e-06  2.01821826e-04 
 6.03499566e-06  8.44538607e-05 
 6.03712814e-06  1.84818771e-04 
 6.03991554e-06  7.92411817e-05 
 6.04422886e-06  1.81787315e-04 
 6.04681864e-06  3.20218376e-05 
 6.04967773e-06  1.48001187e-04 
 6.05333906e-06  2.63196093e-05 
 6.05735191e-06  1.43289956e-04 
 6.06182585e-06  2.78765615e-05 
 6.07002904e-06  1.41205984e-04 
 6.07936469e-06  2.85135593e-05 
 6.09532097e-06  1.40181204e-04 
 6.12031703e-06  2.85103954e-05 
 6.15708446e-06  1.39443050e-04 
 6.21788354e-06  2.81790875e-05 
 6.25010000e-06  1.38978264e-04 
 6.25011000e-06 -4.15630539e-03 
 6.25013000e-06 -4.55125784e-03 
 6.25017000e-06 -3.71649569e-03 
 6.25020000e-06 -3.77333944e-03 
 6.25020052e-06 -5.96760887e-04 
 6.25020156e-06  5.48607946e-04 
 6.25020365e-06  1.78723833e-04 
 6.25020782e-06  3.49177130e-04 
 6.25021617e-06  2.19802573e-04 
 6.25023285e-06  3.82604724e-04 
 6.25026623e-06  2.86438833e-04 
 6.25033298e-06  4.13904722e-04 
 6.25041475e-06  3.01988335e-04 
 6.25057829e-06  4.24986241e-04 
 6.25076029e-06  3.33729766e-04 
 6.25105872e-06  5.25740492e-04 
 6.25165559e-06  4.05925064e-04 
 6.25228719e-06  4.41833342e-04 
 6.25298673e-06  1.25016893e-04 
 6.25371040e-06  2.06190764e-04 
 6.25463717e-06  8.10959083e-05 
 6.25565502e-06  1.94868407e-04 
 6.25691857e-06  5.98670079e-05 
 6.25794499e-06  1.71961400e-04 
 6.25903382e-06  3.15967945e-05 
 6.26019938e-06  1.53787654e-04 
 6.26202437e-06  2.00394974e-05 
 6.26375405e-06  1.47451080e-04 
 6.26721342e-06  1.97490274e-05 
 6.27214291e-06  1.47200628e-04 
 6.28068095e-06  1.98187070e-05 
 6.29681893e-06  1.47119616e-04 
 6.32401243e-06  1.98036403e-05 
 6.37839942e-06  1.47054150e-04 
 6.48717341e-06  1.96860680e-05 
 6.50000000e-06  1.46934207e-04 
 6.50001000e-06  4.20599760e-03 
 6.50003000e-06  4.06194400e-03 
 6.50007000e-06  4.86596629e-03 
 6.50010000e-06  5.72463910e-03 
 6.50010052e-06  2.43336582e-03 
 6.50010155e-06  1.04602728e-03 
 6.50010362e-06  1.15064866e-03 
 6.50010775e-06  1.00347353e-03 
 6.50011602e-06  1.11021185e-03 
 6.50013256e-06  9.09668059e-04 
 6.50016564e-06  9.51720730e-04 
 6.50023179e-06  7.38935204e-04 
 6.50036410e-06  7.58615273e-04 
 6.50062871e-06  5.62491691e-04 
 6.50109568e-06  6.63584709e-04 
 6.50175560e-06  3.38445143e-04 
 6.50246257e-06  2.82577240e-04 
 6.50307972e-06  1.74796957e-04 
 6.50384523e-06  2.28938833e-04 
 6.50480334e-06  8.61656514e-05 
 6.50575754e-06  1.76965961e-04 
 6.50669409e-06  6.16791758e-05 
 6.50772308e-06  1.63809354e-04 
 6.50881010e-06  5.47578139e-05 
 6.51047728e-06  1.73087969e-04 
 6.51221377e-06  6.31213196e-05 
 6.51354520e-06  1.56913555e-04 
 6.51510388e-06  4.40432386e-05 
 6.51668045e-06  1.40493079e-04 
 6.51844023e-06  2.95948888e-05 
 6.52195980e-06  1.35680559e-04 
 6.52612756e-06  2.86273071e-05 
 6.53446307e-06  1.36341698e-04 
 6.55113411e-06  2.91916307e-05 
 6.58447618e-06  1.36768206e-04 
 6.61979104e-06  2.93796578e-05 
 6.69042076e-06  1.36861453e-04 
 6.75010000e-06  2.94026776e-05 
 6.75011000e-06 -4.16467864e-03 
 6.75013000e-06 -4.55124172e-03 
 6.75017000e-06 -3.71926851e-03 
 6.75020000e-06 -3.77051334e-03 
 6.75020052e-06 -5.95813667e-04 
 6.75020156e-06  5.47714168e-04 
 6.75020365e-06  1.77491207e-04 
 6.75020782e-06  3.47521119e-04 
 6.75021617e-06  2.18453220e-04 
 6.75023286e-06  3.81652856e-04 
 6.75026623e-06  2.85771146e-04 
 6.75033299e-06  4.13279074e-04 
 6.75041418e-06  3.01564127e-04 
 6.75057655e-06  4.24156032e-04 
 6.75079609e-06  3.40688960e-04 
 6.75107498e-06  5.26338990e-04 
 6.75163275e-06  4.08193910e-04 
 6.75225206e-06  4.47975994e-04 
 6.75292359e-06  1.35936497e-04 
 6.75364532e-06  2.02696802e-04 
 6.75456797e-06  8.00847110e-05 
 6.75557684e-06  1.90028553e-04 
 6.75680676e-06  5.66826210e-05 
 6.75777768e-06  1.72246535e-04 
 6.75882037e-06  3.29243826e-05 
 6.75984561e-06  1.52093321e-04 
 6.76092130e-06  2.41879700e-05 
 6.76214997e-06  1.44972276e-04 
 6.76460730e-06  2.03116535e-05 
 6.76910126e-06  1.43077675e-04 
 6.77472422e-06  2.05921803e-05 
 6.78303338e-06  1.43779794e-04 
 6.79965169e-06  2.23023765e-05 
 6.82199527e-06  1.47050508e-04 
 6.84197648e-06  3.40994197e-05 
 6.85659364e-06  1.39836977e-04 
 6.87023942e-06  2.50340769e-05 
 6.88357146e-06  1.40656053e-04 
 6.89989978e-06  2.43675358e-05 
 6.91971564e-06  1.41060919e-04 
 6.94624415e-06  2.40577986e-05 
 6.98095963e-06  1.41237368e-04 
 7.00000000e-06  2.38177397e-05 
 7.00001000e-06  4.20236558e-03 
 7.00003000e-06  4.06501217e-03 
 7.00007000e-06  4.86261051e-03 
 7.00010000e-06  5.72769548e-03 
 7.00010052e-06  2.43490240e-03 
 7.00010155e-06  1.04718161e-03 
 7.00010362e-06  1.15235925e-03 
 7.00010775e-06  1.00423357e-03 
 7.00011602e-06  1.11161865e-03 
 7.00013256e-06  9.10607161e-04 
 7.00016564e-06  9.52138447e-04 
 7.00023181e-06  7.38915348e-04 
 7.00036413e-06  7.58237536e-04 
 7.00062877e-06  5.62111695e-04 
 7.00109460e-06  6.63185705e-04 
 7.00175516e-06  3.38337906e-04 
 7.00246234e-06  2.82425199e-04 
 7.00308528e-06  1.72305000e-04 
 7.00384813e-06  2.24857351e-04 
 7.00481343e-06  8.10566656e-05 
 7.00571062e-06  1.80200826e-04 
 7.00665354e-06  7.26602050e-05 
 7.00739127e-06  1.85472516e-04 
 7.00823393e-06  6.15897398e-05 
 7.00910196e-06  1.52020169e-04 
 7.00995017e-06  4.11422350e-05 
 7.01104797e-06  1.44753645e-04 
 7.01222480e-06  3.85013211e-05 
 7.01457846e-06  1.50405617e-04 
 7.01714995e-06  5.34127811e-05 
 7.01909654e-06  1.64647662e-04 
 7.02116683e-06  8.71886152e-05 
 7.02320990e-06  2.22675471e-04 
 7.02551152e-06  1.28974730e-04 
 7.02724398e-06  1.80052306e-04 
 7.02862577e-06  9.01887687e-05 
 7.02992412e-06  1.66948520e-04 
 7.03113491e-06  6.98332376e-05 
 7.03249891e-06  1.54387253e-04 
 7.03401577e-06  4.90848217e-05 
 7.03587701e-06  1.36961306e-04 
 7.03844929e-06  3.81607665e-05 
 7.04188458e-06  1.31595287e-04 
 7.04528656e-06  3.69062472e-05 
 7.05104007e-06  1.31568437e-04 
 7.06024331e-06  3.69214917e-05 
 7.07864978e-06  1.31427523e-04 
 7.11275233e-06  3.65508633e-05 
 7.17629634e-06  1.30954554e-04 
 7.25010000e-06  3.62158172e-05 
 7.25011000e-06 -4.16322764e-03 
 7.25013000e-06 -4.55574167e-03 
 7.25017000e-06 -3.72607005e-03 
 7.25020000e-06 -3.77763510e-03 
 7.25020052e-06 -6.02552983e-04 
 7.25020157e-06  5.41548838e-04 
 7.25020365e-06  1.71989018e-04 
 7.25020783e-06  3.42282493e-04 
 7.25021617e-06  2.13569739e-04 
 7.25023287e-06  3.77547433e-04 
 7.25026625e-06  2.82923045e-04 
 7.25033303e-06  4.09673909e-04 
 7.25041765e-06  2.99391374e-04 
 7.25058690e-06  4.22730953e-04 
 7.25076772e-06  3.34453309e-04 
 7.25106944e-06  5.25674275e-04 
 7.25167286e-06  4.05191066e-04 
 7.25229377e-06  4.38385018e-04 
 7.25299243e-06  1.24117677e-04 
 7.25371562e-06  2.04857363e-04 
 7.25464517e-06  8.30052648e-05 
 7.25566266e-06  1.93159414e-04 
 7.25661574e-06  6.19599935e-05 
 7.25771375e-06  1.67504940e-04 
 7.25883132e-06  3.35409969e-05 
 7.25993580e-06  1.53168808e-04 
 7.26166949e-06  2.17357708e-05 
 7.26358267e-06  1.46153322e-04 
 7.26712760e-06  2.09554968e-05 
 7.27216487e-06  1.45979885e-04 
 7.28223942e-06  2.09978232e-05 
 7.30015270e-06  1.45941587e-04 
 7.33331027e-06  2.10089428e-05 
 7.39823019e-06  1.45937463e-04 
 7.50000000e-06  2.10125359e-05 
 7.50001000e-06  4.20390613e-03 
 7.50003000e-06  4.06721346e-03 
 7.50007000e-06  4.86598059e-03 
 7.50010000e-06  5.73114734e-03 
 7.50010052e-06  2.43757997e-03 
 7.50010155e-06  1.04872548e-03 
 7.50010362e-06  1.15386704e-03 
 7.50010775e-06  1.00613700e-03 
 7.50011603e-06  1.11298914e-03 
 7.50013257e-06  9.12121752e-04 
 7.50016565e-06  9.54053922e-04 
 7.50023183e-06  7.40874824e-04 
 7.50036417e-06  7.60230487e-04 
 7.50062885e-06  5.63618263e-04 
 7.50109586e-06  6.64379862e-04 
 7.50172031e-06  3.52074636e-04 
 7.50244825e-06  2.81585854e-04 
 7.50307833e-06  1.75933501e-04 
 7.50384205e-06  2.31361128e-04 
 7.50478736e-06  8.54804974e-05 
 7.50575464e-06  1.71558232e-04 
 7.50667758e-06  6.02295795e-05 
 7.50781250e-06  1.61869112e-04 
 7.50897822e-06  5.52958991e-05 
 7.51072841e-06  1.74644783e-04 
 7.51283087e-06  5.64957065e-05 
 7.51453071e-06  1.52083391e-04 
 7.51631987e-06  3.67568643e-05 
 7.51852071e-06  1.36643628e-04 
 7.52077569e-06  3.05133989e-05 
 7.52461203e-06  1.36571566e-04 
 7.52984686e-06  3.03397188e-05 
 7.53868288e-06  1.36697784e-04 
 7.55300178e-06  3.02863446e-05 
 7.57743528e-06  1.36713651e-04 
 7.62252350e-06  3.02576432e-05 
 7.70920574e-06  1.36707811e-04 
 7.75010000e-06  3.02398455e-05 
 7.75011000e-06 -4.16513304e-03 
 7.75013000e-06 -4.55298194e-03 
 7.75017000e-06 -3.72162111e-03 
 7.75020000e-06 -3.77322987e-03 
 7.75020052e-06 -5.98949847e-04 
 7.75020156e-06  5.44231300e-04 
 7.75020365e-06  1.74261399e-04 
 7.75020782e-06  3.44397090e-04 
 7.75021617e-06  2.15585630e-04 
 7.75023286e-06  3.79812312e-04 
 7.75026623e-06  2.84677267e-04 
 7.75033299e-06  4.10708450e-04 
 7.75041716e-06  2.99679830e-04 
 7.75058551e-06  4.22026639e-04 
 7.75081566e-06  3.45398809e-04 
 7.75109343e-06  5.26851116e-04 
 7.75164898e-06  4.07996276e-04 
 7.75225972e-06  4.45554708e-04 
 7.75292069e-06  1.38893076e-04 
 7.75364577e-06  2.03164475e-04 
 7.75457210e-06  8.44032116e-05 
 7.75557884e-06  1.90924583e-04 
 7.75657853e-06  6.39238174e-05 
 7.75762875e-06  1.71124542e-04 
 7.75857872e-06  3.83295199e-05 
 7.75956950e-06  1.52470673e-04 
 7.76065209e-06  2.71075336e-05 
 7.76191208e-06  1.44265547e-04 
 7.76443207e-06  2.36102424e-05 
 7.76859944e-06  1.43226903e-04 
 7.77512813e-06  2.36740345e-05 
 7.78818549e-06  1.43188628e-04 
 7.81430021e-06  2.36947288e-05 
 7.86652967e-06  1.43204237e-04 
 7.97098857e-06  2.37224253e-05 
 8.00000000e-06  1.43210313e-04 
 8.00001000e-06  4.20388301e-03 
 8.00003000e-06  4.06042890e-03 
 8.00007000e-06  4.86544105e-03 
 8.00010000e-06  5.72480643e-03 
 8.00010052e-06  2.43592203e-03 
 8.00010155e-06  1.05017640e-03 
 8.00010362e-06  1.15264053e-03 
 8.00010775e-06  1.00524875e-03 
 8.00011602e-06  1.11038164e-03 
 8.00013256e-06  9.12199412e-04 
 8.00016564e-06  9.52547361e-04 
 8.00023179e-06  7.41650658e-04 
 8.00036409e-06  7.59774470e-04 
 8.00062870e-06  5.65917592e-04 
 8.00109609e-06  6.65732101e-04 
 8.00171980e-06  3.56380598e-04 
 8.00244826e-06  2.81566637e-04 
 8.00308381e-06  1.75091323e-04 
 8.00384843e-06  2.26313321e-04 
 8.00481525e-06  8.28304014e-05 
 8.00575025e-06  1.71314816e-04 
 8.00670161e-06  6.98621149e-05 
 8.00756365e-06  1.67296079e-04 
 8.00850475e-06  4.50491425e-05 
 8.00953671e-06  1.47729306e-04 
 8.01069474e-06  3.88579648e-05 
 8.01242119e-06  1.48257186e-04 
 8.01395218e-06  3.21870159e-05 
 8.01556924e-06  1.37193170e-04 
 8.01723690e-06  3.15509988e-05 
 8.01905245e-06  1.36070311e-04 
 8.02268356e-06  3.14312120e-05 
 8.02810594e-06  1.35829311e-04 
 8.03700252e-06  3.14292166e-05 
 8.05479568e-06  1.35736155e-04 
 8.09038201e-06  3.13685064e-05 
 8.16155466e-06  1.35653273e-04 
 8.25010000e-06  3.13197297e-05 
 8.25011000e-06 -4.16567094e-03 
 8.25013000e-06 -4.55295368e-03 
 8.25017000e-06 -3.72956125e-03 
 8.25020000e-06 -3.78412848e-03 
 8.25020052e-06 -6.10131838e-04 
 8.25020157e-06  5.29948633e-04 
 8.25020365e-06  1.57379818e-04 
 8.25020783e-06  3.31452864e-04 
 8.25021618e-06  2.03217145e-04 
 8.25023289e-06  3.68704728e-04 
 8.25026629e-06  2.71420488e-04 
 8.25033311e-06  3.99938131e-04 
 8.25046674e-06  2.86328570e-04 
 8.25064428e-06  4.19932460e-04 
 8.25085360e-06  3.48757958e-04 
 8.25127223e-06  5.31071138e-04 
 8.25192983e-06  3.66398733e-04 
 8.25260851e-06  3.21006710e-04 
 8.25330753e-06  8.05178964e-05 
 8.25422370e-06  1.77372596e-04 
 8.25544688e-06  5.01680970e-05 
 8.25660456e-06  1.51115330e-04 
 8.25788799e-06  4.10675204e-05 
 8.25952701e-06  1.47765090e-04 
 8.26158451e-06  2.72531716e-05 
 8.26424518e-06  1.40088668e-04 
 8.26765138e-06  2.66223907e-05 
 8.27258130e-06  1.40235486e-04 
 8.28244114e-06  2.65993796e-05 
 8.29641562e-06  1.40284269e-04 
 8.32436458e-06  2.65965279e-05 
 8.38026250e-06  1.40313402e-04 
 8.48706735e-06  2.66128333e-05 
 8.50000000e-06  1.40334674e-04 
