 1.00000000e-12  1.78200000e+00  5.62525235e-01 
 1.02800000e-12  1.78149600e+00  5.58223469e-01 
 1.08400000e-12  1.78048800e+00  5.54385503e-01 
 1.19600000e-12  1.77847200e+00  5.57185124e-01 
 1.42000000e-12  1.77444000e+00  5.62939655e-01 
 1.71018873e-12  1.76921660e+00  5.68274442e-01 
 2.29056618e-12  1.75876981e+00  5.74376942e-01 
 3.17810393e-12  1.74279413e+00  5.77308092e-01 
 4.41169633e-12  1.72058947e+00  5.78010421e-01 
 6.24679587e-12  1.68755767e+00  5.77836753e-01 
 9.34914619e-12  1.63171537e+00  5.77616655e-01 
 1.34427045e-11  1.55803132e+00  5.77198063e-01 
 1.94637057e-11  1.44965330e+00  5.76745803e-01 
 3.15057081e-11  1.23289726e+00  5.75753708e-01 
 5.55897128e-11  7.99385170e-01  5.74296790e-01 
 1.00000000e-10  0.00000000e+00  5.73166823e-01 
 1.04816801e-10  0.00000000e+00  5.73499133e-01 
 1.14450403e-10  0.00000000e+00  5.74132528e-01 
 1.33717607e-10  0.00000000e+00  5.75287748e-01 
 1.72252014e-10  0.00000000e+00  5.77582514e-01 
 2.49320829e-10  0.00000000e+00  5.82570311e-01 
 4.03458460e-10  0.00000000e+00  5.91848286e-01 
 6.44633981e-10  0.00000000e+00  6.02362932e-01 
 9.57273021e-10  0.00000000e+00  6.13116781e-01 
 1.34552028e-09  0.00000000e+00  6.24988396e-01 
 1.87028620e-09  0.00000000e+00  6.33842178e-01 
 2.52103778e-09  0.00000000e+00  6.25261738e-01 
 3.30972533e-09  0.00000000e+00  5.91702400e-01 
 4.21152367e-09  0.00000000e+00  5.43173928e-01 
 5.18372571e-09  0.00000000e+00  4.92029755e-01 
 5.98736744e-09  0.00000000e+00  4.53532528e-01 
 6.97086373e-09  0.00000000e+00  4.03835758e-01 
 7.75749280e-09  0.00000000e+00  3.64540387e-01 
 8.40090101e-09  0.00000000e+00  3.33899409e-01 
 9.09822531e-09  0.00000000e+00  3.02337021e-01 
 9.95642176e-09  0.00000000e+00  2.66034571e-01 
 1.08976509e-08  0.00000000e+00  2.31203337e-01 
 1.21435655e-08  0.00000000e+00  1.93106349e-01 
 1.33363526e-08  0.00000000e+00  1.62775824e-01 
 1.42173596e-08  0.00000000e+00  1.42082503e-01 
 1.50597590e-08  0.00000000e+00  1.23655025e-01 
 1.58654375e-08  0.00000000e+00  1.07625493e-01 
 1.67824630e-08  0.00000000e+00  9.21446424e-02 
 1.86165140e-08  0.00000000e+00  6.67346677e-02 
 2.08717259e-08  0.00000000e+00  4.47908967e-02 
 2.50941455e-08  0.00000000e+00  2.02694400e-02 
 2.85850254e-08  0.00000000e+00  1.07053854e-02 
 3.22091820e-08  0.00000000e+00  5.33966801e-03 
 3.68311585e-08  0.00000000e+00  2.27737374e-03 
 4.16950500e-08  0.00000000e+00  8.18519830e-04 
 4.93977464e-08  0.00000000e+00  2.13786907e-04 
 6.18593859e-08  0.00000000e+00 -4.96727169e-05 
 7.96470159e-08  0.00000000e+00  5.62270934e-05 
 1.13603440e-07  0.00000000e+00 -4.70925582e-05 
 1.69420401e-07  0.00000000e+00  4.99501795e-05 
 2.50100000e-07  0.00000000e+00 -4.82643951e-05 
 2.50110000e-07  1.80000000e-01  1.27801338e-03 
 2.50130000e-07  5.40000000e-01  4.23261565e-03 
 2.50170000e-07  1.26000000e+00  8.85152942e-03 
 2.50200000e-07  1.80000000e+00  1.02324650e-02 
 2.50207563e-07  1.80000000e+00  9.43529902e-03 
 2.50222689e-07  1.80000000e+00  7.63412029e-03 
 2.50252940e-07  1.80000000e+00  4.27937353e-03 
 2.50313443e-07  1.80000000e+00  4.62757040e-04 
 2.50406419e-07  1.80000000e+00 -1.45664516e-03 
 2.50546931e-07  1.80000000e+00 -2.11718514e-03 
 2.50749245e-07  1.80000000e+00 -1.68711114e-03 
 2.51002292e-07  1.80000000e+00  1.12753136e-04 
 2.51449639e-07  1.80000000e+00  3.40224157e-03 
 2.51920913e-07  1.80000000e+00  2.30125429e-03 
 2.52407262e-07  1.80000000e+00  1.16668748e-03 
 2.53079505e-07  1.80000000e+00  5.91909439e-04 
 2.53953396e-07  1.80000000e+00 -8.59524762e-05 
 2.54551827e-07  1.80000000e+00  1.20400677e-04 
 2.55242420e-07  1.80000000e+00  8.53186446e-04 
 2.56012482e-07  1.80000000e+00  6.39483230e-04 
 2.56875626e-07  1.80000000e+00  6.68517876e-04 
 2.57804744e-07  1.80000000e+00  7.79447342e-04 
 2.59266691e-07  1.80000000e+00  6.29851534e-04 
 2.60860952e-07  1.80000000e+00  6.09265302e-04 
 2.63758521e-07  1.80000000e+00  3.09218910e-04 
 2.67349878e-07  1.80000000e+00  2.67096358e-04 
 2.74532592e-07  1.80000000e+00  3.39789197e-05 
 2.85831938e-07  1.80000000e+00  7.73684226e-05 
 3.04906136e-07  1.80000000e+00 -3.72446240e-05 
 3.38726382e-07  1.80000000e+00  5.16695057e-05 
 3.73794958e-07  1.80000000e+00 -1.73271945e-03 
 4.05451569e-07  1.80000000e+00 -3.74231262e-04 
 4.16100491e-07  1.80000000e+00 -3.34663996e-04 
 4.27235814e-07  1.80000000e+00  1.67473622e-04 
 4.35126061e-07  1.80000000e+00 -7.37491647e-05 
 4.43651305e-07  1.80000000e+00  7.41823301e-05 
 4.54145272e-07  1.80000000e+00 -3.75725836e-05 
 4.67635502e-07  1.80000000e+00  5.38939970e-05 
 4.93391760e-07  1.80000000e+00 -3.37329539e-05 
 5.00000000e-07  1.80000000e+00  4.27864907e-05 
 5.00010000e-07  1.62000000e+00 -7.54916450e-04 
 5.00030000e-07  1.26000000e+00 -2.17955792e-03 
 5.00070000e-07  5.40000000e-01 -4.09047036e-03 
 5.00100000e-07  0.00000000e+00 -5.04473199e-03 
 5.00108000e-07  0.00000000e+00 -4.65541278e-03 
 5.00124000e-07  0.00000000e+00 -3.83109577e-03 
 5.00156000e-07  0.00000000e+00 -2.59473640e-03 
 5.00220000e-07  0.00000000e+00 -1.23226299e-03 
 5.00348000e-07  0.00000000e+00 -1.08233523e-04 
 5.00520203e-07  0.00000000e+00  2.66121527e-04 
 5.00864608e-07  0.00000000e+00  1.24784213e-03 
 5.01302301e-07  0.00000000e+00 -8.31609645e-04 
 5.01766641e-07  0.00000000e+00 -1.10381982e-02 
 5.02213970e-07  0.00000000e+00 -1.64623957e-02 
 5.02708745e-07  0.00000000e+00  1.12896332e-02 
 5.03323880e-07  0.00000000e+00  8.01623808e-02 
 5.04074981e-07  0.00000000e+00  1.73628675e-01 
 5.04869972e-07  0.00000000e+00  2.74383850e-01 
 5.05668684e-07  0.00000000e+00  3.72999223e-01 
 5.06781101e-07  0.00000000e+00  5.03099001e-01 
 5.08120260e-07  0.00000000e+00  6.51220656e-01 
 5.09949942e-07  0.00000000e+00  8.48570855e-01 
 5.11281224e-07  0.00000000e+00  9.68713143e-01 
 5.12757083e-07  0.00000000e+00  1.08150432e+00 
 5.14380580e-07  0.00000000e+00  1.20112522e+00 
 5.16003249e-07  0.00000000e+00  1.34387520e+00 
 5.17706592e-07  0.00000000e+00  1.52909460e+00 
 5.19854606e-07  0.00000000e+00  1.69474250e+00 
 5.22125334e-07  0.00000000e+00  1.76785148e+00 
 5.26052601e-07  0.00000000e+00  1.79907458e+00 
 5.32113151e-07  0.00000000e+00  1.80053464e+00 
 5.41334319e-07  0.00000000e+00  1.79976392e+00 
 5.59725228e-07  0.00000000e+00  1.80029439e+00 
 5.96507046e-07  0.00000000e+00  1.79976112e+00 
 6.70070683e-07  0.00000000e+00  1.80025517e+00 
 7.50100000e-07  9.52912066e-13  1.79975987e+00 
 7.50110000e-07  1.80000000e-01  1.80043220e+00 
 7.50130000e-07  5.40000000e-01  1.80197556e+00 
 7.50170000e-07  1.26000000e+00  1.80544352e+00 
 7.50200000e-07  1.80000000e+00  1.80773390e+00 
 7.50208000e-07  1.80000000e+00  1.80747508e+00 
 7.50224000e-07  1.80000000e+00  1.80693006e+00 
 7.50256000e-07  1.80000000e+00  1.80606803e+00 
 7.50320000e-07  1.80000000e+00  1.80497725e+00 
 7.50448000e-07  1.80000000e+00  1.80373394e+00 
 7.50704000e-07  1.80000000e+00  1.80218765e+00 
 7.51068642e-07  1.80000000e+00  1.80317040e+00 
 7.51540177e-07  1.80000000e+00  1.80756991e+00 
 7.52046540e-07  1.80000000e+00  1.80549593e+00 
 7.52578022e-07  1.80000000e+00  1.80302792e+00 
 7.53287928e-07  1.80000000e+00  1.80165448e+00 
 7.54065517e-07  1.80000000e+00  1.80068118e+00 
 7.54715389e-07  1.80000000e+00  1.80099585e+00 
 7.55412777e-07  1.80000000e+00  1.79904880e+00 
 7.56131649e-07  1.80000000e+00  1.79826765e+00 
 7.57085484e-07  1.80000000e+00  1.79937716e+00 
 7.57973767e-07  1.80000000e+00  1.79911744e+00 
 7.58971947e-07  1.80000000e+00  1.79840772e+00 
 7.60026626e-07  1.80000000e+00  1.79759768e+00 
 7.61438537e-07  1.80000000e+00  1.79755305e+00 
 7.63257743e-07  1.80000000e+00  1.79836329e+00 
 7.65770518e-07  1.80000000e+00  1.79914251e+00 
 7.69309882e-07  1.80000000e+00  1.79967803e+00 
 7.75630897e-07  1.80000000e+00  1.79996153e+00 
 7.84573739e-07  1.80000000e+00  1.80001627e+00 
 7.99582778e-07  1.80000000e+00  1.80000037e+00 
 8.23084455e-07  1.80000000e+00  1.80001362e+00 
 8.60137626e-07  1.80000000e+00  1.79999931e+00 
 9.28649631e-07  1.80000000e+00  1.80001162e+00 
 1.00000000e-06  1.80000000e+00  1.79999744e+00 
 1.00001000e-06  1.62000000e+00  1.79883464e+00 
 1.00003000e-06  1.26000000e+00  1.79667406e+00 
 1.00007000e-06  5.40000000e-01  1.79338089e+00 
 1.00010000e-06  0.00000000e+00  1.79177780e+00 
 1.00010800e-06  0.00000000e+00  1.79233232e+00 
 1.00012400e-06  0.00000000e+00  1.79343247e+00 
 1.00015600e-06  0.00000000e+00  1.79508516e+00 
 1.00022000e-06  0.00000000e+00  1.79721227e+00 
 1.00034800e-06  0.00000000e+00  1.79964888e+00 
 1.00052011e-06  0.00000000e+00  1.80105321e+00 
 1.00086433e-06  0.00000000e+00  1.80222111e+00 
 1.00129894e-06  0.00000000e+00  1.80148668e+00 
 1.00176157e-06  0.00000000e+00  1.79976990e+00 
 1.00223912e-06  0.00000000e+00  1.79811915e+00 
 1.00276766e-06  0.00000000e+00  1.79891573e+00 
 1.00341029e-06  0.00000000e+00  1.80035706e+00 
 1.00403550e-06  0.00000000e+00  1.80123876e+00 
 1.00457696e-06  0.00000000e+00  1.79915190e+00 
 1.00521105e-06  0.00000000e+00  1.79124190e+00 
 1.00582879e-06  0.00000000e+00  1.79034022e+00 
 1.00643460e-06  0.00000000e+00  1.78680656e+00 
 1.00710888e-06  0.00000000e+00  1.78531516e+00 
 1.00799922e-06  0.00000000e+00  1.78914962e+00 
 1.00899162e-06  0.00000000e+00  1.79271513e+00 
 1.01045583e-06  0.00000000e+00  1.79555774e+00 
 1.01143965e-06  0.00000000e+00  1.79708290e+00 
 1.01254424e-06  0.00000000e+00  1.79833746e+00 
 1.01376544e-06  0.00000000e+00  1.79948956e+00 
 1.01507938e-06  0.00000000e+00  1.79942324e+00 
 1.01610665e-06  0.00000000e+00  1.79880463e+00 
 1.01720615e-06  0.00000000e+00  1.79886586e+00 
 1.01832803e-06  0.00000000e+00  1.79957541e+00 
 1.01950186e-06  0.00000000e+00  1.79791365e+00 
 1.02077956e-06  0.00000000e+00  1.79782925e+00 
 1.02208930e-06  0.00000000e+00  1.79865435e+00 
 1.02431083e-06  0.00000000e+00  1.79961969e+00 
 1.02646440e-06  0.00000000e+00  1.79979638e+00 
 1.03077155e-06  0.00000000e+00  1.79999434e+00 
 1.03816032e-06  0.00000000e+00  1.79993112e+00 
 1.04935087e-06  0.00000000e+00  1.80000263e+00 
 1.07173199e-06  0.00000000e+00  1.79994814e+00 
 1.10821592e-06  0.00000000e+00  1.80001647e+00 
 1.14426700e-06  0.00000000e+00  1.79995920e+00 
 1.16974300e-06  0.00000000e+00  1.80010767e+00 
 1.18896258e-06  0.00000000e+00  1.79970686e+00 
 1.20724578e-06  0.00000000e+00  1.80037742e+00 
 1.22282548e-06  0.00000000e+00  1.79955198e+00 
 1.23894210e-06  0.00000000e+00  1.80044910e+00 
 1.25010000e-06  0.00000000e+00  1.79954886e+00 
 1.25011000e-06  1.80000000e-01  1.80015369e+00 
 1.25013000e-06  5.40000000e-01  1.80164875e+00 
 1.25017000e-06  1.26000000e+00  1.80521530e+00 
 1.25020000e-06  1.80000000e+00  1.80767401e+00 
 1.25020794e-06  1.80000000e+00  1.80745796e+00 
 1.25022381e-06  1.80000000e+00  1.80698449e+00 
 1.25025557e-06  1.80000000e+00  1.80619453e+00 
 1.25031907e-06  1.80000000e+00  1.80512057e+00 
 1.25044608e-06  1.80000000e+00  1.80384122e+00 
 1.25070011e-06  1.80000000e+00  1.80235883e+00 
 1.25106187e-06  1.80000000e+00  1.80309949e+00 
 1.25152778e-06  1.80000000e+00  1.80701673e+00 
 1.25202558e-06  1.80000000e+00  1.80507345e+00 
 1.25255215e-06  1.80000000e+00  1.80255147e+00 
 1.25327000e-06  1.80000000e+00  1.80107184e+00 
 1.25405522e-06  1.80000000e+00  1.79990091e+00 
 1.25466087e-06  1.80000000e+00  1.79907465e+00 
 1.25534138e-06  1.80000000e+00  1.79824090e+00 
 1.25600781e-06  1.80000000e+00  1.79813292e+00 
 1.25688496e-06  1.80000000e+00  1.79836001e+00 
 1.25780543e-06  1.80000000e+00  1.79864930e+00 
 1.25953243e-06  1.80000000e+00  1.79912491e+00 
 1.26175082e-06  1.80000000e+00  1.79948861e+00 
 1.26511587e-06  1.80000000e+00  1.79979517e+00 
 1.27078896e-06  1.80000000e+00  1.79995542e+00 
 1.28171861e-06  1.80000000e+00  1.80001156e+00 
 1.29954762e-06  1.80000000e+00  1.79999171e+00 
 1.33304761e-06  1.80000000e+00  1.80000739e+00 
 1.39177703e-06  1.80000000e+00  1.79999284e+00 
 1.50000000e-06  1.80000000e+00  1.80000696e+00 
 1.50001000e-06  1.62000000e+00  1.79883045e+00 
 1.50003000e-06  1.26000000e+00  1.79664653e+00 
 1.50007000e-06  5.40000000e-01  1.79328884e+00 
 1.50010000e-06  0.00000000e+00  1.79154842e+00 
 1.50010800e-06  0.00000000e+00  1.79205721e+00 
 1.50012400e-06  0.00000000e+00  1.79309981e+00 
 1.50015600e-06  0.00000000e+00  1.79476267e+00 
 1.50022000e-06  0.00000000e+00  1.79702509e+00 
 1.50034800e-06  0.00000000e+00  1.79960089e+00 
 1.50052004e-06  0.00000000e+00  1.80102175e+00 
 1.50086413e-06  0.00000000e+00  1.80216673e+00 
 1.50129856e-06  0.00000000e+00  1.80149221e+00 
 1.50176107e-06  0.00000000e+00  1.79985534e+00 
 1.50223826e-06  0.00000000e+00  1.79816262e+00 
 1.50276879e-06  0.00000000e+00  1.79877062e+00 
 1.50340388e-06  0.00000000e+00  1.79967503e+00 
 1.50399094e-06  0.00000000e+00  1.79974560e+00 
 1.50463043e-06  0.00000000e+00  1.79980942e+00 
 1.50532480e-06  0.00000000e+00  1.79988578e+00 
 1.50628169e-06  0.00000000e+00  1.79981507e+00 
 1.50729486e-06  0.00000000e+00  1.79990674e+00 
 1.50825687e-06  0.00000000e+00  1.79993761e+00 
 1.50924519e-06  0.00000000e+00  1.79992586e+00 
 1.51018396e-06  0.00000000e+00  1.79993287e+00 
 1.51121733e-06  0.00000000e+00  1.79992722e+00 
 1.51235739e-06  0.00000000e+00  1.79993368e+00 
 1.51362342e-06  0.00000000e+00  1.79992994e+00 
 1.51615549e-06  0.00000000e+00  1.79993989e+00 
 1.52121963e-06  0.00000000e+00  1.79994349e+00 
 1.53093940e-06  0.00000000e+00  1.79996117e+00 
 1.55037894e-06  0.00000000e+00  1.79996909e+00 
 1.58925802e-06  0.00000000e+00  1.79998593e+00 
 1.66701618e-06  0.00000000e+00  1.79998842e+00 
 1.75010000e-06  0.00000000e+00  1.79999682e+00 
 1.75011000e-06  1.80000000e-01  1.80052570e+00 
 1.75013000e-06  5.40000000e-01  1.80187541e+00 
 1.75017000e-06  1.26000000e+00  1.80528932e+00 
 1.75020000e-06  1.80000000e+00  1.80772030e+00 
 1.75020800e-06  1.80000000e+00  1.80751160e+00 
 1.75022400e-06  1.80000000e+00  1.80705052e+00 
 1.75025600e-06  1.80000000e+00  1.80627266e+00 
 1.75032000e-06  1.80000000e+00  1.80519261e+00 
 1.75044800e-06  1.80000000e+00  1.80387451e+00 
 1.75070400e-06  1.80000000e+00  1.80235078e+00 
 1.75106207e-06  1.80000000e+00  1.80311748e+00 
 1.75153577e-06  1.80000000e+00  1.80706777e+00 
 1.75203958e-06  1.80000000e+00  1.80504659e+00 
 1.75256896e-06  1.80000000e+00  1.80253186e+00 
 1.75328800e-06  1.80000000e+00  1.80115828e+00 
 1.75406130e-06  1.80000000e+00  1.80018329e+00 
 1.75470592e-06  1.80000000e+00  1.79935262e+00 
 1.75540153e-06  1.80000000e+00  1.79837270e+00 
 1.75610982e-06  1.80000000e+00  1.79808109e+00 
 1.75697702e-06  1.80000000e+00  1.79832280e+00 
 1.75788448e-06  1.80000000e+00  1.79858663e+00 
 1.75966508e-06  1.80000000e+00  1.79910711e+00 
 1.76194349e-06  1.80000000e+00  1.79947871e+00 
 1.76545176e-06  1.80000000e+00  1.79980578e+00 
 1.77138374e-06  1.80000000e+00  1.79995765e+00 
 1.78216093e-06  1.80000000e+00  1.80001373e+00 
 1.79997069e-06  1.80000000e+00  1.79998902e+00 
 1.83214579e-06  1.80000000e+00  1.80001009e+00 
 1.88771930e-06  1.80000000e+00  1.79999010e+00 
 1.98506692e-06  1.80000000e+00  1.80000967e+00 
 2.00000000e-06  1.80000000e+00  1.79999085e+00 
 2.00001000e-06  1.62000000e+00  1.79882195e+00 
 2.00003000e-06  1.26000000e+00  1.79665904e+00 
 2.00007000e-06  5.40000000e-01  1.79331160e+00 
 2.00010000e-06  3.67639252e-12  1.79156523e+00 
 2.00010800e-06  0.00000000e+00  1.79207229e+00 
 2.00012400e-06  0.00000000e+00  1.79311157e+00 
 2.00015600e-06  0.00000000e+00  1.79477037e+00 
 2.00022000e-06  0.00000000e+00  1.79703020e+00 
 2.00034800e-06  0.00000000e+00  1.79960492e+00 
 2.00051987e-06  0.00000000e+00  1.80102291e+00 
 2.00086360e-06  0.00000000e+00  1.80216221e+00 
 2.00129783e-06  0.00000000e+00  1.80147874e+00 
 2.00176013e-06  0.00000000e+00  1.79984883e+00 
 2.00223704e-06  0.00000000e+00  1.79817284e+00 
 2.00276588e-06  0.00000000e+00  1.79873010e+00 
 2.00340618e-06  0.00000000e+00  1.79956151e+00 
 2.00403355e-06  0.00000000e+00  1.79973524e+00 
 2.00457799e-06  0.00000000e+00  1.79980842e+00 
 2.00520127e-06  0.00000000e+00  1.79990012e+00 
 2.00581995e-06  0.00000000e+00  1.79992067e+00 
 2.00642884e-06  0.00000000e+00  1.79992138e+00 
 2.00711022e-06  0.00000000e+00  1.79992004e+00 
 2.00800273e-06  0.00000000e+00  1.79991454e+00 
 2.00900265e-06  0.00000000e+00  1.79992277e+00 
 2.01061314e-06  0.00000000e+00  1.79997731e+00 
 2.01256026e-06  0.00000000e+00  1.80020673e+00 
 2.01401338e-06  0.00000000e+00  1.80046042e+00 
 2.01536832e-06  0.00000000e+00  1.79978521e+00 
 2.01670943e-06  0.00000000e+00  1.79880181e+00 
 2.01797393e-06  0.00000000e+00  1.79975258e+00 
 2.01909005e-06  0.00000000e+00  1.79832236e+00 
 2.02030438e-06  0.00000000e+00  1.79770271e+00 
 2.02162116e-06  0.00000000e+00  1.79842160e+00 
 2.02344745e-06  0.00000000e+00  1.79942366e+00 
 2.02535934e-06  0.00000000e+00  1.79969498e+00 
 2.02869463e-06  0.00000000e+00  1.79997600e+00 
 2.03416739e-06  0.00000000e+00  1.79992220e+00 
 2.04282231e-06  0.00000000e+00  1.80000766e+00 
 2.05845006e-06  0.00000000e+00  1.79993463e+00 
 2.08399361e-06  0.00000000e+00  1.80002215e+00 
 2.11537810e-06  0.00000000e+00  1.79994655e+00 
 2.17814709e-06  0.00000000e+00  1.80003151e+00 
 2.23104264e-06  0.00000000e+00  1.79995347e+00 
 2.25010000e-06  0.00000000e+00  1.80003389e+00 
 2.25011000e-06  1.80000000e-01  1.80056780e+00 
 2.25013000e-06  5.40000000e-01  1.80191664e+00 
 2.25017000e-06  1.26000000e+00  1.80529259e+00 
 2.25020000e-06  1.80000000e+00  1.80769017e+00 
 2.25020800e-06  1.80000000e+00  1.80748129e+00 
 2.25022400e-06  1.80000000e+00  1.80702152e+00 
 2.25025600e-06  1.80000000e+00  1.80624959e+00 
 2.25032000e-06  1.80000000e+00  1.80518036e+00 
 2.25044800e-06  1.80000000e+00  1.80387384e+00 
 2.25070400e-06  1.80000000e+00  1.80235360e+00 
 2.25105978e-06  1.80000000e+00  1.80310444e+00 
 2.25153363e-06  1.80000000e+00  1.80706148e+00 
 2.25203605e-06  1.80000000e+00  1.80505996e+00 
 2.25256445e-06  1.80000000e+00  1.80254890e+00 
 2.25328478e-06  1.80000000e+00  1.80107336e+00 
 2.25407036e-06  1.80000000e+00  1.79989154e+00 
 2.25468708e-06  1.80000000e+00  1.79905425e+00 
 2.25537606e-06  1.80000000e+00  1.79823543e+00 
 2.25604131e-06  1.80000000e+00  1.79815873e+00 
 2.25693518e-06  1.80000000e+00  1.79838879e+00 
 2.25786965e-06  1.80000000e+00  1.79868376e+00 
 2.25959915e-06  1.80000000e+00  1.79914658e+00 
 2.26186558e-06  1.80000000e+00  1.79950887e+00 
 2.26528214e-06  1.80000000e+00  1.79980554e+00 
 2.27118039e-06  1.80000000e+00  1.79996217e+00 
 2.28190354e-06  1.80000000e+00  1.80000964e+00 
 2.29971772e-06  1.80000000e+00  1.79999292e+00 
 2.33223563e-06  1.80000000e+00  1.80000628e+00 
 2.37705788e-06  1.80000000e+00  1.79999389e+00 
 2.42590428e-06  1.80000000e+00  1.80000583e+00 
 2.48304936e-06  1.80000000e+00  1.79999423e+00 
 2.50000000e-06  1.80000000e+00  1.80000544e+00 
 2.50001000e-06  1.62000000e+00  1.79883876e+00 
 2.50003000e-06  1.26000000e+00  1.79668330e+00 
 2.50007000e-06  5.40000000e-01  1.79333828e+00 
 2.50010000e-06  3.67639252e-12  1.79158729e+00 
 2.50010800e-06  0.00000000e+00  1.79209144e+00 
 2.50012400e-06  0.00000000e+00  1.79312437e+00 
 2.50015600e-06  0.00000000e+00  1.79477436e+00 
 2.50022000e-06  0.00000000e+00  1.79702583e+00 
 2.50034800e-06  0.00000000e+00  1.79959840e+00 
 2.50052005e-06  0.00000000e+00  1.80102206e+00 
 2.50086414e-06  0.00000000e+00  1.80216576e+00 
 2.50129856e-06  0.00000000e+00  1.80148527e+00 
 2.50176108e-06  0.00000000e+00  1.79984873e+00 
 2.50223770e-06  0.00000000e+00  1.79815951e+00 
 2.50276820e-06  0.00000000e+00  1.79877632e+00 
 2.50340284e-06  0.00000000e+00  1.79967200e+00 
 2.50399640e-06  0.00000000e+00  1.79974245e+00 
 2.50463629e-06  0.00000000e+00  1.79980737e+00 
 2.50533094e-06  0.00000000e+00  1.79988594e+00 
 2.50629145e-06  0.00000000e+00  1.79981159e+00 
 2.50729856e-06  0.00000000e+00  1.79990626e+00 
 2.50826261e-06  0.00000000e+00  1.79994049e+00 
 2.50925152e-06  0.00000000e+00  1.79992717e+00 
 2.51019317e-06  0.00000000e+00  1.79993434e+00 
 2.51122700e-06  0.00000000e+00  1.79992784e+00 
 2.51236673e-06  0.00000000e+00  1.79993445e+00 
 2.51363291e-06  0.00000000e+00  1.79993018e+00 
 2.51616526e-06  0.00000000e+00  1.79994031e+00 
 2.52122996e-06  0.00000000e+00  1.79994348e+00 
 2.53096095e-06  0.00000000e+00  1.79996143e+00 
 2.55042293e-06  0.00000000e+00  1.79996899e+00 
 2.58934689e-06  0.00000000e+00  1.79998612e+00 
 2.66719481e-06  0.00000000e+00  1.79998827e+00 
 2.75010000e-06  0.00000000e+00  1.79999698e+00 
 2.75011000e-06  1.80000000e-01  1.80052399e+00 
 2.75013000e-06  5.40000000e-01  1.80186910e+00 
 2.75017000e-06  1.26000000e+00  1.80525957e+00 
 2.75020000e-06  1.80000000e+00  1.80766070e+00 
 2.75020800e-06  1.80000000e+00  1.80745706e+00 
 2.75022400e-06  1.80000000e+00  1.80700697e+00 
 2.75025600e-06  1.80000000e+00  1.80624559e+00 
 2.75032000e-06  1.80000000e+00  1.80518339e+00 
 2.75044800e-06  1.80000000e+00  1.80387593e+00 
 2.75070400e-06  1.80000000e+00  1.80235267e+00 
 2.75105873e-06  1.80000000e+00  1.80310278e+00 
 2.75153358e-06  1.80000000e+00  1.80707075e+00 
 2.75203609e-06  1.80000000e+00  1.80507208e+00 
 2.75256441e-06  1.80000000e+00  1.80254842e+00 
 2.75328413e-06  1.80000000e+00  1.80116438e+00 
 2.75405713e-06  1.80000000e+00  1.80018986e+00 
 2.75469595e-06  1.80000000e+00  1.79937138e+00 
 2.75538917e-06  1.80000000e+00  1.79838777e+00 
 2.75609636e-06  1.80000000e+00  1.79808018e+00 
 2.75696351e-06  1.80000000e+00  1.79831965e+00 
 2.75787005e-06  1.80000000e+00  1.79858121e+00 
 2.75964549e-06  1.80000000e+00  1.79910345e+00 
 2.76191261e-06  1.80000000e+00  1.79947410e+00 
 2.76540195e-06  1.80000000e+00  1.79980361e+00 
 2.77127951e-06  1.80000000e+00  1.79995572e+00 
 2.78197607e-06  1.80000000e+00  1.80001434e+00 
 2.79960710e-06  1.80000000e+00  1.79998848e+00 
 2.83145206e-06  1.80000000e+00  1.80001062e+00 
 2.88641307e-06  1.80000000e+00  1.79998958e+00 
 2.98257167e-06  1.80000000e+00  1.80001020e+00 
 3.00000000e-06  1.80000000e+00  1.79999026e+00 
 3.00001000e-06  1.62000000e+00  1.79882946e+00 
 3.00003000e-06  1.26000000e+00  1.79668748e+00 
 3.00007000e-06  5.40000000e-01  1.79334610e+00 
 3.00010000e-06  3.67639252e-12  1.79159273e+00 
 3.00010800e-06  0.00000000e+00  1.79209612e+00 
 3.00012400e-06  0.00000000e+00  1.79312734e+00 
 3.00015600e-06  0.00000000e+00  1.79477532e+00 
 3.00022000e-06  0.00000000e+00  1.79702672e+00 
 3.00034800e-06  0.00000000e+00  1.79960172e+00 
 3.00051987e-06  0.00000000e+00  1.80102350e+00 
 3.00086360e-06  0.00000000e+00  1.80216218e+00 
 3.00129783e-06  0.00000000e+00  1.80147547e+00 
 3.00176014e-06  0.00000000e+00  1.79984603e+00 
 3.00223652e-06  0.00000000e+00  1.79817008e+00 
 3.00276551e-06  0.00000000e+00  1.79872772e+00 
 3.00340528e-06  0.00000000e+00  1.79956145e+00 
 3.00403262e-06  0.00000000e+00  1.79973592e+00 
 3.00457715e-06  0.00000000e+00  1.79980867e+00 
 3.00520042e-06  0.00000000e+00  1.79990026e+00 
 3.00581992e-06  0.00000000e+00  1.79992096e+00 
 3.00642905e-06  0.00000000e+00  1.79992149e+00 
 3.00711098e-06  0.00000000e+00  1.79992025e+00 
 3.00800413e-06  0.00000000e+00  1.79991464e+00 
 3.00900382e-06  0.00000000e+00  1.79992300e+00 
 3.01061521e-06  0.00000000e+00  1.79997751e+00 
 3.01256158e-06  0.00000000e+00  1.80020737e+00 
 3.01401521e-06  0.00000000e+00  1.80046085e+00 
 3.01536835e-06  0.00000000e+00  1.79978864e+00 
 3.01670716e-06  0.00000000e+00  1.79880676e+00 
 3.01797205e-06  0.00000000e+00  1.79974824e+00 
 3.01908779e-06  0.00000000e+00  1.79832125e+00 
 3.02030198e-06  0.00000000e+00  1.79769792e+00 
 3.02161915e-06  0.00000000e+00  1.79841762e+00 
 3.02344162e-06  0.00000000e+00  1.79941786e+00 
 3.02535424e-06  0.00000000e+00  1.79967309e+00 
 3.02868327e-06  0.00000000e+00  1.79986843e+00 
 3.03295215e-06  0.00000000e+00  1.79988109e+00 
 3.03682902e-06  0.00000000e+00  1.79999364e+00 
 3.04098193e-06  0.00000000e+00  1.79990774e+00 
 3.04397239e-06  0.00000000e+00  1.80012302e+00 
 3.04785876e-06  0.00000000e+00  1.80018105e+00 
 3.05060325e-06  0.00000000e+00  1.79973128e+00 
 3.05364300e-06  0.00000000e+00  1.80005525e+00 
 3.05661805e-06  0.00000000e+00  1.79992902e+00 
 3.06002997e-06  0.00000000e+00  1.80001429e+00 
 3.06547415e-06  0.00000000e+00  1.79996225e+00 
 3.07161808e-06  0.00000000e+00  1.80000002e+00 
 3.07746957e-06  0.00000000e+00  1.79996783e+00 
 3.08471833e-06  0.00000000e+00  1.79998935e+00 
 3.09233454e-06  0.00000000e+00  1.79997982e+00 
 3.10705961e-06  0.00000000e+00  1.79998735e+00 
 3.12850477e-06  0.00000000e+00  1.79998719e+00 
 3.16913017e-06  0.00000000e+00  1.79999106e+00 
 3.23811103e-06  0.00000000e+00  1.79999377e+00 
 3.25010000e-06  0.00000000e+00  1.79999211e+00 
 3.25011000e-06  1.80000000e-01  1.80053256e+00 
 3.25013000e-06  5.40000000e-01  1.80190231e+00 
 3.25017000e-06  1.26000000e+00  1.80531095e+00 
 3.25020000e-06  1.80000000e+00  1.80769747e+00 
 3.25020794e-06  1.80000000e+00  1.80747936e+00 
 3.25022382e-06  1.80000000e+00  1.80700416e+00 
 3.25025557e-06  1.80000000e+00  1.80622086e+00 
 3.25031908e-06  1.80000000e+00  1.80517107e+00 
 3.25044610e-06  1.80000000e+00  1.80390297e+00 
 3.25070013e-06  1.80000000e+00  1.80237817e+00 
 3.25105489e-06  1.80000000e+00  1.80308509e+00 
 3.25152342e-06  1.80000000e+00  1.80701424e+00 
 3.25201884e-06  1.80000000e+00  1.80500975e+00 
 3.25254342e-06  1.80000000e+00  1.80218584e+00 
 3.25326335e-06  1.80000000e+00  1.80044149e+00 
 3.25400679e-06  1.80000000e+00  1.80000265e+00 
 3.25464379e-06  1.80000000e+00  1.79999512e+00 
 3.25532749e-06  1.80000000e+00  1.79988095e+00 
 3.25599182e-06  1.80000000e+00  1.79989040e+00 
 3.25692692e-06  1.80000000e+00  1.79992100e+00 
 3.25789147e-06  1.80000000e+00  1.79992851e+00 
 3.25961624e-06  1.80000000e+00  1.79996244e+00 
 3.26187835e-06  1.80000000e+00  1.79997051e+00 
 3.26527510e-06  1.80000000e+00  1.79999501e+00 
 3.27128520e-06  1.80000000e+00  1.79999336e+00 
 3.28190452e-06  1.80000000e+00  1.80000513e+00 
 3.29986847e-06  1.80000000e+00  1.79999488e+00 
 3.33237294e-06  1.80000000e+00  1.80000497e+00 
 3.38865776e-06  1.80000000e+00  1.79999496e+00 
 3.50000000e-06  1.80000000e+00  1.80000496e+00 
 3.50001000e-06  1.62000000e+00  1.79882661e+00 
 3.50003000e-06  1.26000000e+00  1.79666348e+00 
 3.50007000e-06  5.40000000e-01  1.79333532e+00 
 3.50010000e-06  3.67639252e-12  1.79161607e+00 
 3.50010800e-06  0.00000000e+00  1.79214380e+00 
 3.50012400e-06  0.00000000e+00  1.79321259e+00 
 3.50015600e-06  0.00000000e+00  1.79487482e+00 
 3.50022000e-06  0.00000000e+00  1.79707909e+00 
 3.50034800e-06  0.00000000e+00  1.79956005e+00 
 3.50052012e-06  0.00000000e+00  1.80092802e+00 
 3.50086435e-06  0.00000000e+00  1.80211758e+00 
 3.50130147e-06  0.00000000e+00  1.80190616e+00 
 3.50176530e-06  0.00000000e+00  1.80069269e+00 
 3.50221013e-06  0.00000000e+00  1.79835964e+00 
 3.50270295e-06  0.00000000e+00  1.79742048e+00 
 3.50332306e-06  0.00000000e+00  1.79780951e+00 
 3.50405417e-06  0.00000000e+00  1.79844601e+00 
 3.50485493e-06  0.00000000e+00  1.79897445e+00 
 3.50560041e-06  0.00000000e+00  1.79929254e+00 
 3.50673880e-06  0.00000000e+00  1.79950660e+00 
 3.50753352e-06  0.00000000e+00  1.79968455e+00 
 3.50842386e-06  0.00000000e+00  1.79976177e+00 
 3.50946455e-06  0.00000000e+00  1.79983559e+00 
 3.51055862e-06  0.00000000e+00  1.79986749e+00 
 3.51157181e-06  0.00000000e+00  1.79989515e+00 
 3.51276702e-06  0.00000000e+00  1.79990798e+00 
 3.51411330e-06  0.00000000e+00  1.79992172e+00 
 3.51680586e-06  0.00000000e+00  1.79993294e+00 
 3.52082218e-06  0.00000000e+00  1.79994398e+00 
 3.52849838e-06  0.00000000e+00  1.79995392e+00 
 3.54259373e-06  0.00000000e+00  1.79996721e+00 
 3.56777995e-06  0.00000000e+00  1.79997733e+00 
 3.61815238e-06  0.00000000e+00  1.79998758e+00 
 3.71889723e-06  0.00000000e+00  1.79999280e+00 
 3.75010000e-06  0.00000000e+00  1.79999453e+00 
 3.75011000e-06  1.80000000e-01  1.80053135e+00 
 3.75013000e-06  5.40000000e-01  1.80189219e+00 
 3.75017000e-06  1.26000000e+00  1.80528764e+00 
 3.75020000e-06  1.80000000e+00  1.80766873e+00 
 3.75020793e-06  1.80000000e+00  1.80745420e+00 
 3.75022380e-06  1.80000000e+00  1.80698505e+00 
 3.75025553e-06  1.80000000e+00  1.80620825e+00 
 3.75031899e-06  1.80000000e+00  1.80516398e+00 
 3.75044591e-06  1.80000000e+00  1.80390065e+00 
 3.75069976e-06  1.80000000e+00  1.80237979e+00 
 3.75105410e-06  1.80000000e+00  1.80308661e+00 
 3.75152270e-06  1.80000000e+00  1.80703050e+00 
 3.75201759e-06  1.80000000e+00  1.80505620e+00 
 3.75254185e-06  1.80000000e+00  1.80227939e+00 
 3.75325543e-06  1.80000000e+00  1.80015000e+00 
 3.75403056e-06  1.80000000e+00  1.79950099e+00 
 3.75464339e-06  1.80000000e+00  1.79996215e+00 
 3.75532271e-06  1.80000000e+00  1.80035598e+00 
 3.75604135e-06  1.80000000e+00  1.80089702e+00 
 3.75696131e-06  1.80000000e+00  1.80154678e+00 
 3.75785917e-06  1.80000000e+00  1.80150097e+00 
 3.75884233e-06  1.80000000e+00  1.80119167e+00 
 3.75995421e-06  1.80000000e+00  1.80088530e+00 
 3.76125561e-06  1.80000000e+00  1.80070039e+00 
 3.76317097e-06  1.80000000e+00  1.80041273e+00 
 3.76548845e-06  1.80000000e+00  1.80025230e+00 
 3.76906424e-06  1.80000000e+00  1.80007980e+00 
 3.77519000e-06  1.80000000e+00  1.80002608e+00 
 3.78390093e-06  1.80000000e+00  1.79998685e+00 
 3.79874920e-06  1.80000000e+00  1.80001253e+00 
 3.82159905e-06  1.80000000e+00  1.79998751e+00 
 3.85815024e-06  1.80000000e+00  1.80001231e+00 
 3.91717237e-06  1.80000000e+00  1.79998765e+00 
 4.00000000e-06  1.80000000e+00  1.80001224e+00 
 4.00001000e-06  1.62000000e+00  1.79883384e+00 
 4.00003000e-06  1.26000000e+00  1.79667221e+00 
 4.00007000e-06  5.40000000e-01  1.79334039e+00 
 4.00010000e-06  0.00000000e+00  1.79161942e+00 
 4.00010800e-06  0.00000000e+00  1.79214760e+00 
 4.00012400e-06  0.00000000e+00  1.79321744e+00 
 4.00015600e-06  0.00000000e+00  1.79487975e+00 
 4.00022000e-06  0.00000000e+00  1.79708208e+00 
 4.00034800e-06  0.00000000e+00  1.79955967e+00 
 4.00051994e-06  0.00000000e+00  1.80092505e+00 
 4.00086381e-06  0.00000000e+00  1.80211901e+00 
 4.00129827e-06  0.00000000e+00  1.80192737e+00 
 4.00176067e-06  0.00000000e+00  1.80070200e+00 
 4.00223642e-06  0.00000000e+00  1.79831107e+00 
 4.00276502e-06  0.00000000e+00  1.79797955e+00 
 4.00340490e-06  0.00000000e+00  1.79869933e+00 
 4.00402954e-06  0.00000000e+00  1.79728625e+00 
 4.00457215e-06  0.00000000e+00  1.79874601e+00 
 4.00520659e-06  0.00000000e+00  1.79985337e+00 
 4.00582921e-06  0.00000000e+00  1.80068953e+00 
 4.00644116e-06  0.00000000e+00  1.80093392e+00 
 4.00712274e-06  0.00000000e+00  1.80048940e+00 
 4.00801569e-06  0.00000000e+00  1.80039349e+00 
 4.00901417e-06  0.00000000e+00  1.80010867e+00 
 4.01046594e-06  0.00000000e+00  1.80016247e+00 
 4.01145544e-06  0.00000000e+00  1.80005007e+00 
 4.01255689e-06  0.00000000e+00  1.80030853e+00 
 4.01377712e-06  0.00000000e+00  1.80049069e+00 
 4.01508725e-06  0.00000000e+00  1.80002966e+00 
 4.01614863e-06  0.00000000e+00  1.79906425e+00 
 4.01727175e-06  0.00000000e+00  1.79923942e+00 
 4.01842339e-06  0.00000000e+00  1.79941588e+00 
 4.01961827e-06  0.00000000e+00  1.79794025e+00 
 4.02101095e-06  0.00000000e+00  1.79792996e+00 
 4.02244893e-06  0.00000000e+00  1.79894113e+00 
 4.02460182e-06  0.00000000e+00  1.79963134e+00 
 4.02712560e-06  0.00000000e+00  1.79988178e+00 
 4.03217315e-06  0.00000000e+00  1.79996045e+00 
 4.03878059e-06  0.00000000e+00  1.79997080e+00 
 4.05063914e-06  0.00000000e+00  1.79996423e+00 
 4.06712845e-06  0.00000000e+00  1.79998606e+00 
 4.08231115e-06  0.00000000e+00  1.79997279e+00 
 4.10097234e-06  0.00000000e+00  1.79999365e+00 
 4.12113026e-06  0.00000000e+00  1.79997809e+00 
 4.13830885e-06  0.00000000e+00  1.79999829e+00 
 4.15436587e-06  0.00000000e+00  1.79997995e+00 
 4.16985450e-06  0.00000000e+00  1.80000144e+00 
 4.18076879e-06  0.00000000e+00  1.79998014e+00 
 4.19358106e-06  0.00000000e+00  1.80000389e+00 
 4.21920559e-06  0.00000000e+00  1.79998088e+00 
 4.25010000e-06  6.67038446e-12  1.80000625e+00 
 4.25011000e-06  1.80000000e-01  1.80053116e+00 
 4.25013000e-06  5.40000000e-01  1.80188152e+00 
 4.25017000e-06  1.26000000e+00  1.80528064e+00 
 4.25020000e-06  1.80000000e+00  1.80765707e+00 
 4.25020794e-06  1.80000000e+00  1.80744111e+00 
 4.25022382e-06  1.80000000e+00  1.80696978e+00 
 4.25025557e-06  1.80000000e+00  1.80619297e+00 
 4.25031909e-06  1.80000000e+00  1.80515432e+00 
 4.25044611e-06  1.80000000e+00  1.80389912e+00 
 4.25070016e-06  1.80000000e+00  1.80238033e+00 
 4.25105335e-06  1.80000000e+00  1.80307992e+00 
 4.25152244e-06  1.80000000e+00  1.80701597e+00 
 4.25201736e-06  1.80000000e+00  1.80502604e+00 
 4.25254150e-06  1.80000000e+00  1.80219042e+00 
 4.25326210e-06  1.80000000e+00  1.80037357e+00 
 4.25403107e-06  1.80000000e+00  1.80001016e+00 
 4.25462661e-06  1.80000000e+00  1.80004990e+00 
 4.25529765e-06  1.80000000e+00  1.79990610e+00 
 4.25595424e-06  1.80000000e+00  1.79990071e+00 
 4.25682521e-06  1.80000000e+00  1.79992210e+00 
 4.25773502e-06  1.80000000e+00  1.79992341e+00 
 4.25945888e-06  1.80000000e+00  1.79995978e+00 
 4.26161469e-06  1.80000000e+00  1.79996591e+00 
 4.26492434e-06  1.80000000e+00  1.79999458e+00 
 4.27033205e-06  1.80000000e+00  1.79999115e+00 
 4.28108984e-06  1.80000000e+00  1.80000655e+00 
 4.29833746e-06  1.80000000e+00  1.79999354e+00 
 4.33101731e-06  1.80000000e+00  1.80000629e+00 
 4.38847806e-06  1.80000000e+00  1.79999365e+00 
 4.50000000e-06  1.80000000e+00  1.80000627e+00 
 4.50001000e-06  1.62000000e+00  1.79883085e+00 
 4.50003000e-06  1.26000000e+00  1.79667468e+00 
 4.50007000e-06  5.40000000e-01  1.79334542e+00 
 4.50010000e-06  0.00000000e+00  1.79162342e+00 
 4.50010800e-06  0.00000000e+00  1.79215047e+00 
 4.50012400e-06  0.00000000e+00  1.79321824e+00 
 4.50015600e-06  0.00000000e+00  1.79487913e+00 
 4.50022000e-06  0.00000000e+00  1.79708136e+00 
 4.50034800e-06  0.00000000e+00  1.79956050e+00 
 4.50052011e-06  0.00000000e+00  1.80092792e+00 
 4.50086434e-06  0.00000000e+00  1.80211712e+00 
 4.50130145e-06  0.00000000e+00  1.80190428e+00 
 4.50176528e-06  0.00000000e+00  1.80069082e+00 
 4.50221033e-06  0.00000000e+00  1.79835671e+00 
 4.50270307e-06  0.00000000e+00  1.79742030e+00 
 4.50332337e-06  0.00000000e+00  1.79780944e+00 
 4.50405443e-06  0.00000000e+00  1.79844765e+00 
 4.50485533e-06  0.00000000e+00  1.79897627e+00 
 4.50560737e-06  0.00000000e+00  1.79929369e+00 
 4.50674142e-06  0.00000000e+00  1.79951007e+00 
 4.50753595e-06  0.00000000e+00  1.79968500e+00 
 4.50842527e-06  0.00000000e+00  1.79976047e+00 
 4.50946787e-06  0.00000000e+00  1.79983532e+00 
 4.51056278e-06  0.00000000e+00  1.79986682e+00 
 4.51157746e-06  0.00000000e+00  1.79989526e+00 
 4.51277440e-06  0.00000000e+00  1.79990771e+00 
 4.51412151e-06  0.00000000e+00  1.79992194e+00 
 4.51681574e-06  0.00000000e+00  1.79993283e+00 
 4.52080434e-06  0.00000000e+00  1.79994416e+00 
 4.52842438e-06  0.00000000e+00  1.79995370e+00 
 4.54234367e-06  0.00000000e+00  1.79996723e+00 
 4.56713443e-06  0.00000000e+00  1.79997698e+00 
 4.61671594e-06  0.00000000e+00  1.79998758e+00 
 4.71587896e-06  0.00000000e+00  1.79999253e+00 
 4.75010000e-06  6.67038446e-12  1.79999469e+00 
 4.75011000e-06  1.80000000e-01  1.80053138e+00 
 4.75013000e-06  5.40000000e-01  1.80189195e+00 
 4.75017000e-06  1.26000000e+00  1.80528450e+00 
 4.75020000e-06  1.80000000e+00  1.80765458e+00 
 4.75020793e-06  1.80000000e+00  1.80744084e+00 
 4.75022380e-06  1.80000000e+00  1.80697366e+00 
 4.75025553e-06  1.80000000e+00  1.80620008e+00 
 4.75031900e-06  1.80000000e+00  1.80516005e+00 
 4.75044592e-06  1.80000000e+00  1.80390036e+00 
 4.75069978e-06  1.80000000e+00  1.80238002e+00 
 4.75105280e-06  1.80000000e+00  1.80308109e+00 
 4.75152190e-06  1.80000000e+00  1.80703114e+00 
 4.75201638e-06  1.80000000e+00  1.80506419e+00 
 4.75254027e-06  1.80000000e+00  1.80228682e+00 
 4.75325436e-06  1.80000000e+00  1.80015273e+00 
 4.75402935e-06  1.80000000e+00  1.79950027e+00 
 4.75464115e-06  1.80000000e+00  1.79995789e+00 
 4.75531977e-06  1.80000000e+00  1.80035276e+00 
 4.75604138e-06  1.80000000e+00  1.80089666e+00 
 4.75694466e-06  1.80000000e+00  1.80154413e+00 
 4.75785069e-06  1.80000000e+00  1.80150423e+00 
 4.75882169e-06  1.80000000e+00  1.80119785e+00 
 4.75994352e-06  1.80000000e+00  1.80088695e+00 
 4.76122894e-06  1.80000000e+00  1.80070465e+00 
 4.76315436e-06  1.80000000e+00  1.80041436e+00 
 4.76544276e-06  1.80000000e+00  1.80025518e+00 
 4.76901219e-06  1.80000000e+00  1.80008100e+00 
 4.77508754e-06  1.80000000e+00  1.80002672e+00 
 4.78372745e-06  1.80000000e+00  1.79998681e+00 
 4.79847024e-06  1.80000000e+00  1.80001259e+00 
 4.82109122e-06  1.80000000e+00  1.79998744e+00 
 4.85731743e-06  1.80000000e+00  1.80001238e+00 
 4.91572541e-06  1.80000000e+00  1.79998758e+00 
 5.00000000e-06  1.80000000e+00  1.80001231e+00 
 5.00001000e-06  1.62000000e+00  1.79883685e+00 
 5.00003000e-06  1.26000000e+00  1.79668181e+00 
 5.00007000e-06  5.40000000e-01  1.79334897e+00 
 5.00010000e-06  0.00000000e+00  1.79162562e+00 
 5.00010800e-06  0.00000000e+00  1.79215322e+00 
 5.00012400e-06  0.00000000e+00  1.79322217e+00 
 5.00015600e-06  0.00000000e+00  1.79488342e+00 
 5.00022000e-06  0.00000000e+00  1.79708405e+00 
 5.00034800e-06  0.00000000e+00  1.79956013e+00 
 5.00051994e-06  0.00000000e+00  1.80092510e+00 
 5.00086381e-06  0.00000000e+00  1.80211878e+00 
 5.00129827e-06  0.00000000e+00  1.80192593e+00 
 5.00176067e-06  0.00000000e+00  1.80070045e+00 
 5.00223620e-06  0.00000000e+00  1.79831022e+00 
 5.00276488e-06  0.00000000e+00  1.79797908e+00 
 5.00340453e-06  0.00000000e+00  1.79869646e+00 
 5.00402917e-06  0.00000000e+00  1.79728698e+00 
 5.00457186e-06  0.00000000e+00  1.79874637e+00 
 5.00520632e-06  0.00000000e+00  1.79985346e+00 
 5.00582925e-06  0.00000000e+00  1.80069036e+00 
 5.00644128e-06  0.00000000e+00  1.80093383e+00 
 5.00712304e-06  0.00000000e+00  1.80048999e+00 
 5.00801622e-06  0.00000000e+00  1.80039316e+00 
 5.00901476e-06  0.00000000e+00  1.80010912e+00 
 5.01046596e-06  0.00000000e+00  1.80016176e+00 
 5.01145677e-06  0.00000000e+00  1.80005002e+00 
 5.01255851e-06  0.00000000e+00  1.80030903e+00 
 5.01378037e-06  0.00000000e+00  1.80049104e+00 
 5.01508882e-06  0.00000000e+00  1.80002861e+00 
 5.01618579e-06  0.00000000e+00  1.79903998e+00 
 5.01733295e-06  0.00000000e+00  1.79934332e+00 
 5.01849036e-06  0.00000000e+00  1.79919936e+00 
 5.01971833e-06  0.00000000e+00  1.79786460e+00 
 5.02111514e-06  0.00000000e+00  1.79802170e+00 
 5.02257979e-06  0.00000000e+00  1.79904768e+00 
 5.02475770e-06  0.00000000e+00  1.79964693e+00 
 5.02760946e-06  0.00000000e+00  1.79992371e+00 
 5.03167111e-06  0.00000000e+00  1.79995515e+00 
 5.03548067e-06  0.00000000e+00  1.80002857e+00 
 5.04043204e-06  0.00000000e+00  1.80032531e+00 
 5.04487396e-06  0.00000000e+00  1.79992376e+00 
 5.04821160e-06  0.00000000e+00  1.79936453e+00 
 5.05128600e-06  0.00000000e+00  1.80009049e+00 
 5.05416205e-06  0.00000000e+00  1.79988687e+00 
 5.05738741e-06  0.00000000e+00  1.80000112e+00 
 5.06283636e-06  0.00000000e+00  1.79995471e+00 
 5.06888327e-06  0.00000000e+00  1.79999226e+00 
 5.07861284e-06  0.00000000e+00  1.79996817e+00 
 5.09184933e-06  0.00000000e+00  1.79999438e+00 
 5.11094601e-06  0.00000000e+00  1.79997529e+00 
 5.13952822e-06  0.00000000e+00  1.79999924e+00 
 5.18034009e-06  0.00000000e+00  1.79997915e+00 
 5.22226919e-06  0.00000000e+00  1.79999802e+00 
 5.25010000e-06  6.67038446e-12  1.80000068e+00 
 5.25011000e-06  1.80000000e-01  1.80052717e+00 
 5.25013000e-06  5.40000000e-01  1.80187105e+00 
 5.25017000e-06  1.26000000e+00  1.80527538e+00 
 5.25020000e-06  1.80000000e+00  1.80766805e+00 
 5.25020800e-06  1.80000000e+00  1.80746873e+00 
 5.25022400e-06  1.80000000e+00  1.80702635e+00 
 5.25025600e-06  1.80000000e+00  1.80627072e+00 
 5.25032000e-06  1.80000000e+00  1.80521227e+00 
 5.25044800e-06  1.80000000e+00  1.80389997e+00 
 5.25070400e-06  1.80000000e+00  1.80234920e+00 
 5.25105476e-06  1.80000000e+00  1.80306426e+00 
 5.25153033e-06  1.80000000e+00  1.80697724e+00 
 5.25203090e-06  1.80000000e+00  1.80488532e+00 
 5.25255770e-06  1.80000000e+00  1.80212553e+00 
 5.25327959e-06  1.80000000e+00  1.80040772e+00 
 5.25402384e-06  1.80000000e+00  1.79997428e+00 
 5.25466412e-06  1.80000000e+00  1.79999453e+00 
 5.25534979e-06  1.80000000e+00  1.79987929e+00 
 5.25602090e-06  1.80000000e+00  1.79989698e+00 
 5.25697418e-06  1.80000000e+00  1.79992301e+00 
 5.25795247e-06  1.80000000e+00  1.79993551e+00 
 5.25968278e-06  1.80000000e+00  1.79996527e+00 
 5.26198612e-06  1.80000000e+00  1.79997640e+00 
 5.26543471e-06  1.80000000e+00  1.79999635e+00 
 5.27167230e-06  1.80000000e+00  1.79999689e+00 
 5.28212055e-06  1.80000000e+00  1.80000568e+00 
 5.30012517e-06  1.80000000e+00  1.79999817e+00 
 5.31892655e-06  1.80000000e+00  1.80000461e+00 
 5.33845838e-06  1.80000000e+00  1.79999558e+00 
 5.35965807e-06  1.80000000e+00  1.80000414e+00 
 5.38657064e-06  1.80000000e+00  1.79999604e+00 
 5.44039579e-06  1.80000000e+00  1.80000377e+00 
 5.49657382e-06  1.80000000e+00  1.79999627e+00 
 5.50000000e-06  1.80000000e+00  1.80000253e+00 
 5.50001000e-06  1.62000000e+00  1.79883055e+00 
 5.50003000e-06  1.26000000e+00  1.79668172e+00 
 5.50007000e-06  5.40000000e-01  1.79335238e+00 
 5.50010000e-06  0.00000000e+00  1.79162831e+00 
 5.50010800e-06  0.00000000e+00  1.79215508e+00 
 5.50012400e-06  0.00000000e+00  1.79322245e+00 
 5.50015600e-06  0.00000000e+00  1.79488299e+00 
 5.50022000e-06  0.00000000e+00  1.79708394e+00 
 5.50034800e-06  0.00000000e+00  1.79956139e+00 
 5.50052012e-06  0.00000000e+00  1.80092821e+00 
 5.50086435e-06  0.00000000e+00  1.80211706e+00 
 5.50130144e-06  0.00000000e+00  1.80190317e+00 
 5.50176526e-06  0.00000000e+00  1.80068961e+00 
 5.50221021e-06  0.00000000e+00  1.79835592e+00 
 5.50270313e-06  0.00000000e+00  1.79742046e+00 
 5.50332327e-06  0.00000000e+00  1.79780990e+00 
 5.50405419e-06  0.00000000e+00  1.79844762e+00 
 5.50485507e-06  0.00000000e+00  1.79897619e+00 
 5.50560668e-06  0.00000000e+00  1.79929362e+00 
 5.50674102e-06  0.00000000e+00  1.79951001e+00 
 5.50753562e-06  0.00000000e+00  1.79968501e+00 
 5.50842511e-06  0.00000000e+00  1.79976052e+00 
 5.50946766e-06  0.00000000e+00  1.79983535e+00 
 5.51056256e-06  0.00000000e+00  1.79986688e+00 
 5.51157744e-06  0.00000000e+00  1.79989529e+00 
 5.51277417e-06  0.00000000e+00  1.79990776e+00 
 5.51412032e-06  0.00000000e+00  1.79992196e+00 
 5.51681264e-06  0.00000000e+00  1.79993286e+00 
 5.52078585e-06  0.00000000e+00  1.79994414e+00 
 5.52837265e-06  0.00000000e+00  1.79995366e+00 
 5.54219861e-06  0.00000000e+00  1.79996713e+00 
 5.56678294e-06  0.00000000e+00  1.79997689e+00 
 5.61595162e-06  0.00000000e+00  1.79998748e+00 
 5.71428896e-06  0.00000000e+00  1.79999249e+00 
 5.75010000e-06  6.67038446e-12  1.79999468e+00 
 5.75011000e-06  1.80000000e-01  1.80053158e+00 
 5.75013000e-06  5.40000000e-01  1.80189238e+00 
 5.75017000e-06  1.26000000e+00  1.80528320e+00 
 5.75020000e-06  1.80000000e+00  1.80764501e+00 
 5.75020793e-06  1.80000000e+00  1.80743166e+00 
 5.75022380e-06  1.80000000e+00  1.80696561e+00 
 5.75025553e-06  1.80000000e+00  1.80619415e+00 
 5.75031899e-06  1.80000000e+00  1.80515719e+00 
 5.75044590e-06  1.80000000e+00  1.80390015e+00 
 5.75069974e-06  1.80000000e+00  1.80238026e+00 
 5.75105183e-06  1.80000000e+00  1.80307703e+00 
 5.75152118e-06  1.80000000e+00  1.80703149e+00 
 5.75201528e-06  1.80000000e+00  1.80507121e+00 
 5.75253887e-06  1.80000000e+00  1.80229343e+00 
 5.75325334e-06  1.80000000e+00  1.80015522e+00 
 5.75402870e-06  1.80000000e+00  1.79949995e+00 
 5.75463959e-06  1.80000000e+00  1.79995651e+00 
 5.75531762e-06  1.80000000e+00  1.80035166e+00 
 5.75604043e-06  1.80000000e+00  1.80089490e+00 
 5.75694021e-06  1.80000000e+00  1.80154356e+00 
 5.75784843e-06  1.80000000e+00  1.80150505e+00 
 5.75881784e-06  1.80000000e+00  1.80119950e+00 
 5.75994210e-06  1.80000000e+00  1.80088706e+00 
 5.76122446e-06  1.80000000e+00  1.80070569e+00 
 5.76315303e-06  1.80000000e+00  1.80041436e+00 
 5.76543550e-06  1.80000000e+00  1.80025586e+00 
 5.76900654e-06  1.80000000e+00  1.80008096e+00 
 5.77508279e-06  1.80000000e+00  1.80002691e+00 
 5.78372521e-06  1.80000000e+00  1.79998664e+00 
 5.79849048e-06  1.80000000e+00  1.80001277e+00 
 5.82114174e-06  1.80000000e+00  1.79998727e+00 
 5.85744830e-06  1.80000000e+00  1.80001255e+00 
 5.91600553e-06  1.80000000e+00  1.79998741e+00 
 6.00000000e-06  1.80000000e+00  1.80001249e+00 
 6.00001000e-06  1.62000000e+00  1.79883918e+00 
 6.00003000e-06  1.26000000e+00  1.79668874e+00 
 6.00007000e-06  5.40000000e-01  1.79335466e+00 
 6.00010000e-06  0.00000000e+00  1.79162941e+00 
 6.00010800e-06  0.00000000e+00  1.79215678e+00 
 6.00012400e-06  0.00000000e+00  1.79322542e+00 
 6.00015600e-06  0.00000000e+00  1.79488635e+00 
 6.00022000e-06  0.00000000e+00  1.79708575e+00 
 6.00034800e-06  0.00000000e+00  1.79956054e+00 
 6.00051994e-06  0.00000000e+00  1.80092519e+00 
 6.00086381e-06  0.00000000e+00  1.80211856e+00 
 6.00129826e-06  0.00000000e+00  1.80192479e+00 
 6.00176066e-06  0.00000000e+00  1.80069925e+00 
 6.00223603e-06  0.00000000e+00  1.79830958e+00 
 6.00276485e-06  0.00000000e+00  1.79797846e+00 
 6.00340430e-06  0.00000000e+00  1.79869668e+00 
 6.00402892e-06  0.00000000e+00  1.79728703e+00 
 6.00457174e-06  0.00000000e+00  1.79874606e+00 
 6.00520624e-06  0.00000000e+00  1.79985360e+00 
 6.00582931e-06  0.00000000e+00  1.80069042e+00 
 6.00644137e-06  0.00000000e+00  1.80093400e+00 
 6.00712322e-06  0.00000000e+00  1.80049008e+00 
 6.00801649e-06  0.00000000e+00  1.80039317e+00 
 6.00901497e-06  0.00000000e+00  1.80010911e+00 
 6.01046571e-06  0.00000000e+00  1.80016121e+00 
 6.01145858e-06  0.00000000e+00  1.80005058e+00 
 6.01256103e-06  0.00000000e+00  1.80031134e+00 
 6.01378316e-06  0.00000000e+00  1.80049846e+00 
 6.01509286e-06  0.00000000e+00  1.80005275e+00 
 6.01623426e-06  0.00000000e+00  1.79904396e+00 
 6.01740907e-06  0.00000000e+00  1.79948111e+00 
 6.01867196e-06  0.00000000e+00  1.79890175e+00 
 6.01984121e-06  0.00000000e+00  1.79786510e+00 
 6.02142413e-06  0.00000000e+00  1.79840079e+00 
 6.02289405e-06  0.00000000e+00  1.79971047e+00 
 6.02470048e-06  0.00000000e+00  1.80058021e+00 
 6.02644169e-06  0.00000000e+00  1.79911971e+00 
 6.02809197e-06  0.00000000e+00  1.79969234e+00 
 6.02993865e-06  0.00000000e+00  1.79927202e+00 
 6.03174029e-06  0.00000000e+00  1.80006134e+00 
 6.03357606e-06  0.00000000e+00  1.79976565e+00 
 6.03724761e-06  0.00000000e+00  1.80004954e+00 
 6.04353961e-06  0.00000000e+00  1.79989757e+00 
 6.05362557e-06  0.00000000e+00  1.80003028e+00 
 6.07056545e-06  0.00000000e+00  1.79992833e+00 
 6.09974556e-06  0.00000000e+00  1.80003099e+00 
 6.15185357e-06  0.00000000e+00  1.79994579e+00 
 6.22565679e-06  0.00000000e+00  1.80003591e+00 
 6.25010000e-06  6.67038446e-12  1.79995610e+00 
 6.25011000e-06  1.80000000e-01  1.80043439e+00 
 6.25013000e-06  5.40000000e-01  1.80172416e+00 
 6.25017000e-06  1.26000000e+00  1.80510655e+00 
 6.25020000e-06  1.80000000e+00  1.80749116e+00 
 6.25020794e-06  1.80000000e+00  1.80729699e+00 
 6.25022382e-06  1.80000000e+00  1.80686800e+00 
 6.25025558e-06  1.80000000e+00  1.80614538e+00 
 6.25031910e-06  1.80000000e+00  1.80513666e+00 
 6.25044614e-06  1.80000000e+00  1.80387543e+00 
 6.25070022e-06  1.80000000e+00  1.80235952e+00 
 6.25105155e-06  1.80000000e+00  1.80305746e+00 
 6.25152144e-06  1.80000000e+00  1.80704742e+00 
 6.25201591e-06  1.80000000e+00  1.80517588e+00 
 6.25253959e-06  1.80000000e+00  1.80262888e+00 
 6.25326084e-06  1.80000000e+00  1.80111721e+00 
 6.25404635e-06  1.80000000e+00  1.79993820e+00 
 6.25464562e-06  1.80000000e+00  1.79912126e+00 
 6.25532165e-06  1.80000000e+00  1.79827653e+00 
 6.25598731e-06  1.80000000e+00  1.79814792e+00 
 6.25685497e-06  1.80000000e+00  1.79836588e+00 
 6.25776289e-06  1.80000000e+00  1.79864647e+00 
 6.25949180e-06  1.80000000e+00  1.79912514e+00 
 6.26167643e-06  1.80000000e+00  1.79948249e+00 
 6.26501666e-06  1.80000000e+00  1.79979283e+00 
 6.27052520e-06  1.80000000e+00  1.79995071e+00 
 6.28120552e-06  1.80000000e+00  1.80001274e+00 
 6.29843684e-06  1.80000000e+00  1.79999068e+00 
 6.33065770e-06  1.80000000e+00  1.80000839e+00 
 6.38694428e-06  1.80000000e+00  1.79999182e+00 
 6.49951744e-06  1.80000000e+00  1.80000798e+00 
 6.50000000e-06  1.80000000e+00  1.79999400e+00 
 6.50001000e-06  1.62000000e+00  1.79884680e+00 
 6.50003000e-06  1.26000000e+00  1.79673206e+00 
 6.50007000e-06  5.40000000e-01  1.79338967e+00 
 6.50010000e-06  0.00000000e+00  1.79162659e+00 
 6.50010800e-06  0.00000000e+00  1.79212638e+00 
 6.50012400e-06  0.00000000e+00  1.79315006e+00 
 6.50015600e-06  0.00000000e+00  1.79478798e+00 
 6.50022000e-06  0.00000000e+00  1.79702710e+00 
 6.50034800e-06  0.00000000e+00  1.79959625e+00 
 6.50052002e-06  0.00000000e+00  1.80102292e+00 
 6.50086405e-06  0.00000000e+00  1.80216565e+00 
 6.50129842e-06  0.00000000e+00  1.80148175e+00 
 6.50176090e-06  0.00000000e+00  1.79984494e+00 
 6.50223644e-06  0.00000000e+00  1.79815135e+00 
 6.50276780e-06  0.00000000e+00  1.79876461e+00 
 6.50340091e-06  0.00000000e+00  1.79967521e+00 
 6.50398908e-06  0.00000000e+00  1.79974783e+00 
 6.50462911e-06  0.00000000e+00  1.79981049e+00 
 6.50532315e-06  0.00000000e+00  1.79988665e+00 
 6.50628306e-06  0.00000000e+00  1.79981574e+00 
 6.50729665e-06  0.00000000e+00  1.79990720e+00 
 6.50826107e-06  0.00000000e+00  1.79993851e+00 
 6.50925107e-06  0.00000000e+00  1.79992619e+00 
 6.51019327e-06  0.00000000e+00  1.79993362e+00 
 6.51122952e-06  0.00000000e+00  1.79992749e+00 
 6.51236963e-06  0.00000000e+00  1.79993432e+00 
 6.51363342e-06  0.00000000e+00  1.79993016e+00 
 6.51616099e-06  0.00000000e+00  1.79994042e+00 
 6.52121613e-06  0.00000000e+00  1.79994355e+00 
 6.53091378e-06  0.00000000e+00  1.79996146e+00 
 6.55030907e-06  0.00000000e+00  1.79996895e+00 
 6.58909965e-06  0.00000000e+00  1.79998610e+00 
 6.66668081e-06  0.00000000e+00  1.79998823e+00 
 6.75010000e-06  6.67038446e-12  1.79999699e+00 
 6.75011000e-06  1.80000000e-01  1.80052274e+00 
 6.75013000e-06  5.40000000e-01  1.80186424e+00 
 6.75017000e-06  1.26000000e+00  1.80523741e+00 
 6.75020000e-06  1.80000000e+00  1.80759582e+00 
 6.75020800e-06  1.80000000e+00  1.80739695e+00 
 6.75022400e-06  1.80000000e+00  1.80695801e+00 
 6.75025600e-06  1.80000000e+00  1.80621446e+00 
 6.75032000e-06  1.80000000e+00  1.80517330e+00 
 6.75044800e-06  1.80000000e+00  1.80387860e+00 
 6.75070400e-06  1.80000000e+00  1.80235425e+00 
 6.75105393e-06  1.80000000e+00  1.80308199e+00 
 6.75153047e-06  1.80000000e+00  1.80707445e+00 
 6.75203131e-06  1.80000000e+00  1.80510512e+00 
 6.75255814e-06  1.80000000e+00  1.80257085e+00 
 6.75327948e-06  1.80000000e+00  1.80117113e+00 
 6.75405283e-06  1.80000000e+00  1.80019700e+00 
 6.75468325e-06  1.80000000e+00  1.79939125e+00 
 6.75537357e-06  1.80000000e+00  1.79840556e+00 
 6.75608423e-06  1.80000000e+00  1.79807943e+00 
 6.75704518e-06  1.80000000e+00  1.79834393e+00 
 6.75792284e-06  1.80000000e+00  1.79859749e+00 
 6.75967816e-06  1.80000000e+00  1.79911237e+00 
 6.76196601e-06  1.80000000e+00  1.79948022e+00 
 6.76551533e-06  1.80000000e+00  1.79981100e+00 
 6.77152672e-06  1.80000000e+00  1.79995813e+00 
 6.78213936e-06  1.80000000e+00  1.80001461e+00 
 6.79983155e-06  1.80000000e+00  1.79998786e+00 
 6.83120480e-06  1.80000000e+00  1.80001131e+00 
 6.88510579e-06  1.80000000e+00  1.79998887e+00 
 6.97884840e-06  1.80000000e+00  1.80001091e+00 
 7.00000000e-06  1.80000000e+00  1.79998944e+00 
 7.00001000e-06  1.62000000e+00  1.79884192e+00 
 7.00003000e-06  1.26000000e+00  1.79672890e+00 
 7.00007000e-06  5.40000000e-01  1.79338830e+00 
 7.00010000e-06  0.00000000e+00  1.79162525e+00 
 7.00010800e-06  0.00000000e+00  1.79212465e+00 
 7.00012400e-06  0.00000000e+00  1.79314748e+00 
 7.00015600e-06  0.00000000e+00  1.79478483e+00 
 7.00022000e-06  0.00000000e+00  1.79702562e+00 
 7.00034800e-06  0.00000000e+00  1.79959858e+00 
 7.00051987e-06  0.00000000e+00  1.80102402e+00 
 7.00086360e-06  0.00000000e+00  1.80216193e+00 
 7.00129782e-06  0.00000000e+00  1.80147086e+00 
 7.00176012e-06  0.00000000e+00  1.79984092e+00 
 7.00223568e-06  0.00000000e+00  1.79816502e+00 
 7.00276511e-06  0.00000000e+00  1.79872510e+00 
 7.00340399e-06  0.00000000e+00  1.79956142e+00 
 7.00403133e-06  0.00000000e+00  1.79973704e+00 
 7.00457609e-06  0.00000000e+00  1.79980927e+00 
 7.00519924e-06  0.00000000e+00  1.79990057e+00 
 7.00581984e-06  0.00000000e+00  1.79992143e+00 
 7.00642925e-06  0.00000000e+00  1.79992173e+00 
 7.00711190e-06  0.00000000e+00  1.79992058e+00 
 7.00800593e-06  0.00000000e+00  1.79991483e+00 
 7.00900526e-06  0.00000000e+00  1.79992330e+00 
 7.01061781e-06  0.00000000e+00  1.79997775e+00 
 7.01256356e-06  0.00000000e+00  1.80020815e+00 
 7.01401831e-06  0.00000000e+00  1.80045984e+00 
 7.01536248e-06  0.00000000e+00  1.79978928e+00 
 7.01668867e-06  0.00000000e+00  1.79881178e+00 
 7.01795613e-06  0.00000000e+00  1.79973926e+00 
 7.01910961e-06  0.00000000e+00  1.79830190e+00 
 7.02031179e-06  0.00000000e+00  1.79769472e+00 
 7.02166232e-06  0.00000000e+00  1.79845389e+00 
 7.02346303e-06  0.00000000e+00  1.79942657e+00 
 7.02539958e-06  0.00000000e+00  1.79970382e+00 
 7.02869968e-06  0.00000000e+00  1.79997354e+00 
 7.03405950e-06  0.00000000e+00  1.79992493e+00 
 7.04145030e-06  0.00000000e+00  1.80000449e+00 
 7.05562091e-06  0.00000000e+00  1.79993614e+00 
 7.07894377e-06  0.00000000e+00  1.80001862e+00 
 7.11375933e-06  0.00000000e+00  1.79994890e+00 
 7.16104984e-06  0.00000000e+00  1.80002804e+00 
 7.23836395e-06  0.00000000e+00  1.79995621e+00 
 7.25010000e-06  6.67038446e-12  1.80003111e+00 
 7.25011000e-06  1.80000000e-01  1.80056192e+00 
 7.25013000e-06  5.40000000e-01  1.80190326e+00 
 7.25017000e-06  1.26000000e+00  1.80525111e+00 
 7.25020000e-06  1.80000000e+00  1.80759171e+00 
 7.25020800e-06  1.80000000e+00  1.80739125e+00 
 7.25022400e-06  1.80000000e+00  1.80695049e+00 
 7.25025600e-06  1.80000000e+00  1.80620776e+00 
 7.25032000e-06  1.80000000e+00  1.80517037e+00 
 7.25044800e-06  1.80000000e+00  1.80387928e+00 
 7.25070400e-06  1.80000000e+00  1.80235562e+00 
 7.25105343e-06  1.80000000e+00  1.80307719e+00 
 7.25152954e-06  1.80000000e+00  1.80706640e+00 
 7.25202974e-06  1.80000000e+00  1.80510984e+00 
 7.25255617e-06  1.80000000e+00  1.80258401e+00 
 7.25327841e-06  1.80000000e+00  1.80108220e+00 
 7.25406429e-06  1.80000000e+00  1.79988819e+00 
 7.25467995e-06  1.80000000e+00  1.79906282e+00 
 7.25536815e-06  1.80000000e+00  1.79824848e+00 
 7.25603351e-06  1.80000000e+00  1.79816177e+00 
 7.25692617e-06  1.80000000e+00  1.79838986e+00 
 7.25785650e-06  1.80000000e+00  1.79867964e+00 
 7.25958622e-06  1.80000000e+00  1.79914571e+00 
 7.26184226e-06  1.80000000e+00  1.79950530e+00 
 7.26525110e-06  1.80000000e+00  1.79980506e+00 
 7.27109260e-06  1.80000000e+00  1.79995997e+00 
 7.28161764e-06  1.80000000e+00  1.80001043e+00 
 7.29905697e-06  1.80000000e+00  1.79999208e+00 
 7.33060660e-06  1.80000000e+00  1.80000717e+00 
 7.38499647e-06  1.80000000e+00  1.79999297e+00 
 7.48051480e-06  1.80000000e+00  1.80000684e+00 
 7.50000000e-06  1.80000000e+00  1.79999341e+00 
 7.50001000e-06  1.62000000e+00  1.79885094e+00 
 7.50003000e-06  1.26000000e+00  1.79674373e+00 
 7.50007000e-06  5.40000000e-01  1.79340319e+00 
 7.50010000e-06  0.00000000e+00  1.79163731e+00 
 7.50010800e-06  0.00000000e+00  1.79213455e+00 
 7.50012400e-06  0.00000000e+00  1.79315228e+00 
 7.50015600e-06  0.00000000e+00  1.79478367e+00 
 7.50022000e-06  0.00000000e+00  1.79701986e+00 
 7.50034800e-06  0.00000000e+00  1.79959310e+00 
 7.50052001e-06  0.00000000e+00  1.80102304e+00 
 7.50086404e-06  0.00000000e+00  1.80216424e+00 
 7.50129843e-06  0.00000000e+00  1.80147704e+00 
 7.50176093e-06  0.00000000e+00  1.79984272e+00 
 7.50223647e-06  0.00000000e+00  1.79815975e+00 
 7.50276729e-06  0.00000000e+00  1.79877368e+00 
 7.50340067e-06  0.00000000e+00  1.79966668e+00 
 7.50399485e-06  0.00000000e+00  1.79974283e+00 
 7.50463506e-06  0.00000000e+00  1.79980852e+00 
 7.50532942e-06  0.00000000e+00  1.79988652e+00 
 7.50629204e-06  0.00000000e+00  1.79981227e+00 
 7.50730065e-06  0.00000000e+00  1.79990669e+00 
 7.50826650e-06  0.00000000e+00  1.79994098e+00 
 7.50925688e-06  0.00000000e+00  1.79992730e+00 
 7.51020094e-06  0.00000000e+00  1.79993486e+00 
 7.51123701e-06  0.00000000e+00  1.79992788e+00 
 7.51237677e-06  0.00000000e+00  1.79993489e+00 
 7.51364167e-06  0.00000000e+00  1.79993023e+00 
 7.51617147e-06  0.00000000e+00  1.79994065e+00 
 7.52123106e-06  0.00000000e+00  1.79994346e+00 
 7.53094275e-06  0.00000000e+00  1.79996164e+00 
 7.55036613e-06  0.00000000e+00  1.79996885e+00 
 7.58921290e-06  0.00000000e+00  1.79998625e+00 
 7.66690644e-06  0.00000000e+00  1.79998812e+00 
 7.75010000e-06  0.00000000e+00  1.79999712e+00 
 7.75011000e-06  1.80000000e-01  1.80052153e+00 
 7.75013000e-06  5.40000000e-01  1.80185986e+00 
 7.75017000e-06  1.26000000e+00  1.80522714e+00 
 7.75020000e-06  1.80000000e+00  1.80757966e+00 
 7.75020800e-06  1.80000000e+00  1.80738302e+00 
 7.75022400e-06  1.80000000e+00  1.80694886e+00 
 7.75025600e-06  1.80000000e+00  1.80621188e+00 
 7.75032000e-06  1.80000000e+00  1.80517611e+00 
 7.75044800e-06  1.80000000e+00  1.80388108e+00 
 7.75070400e-06  1.80000000e+00  1.80235528e+00 
 7.75105244e-06  1.80000000e+00  1.80307352e+00 
 7.75152952e-06  1.80000000e+00  1.80707393e+00 
 7.75202973e-06  1.80000000e+00  1.80511803e+00 
 7.75255615e-06  1.80000000e+00  1.80257816e+00 
 7.75327768e-06  1.80000000e+00  1.80117239e+00 
 7.75405023e-06  1.80000000e+00  1.80019490e+00 
 7.75467892e-06  1.80000000e+00  1.79939948e+00 
 7.75536831e-06  1.80000000e+00  1.79842029e+00 
 7.75607712e-06  1.80000000e+00  1.79808493e+00 
 7.75704545e-06  1.80000000e+00  1.79834499e+00 
 7.75792002e-06  1.80000000e+00  1.79859405e+00 
 7.75966916e-06  1.80000000e+00  1.79910992e+00 
 7.76195465e-06  1.80000000e+00  1.79947737e+00 
 7.76549408e-06  1.80000000e+00  1.79981017e+00 
 7.77149203e-06  1.80000000e+00  1.79995712e+00 
 7.78208160e-06  1.80000000e+00  1.80001517e+00 
 7.79973079e-06  1.80000000e+00  1.79998733e+00 
 7.83104100e-06  1.80000000e+00  1.80001182e+00 
 7.88482616e-06  1.80000000e+00  1.79998836e+00 
 7.97838546e-06  1.80000000e+00  1.80001142e+00 
 8.00000000e-06  1.80000000e+00  1.79998894e+00 
 8.00001000e-06  1.62000000e+00  1.79884554e+00 
 8.00003000e-06  1.26000000e+00  1.79673963e+00 
 8.00007000e-06  5.40000000e-01  1.79340132e+00 
 8.00010000e-06  0.00000000e+00  1.79163590e+00 
 8.00010800e-06  0.00000000e+00  1.79213283e+00 
 8.00012400e-06  0.00000000e+00  1.79314987e+00 
 8.00015600e-06  0.00000000e+00  1.79478086e+00 
 8.00022000e-06  0.00000000e+00  1.79701878e+00 
 8.00034800e-06  0.00000000e+00  1.79959586e+00 
 8.00051987e-06  0.00000000e+00  1.80102461e+00 
 8.00086360e-06  0.00000000e+00  1.80216128e+00 
 8.00129783e-06  0.00000000e+00  1.80146882e+00 
 8.00176014e-06  0.00000000e+00  1.79984119e+00 
 8.00223575e-06  0.00000000e+00  1.79817044e+00 
 8.00276502e-06  0.00000000e+00  1.79872454e+00 
 8.00340400e-06  0.00000000e+00  1.79955591e+00 
 8.00403128e-06  0.00000000e+00  1.79974142e+00 
 8.00457594e-06  0.00000000e+00  1.79981251e+00 
 8.00519910e-06  0.00000000e+00  1.79990068e+00 
 8.00581980e-06  0.00000000e+00  1.79992220e+00 
 8.00642926e-06  0.00000000e+00  1.79992200e+00 
 8.00711200e-06  0.00000000e+00  1.79992213e+00 
 8.00800612e-06  0.00000000e+00  1.79991760e+00 
 8.00900544e-06  0.00000000e+00  1.79992137e+00 
 8.01000973e-06  0.00000000e+00  1.79992134e+00 
 8.01111629e-06  0.00000000e+00  1.79992630e+00 
 8.01253051e-06  0.00000000e+00  1.79992680e+00 
 8.01447634e-06  0.00000000e+00  1.79993521e+00 
 8.01787591e-06  0.00000000e+00  1.79993848e+00 
 8.02330995e-06  0.00000000e+00  1.79995160e+00 
 8.03311398e-06  0.00000000e+00  1.79995843e+00 
 8.05053671e-06  0.00000000e+00  1.79997394e+00 
 8.08538218e-06  0.00000000e+00  1.79998032e+00 
 8.15507311e-06  0.00000000e+00  1.79999248e+00 
 8.25010000e-06  0.00000000e+00  1.79999199e+00 
 8.25011000e-06  1.80000000e-01  1.80051907e+00 
 8.25013000e-06  5.40000000e-01  1.80186015e+00 
 8.25017000e-06  1.26000000e+00  1.80522415e+00 
 8.25020000e-06  1.80000000e+00  1.80757298e+00 
 8.25020794e-06  1.80000000e+00  1.80737995e+00 
 8.25022381e-06  1.80000000e+00  1.80695291e+00 
 8.25025556e-06  1.80000000e+00  1.80622648e+00 
 8.25031906e-06  1.80000000e+00  1.80519904e+00 
 8.25044606e-06  1.80000000e+00  1.80390166e+00 
 8.25070007e-06  1.80000000e+00  1.80236689e+00 
 8.25105186e-06  1.80000000e+00  1.80307919e+00 
 8.25152144e-06  1.80000000e+00  1.80700280e+00 
 8.25201601e-06  1.80000000e+00  1.80502895e+00 
 8.25253964e-06  1.80000000e+00  1.80221361e+00 
 8.25325753e-06  1.80000000e+00  1.80055281e+00 
 8.25420973e-06  1.80000000e+00  1.79988941e+00 
 8.25512966e-06  1.80000000e+00  1.79989209e+00 
 8.25609093e-06  1.80000000e+00  1.79988935e+00 
 8.25722539e-06  1.80000000e+00  1.79993955e+00 
 8.25854181e-06  1.80000000e+00  1.79995030e+00 
 8.26027449e-06  1.80000000e+00  1.79997082e+00 
 8.26282002e-06  1.80000000e+00  1.79998402e+00 
 8.26620769e-06  1.80000000e+00  1.79999283e+00 
 8.27212723e-06  1.80000000e+00  1.79999947e+00 
 8.28045706e-06  1.80000000e+00  1.79999909e+00 
 8.29388973e-06  1.80000000e+00  1.80000083e+00 
 8.31564148e-06  1.80000000e+00  1.79999899e+00 
 8.35508853e-06  1.80000000e+00  1.80000094e+00 
 8.43324033e-06  1.80000000e+00  1.79999896e+00 
 8.50000000e-06  1.80000000e+00  1.80000098e+00 
 8.50001000e-06  1.62000000e+00  1.79885656e+00 
 8.50003000e-06  1.26000000e+00  1.79674949e+00 
 8.50007000e-06  5.40000000e-01  1.79341454e+00 
 8.50010000e-06  0.00000000e+00  1.79164892e+00 
 8.50010800e-06  0.00000000e+00  1.79214624e+00 
 8.50012400e-06  0.00000000e+00  1.79316293e+00 
 8.50015600e-06  0.00000000e+00  1.79478459e+00 
 8.50022000e-06  0.00000000e+00  1.79700979e+00 
 8.50034800e-06  0.00000000e+00  1.79958071e+00 
 8.50060400e-06  0.00000000e+00  1.80152022e+00 
 8.50097634e-06  0.00000000e+00  1.80244978e+00 
 8.50151409e-06  0.00000000e+00  1.80065376e+00 
 8.50208482e-06  0.00000000e+00  1.79725546e+00 
 8.50256409e-06  0.00000000e+00  1.80251363e+00 
 8.50312432e-06  0.00000000e+00  1.82094200e+00 
 8.50374274e-06  0.00000000e+00  1.82949550e+00 
 8.50444326e-06  0.00000000e+00  1.79860958e+00 
 8.50512807e-06  0.00000000e+00  1.75572331e+00 
 8.50569070e-06  0.00000000e+00  1.72402778e+00 
 8.50629926e-06  0.00000000e+00  1.68781690e+00 
 8.50703569e-06  0.00000000e+00  1.64449078e+00 
 8.50781442e-06  0.00000000e+00  1.59811092e+00 
 8.50937186e-06  0.00000000e+00  1.50513475e+00 
 8.51119616e-06  0.00000000e+00  1.39535142e+00 
 8.51475461e-06  0.00000000e+00  1.18082687e+00 
 8.52128155e-06  0.00000000e+00  7.97152785e-01 
 8.52724442e-06  0.00000000e+00  5.02962704e-01 
 8.53291065e-06  0.00000000e+00  2.67446634e-01 
 8.53676089e-06  0.00000000e+00  1.49922251e-01 
 8.53948290e-06  0.00000000e+00  9.12438224e-02 
 8.54160710e-06  0.00000000e+00  5.91109576e-02 
 8.54381782e-06  0.00000000e+00  4.05162892e-02 
 8.54590431e-06  0.00000000e+00  3.74829846e-02 
 8.54726206e-06  0.00000000e+00  3.03414062e-02 
 8.54853582e-06  0.00000000e+00  2.43988540e-02 
 8.54975515e-06  0.00000000e+00  1.95478988e-02 
 8.55118174e-06  0.00000000e+00  1.54266559e-02 
 8.55334132e-06  0.00000000e+00  1.03279789e-02 
 8.55629780e-06  0.00000000e+00  6.27890021e-03 
 8.55912173e-06  0.00000000e+00  3.59509367e-03 
 8.56287229e-06  0.00000000e+00  1.96854971e-03 
 8.56644542e-06  0.00000000e+00  8.68481509e-04 
 8.57324335e-06  0.00000000e+00  3.62965586e-04 
 8.58122067e-06  0.00000000e+00 -4.33490461e-05 
 8.59459990e-06  0.00000000e+00  1.24156733e-04 
 8.61807687e-06  0.00000000e+00 -8.23603908e-05 
 8.66322342e-06  0.00000000e+00  1.23044934e-04 
 8.71493509e-06  0.00000000e+00 -8.71468321e-05 
 8.75010000e-06  0.00000000e+00  1.20361222e-04 
 8.75011000e-06  1.80000000e-01  9.77176237e-04 
 8.75013000e-06  5.40000000e-01  2.68425412e-03 
 8.75017000e-06  1.26000000e+00  5.45646304e-03 
 8.75020000e-06  1.80000000e+00  6.88780284e-03 
 8.75020793e-06  1.80000000e+00  6.55456337e-03 
 8.75022380e-06  1.80000000e+00  5.86679406e-03 
 8.75025553e-06  1.80000000e+00  4.73182643e-03 
 8.75031900e-06  1.80000000e+00  3.25069078e-03 
 8.75044593e-06  1.80000000e+00  1.85052261e-03 
 8.75069979e-06  1.80000000e+00  1.12974301e-03 
 8.75105032e-06  1.80000000e+00  1.98694820e-03 
 8.75151935e-06  1.80000000e+00  4.52412390e-03 
 8.75201230e-06  1.80000000e+00  2.73000695e-03 
 8.75253520e-06  1.80000000e+00  1.77508231e-03 
 8.75325733e-06  1.80000000e+00  1.18118675e-03 
 8.75403150e-06  1.80000000e+00  3.54233387e-04 
 8.75463614e-06  1.80000000e+00  1.20931613e-03 
 8.75531554e-06  1.80000000e+00  1.05013084e-03 
 8.75596601e-06  1.80000000e+00  7.89827572e-04 
 8.75682969e-06  1.80000000e+00  6.61307524e-04 
 8.75773374e-06  1.80000000e+00  6.01426830e-04 
 8.75945414e-06  1.80000000e+00  5.50529461e-04 
 8.76161930e-06  1.80000000e+00  4.03871192e-04 
 8.76492879e-06  1.80000000e+00  2.51955187e-04 
 8.77033594e-06  1.80000000e+00  1.20397399e-04 
 8.78097368e-06  1.80000000e+00  3.54500731e-05 
 8.79801092e-06  1.80000000e+00  2.78975680e-05 
 8.83006283e-06  1.80000000e+00  1.82392889e-05 
 8.88613333e-06  1.80000000e+00  1.85727956e-05 
 8.99827433e-06  1.80000000e+00  1.00099170e-05 
 9.00000000e-06  1.80000000e+00  1.75380319e-05 
