 0.00000000e+00  5.91910104e-05 
 1.00000000e-12  3.85797511e-03 
 2.00000000e-12  4.20149630e-03 
 4.00000000e-12  4.32458754e-03 
 8.00000000e-12  4.19620934e-03 
 1.60000000e-11  4.10601265e-03 
 3.20000000e-11  4.09491214e-03 
 6.40000000e-11  5.65595084e-03 
 1.00000000e-10  8.21952931e-03 
 1.06400000e-10  3.28446871e-03 
 1.19200000e-10  2.57553801e-03 
 1.44800000e-10  2.62060479e-03 
 1.96000000e-10  1.81580120e-03 
 2.98400000e-10  1.72706827e-03 
 4.46698420e-10  1.20721564e-03 
 7.06863819e-10  1.25402370e-03 
 1.00570779e-09  8.85873543e-04 
 1.38416287e-09  1.14902455e-03 
 1.76986318e-09  9.71072333e-04 
 2.17687492e-09  1.06560638e-03 
 2.51839078e-09  9.07219240e-04 
 2.91313867e-09  1.11178722e-03 
 3.35163929e-09  6.89525436e-04 
 3.77102393e-09  7.19574453e-04 
 4.22530800e-09  3.11947734e-04 
 4.82683887e-09  5.06098960e-04 
 5.42578962e-09  2.61903757e-04 
 6.18382618e-09  4.06429028e-04 
 7.03104578e-09  7.54897960e-05 
 7.83452405e-09  2.18693722e-04 
 8.73181893e-09  1.11370783e-04 
 9.69851834e-09  3.51011926e-04 
 1.04148627e-08  3.07250218e-05 
 1.11023988e-08  2.39370521e-04 
 1.17415895e-08  2.14670694e-05 
 1.24511190e-08  2.30010141e-04 
 1.38701780e-08  1.41415799e-05 
 1.55837627e-08  2.68330436e-04 
 1.72948170e-08  1.03148121e-04 
 1.89936596e-08  3.68073894e-04 
 2.02300011e-08  3.12919185e-05 
 2.14366813e-08  2.40744436e-04 
 2.22702396e-08  2.47678125e-05 
 2.32958432e-08  2.37894813e-04 
 2.53470506e-08  2.10606200e-05 
 2.79052460e-08  2.32074208e-04 
 3.30216370e-08  1.69835376e-05 
 3.89606202e-08  2.39222139e-04 
 4.51261426e-08  1.41841527e-05 
 5.21901226e-08  2.32389617e-04 
 6.12794920e-08  1.09151931e-05 
 7.40664637e-08  2.26260056e-04 
 9.44316572e-08  5.93017165e-06 
 1.33472206e-07  2.21568905e-04 
 1.96091497e-07  2.27955864e-06 
 2.50100000e-07  2.15636411e-04 
 2.50110000e-07 -4.77728145e-03 
 2.50130000e-07 -5.49529685e-03 
 2.50170000e-07 -3.83180859e-03 
 2.50200000e-07 -3.47585463e-03 
 2.50206632e-07  5.37002097e-04 
 2.50219896e-07  7.38253462e-04 
 2.50246423e-07  6.17657630e-04 
 2.50299478e-07  6.31328642e-04 
 2.50382172e-07  4.89387548e-04 
 2.50519690e-07  5.47709244e-04 
 2.50665294e-07  5.32479028e-04 
 2.50928187e-07  5.99938179e-04 
 2.51259967e-07  4.52179528e-04 
 2.51641171e-07  3.91256541e-04 
 2.52046380e-07  1.58657195e-04 
 2.52609787e-07  2.40332401e-04 
 2.53279610e-07  1.43188666e-04 
 2.53784406e-07  2.14432359e-04 
 2.54331203e-07  8.08156563e-05 
 2.54906821e-07  1.86660678e-04 
 2.55578724e-07  7.12546145e-05 
 2.56346890e-07  1.67001674e-04 
 2.57803762e-07  5.45744561e-05 
 2.59118544e-07  1.59699011e-04 
 2.61748107e-07  5.40377128e-05 
 2.64978532e-07  1.58766789e-04 
 2.71439380e-07  5.29301484e-05 
 2.84083568e-07  1.56656326e-04 
 3.04650650e-07  4.95410588e-05 
 3.45784813e-07  1.50693693e-04 
 4.28046110e-07  3.95626469e-05 
 5.00000000e-07  1.41315525e-04 
 5.00010000e-07  2.45842814e-03 
 5.00030000e-07  2.31682736e-03 
 5.00070000e-07  3.30730956e-03 
 5.00100000e-07  4.10459075e-03 
 5.00108000e-07  1.34253620e-03 
 5.00124000e-07  9.76921558e-04 
 5.00156000e-07  1.03263434e-03 
 5.00220000e-07  6.80977045e-04 
 5.00337880e-07  7.40450555e-04 
 5.00516009e-07  5.53105925e-04 
 5.00826913e-07  6.95797349e-04 
 5.01186729e-07  2.63910403e-04 
 5.01575054e-07  3.48380022e-04 
 5.02011145e-07  1.88707778e-04 
 5.02413425e-07  2.64336760e-04 
 5.02906567e-07  6.41841257e-05 
 5.03446395e-07  1.92628197e-04 
 5.04016994e-07  3.70614292e-05 
 5.04756676e-07  1.83041757e-04 
 5.05562811e-07  3.96910922e-05 
 5.06611934e-07  1.92860321e-04 
 5.07838554e-07  4.61849632e-05 
 5.09008884e-07  2.07117862e-04 
 5.10138014e-07  7.68527732e-05 
 5.11636997e-07  2.04652649e-04 
 5.13048877e-07  3.76905990e-05 
 5.14496507e-07  1.86609366e-04 
 5.16641198e-07  1.73653380e-05 
 5.18927037e-07  1.66064862e-04 
 5.22850394e-07  1.19681918e-05 
 5.28240065e-07  1.63998103e-04 
 5.38637697e-07  1.18988106e-05 
 5.55110899e-07  1.63127914e-04 
 5.84068046e-07  1.10177822e-05 
 6.36782847e-07  1.61745153e-04 
 7.42212451e-07  9.50118974e-06 
 7.50100000e-07  1.60785670e-04 
 7.50110000e-07 -2.46116780e-03 
 7.50130000e-07 -2.89859944e-03 
 7.50170000e-07 -2.13205014e-03 
 7.50200000e-07 -1.87586789e-03 
 7.50208000e-07  3.67667180e-04 
 7.50224000e-07  4.70130422e-04 
 7.50256000e-07  4.46289607e-04 
 7.50320000e-07  4.70230993e-04 
 7.50448000e-07  4.01783511e-04 
 7.50687654e-07  5.56446223e-04 
 7.50986381e-07  4.88908570e-04 
 7.51397315e-07  4.72720894e-04 
 7.51861646e-07  1.97888133e-04 
 7.52295796e-07  1.93059076e-04 
 7.52993918e-07  1.25111861e-04 
 7.53450352e-07  1.66713851e-04 
 7.53975430e-07  8.70473026e-05 
 7.54490502e-07  1.35125147e-04 
 7.55035653e-07  7.35159104e-05 
 7.55776821e-07  1.23729806e-04 
 7.56551344e-07  5.94570065e-05 
 7.58100390e-07  1.14234852e-04 
 7.60156406e-07  5.65087296e-05 
 7.63356028e-07  1.14130413e-04 
 7.69325514e-07  5.64612469e-05 
 7.81264485e-07  1.13969969e-04 
 8.05142426e-07  5.63023522e-05 
 8.52898310e-07  1.13744894e-04 
 9.48410077e-07  5.60670394e-05 
 1.00000000e-06  1.13591530e-04 
 1.00001000e-06  2.45041910e-03 
 1.00003000e-06  2.30010706e-03 
 1.00007000e-06  3.29837851e-03 
 1.00010000e-06  4.09539243e-03 
 1.00010800e-06  1.33515164e-03 
 1.00012400e-06  9.71063420e-04 
 1.00015600e-06  1.02780431e-03 
 1.00022000e-06  6.77664348e-04 
 1.00033778e-06  7.36817847e-04 
 1.00051605e-06  5.50132063e-04 
 1.00082679e-06  6.92188087e-04 
 1.00118677e-06  2.58959707e-04 
 1.00157530e-06  3.43402138e-04 
 1.00201052e-06  1.87648165e-04 
 1.00242000e-06  2.65526966e-04 
 1.00288961e-06  6.13199701e-05 
 1.00341352e-06  1.93172747e-04 
 1.00396186e-06  4.85143636e-05 
 1.00449621e-06  1.92314987e-04 
 1.00499722e-06  3.60408013e-05 
 1.00553711e-06  1.74529616e-04 
 1.00631547e-06  2.04871492e-05 
 1.00708924e-06  1.69023649e-04 
 1.00844537e-06  3.76697970e-05 
 1.00995513e-06  1.89139333e-04 
 1.01119077e-06  7.20534101e-05 
 1.01223046e-06  2.36317218e-04 
 1.01323447e-06  8.87091956e-05 
 1.01428889e-06  2.22137627e-04 
 1.01525265e-06  7.12476119e-05 
 1.01626436e-06  2.06959283e-04 
 1.01737878e-06  6.08235020e-05 
 1.01914822e-06  1.99416276e-04 
 1.02076220e-06  5.50705459e-05 
 1.02397941e-06  1.92341137e-04 
 1.02878420e-06  4.59274636e-05 
 1.03617894e-06  1.81503266e-04 
 1.04950886e-06  3.34138057e-05 
 1.07292395e-06  1.68958310e-04 
 1.11975414e-06  2.45684237e-05 
 1.18998742e-06  1.61538639e-04 
 1.25010000e-06  1.67359237e-05 
 1.25011000e-06 -2.47335420e-03 
 1.25013000e-06 -2.89667572e-03 
 1.25017000e-06 -2.13090009e-03 
 1.25020000e-06 -1.86550184e-03 
 1.25020800e-06  3.69804040e-04 
 1.25022400e-06  4.72519939e-04 
 1.25025600e-06  4.49264776e-04 
 1.25032000e-06  4.73187768e-04 
 1.25044800e-06  4.04792095e-04 
 1.25068815e-06  5.59593242e-04 
 1.25098463e-06  4.91135630e-04 
 1.25139872e-06  4.73756555e-04 
 1.25186127e-06  1.99226433e-04 
 1.25229763e-06  1.95853128e-04 
 1.25299576e-06  1.29671895e-04 
 1.25345876e-06  1.67891236e-04 
 1.25399048e-06  8.06449408e-05 
 1.25468277e-06  1.34672281e-04 
 1.25531752e-06  7.27251332e-05 
 1.25608909e-06  1.22322519e-04 
 1.25757698e-06  5.81977636e-05 
 1.25913604e-06  1.16114066e-04 
 1.26194396e-06  5.79776912e-05 
 1.26590164e-06  1.15700654e-04 
 1.27381700e-06  5.75039475e-05 
 1.28964772e-06  1.14872338e-04 
 1.32130917e-06  5.63543714e-05 
 1.38463206e-06  1.13689889e-04 
 1.50000000e-06  5.59546242e-05 
 1.50001000e-06  2.44380102e-03 
 1.50003000e-06  2.29864378e-03 
 1.50007000e-06  3.29670740e-03 
 1.50010000e-06  4.09695031e-03 
 1.50010800e-06  1.33479172e-03 
 1.50012400e-06  9.70187437e-04 
 1.50015600e-06  1.02751690e-03 
 1.50022000e-06  6.77118767e-04 
 1.50033780e-06  7.36682810e-04 
 1.50051596e-06  5.49572565e-04 
 1.50082676e-06  6.92810595e-04 
 1.50118668e-06  2.59385605e-04 
 1.50157738e-06  3.43601303e-04 
 1.50201373e-06  1.84590267e-04 
 1.50242085e-06  2.58427818e-04 
 1.50289480e-06  6.02022375e-05 
 1.50342230e-06  1.89213279e-04 
 1.50398580e-06  3.94306379e-05 
 1.50473668e-06  1.94048761e-04 
 1.50552284e-06  4.41803359e-05 
 1.50615600e-06  1.88608685e-04 
 1.50688739e-06  3.66120774e-05 
 1.50770925e-06  1.65815049e-04 
 1.50864360e-06  1.34843289e-05 
 1.50956026e-06  1.58797044e-04 
 1.51086186e-06  1.24365147e-05 
 1.51250431e-06  1.57878955e-04 
 1.51555185e-06  1.23490230e-05 
 1.52062163e-06  1.57779072e-04 
 1.52991254e-06  1.23559922e-05 
 1.54792422e-06  1.57773384e-04 
 1.58394758e-06  1.24295898e-05 
 1.65599431e-06  1.57907768e-04 
 1.75010000e-06  1.25858075e-05 
 1.75011000e-06 -2.46980114e-03 
 1.75013000e-06 -2.89209689e-03 
 1.75017000e-06 -2.12526141e-03 
 1.75020000e-06 -1.86001642e-03 
 1.75020800e-06  3.69615298e-04 
 1.75022400e-06  4.71302260e-04 
 1.75025600e-06  4.47447855e-04 
 1.75032000e-06  4.70416890e-04 
 1.75044800e-06  4.01514103e-04 
 1.75068646e-06  5.56298774e-04 
 1.75098261e-06  4.89559759e-04 
 1.75139752e-06  4.72409265e-04 
 1.75185950e-06  1.98325506e-04 
 1.75229579e-06  1.93222175e-04 
 1.75299264e-06  1.25162212e-04 
 1.75344903e-06  1.66992039e-04 
 1.75397428e-06  8.67681585e-05 
 1.75448620e-06  1.35538228e-04 
 1.75502870e-06  7.38264854e-05 
 1.75580426e-06  1.23748529e-04 
 1.75662183e-06  5.91564571e-05 
 1.75825696e-06  1.14459029e-04 
 1.76031321e-06  5.65299521e-05 
 1.76367386e-06  1.14404908e-04 
 1.77002373e-06  5.64797087e-05 
 1.78272348e-06  1.14304912e-04 
 1.80812297e-06  5.64326621e-05 
 1.85892196e-06  1.14260777e-04 
 1.96051993e-06  5.64243835e-05 
 2.00000000e-06  1.14257745e-04 
 2.00001000e-06  2.44594386e-03 
 2.00003000e-06  2.28929975e-03 
 2.00007000e-06  3.30122743e-03 
 2.00010000e-06  4.09071981e-03 
 2.00010800e-06  1.33410351e-03 
 2.00012400e-06  9.70336304e-04 
 2.00015600e-06  1.02747776e-03 
 2.00022000e-06  6.77823915e-04 
 2.00033774e-06  7.37136204e-04 
 2.00051584e-06  5.50465929e-04 
 2.00082643e-06  6.93203187e-04 
 2.00118656e-06  2.59405878e-04 
 2.00157637e-06  3.43930549e-04 
 2.00201183e-06  1.87478939e-04 
 2.00242169e-06  2.65002571e-04 
 2.00289063e-06  6.17782332e-05 
 2.00341380e-06  1.93657500e-04 
 2.00396234e-06  5.06684098e-05 
 2.00449770e-06  1.93222879e-04 
 2.00499846e-06  3.76910017e-05 
 2.00553940e-06  1.75142436e-04 
 2.00630899e-06  2.06811984e-05 
 2.00708776e-06  1.68553556e-04 
 2.00846098e-06  3.82869934e-05 
 2.00996188e-06  1.89097448e-04 
 2.01119693e-06  7.06375643e-05 
 2.01223257e-06  2.26640637e-04 
 2.01323145e-06  7.63684294e-05 
 2.01428546e-06  2.09535473e-04 
 2.01524754e-06  5.77256458e-05 
 2.01625743e-06  1.92034389e-04 
 2.01737118e-06  4.50192840e-05 
 2.01912652e-06  1.82694089e-04 
 2.02074068e-06  3.81964382e-05 
 2.02393222e-06  1.74565542e-04 
 2.02873134e-06  2.85644666e-05 
 2.03610603e-06  1.64775961e-04 
 2.04941576e-06  2.02121442e-05 
 2.07262546e-06  1.60018721e-04 
 2.09599120e-06  9.60658791e-06 
 2.11713330e-06  1.57562132e-04 
 2.13200996e-06 -9.94850336e-06 
 2.14558802e-06  1.46470623e-04 
 2.15506213e-06 -1.10134674e-05 
 2.16270799e-06  1.45006468e-04 
 2.17114357e-06 -1.03898843e-05 
 2.18333168e-06  1.43912285e-04 
 2.20078368e-06 -1.01324398e-05 
 2.22476105e-06  1.43355221e-04 
 2.25010000e-06 -9.92404364e-06 
 2.25011000e-06 -2.49983595e-03 
 2.25013000e-06 -2.92215161e-03 
 2.25017000e-06 -2.15008209e-03 
 2.25020000e-06 -1.88145587e-03 
 2.25020800e-06  3.47296489e-04 
 2.25022400e-06  4.50783787e-04 
 2.25025600e-06  4.29324743e-04 
 2.25032000e-06  4.52887675e-04 
 2.25044800e-06  3.83938813e-04 
 2.25068808e-06  5.38652405e-04 
 2.25098281e-06  4.71080451e-04 
 2.25139707e-06  4.53054651e-04 
 2.25185919e-06  1.79193254e-04 
 2.25229542e-06  1.71818589e-04 
 2.25299151e-06  1.02342001e-04 
 2.25343623e-06  1.40231108e-04 
 2.25394667e-06  5.42790761e-05 
 2.25455170e-06  1.13190152e-04 
 2.25526516e-06  5.22099664e-05 
 2.25594594e-06  1.03521027e-04 
 2.25730748e-06  3.81104371e-05 
 2.25877064e-06  9.61120120e-05 
 2.26146023e-06  3.77397161e-05 
 2.26492454e-06  9.59843284e-05 
 2.27185316e-06  3.78734899e-05 
 2.28571041e-06  9.92433315e-05 
 2.30159597e-06  5.82614211e-05 
 2.31615313e-06  1.18279602e-04 
 2.33249788e-06  7.34403401e-05 
 2.34387596e-06  1.13253643e-04 
 2.35283262e-06  5.83751551e-05 
 2.36135087e-06  1.12287522e-04 
 2.36971222e-06  5.82976395e-05 
 2.38361717e-06  1.12552233e-04 
 2.40127007e-06  5.82959705e-05 
 2.42346017e-06  1.12675008e-04 
 2.46435482e-06  5.83095178e-05 
 2.50000000e-06  1.12763547e-04 
 2.50001000e-06  2.44319712e-03 
 2.50003000e-06  2.28668216e-03 
 2.50007000e-06  3.30203234e-03 
 2.50010000e-06  4.08981921e-03 
 2.50010800e-06  1.33367005e-03 
 2.50012400e-06  9.69681863e-04 
 2.50015600e-06  1.02734400e-03 
 2.50022000e-06  6.77696583e-04 
 2.50033781e-06  7.37564393e-04 
 2.50051601e-06  5.50266799e-04 
 2.50082688e-06  6.93425463e-04 
 2.50118665e-06  2.59620205e-04 
 2.50157746e-06  3.44408481e-04 
 2.50201366e-06  1.85259316e-04 
 2.50242092e-06  2.58941817e-04 
 2.50289433e-06  6.07953925e-05 
 2.50342239e-06  1.89913312e-04 
 2.50398536e-06  4.00612344e-05 
 2.50473589e-06  1.94890768e-04 
 2.50552165e-06  4.46447534e-05 
 2.50615963e-06  1.89537909e-04 
 2.50688899e-06  3.71025519e-05 
 2.50770974e-06  1.66658910e-04 
 2.50864537e-06  1.39592130e-05 
 2.50955598e-06  1.59560263e-04 
 2.51086209e-06  1.29371277e-05 
 2.51249180e-06  1.58612736e-04 
 2.51552554e-06  1.28468418e-05 
 2.52056133e-06  1.58483302e-04 
 2.52975132e-06  1.28179809e-05 
 2.54759338e-06  1.58408289e-04 
 2.58327750e-06  1.27799040e-05 
 2.65464575e-06  1.58377672e-04 
 2.75010000e-06  1.27728071e-05 
 2.75011000e-06 -2.46959728e-03 
 2.75013000e-06 -2.89170082e-03 
 2.75017000e-06 -2.12154516e-03 
 2.75020000e-06 -1.85331355e-03 
 2.75020800e-06  3.70917382e-04 
 2.75022400e-06  4.72223117e-04 
 2.75025600e-06  4.48368153e-04 
 2.75032000e-06  4.70693801e-04 
 2.75044800e-06  4.01679464e-04 
 2.75068646e-06  5.56603740e-04 
 2.75098139e-06  4.90143320e-04 
 2.75139637e-06  4.72869009e-04 
 2.75185814e-06  1.99092025e-04 
 2.75229432e-06  1.93580167e-04 
 2.75298980e-06  1.25619242e-04 
 2.75344555e-06  1.67162366e-04 
 2.75397054e-06  8.71764456e-05 
 2.75448131e-06  1.35702719e-04 
 2.75502311e-06  7.43895239e-05 
 2.75579796e-06  1.23986782e-04 
 2.75661467e-06  5.96434367e-05 
 2.75824800e-06  1.14593266e-04 
 2.76029720e-06  5.69715292e-05 
 2.76364629e-06  1.14536562e-04 
 2.76995214e-06  5.69189140e-05 
 2.78256385e-06  1.14428269e-04 
 2.80778725e-06  5.68586018e-05 
 2.85823407e-06  1.14362208e-04 
 2.95912770e-06  5.68220210e-05 
 3.00000000e-06  1.14340734e-04 
 3.00001000e-06  2.44340876e-03 
 3.00003000e-06  2.28424636e-03 
 3.00007000e-06  3.30343350e-03 
 3.00010000e-06  4.08767852e-03 
 3.00010800e-06  1.33355258e-03 
 3.00012400e-06  9.69893704e-04 
 3.00015600e-06  1.02737923e-03 
 3.00022000e-06  6.77942668e-04 
 3.00033774e-06  7.37424621e-04 
 3.00051584e-06  5.50626653e-04 
 3.00082642e-06  6.93482055e-04 
 3.00118656e-06  2.59359601e-04 
 3.00157606e-06  3.44336833e-04 
 3.00201113e-06  1.87882554e-04 
 3.00242100e-06  2.65294668e-04 
 3.00289000e-06  6.19130049e-05 
 3.00341318e-06  1.93924213e-04 
 3.00396160e-06  5.08359297e-05 
 3.00449675e-06  1.93525108e-04 
 3.00499685e-06  3.79013622e-05 
 3.00553735e-06  1.75461850e-04 
 3.00630417e-06  2.08981817e-05 
 3.00708335e-06  1.68798939e-04 
 3.00845275e-06  3.83769337e-05 
 3.00995791e-06  1.89240935e-04 
 3.01119098e-06  6.77027689e-05 
 3.01222800e-06  2.15697345e-04 
 3.01322877e-06  6.21200950e-05 
 3.01428287e-06  1.95462098e-04 
 3.01524472e-06  4.08198774e-05 
 3.01625489e-06  1.72347654e-04 
 3.01736912e-06  2.37277083e-05 
 3.01912154e-06  1.61238102e-04 
 3.02073631e-06  1.63226015e-05 
 3.02333075e-06  1.51161027e-04 
 3.02610210e-06  7.77324758e-06 
 3.02856432e-06  1.49489467e-04 
 3.03159357e-06  2.16387664e-05 
 3.03640300e-06  1.63950651e-04 
 3.03957282e-06 -1.55906227e-06 
 3.04301681e-06  1.56354197e-04 
 3.04856681e-06  8.17079550e-08 
 3.05361778e-06  1.46243178e-04 
 3.06011891e-06 -6.25261682e-06 
 3.06623759e-06  1.42811172e-04 
 3.07246638e-06 -5.88300018e-06 
 3.08492396e-06  1.40565694e-04 
 3.10046091e-06 -6.51604858e-06 
 3.12550571e-06  1.40223378e-04 
 3.15010113e-06 -5.53186572e-06 
 3.17651459e-06  1.40707197e-04 
 3.20633297e-06 -4.94594665e-06 
 3.24873910e-06  1.40779130e-04 
 3.25010000e-06 -3.32203454e-06 
 3.25011000e-06 -2.49473985e-03 
 3.25013000e-06 -2.91834056e-03 
 3.25017000e-06 -2.14486884e-03 
 3.25020000e-06 -1.87438824e-03 
 3.25020800e-06  3.50427967e-04 
 3.25022400e-06  4.53546179e-04 
 3.25025600e-06  4.31701752e-04 
 3.25032000e-06  4.54762700e-04 
 3.25044800e-06  3.85271813e-04 
 3.25068791e-06  5.40117186e-04 
 3.25098185e-06  4.72540109e-04 
 3.25139634e-06  4.54602325e-04 
 3.25185821e-06  1.80733987e-04 
 3.25229444e-06  1.73209989e-04 
 3.25298960e-06  1.03730934e-04 
 3.25343448e-06  1.41770090e-04 
 3.25394547e-06  5.57209726e-05 
 3.25455419e-06  1.14500144e-04 
 3.25526510e-06  5.35718338e-05 
 3.25594907e-06  1.04824044e-04 
 3.25731702e-06  3.94336805e-05 
 3.25877953e-06  9.74352660e-05 
 3.26147499e-06  3.90665586e-05 
 3.26494654e-06  9.72762049e-05 
 3.27188965e-06  3.90457413e-05 
 3.28577586e-06  9.71774095e-05 
 3.31354829e-06  3.90001030e-05 
 3.36909315e-06  9.71372456e-05 
 3.48018286e-06  3.89905272e-05 
 3.50000000e-06  9.71270944e-05 
 3.50001000e-06  2.42630158e-03 
 3.50003000e-06  2.26797807e-03 
 3.50007000e-06  3.28924223e-03 
 3.50010000e-06  4.07169319e-03 
 3.50010800e-06  1.31757252e-03 
 3.50012400e-06  9.52493279e-04 
 3.50015600e-06  1.00833117e-03 
 3.50022000e-06  6.58710610e-04 
 3.50033780e-06  7.19212279e-04 
 3.50051607e-06  5.32586371e-04 
 3.50082647e-06  6.76707448e-04 
 3.50118577e-06  2.46286223e-04 
 3.50153629e-06  3.26703937e-04 
 3.50194833e-06  1.63549633e-04 
 3.50234894e-06  2.45385959e-04 
 3.50281925e-06  4.64718243e-05 
 3.50332915e-06  1.73577517e-04 
 3.50388447e-06  1.98984733e-05 
 3.50463945e-06  1.82282284e-04 
 3.50535903e-06  3.01442988e-05 
 3.50597620e-06  1.73392336e-04 
 3.50664121e-06  2.12188525e-05 
 3.50749126e-06  1.55738374e-04 
 3.50838590e-06 -4.77409892e-06 
 3.50924196e-06  1.43762490e-04 
 3.51028874e-06 -5.55061572e-06 
 3.51144740e-06  1.42310866e-04 
 3.51363593e-06 -5.66854609e-06 
 3.51676704e-06  1.42054912e-04 
 3.52235720e-06 -5.65440587e-06 
 3.53203199e-06  1.41953226e-04 
 3.54834903e-06 -5.69177374e-06 
 3.58098311e-06  1.41888413e-04 
 3.64625128e-06 -5.72767599e-06 
 3.75010000e-06  1.41858940e-04 
 3.75011000e-06 -2.47974221e-03 
 3.75013000e-06 -2.91688240e-03 
 3.75017000e-06 -2.13297904e-03 
 3.75020000e-06 -1.87482623e-03 
 3.75020800e-06  3.52487339e-04 
 3.75022400e-06  4.54964887e-04 
 3.75025600e-06  4.32182555e-04 
 3.75032000e-06  4.54418040e-04 
 3.75044800e-06  3.84172518e-04 
 3.75068656e-06  5.38874709e-04 
 3.75098081e-06  4.72598620e-04 
 3.75139575e-06  4.55378835e-04 
 3.75185801e-06  1.81343803e-04 
 3.75229390e-06  1.75988983e-04 
 3.75298783e-06  1.09609104e-04 
 3.75344294e-06  1.53589372e-04 
 3.75396779e-06  7.89808272e-05 
 3.75447761e-06  1.30323016e-04 
 3.75501895e-06  7.41167262e-05 
 3.75579315e-06  1.16263603e-04 
 3.75661114e-06  4.80508778e-05 
 3.75751042e-06  1.06141731e-04 
 3.75836229e-06  4.20725734e-05 
 3.75964362e-06  9.77480785e-05 
 3.76105830e-06  3.91067486e-05 
 3.76366226e-06  9.72790236e-05 
 3.76742697e-06  3.91422505e-05 
 3.77495638e-06  9.71917899e-05 
 3.79001520e-06  3.91047000e-05 
 3.82013284e-06  9.71184711e-05 
 3.88036812e-06  3.90599873e-05 
 4.00000000e-06  9.70813337e-05 
 4.00001000e-06  2.42449386e-03 
 4.00003000e-06  2.26522756e-03 
 4.00007000e-06  3.28898666e-03 
 4.00010000e-06  4.06955009e-03 
 4.00010800e-06  1.31679945e-03 
 4.00012400e-06  9.51999219e-04 
 4.00015600e-06  1.00771187e-03 
 4.00022000e-06  6.58664887e-04 
 4.00033774e-06  7.19579704e-04 
 4.00051584e-06  5.33482819e-04 
 4.00082637e-06  6.76448028e-04 
 4.00118655e-06  2.42752045e-04 
 4.00157562e-06  3.26214965e-04 
 4.00201025e-06  1.68953022e-04 
 4.00242013e-06  2.48396281e-04 
 4.00289953e-06  4.57872694e-05 
 4.00341773e-06  1.83813239e-04 
 4.00389805e-06  4.73542487e-05 
 4.00439816e-06  1.92089468e-04 
 4.00484347e-06  3.06437642e-05 
 4.00533967e-06  1.66422833e-04 
 4.00592922e-06  1.42746180e-05 
 4.00663855e-06  1.60786496e-04 
 4.00758162e-06  3.69659017e-05 
 4.00840999e-06  1.87718608e-04 
 4.00928151e-06  5.58085302e-05 
 4.01015492e-06  1.91750640e-04 
 4.01111510e-06  9.02602753e-05 
 4.01191213e-06  2.37685911e-04 
 4.01271069e-06  8.96061351e-05 
 4.01356233e-06  2.24255490e-04 
 4.01445425e-06  7.34760090e-05 
 4.01534065e-06  2.07848586e-04 
 4.01632496e-06  5.74136884e-05 
 4.01734404e-06  1.93113591e-04 
 4.01911730e-06  4.85719842e-05 
 4.02080334e-06  1.85844796e-04 
 4.02417542e-06  4.30075124e-05 
 4.03025738e-06  1.81473144e-04 
 4.03809324e-06  3.89416244e-05 
 4.04656702e-06  1.85910919e-04 
 4.05599616e-06  6.22556564e-05 
 4.06422274e-06  2.03613431e-04 
 4.06919710e-06  1.62471265e-05 
 4.07374976e-06  1.79009456e-04 
 4.07776184e-06  1.53358177e-05 
 4.08263185e-06  1.71572950e-04 
 4.09230981e-06  1.21732668e-05 
 4.10298559e-06  1.63051943e-04 
 4.11681125e-06  3.25971477e-07 
 4.12654366e-06  1.55521689e-04 
 4.13294556e-06  2.64785677e-06 
 4.13995074e-06  1.50297889e-04 
 4.14625901e-06 -5.53728006e-06 
 4.15294677e-06  1.44103329e-04 
 4.15935039e-06 -4.75811893e-06 
 4.16632169e-06  1.42188842e-04 
 4.18026428e-06 -5.17561100e-06 
 4.19125386e-06  1.41311793e-04 
 4.20148679e-06 -4.70032061e-06 
 4.21586516e-06  1.40853231e-04 
 4.24095785e-06 -4.52966405e-06 
 4.25010000e-06  1.40518679e-04 
 4.25011000e-06 -2.48265302e-03 
 4.25013000e-06 -2.92076341e-03 
 4.25017000e-06 -2.13436547e-03 
 4.25020000e-06 -1.87499487e-03 
 4.25020800e-06  3.53479008e-04 
 4.25022400e-06  4.56151551e-04 
 4.25025600e-06  4.33516756e-04 
 4.25032000e-06  4.56008912e-04 
 4.25044800e-06  3.85652651e-04 
 4.25068776e-06  5.40422834e-04 
 4.25098131e-06  4.72690758e-04 
 4.25139598e-06  4.54939119e-04 
 4.25185767e-06  1.80953060e-04 
 4.25229385e-06  1.72889064e-04 
 4.25298863e-06  1.03496558e-04 
 4.25343452e-06  1.41813410e-04 
 4.25394575e-06  5.56906056e-05 
 4.25455021e-06  1.14663717e-04 
 4.25526960e-06  5.36176030e-05 
 4.25595113e-06  1.04960734e-04 
 4.25731418e-06  3.95166603e-05 
 4.25877836e-06  9.75692633e-05 
 4.26146984e-06  3.91240621e-05 
 4.26494277e-06  9.73970738e-05 
 4.27188863e-06  3.90848448e-05 
 4.28578035e-06  9.72709906e-05 
 4.31356378e-06  3.89979358e-05 
 4.36913064e-06  9.71770116e-05 
 4.48026437e-06  3.89342207e-05 
 4.50000000e-06  9.71404760e-05 
 4.50001000e-06  2.42494756e-03 
 4.50003000e-06  2.26590358e-03 
 4.50007000e-06  3.29008660e-03 
 4.50010000e-06  4.07016637e-03 
 4.50010800e-06  1.31719296e-03 
 4.50012400e-06  9.52247031e-04 
 4.50015600e-06  1.00814911e-03 
 4.50022000e-06  6.58702250e-04 
 4.50033780e-06  7.19162012e-04 
 4.50051607e-06  5.32590190e-04 
 4.50082647e-06  6.76666650e-04 
 4.50118577e-06  2.46261854e-04 
 4.50153631e-06  3.26629175e-04 
 4.50194831e-06  1.63546213e-04 
 4.50234895e-06  2.45293142e-04 
 4.50281953e-06  4.64753254e-05 
 4.50332957e-06  1.73495932e-04 
 4.50388497e-06  1.99235376e-05 
 4.50463914e-06  1.82032120e-04 
 4.50535914e-06  2.98757718e-05 
 4.50597824e-06  1.73331442e-04 
 4.50664264e-06  2.12217228e-05 
 4.50749204e-06  1.55647995e-04 
 4.50838707e-06 -4.73716482e-06 
 4.50924080e-06  1.43676666e-04 
 4.51028510e-06 -5.50920128e-06 
 4.51144090e-06  1.42227182e-04 
 4.51361771e-06 -5.63024321e-06 
 4.51673209e-06  1.41970921e-04 
 4.52227848e-06 -5.61699973e-06 
 4.53186362e-06  1.41868526e-04 
 4.54800544e-06 -5.65584906e-06 
 4.58028908e-06  1.41801176e-04 
 4.64485635e-06 -5.69554566e-06 
 4.75010000e-06  1.41767654e-04 
 4.75011000e-06 -2.47972445e-03 
 4.75013000e-06 -2.91677303e-03 
 4.75017000e-06 -2.13222505e-03 
 4.75020000e-06 -1.87252349e-03 
 4.75020800e-06  3.52797646e-04 
 4.75022400e-06  4.55084938e-04 
 4.75025600e-06  4.32285404e-04 
 4.75032000e-06  4.54301771e-04 
 4.75044800e-06  3.84029855e-04 
 4.75068656e-06  5.38850437e-04 
 4.75098035e-06  4.72662806e-04 
 4.75139531e-06  4.55429228e-04 
 4.75185760e-06  1.81446533e-04 
 4.75229341e-06  1.75951016e-04 
 4.75298700e-06  1.09640094e-04 
 4.75344213e-06  1.53514175e-04 
 4.75396714e-06  7.90515394e-05 
 4.75447604e-06  1.30257364e-04 
 4.75501677e-06  7.41334286e-05 
 4.75578824e-06  1.16308888e-04 
 4.75660149e-06  4.80882925e-05 
 4.75749647e-06  1.06126505e-04 
 4.75834660e-06  4.21656369e-05 
 4.75962160e-06  9.76769508e-05 
 4.76103096e-06  3.91325935e-05 
 4.76362744e-06  9.71933129e-05 
 4.76733658e-06  3.91669222e-05 
 4.77475485e-06  9.71063083e-05 
 4.78959141e-06  3.91296502e-05 
 4.81926451e-06  9.70325902e-05 
 4.87861072e-06  3.90843599e-05 
 4.99730314e-06  9.69947859e-05 
 5.00000000e-06  3.91134906e-05 
 5.00001000e-06  2.41905639e-03 
 5.00003000e-06  2.26683783e-03 
 5.00007000e-06  3.28648215e-03 
 5.00010000e-06  4.07116633e-03 
 5.00010800e-06  1.31664510e-03 
 5.00012400e-06  9.51622313e-04 
 5.00015600e-06  1.00772142e-03 
 5.00022000e-06  6.58501774e-04 
 5.00033774e-06  7.19658669e-04 
 5.00051591e-06  5.33337667e-04 
 5.00082642e-06  6.76514553e-04 
 5.00118660e-06  2.42552364e-04 
 5.00157562e-06  3.26297263e-04 
 5.00201016e-06  1.68799352e-04 
 5.00242006e-06  2.48463678e-04 
 5.00289948e-06  4.56460744e-05 
 5.00341767e-06  1.83888359e-04 
 5.00389796e-06  4.72111419e-05 
 5.00439805e-06  1.92169436e-04 
 5.00484332e-06  3.05193047e-05 
 5.00533950e-06  1.66501512e-04 
 5.00592894e-06  1.41398409e-05 
 5.00663826e-06  1.60892890e-04 
 5.00758101e-06  3.65072994e-05 
 5.00850184e-06  1.87189624e-04 
 5.00933107e-06  5.17290129e-05 
 5.01016294e-06  1.86450092e-04 
 5.01112459e-06  7.98947636e-05 
 5.01189246e-06  2.23212245e-04 
 5.01265873e-06  7.28011611e-05 
 5.01349879e-06  2.06880710e-04 
 5.01437412e-06  5.69320945e-05 
 5.01525194e-06  1.92271762e-04 
 5.01618866e-06  4.19207779e-05 
 5.01715253e-06  1.79549554e-04 
 5.01866231e-06  3.69693297e-05 
 5.02028195e-06  1.79191706e-04 
 5.02322055e-06  5.77666449e-05 
 5.02665111e-06  2.16306676e-04 
 5.03032333e-06  6.80882310e-05 
 5.03394891e-06  2.42400258e-04 
 5.03654261e-06  3.25003109e-06 
 5.03897455e-06  1.92744927e-04 
 5.04103328e-06  1.00711746e-05 
 5.04352557e-06  1.79356425e-04 
 5.04739422e-06  1.04702184e-05 
 5.05159421e-06  1.71957655e-04 
 5.05823676e-06  8.78640321e-06 
 5.06780894e-06  1.67597235e-04 
 5.08136773e-06  7.20719415e-06 
 5.10127921e-06  1.65527720e-04 
 5.12831181e-06  5.77644780e-06 
 5.15516982e-06  1.61614312e-04 
 5.18932326e-06  2.96331349e-05 
 5.21641429e-06  1.33840498e-04 
 5.23502968e-06  2.05179540e-05 
 5.25010000e-06  1.24050075e-04 
 5.25011000e-06 -2.50087720e-03 
 5.25013000e-06 -2.93442237e-03 
 5.25017000e-06 -2.14291830e-03 
 5.25020000e-06 -1.87949902e-03 
 5.25020800e-06  3.47561071e-04 
 5.25022400e-06  4.51097465e-04 
 5.25025600e-06  4.30068043e-04 
 5.25032000e-06  4.54034360e-04 
 5.25044800e-06  3.85526998e-04 
 5.25068779e-06  5.41343207e-04 
 5.25098098e-06  4.74084555e-04 
 5.25139559e-06  4.56186056e-04 
 5.25185723e-06  1.82505915e-04 
 5.25229335e-06  1.74397926e-04 
 5.25298773e-06  1.04686138e-04 
 5.25343080e-06  1.42643111e-04 
 5.25393840e-06  5.66185855e-05 
 5.25452898e-06  1.15651079e-04 
 5.25525598e-06  5.48228527e-05 
 5.25592568e-06  1.06082775e-04 
 5.25726509e-06  4.05814688e-05 
 5.25871598e-06  9.82510383e-05 
 5.26138344e-06  3.98915919e-05 
 5.26478121e-06  9.78113288e-05 
 5.27157676e-06  3.95600589e-05 
 5.28516785e-06  9.73512967e-05 
 5.31235005e-06  3.91962245e-05 
 5.36671443e-06  9.70731304e-05 
 5.44609470e-06  3.90485152e-05 
 5.50000000e-06  9.70163809e-05 
 5.50001000e-06  2.42417733e-03 
 5.50003000e-06  2.26486575e-03 
 5.50007000e-06  3.29065221e-03 
 5.50010000e-06  4.06940209e-03 
 5.50010800e-06  1.31701848e-03 
 5.50012400e-06  9.52117198e-04 
 5.50015600e-06  1.00802738e-03 
 5.50022000e-06  6.58680241e-04 
 5.50033781e-06  7.19189597e-04 
 5.50051611e-06  5.32592464e-04 
 5.50082643e-06  6.76590549e-04 
 5.50118556e-06  2.46140594e-04 
 5.50153063e-06  3.27156090e-04 
 5.50193774e-06  1.64616885e-04 
 5.50233828e-06  2.47100252e-04 
 5.50280856e-06  4.68530778e-05 
 5.50331803e-06  1.73917500e-04 
 5.50387391e-06  1.95826987e-05 
 5.50462302e-06  1.81952216e-04 
 5.50533891e-06  2.99850147e-05 
 5.50596380e-06  1.73491801e-04 
 5.50662182e-06  2.12196540e-05 
 5.50747074e-06  1.56371828e-04 
 5.50835674e-06 -4.89507659e-06 
 5.50921447e-06  1.43926875e-04 
 5.51025249e-06 -5.71881759e-06 
 5.51140011e-06  1.42422802e-04 
 5.51361504e-06 -5.83748139e-06 
 5.51676122e-06  1.42154676e-04 
 5.52246645e-06 -5.82059193e-06 
 5.53237260e-06  1.42048809e-04 
 5.54917076e-06 -5.85999777e-06 
 5.58276709e-06  1.41980110e-04 
 5.64995975e-06 -5.89995184e-06 
 5.75010000e-06  1.41946774e-04 
 5.75011000e-06 -2.47972960e-03 
 5.75013000e-06 -2.91682843e-03 
 5.75017000e-06 -2.13191542e-03 
 5.75020000e-06 -1.87129426e-03 
 5.75020800e-06  3.52972022e-04 
 5.75022400e-06  4.55181449e-04 
 5.75025600e-06  4.32402938e-04 
 5.75032000e-06  4.54280293e-04 
 5.75044800e-06  3.83989767e-04 
 5.75068656e-06  5.38831211e-04 
 5.75098012e-06  4.72703568e-04 
 5.75139511e-06  4.55407808e-04 
 5.75185682e-06  1.81714021e-04 
 5.75229276e-06  1.76069683e-04 
 5.75298493e-06  1.09780445e-04 
 5.75343758e-06  1.53601547e-04 
 5.75396029e-06  7.90644443e-05 
 5.75447007e-06  1.30140585e-04 
 5.75501014e-06  7.42110224e-05 
 5.75578186e-06  1.16295737e-04 
 5.75659533e-06  4.81595360e-05 
 5.75749075e-06  1.06055569e-04 
 5.75834170e-06  4.22006336e-05 
 5.75961622e-06  9.76068511e-05 
 5.76102563e-06  3.91762817e-05 
 5.76362252e-06  9.71241835e-05 
 5.76733987e-06  3.92105796e-05 
 5.77477457e-06  9.70372465e-05 
 5.78964398e-06  3.91731323e-05 
 5.81938279e-06  9.69635189e-05 
 5.87886042e-06  3.91278249e-05 
 5.99781567e-06  9.69257509e-05 
 6.00000000e-06  3.91666789e-05 
 6.00001000e-06  2.41845834e-03 
 6.00003000e-06  2.26604404e-03 
 6.00007000e-06  3.28693731e-03 
 6.00010000e-06  4.07058580e-03 
 6.00010800e-06  1.31649881e-03 
 6.00012400e-06  9.51504450e-04 
 6.00015600e-06  1.00760798e-03 
 6.00022000e-06  6.58448546e-04 
 6.00033775e-06  7.19627827e-04 
 6.00051594e-06  5.33359635e-04 
 6.00082638e-06  6.76444817e-04 
 6.00118644e-06  2.42453497e-04 
 6.00157019e-06  3.26695144e-04 
 6.00200077e-06  1.69904223e-04 
 6.00240994e-06  2.50012074e-04 
 6.00288849e-06  4.60939784e-05 
 6.00340555e-06  1.83835031e-04 
 6.00388284e-06  4.69259207e-05 
 6.00438040e-06  1.92666077e-04 
 6.00481794e-06  3.09657011e-05 
 6.00531006e-06  1.67097430e-04 
 6.00587553e-06  1.46197572e-05 
 6.00657938e-06  1.60059718e-04 
 6.00748193e-06  3.30823628e-05 
 6.00841655e-06  1.85067752e-04 
 6.00932874e-06  4.73225270e-05 
 6.01025577e-06  1.83706765e-04 
 6.01122981e-06  7.82419316e-05 
 6.01197674e-06  2.22440859e-04 
 6.01269772e-06  8.26809536e-05 
 6.01364654e-06  2.27149698e-04 
 6.01450641e-06  8.36710774e-05 
 6.01542364e-06  2.23819263e-04 
 6.01649778e-06  7.65672648e-05 
 6.01760735e-06  2.14151870e-04 
 6.01931079e-06  7.18546355e-05 
 6.02125805e-06  2.29866795e-04 
 6.02347148e-06  8.33623798e-05 
 6.02518522e-06  1.54869997e-04 
 6.02703507e-06  3.41465419e-05 
 6.02883915e-06  1.52824180e-04 
 6.03077630e-06  2.73234572e-05 
 6.03465062e-06  1.52210710e-04 
 6.03979222e-06  2.42191148e-05 
 6.04793813e-06  1.51239463e-04 
 6.05787498e-06  2.24449767e-05 
 6.07611678e-06  1.50387852e-04 
 6.10555947e-06  2.14342169e-05 
 6.15784044e-06  1.50026795e-04 
 6.25010000e-06  2.12385163e-05 
 6.25011000e-06 -2.47132810e-03 
 6.25013000e-06 -2.89512678e-03 
 6.25017000e-06 -2.12057664e-03 
 6.25020000e-06 -1.84758701e-03 
 6.25020800e-06  3.72398189e-04 
 6.25022400e-06  4.73923771e-04 
 6.25025600e-06  4.50391146e-04 
 6.25032000e-06  4.72177783e-04 
 6.25044800e-06  4.02948165e-04 
 6.25068711e-06  5.57820326e-04 
 6.25098039e-06  4.90543684e-04 
 6.25139573e-06  4.72569141e-04 
 6.25185706e-06  1.99299150e-04 
 6.25229353e-06  1.94417997e-04 
 6.25298791e-06  1.29074051e-04 
 6.25345077e-06  1.66276766e-04 
 6.25398398e-06  7.98773012e-05 
 6.25460308e-06  1.32988922e-04 
 6.25522932e-06  7.30490260e-05 
 6.25597186e-06  1.21482767e-04 
 6.25739884e-06  5.76928126e-05 
 6.25887235e-06  1.14304874e-04 
 6.26160620e-06  5.74652830e-05 
 6.26517606e-06  1.14137404e-04 
 6.27231577e-06  5.74096569e-05 
 6.28659520e-06  1.14026251e-04 
 6.31515406e-06  5.73366399e-05 
 6.37227178e-06  1.13954255e-04 
 6.48650721e-06  5.72918313e-05 
 6.50000000e-06  1.13926958e-04 
 6.50001000e-06  2.44088233e-03 
 6.50003000e-06  2.28072177e-03 
 6.50007000e-06  3.30674051e-03 
 6.50010000e-06  4.08526538e-03 
 6.50010800e-06  1.33330726e-03 
 6.50012400e-06  9.69376226e-04 
 6.50015600e-06  1.02708294e-03 
 6.50022000e-06  6.77540343e-04 
 6.50033780e-06  7.37260516e-04 
 6.50051596e-06  5.50299084e-04 
 6.50082668e-06  6.93591120e-04 
 6.50118668e-06  2.59671312e-04 
 6.50157825e-06  3.44316377e-04 
 6.50201458e-06  1.85480152e-04 
 6.50242198e-06  2.58800930e-04 
 6.50289544e-06  6.08567990e-05 
 6.50342350e-06  1.89746654e-04 
 6.50398686e-06  4.02545081e-05 
 6.50473868e-06  1.94542440e-04 
 6.50552537e-06  4.49037006e-05 
 6.50616078e-06  1.89136719e-04 
 6.50689332e-06  3.73736315e-05 
 6.50771357e-06  1.66348177e-04 
 6.50865118e-06  1.43150527e-05 
 6.50955713e-06  1.59352842e-04 
 6.51086391e-06  1.32756519e-05 
 6.51249026e-06  1.58426884e-04 
 6.51551219e-06  1.31708132e-05 
 6.52053635e-06  1.58301005e-04 
 6.52967466e-06  1.31327799e-05 
 6.54748248e-06  1.58218791e-04 
 6.58309813e-06  1.30789085e-05 
 6.65432943e-06  1.58168829e-04 
 6.75010000e-06  1.30536042e-05 
 6.75011000e-06 -2.46947811e-03 
 6.75013000e-06 -2.89147593e-03 
 6.75017000e-06 -2.11881470e-03 
 6.75020000e-06 -1.84525804e-03 
 6.75020800e-06  3.72070206e-04 
 6.75022400e-06  4.72872065e-04 
 6.75025600e-06  4.49013216e-04 
 6.75032000e-06  4.70583979e-04 
 6.75044800e-06  4.01494104e-04 
 6.75068646e-06  5.56633199e-04 
 6.75097992e-06  4.90514251e-04 
 6.75139499e-06  4.73109050e-04 
 6.75185652e-06  1.99656196e-04 
 6.75229254e-06  1.93532025e-04 
 6.75298663e-06  1.25866588e-04 
 6.75344316e-06  1.67109101e-04 
 6.75396956e-06  8.74407854e-05 
 6.75447750e-06  1.35607883e-04 
 6.75501857e-06  7.47021112e-05 
 6.75579341e-06  1.23927461e-04 
 6.75660963e-06  5.98881753e-05 
 6.75823778e-06  1.14447663e-04 
 6.76028291e-06  5.71848963e-05 
 6.76361463e-06  1.14387745e-04 
 6.76989012e-06  5.71318894e-05 
 6.78244109e-06  1.14278262e-04 
 6.80754304e-06  5.70702567e-05 
 6.85774695e-06  1.14210013e-04 
 6.95815475e-06  5.70310927e-05 
 7.00000000e-06  1.14186945e-04 
 7.00001000e-06  2.43966698e-03 
 7.00003000e-06  2.27867356e-03 
 7.00007000e-06  3.30598209e-03 
 7.00010000e-06  4.08372990e-03 
 7.00010800e-06  1.33273902e-03 
 7.00012400e-06  9.69247567e-04 
 7.00015600e-06  1.02703897e-03 
 7.00022000e-06  6.77845171e-04 
 7.00033774e-06  7.37461982e-04 
 7.00051584e-06  5.50608291e-04 
 7.00082643e-06  6.93546911e-04 
 7.00118656e-06  2.59198754e-04 
 7.00157676e-06  3.44366810e-04 
 7.00201212e-06  1.87825504e-04 
 7.00242217e-06  2.65104058e-04 
 7.00289132e-06  6.18078048e-05 
 7.00341455e-06  1.93933451e-04 
 7.00396334e-06  5.08559656e-05 
 7.00449916e-06  1.93511686e-04 
 7.00500093e-06  3.78513565e-05 
 7.00554258e-06  1.75423331e-04 
 7.00631634e-06  2.08424516e-05 
 7.00709451e-06  1.68947849e-04 
 7.00847269e-06  3.86244465e-05 
 7.00996681e-06  1.89435540e-04 
 7.01120051e-06  6.34039682e-05 
 7.01223059e-06  1.96802615e-04 
 7.01322155e-06  4.35921619e-05 
 7.01427619e-06  1.83880253e-04 
 7.01523642e-06  3.11469865e-05 
 7.01624428e-06  1.61936353e-04 
 7.01735981e-06  1.04557468e-05 
 7.01908742e-06  1.46631361e-04 
 7.02070713e-06  3.03971964e-06 
 7.02260082e-06  1.43396316e-04 
 7.02499029e-06  2.56193942e-06 
 7.02829417e-06  1.46404938e-04 
 7.03199659e-06  2.26317618e-05 
 7.03641615e-06  1.56556941e-04 
 7.03988095e-06  2.39266720e-06 
 7.04351456e-06  1.54412116e-04 
 7.04851239e-06  7.19887872e-06 
 7.05509527e-06  1.54854965e-04 
 7.06419512e-06  9.03564765e-06 
 7.07742574e-06  1.53737840e-04 
 7.09598351e-06  6.20279914e-06 
 7.11907814e-06  1.49115450e-04 
 7.14487676e-06  4.09967491e-06 
 7.17972740e-06  1.49052673e-04 
 7.24942867e-06  6.71810272e-06 
 7.25010000e-06  1.48606026e-04 
 7.25011000e-06 -2.47472121e-03 
 7.25013000e-06 -2.91150349e-03 
 7.25017000e-06 -2.12435579e-03 
 7.25020000e-06 -1.86212337e-03 
 7.25020800e-06  3.63636973e-04 
 7.25022400e-06  4.66331759e-04 
 7.25025600e-06  4.44112783e-04 
 7.25032000e-06  4.66412110e-04 
 7.25044800e-06  3.96357727e-04 
 7.25068693e-06  5.50870983e-04 
 7.25098018e-06  4.83743577e-04 
 7.25139577e-06  4.65486345e-04 
 7.25185709e-06  1.92014366e-04 
 7.25229373e-06  1.84019489e-04 
 7.25298784e-06  1.14817221e-04 
 7.25343249e-06  1.52700267e-04 
 7.25394354e-06  6.68694679e-05 
 7.25455363e-06  1.25303157e-04 
 7.25526290e-06  6.47496825e-05 
 7.25594811e-06  1.15717924e-04 
 7.25731852e-06  5.06409233e-05 
 7.25877815e-06  1.08405901e-04 
 7.26147588e-06  5.03955143e-05 
 7.26494137e-06  1.08413946e-04 
 7.27187236e-06  5.06451393e-05 
 7.28573433e-06  1.08827709e-04 
 7.31345828e-06  5.15176780e-05 
 7.36890618e-06  1.10252081e-04 
 7.47980197e-06  5.33863215e-05 
 7.50000000e-06  1.11345429e-04 
 7.50001000e-06  2.43794457e-03 
 7.50003000e-06  2.27845720e-03 
 7.50007000e-06  3.30535834e-03 
 7.50010000e-06  4.08328020e-03 
 7.50010800e-06  1.33138287e-03 
 7.50012400e-06  9.66423280e-04 
 7.50015600e-06  1.02261267e-03 
 7.50022000e-06  6.72951722e-04 
 7.50033780e-06  7.33589271e-04 
 7.50051607e-06  5.46831432e-04 
 7.50082647e-06  6.91188217e-04 
 7.50118577e-06  2.60547909e-04 
 7.50153616e-06  3.41236901e-04 
 7.50194797e-06  1.77914534e-04 
 7.50234862e-06  2.59885060e-04 
 7.50281907e-06  6.07989455e-05 
 7.50332903e-06  1.88053890e-04 
 7.50388441e-06  3.42093431e-05 
 7.50463940e-06  1.96756556e-04 
 7.50535893e-06  4.45071867e-05 
 7.50597656e-06  1.87869244e-04 
 7.50664137e-06  3.55265541e-05 
 7.50749114e-06  1.70226391e-04 
 7.50838592e-06  9.57812526e-06 
 7.50923778e-06  1.58215972e-04 
 7.51027796e-06  8.81988024e-06 
 7.51142865e-06  1.56774702e-04 
 7.51359174e-06  8.71117748e-06 
 7.51668168e-06  1.56541696e-04 
 7.52217505e-06  8.76359395e-06 
 7.53164845e-06  1.56505565e-04 
 7.54757519e-06  8.83011951e-06 
 7.57942866e-06  1.56613479e-04 
 7.64313561e-06  9.07331543e-06 
 7.75010000e-06  1.56941778e-04 
 7.75011000e-06 -2.46472495e-03 
 7.75013000e-06 -2.90172003e-03 
 7.75017000e-06 -2.11664353e-03 
 7.75020000e-06 -1.85537050e-03 
 7.75020800e-06  3.68178020e-04 
 7.75022400e-06  4.70263869e-04 
 7.75025600e-06  4.47424812e-04 
 7.75032000e-06  4.69251609e-04 
 7.75044800e-06  3.99119147e-04 
 7.75068656e-06  5.53906137e-04 
 7.75097937e-06  4.87954769e-04 
 7.75139440e-06  4.70661475e-04 
 7.75185648e-06  1.96888941e-04 
 7.75229221e-06  1.90935181e-04 
 7.75298471e-06  1.24778738e-04 
 7.75343957e-06  1.68556697e-04 
 7.75396465e-06  9.42348269e-05 
 7.75447275e-06  1.45164897e-04 
 7.75501336e-06  8.93298349e-05 
 7.75578722e-06  1.31289630e-04 
 7.75660438e-06  6.32390501e-05 
 7.75749643e-06  1.21082645e-04 
 7.75834851e-06  5.73462016e-05 
 7.75962318e-06  1.12631895e-04 
 7.76103333e-06  5.43325190e-05 
 7.76363133e-06  1.12153543e-04 
 7.76734646e-06  5.43802039e-05 
 7.77477671e-06  1.12080888e-04 
 7.78963721e-06  5.43707474e-05 
 7.81935822e-06  1.12056879e-04 
 7.87880024e-06  5.44122405e-05 
 7.99768427e-06  1.12152646e-04 
 8.00000000e-06  5.45298551e-05 
 8.00001000e-06  2.43331976e-03 
 8.00003000e-06  2.28073884e-03 
 8.00007000e-06  3.30229369e-03 
 8.00010000e-06  4.08549318e-03 
 8.00010800e-06  1.33170852e-03 
 8.00012400e-06  9.66705664e-04 
 8.00015600e-06  1.02323413e-03 
 8.00022000e-06  6.73724577e-04 
 8.00033774e-06  7.35004268e-04 
 8.00051591e-06  5.48425176e-04 
 8.00082642e-06  6.91911228e-04 
 8.00118660e-06  2.57885835e-04 
 8.00157527e-06  3.41912558e-04 
 8.00200956e-06  1.82912775e-04 
 8.00241941e-06  2.61839771e-04 
 8.00289887e-06  6.08395402e-05 
 8.00341709e-06  2.00352513e-04 
 8.00389243e-06  6.33777658e-05 
 8.00439385e-06  2.09229518e-04 
 8.00483787e-06  4.93479988e-05 
 8.00533283e-06  1.89365463e-04 
 8.00591671e-06  3.92931514e-05 
 8.00662529e-06  1.82261855e-04 
 8.00742229e-06  3.72060048e-05 
 8.00818057e-06  1.83577444e-04 
 8.00907909e-06  4.65488722e-05 
 8.00991582e-06  1.95961863e-04 
 8.01093222e-06  5.87441868e-05 
 8.01257844e-06  1.90965230e-04 
 8.01438404e-06  5.94558770e-05 
 8.01629498e-06  2.13226250e-04 
 8.01764972e-06  2.90127581e-05 
 8.01904240e-06  1.74735544e-04 
 8.02067644e-06  1.40687395e-05 
 8.02246228e-06  1.60952783e-04 
 8.02450296e-06  1.63495335e-05 
 8.02851743e-06  1.58080961e-04 
 8.03328764e-06  1.65047054e-05 
 8.04179726e-06  1.56670315e-04 
 8.05597710e-06  1.60968443e-05 
 8.07543911e-06  1.55780101e-04 
 8.10583780e-06  1.58295596e-05 
 8.16379766e-06  1.55479538e-04 
 8.25010000e-06  1.57946608e-05 
 8.25011000e-06 -2.47811246e-03 
 8.25013000e-06 -2.89551938e-03 
 8.25017000e-06 -2.12168298e-03 
 8.25020000e-06 -1.85844680e-03 
 8.25020800e-06  3.50348530e-04 
 8.25022400e-06  4.53335183e-04 
 8.25025600e-06  4.34419844e-04 
 8.25032000e-06  4.57781293e-04 
 8.25044800e-06  3.93549924e-04 
 8.25070400e-06  5.53019881e-04 
 8.25099174e-06  4.78232663e-04 
 8.25138891e-06  4.62433962e-04 
 8.25185633e-06  1.84716680e-04 
 8.25228444e-06  1.72346638e-04 
 8.25297901e-06  9.91231860e-05 
 8.25363788e-06  1.35449244e-04 
 8.25451834e-06  7.14426657e-05 
 8.25534810e-06  1.30738339e-04 
 8.25623263e-06  6.13083144e-05 
 8.25767804e-06  1.15587438e-04 
 8.25919357e-06  5.62856196e-05 
 8.26192015e-06  1.15283644e-04 
 8.26627714e-06  5.63042735e-05 
 8.27499111e-06  1.15156527e-04 
 8.29150186e-06  5.62490043e-05 
 8.32178042e-06  1.15074402e-04 
 8.38233755e-06  5.62019402e-05 
 8.50000000e-06  1.15032893e-04 
