 0.00000000e+00  7.67150750e-05 
 1.00000000e-12  4.14451872e-03 
 2.00000000e-12  4.48250767e-03 
 4.00000000e-12  4.55446065e-03 
 8.00000000e-12  4.37936651e-03 
 1.60000000e-11  4.17845377e-03 
 3.20000000e-11  4.00427194e-03 
 6.40000000e-11  4.87080062e-03 
 1.00000000e-10  7.67845689e-03 
 1.06400000e-10  2.55649576e-03 
 1.19200000e-10  1.93045616e-03 
 1.44800000e-10  2.09267673e-03 
 1.96000000e-10  1.36587629e-03 
 2.98400000e-10  1.39300752e-03 
 4.37161432e-10  8.98043917e-04 
 7.14684295e-10  1.07756365e-03 
 1.04525993e-09  6.65852968e-04 
 1.44317153e-09  9.78661751e-04 
 1.79863369e-09  6.74591250e-04 
 2.23917861e-09  1.10164609e-03 
 2.63983968e-09  6.27373418e-04 
 3.02234517e-09  1.00185401e-03 
 3.48363337e-09  7.15439223e-04 
 3.97670361e-09  1.01103974e-03 
 4.51329239e-09  4.56452435e-04 
 5.02616926e-09  5.94136385e-04 
 5.57309095e-09  1.83105419e-04 
 6.38790118e-09  5.27757614e-04 
 7.16527376e-09  9.71145673e-05 
 7.99864677e-09  3.97567582e-04 
 8.94433575e-09 -6.51518409e-05 
 9.86576217e-09  3.43013398e-04 
 1.10891355e-08  1.16094471e-05 
 1.22285673e-08  3.21884750e-04 
 1.29432740e-08 -5.48577532e-05 
 1.36707913e-08  2.99608104e-04 
 1.45677575e-08 -5.75349067e-05 
 1.54393420e-08  2.92789410e-04 
 1.67010119e-08 -6.23033401e-05 
 1.82454922e-08  2.94017916e-04 
 2.00789375e-08  1.46739883e-05 
 2.17512226e-08  3.79053961e-04 
 2.34109925e-08  6.12759115e-05 
 2.42971014e-08  2.71970729e-04 
 2.52051668e-08 -1.68974567e-05 
 2.62440553e-08  2.90478488e-04 
 2.72928937e-08 -3.47876171e-05 
 2.89812302e-08  2.87174522e-04 
 3.10425202e-08 -4.63994925e-05 
 3.42732487e-08  2.92114583e-04 
 3.76132868e-08 -3.80344249e-05 
 4.12334059e-08  2.89172000e-04 
 4.50606333e-08 -4.35223220e-05 
 5.06044493e-08  2.87947332e-04 
 5.76780608e-08 -4.88134155e-05 
 6.80095238e-08  2.83777722e-04 
 8.66166815e-08 -5.54801569e-05 
 1.18882602e-07  2.76273991e-04 
 1.75209954e-07 -6.16437771e-05 
 2.50100000e-07  2.73413343e-04 
 2.50110000e-07 -4.76429206e-03 
 2.50130000e-07 -5.31237599e-03 
 2.50170000e-07 -3.26568921e-03 
 2.50200000e-07 -3.73427074e-03 
 2.50207176e-07  7.88245952e-04 
 2.50221529e-07  9.57612218e-04 
 2.50250235e-07  7.43738536e-04 
 2.50307646e-07  7.01135627e-04 
 2.50377995e-07  5.15001091e-04 
 2.50518694e-07  5.34669116e-04 
 2.50653942e-07  4.53967939e-04 
 2.50924439e-07  5.16571416e-04 
 2.51239422e-07  3.53720855e-04 
 2.51656525e-07  4.48314639e-04 
 2.52104562e-07  1.69216605e-04 
 2.52707997e-07  2.33304171e-04 
 2.53484771e-07  1.06240091e-04 
 2.54051334e-07  2.37232813e-04 
 2.54707166e-07  7.30802109e-05 
 2.55367950e-07  1.94917734e-04 
 2.56042619e-07  5.93329386e-05 
 2.56961514e-07  1.76520951e-04 
 2.58162784e-07  4.23907272e-05 
 2.59498620e-07  1.70126651e-04 
 2.61992362e-07  4.16786416e-05 
 2.65380596e-07  1.69648347e-04 
 2.72157064e-07  4.13260240e-05 
 2.83591435e-07  1.69015738e-04 
 3.03593130e-07  4.04051138e-05 
 3.40570209e-07  1.67005570e-04 
 4.04347802e-07  3.58175835e-05 
 4.57955986e-07  1.61004811e-04 
 5.00000000e-07  3.00193145e-05 
 5.00010000e-07  2.57999361e-03 
 5.00030000e-07  2.26793837e-03 
 5.00070000e-07  2.89852009e-03 
 5.00100000e-07  3.88563755e-03 
 5.00107845e-07  9.93314370e-04 
 5.00123534e-07  6.49401150e-04 
 5.00154912e-07  7.85521417e-04 
 5.00217668e-07  5.22355107e-04 
 5.00334733e-07  6.00252994e-04 
 5.00494226e-07  3.96011164e-04 
 5.00813212e-07  5.89389798e-04 
 5.01321531e-07  3.68050789e-04 
 5.01781190e-07  3.56535978e-04 
 5.02207555e-07  1.78400412e-04 
 5.02683271e-07  2.44842049e-04 
 5.03295695e-07  5.95680947e-05 
 5.03948954e-07  1.88631335e-04 
 5.04799267e-07  3.28762092e-05 
 5.05608291e-07  1.76437103e-04 
 5.06696413e-07  3.83627496e-05 
 5.08104304e-07  1.81674416e-04 
 5.09408436e-07  2.96525329e-05 
 5.10584138e-07  1.78164189e-04 
 5.11812611e-07  4.60377596e-05 
 5.13219442e-07  1.89040624e-04 
 5.15022194e-07  4.30625547e-05 
 5.16694583e-07  1.73124516e-04 
 5.18450648e-07  3.44007821e-05 
 5.21009501e-07  1.52469436e-04 
 5.23821123e-07  1.29747640e-05 
 5.28630846e-07  1.43797007e-04 
 5.33970801e-07  9.20110399e-06 
 5.40287339e-07  1.41831608e-04 
 5.44866343e-07  8.04159746e-06 
 5.50700309e-07  1.41563941e-04 
 5.57125760e-07  7.51383981e-06 
 5.69976661e-07  1.40880283e-04 
 5.95678464e-07  6.20725778e-06 
 6.47082069e-07  1.38723406e-04 
 7.41941169e-07  3.29295756e-06 
 7.50100000e-07  1.37062501e-04 
 7.50110000e-07 -2.48368846e-03 
 7.50130000e-07 -2.84771102e-03 
 7.50170000e-07 -1.84570412e-03 
 7.50200000e-07 -2.04173739e-03 
 7.50207736e-07  4.91894814e-04 
 7.50223209e-07  5.80531980e-04 
 7.50254153e-07  5.20051131e-04 
 7.50316043e-07  5.12738702e-04 
 7.50439822e-07  3.99249433e-04 
 7.50570620e-07  4.48456066e-04 
 7.50795068e-07  4.17722519e-04 
 7.51192823e-07  4.06204265e-04 
 7.51623840e-07  3.33226501e-04 
 7.52098717e-07  2.29323563e-04 
 7.52669729e-07  9.59751732e-05 
 7.53409886e-07  1.53808970e-04 
 7.53942538e-07  9.32860838e-05 
 7.54538553e-07  1.34648745e-04 
 7.55094091e-07  7.53274407e-05 
 7.55711340e-07  1.22478565e-04 
 7.56532387e-07  6.74647773e-05 
 7.57398656e-07  1.01400997e-04 
 7.58299818e-07  5.62762911e-05 
 7.59248794e-07  9.65058579e-05 
 7.60581639e-07  4.79370599e-05 
 7.61887584e-07  9.27422127e-05 
 7.64473942e-07  4.77976316e-05 
 7.67568723e-07  9.24701431e-05 
 7.73758284e-07  4.76875819e-05 
 7.84102021e-07  9.22079954e-05 
 8.00907438e-07  4.74243437e-05 
 8.33414061e-07  9.17938652e-05 
 8.98427308e-07  4.68566359e-05 
 1.00000000e-06  9.11775985e-05 
 1.00001000e-06  2.55507964e-03 
 1.00003000e-06  2.23091578e-03 
 1.00007000e-06  2.87123000e-03 
 1.00010000e-06  3.85710348e-03 
 1.00010784e-06  9.67162670e-04 
 1.00012353e-06  6.24272244e-04 
 1.00015490e-06  7.60341406e-04 
 1.00021765e-06  4.97692007e-04 
 1.00033465e-06  5.76958471e-04 
 1.00049438e-06  3.73877795e-04 
 1.00081383e-06  5.68341550e-04 
 1.00127053e-06  3.64847519e-04 
 1.00174390e-06  3.39060233e-04 
 1.00217726e-06  1.67035692e-04 
 1.00266642e-06  2.41814267e-04 
 1.00332773e-06  4.05750132e-05 
 1.00392939e-06  1.77026007e-04 
 1.00442788e-06  3.29265302e-05 
 1.00501041e-06  1.82686032e-04 
 1.00555714e-06  3.67824347e-05 
 1.00617715e-06  1.67854774e-04 
 1.00681365e-06  1.76735533e-05 
 1.00762775e-06  1.58308166e-04 
 1.00858463e-06  2.48777430e-05 
 1.00976413e-06  1.68064985e-04 
 1.01077748e-06  2.32469652e-05 
 1.01181875e-06  1.73378284e-04 
 1.01298156e-06  7.28210409e-05 
 1.01381152e-06  2.26152809e-04 
 1.01459397e-06  8.81271841e-05 
 1.01557994e-06  2.23684277e-04 
 1.01659070e-06  8.06923123e-05 
 1.01755776e-06  2.13815787e-04 
 1.01873491e-06  6.96300876e-05 
 1.01995257e-06  2.05498851e-04 
 1.02177490e-06  6.56587638e-05 
 1.02382448e-06  2.01074182e-04 
 1.02792364e-06  5.99982682e-05 
 1.03612195e-06  1.91385238e-04 
 1.04934930e-06  4.66776259e-05 
 1.06777397e-06  1.75257901e-04 
 1.08452617e-06  8.58393312e-05 
 1.09725080e-06  1.74288604e-04 
 1.10674395e-06  6.15961894e-05 
 1.11308086e-06  1.76274608e-04 
 1.11979753e-06  5.68787621e-05 
 1.12759039e-06  1.76661342e-04 
 1.13665315e-06  5.40637748e-05 
 1.15081014e-06  1.75315046e-04 
 1.16949984e-06  5.10589977e-05 
 1.19956959e-06  1.71762823e-04 
 1.25010000e-06  4.49684628e-05 
 1.25011000e-06 -2.45682358e-03 
 1.25013000e-06 -2.80437147e-03 
 1.25017000e-06 -1.80670480e-03 
 1.25020000e-06 -1.99518081e-03 
 1.25020788e-06  5.32844421e-04 
 1.25022364e-06  6.19383073e-04 
 1.25025517e-06  5.58515483e-04 
 1.25031822e-06  5.47771237e-04 
 1.25044433e-06  4.36120939e-04 
 1.25057541e-06  4.86291464e-04 
 1.25080475e-06  4.55000849e-04 
 1.25121622e-06  4.37175926e-04 
 1.25164004e-06  3.70689576e-04 
 1.25212442e-06  2.54130000e-04 
 1.25269561e-06  1.37025868e-04 
 1.25347165e-06  1.87757355e-04 
 1.25400332e-06  1.28366797e-04 
 1.25460413e-06  1.52157338e-04 
 1.25524738e-06  1.02166892e-04 
 1.25592443e-06  1.41756758e-04 
 1.25683127e-06  9.02968504e-05 
 1.25825915e-06  1.27151223e-04 
 1.25987325e-06  8.60092734e-05 
 1.26270772e-06  1.26552137e-04 
 1.26731033e-06  8.57621468e-05 
 1.27651556e-06  1.25975817e-04 
 1.29492603e-06  8.51373928e-05 
 1.33174695e-06  1.25070709e-04 
 1.40538880e-06  8.28002809e-05 
 1.50000000e-06  1.17465000e-04 
 1.50001000e-06  2.58334740e-03 
 1.50003000e-06  2.25605298e-03 
 1.50007000e-06  2.90068686e-03 
 1.50010000e-06  3.88521416e-03 
 1.50010784e-06  9.94291053e-04 
 1.50012353e-06  6.51418839e-04 
 1.50015490e-06  7.88934838e-04 
 1.50021765e-06  5.26373696e-04 
 1.50033467e-06  6.05038292e-04 
 1.50049403e-06  4.01649910e-04 
 1.50081276e-06  5.96235931e-04 
 1.50126925e-06  3.93764339e-04 
 1.50174244e-06  3.67659321e-04 
 1.50217548e-06  1.95046711e-04 
 1.50266580e-06  2.66859959e-04 
 1.50321770e-06  6.94894825e-05 
 1.50380475e-06  2.05859870e-04 
 1.50440133e-06  4.39956896e-05 
 1.50506204e-06  1.94537796e-04 
 1.50614163e-06  5.54346008e-05 
 1.50715771e-06  2.00996476e-04 
 1.50815711e-06  4.58253877e-05 
 1.50918069e-06  1.75015876e-04 
 1.51015254e-06  2.44605691e-05 
 1.51124220e-06  1.70334184e-04 
 1.51249469e-06  2.35298548e-05 
 1.51499966e-06  1.69473525e-04 
 1.51892304e-06  2.31720126e-05 
 1.52651023e-06  1.68512229e-04 
 1.54081529e-06  2.17247958e-05 
 1.56647480e-06  1.65994915e-04 
 1.61628595e-06  1.78096634e-05 
 1.70751266e-06  1.60824800e-04 
 1.75010000e-06  1.43548423e-05 
 1.75011000e-06 -2.47538826e-03 
 1.75013000e-06 -2.82068751e-03 
 1.75017000e-06 -1.82233501e-03 
 1.75020000e-06 -2.01031656e-03 
 1.75020788e-06  5.12264845e-04 
 1.75022365e-06  5.98128996e-04 
 1.75025519e-06  5.37040838e-04 
 1.75031827e-06  5.26518685e-04 
 1.75044442e-06  4.15243613e-04 
 1.75057528e-06  4.65928438e-04 
 1.75080456e-06  4.35118460e-04 
 1.75121646e-06  4.18257957e-04 
 1.75163927e-06  3.51355731e-04 
 1.75212426e-06  2.35026133e-04 
 1.75269410e-06  1.16846042e-04 
 1.75347257e-06  1.65664170e-04 
 1.75399452e-06  1.10125429e-04 
 1.75459139e-06  1.39325370e-04 
 1.75515543e-06  8.64196332e-05 
 1.75577957e-06  1.23210418e-04 
 1.75662186e-06  7.37437493e-05 
 1.75753313e-06  1.08629379e-04 
 1.75923711e-06  6.76869337e-05 
 1.76150614e-06  1.06826671e-04 
 1.76549278e-06  6.77339595e-05 
 1.77346605e-06  1.06508065e-04 
 1.78941259e-06  6.74195867e-05 
 1.82130566e-06  1.05974622e-04 
 1.88509182e-06  6.67289015e-05 
 2.00000000e-06  1.05248121e-04 
 2.00001000e-06  2.56807741e-03 
 2.00003000e-06  2.23804319e-03 
 2.00007000e-06  2.88822380e-03 
 2.00010000e-06  3.87027150e-03 
 2.00010784e-06  9.82053603e-04 
 2.00012353e-06  6.40196484e-04 
 2.00015490e-06  7.77917579e-04 
 2.00021764e-06  5.15516608e-04 
 2.00033464e-06  5.93902966e-04 
 2.00049432e-06  3.90516747e-04 
 2.00081367e-06  5.85241699e-04 
 2.00127036e-06  3.81656673e-04 
 2.00174370e-06  3.55404648e-04 
 2.00217608e-06  1.84776297e-04 
 2.00266573e-06  2.58820447e-04 
 2.00332547e-06  5.61695754e-05 
 2.00392468e-06  1.90243475e-04 
 2.00442701e-06  3.96505023e-05 
 2.00501337e-06  1.89178802e-04 
 2.00556113e-06  4.19442806e-05 
 2.00618572e-06  1.79231359e-04 
 2.00682583e-06  2.75775574e-05 
 2.00763893e-06  1.66666500e-04 
 2.00867404e-06  2.83555364e-05 
 2.01006498e-06  1.83177830e-04 
 2.01151477e-06  4.25671830e-05 
 2.01276006e-06  2.11928940e-04 
 2.01379606e-06  8.37991002e-05 
 2.01479242e-06  2.25439747e-04 
 2.01586627e-06  7.52500015e-05 
 2.01693275e-06  2.10708833e-04 
 2.01803898e-06  5.99919215e-05 
 2.01924288e-06  1.98254406e-04 
 2.02076568e-06  5.27951065e-05 
 2.02249095e-06  1.92580468e-04 
 2.02568933e-06  4.60735064e-05 
 2.03153905e-06  1.83127977e-04 
 2.04154840e-06  3.52091731e-05 
 2.06125700e-06  1.72524528e-04 
 2.08590598e-06  2.94733365e-05 
 2.12056607e-06  1.70899466e-04 
 2.18780929e-06  2.43283979e-05 
 2.25010000e-06  1.61701636e-04 
 2.25011000e-06 -2.46826975e-03 
 2.25013000e-06 -2.83337056e-03 
 2.25017000e-06 -1.81287145e-03 
 2.25020000e-06 -2.01662860e-03 
 2.25020774e-06  5.13679944e-04 
 2.25022322e-06  6.01972778e-04 
 2.25025417e-06  5.41118005e-04 
 2.25031608e-06  5.33305558e-04 
 2.25043989e-06  4.19884742e-04 
 2.25057070e-06  4.70021382e-04 
 2.25079527e-06  4.38639638e-04 
 2.25119258e-06  4.26328118e-04 
 2.25162148e-06  3.54149703e-04 
 2.25209682e-06  2.49700318e-04 
 2.25266852e-06  1.17282068e-04 
 2.25341602e-06  1.74943754e-04 
 2.25395130e-06  1.10419724e-04 
 2.25455082e-06  1.40627628e-04 
 2.25515308e-06  8.25925022e-05 
 2.25580302e-06  1.30473046e-04 
 2.25674233e-06  7.14697586e-05 
 2.25796478e-06  1.14853023e-04 
 2.25953423e-06  6.64152437e-05 
 2.26212538e-06  1.13856616e-04 
 2.26635493e-06  6.61261935e-05 
 2.27481404e-06  1.13131532e-04 
 2.29173226e-06  6.50763671e-05 
 2.32556869e-06  1.11492293e-04 
 2.39324156e-06  6.31589103e-05 
 2.50000000e-06  1.10092229e-04 
 2.50001000e-06  2.56963449e-03 
 2.50003000e-06  2.23928667e-03 
 2.50007000e-06  2.89168479e-03 
 2.50010000e-06  3.87181953e-03 
 2.50010784e-06  9.82856119e-04 
 2.50012353e-06  6.40013185e-04 
 2.50015490e-06  7.77792193e-04 
 2.50021765e-06  5.15340244e-04 
 2.50033467e-06  5.94164026e-04 
 2.50049404e-06  3.90718528e-04 
 2.50081277e-06  5.85535099e-04 
 2.50126927e-06  3.83061877e-04 
 2.50174248e-06  3.56842455e-04 
 2.50217530e-06  1.84318333e-04 
 2.50266540e-06  2.56139069e-04 
 2.50321918e-06  5.86637190e-05 
 2.50380742e-06  1.95207051e-04 
 2.50440719e-06  3.34089120e-05 
 2.50507019e-06  1.84142439e-04 
 2.50615677e-06  4.51530193e-05 
 2.50717820e-06  1.90611134e-04 
 2.50830898e-06  3.28896682e-05 
 2.50933191e-06  1.64005342e-04 
 2.51038168e-06  1.38536628e-05 
 2.51155049e-06  1.60341101e-04 
 2.51288271e-06  1.33359945e-05 
 2.51553200e-06  1.59849585e-04 
 2.51927013e-06  1.34219927e-05 
 2.52650918e-06  1.59643569e-04 
 2.53939073e-06  1.33840525e-05 
 2.56261483e-06  1.59513872e-04 
 2.60734266e-06  1.33220432e-05 
 2.68744808e-06  1.59443990e-04 
 2.75010000e-06  1.33007341e-05 
 2.75011000e-06 -2.47626273e-03 
 2.75013000e-06 -2.82127381e-03 
 2.75017000e-06 -1.82004441e-03 
 2.75020000e-06 -2.00665480e-03 
 2.75020788e-06  5.11855670e-04 
 2.75022365e-06  5.97461961e-04 
 2.75025519e-06  5.36477132e-04 
 2.75031827e-06  5.25502368e-04 
 2.75044442e-06  4.14161142e-04 
 2.75057529e-06  4.64995550e-04 
 2.75080461e-06  4.34274261e-04 
 2.75121651e-06  4.17338131e-04 
 2.75163869e-06  3.50639983e-04 
 2.75212400e-06  2.34102180e-04 
 2.75269347e-06  1.16165739e-04 
 2.75347129e-06  1.64766463e-04 
 2.75399300e-06  1.09395039e-04 
 2.75458971e-06  1.38459672e-04 
 2.75515287e-06  8.57319219e-05 
 2.75577625e-06  1.22363393e-04 
 2.75661651e-06  7.31074839e-05 
 2.75752567e-06  1.07786836e-04 
 2.75922448e-06  6.70282139e-05 
 2.76149152e-06  1.06012358e-04 
 2.76545541e-06  6.71521553e-05 
 2.77338319e-06  1.05833497e-04 
 2.78923876e-06  6.70957176e-05 
 2.82094989e-06  1.05738757e-04 
 2.88437216e-06  6.70459764e-05 
 3.00000000e-06  1.05697911e-04 
 3.00001000e-06  2.56643266e-03 
 3.00003000e-06  2.23428197e-03 
 3.00007000e-06  2.89039599e-03 
 3.00010000e-06  3.86856272e-03 
 3.00010784e-06  9.82147982e-04 
 3.00012353e-06  6.40327724e-04 
 3.00015490e-06  7.78252751e-04 
 3.00021764e-06  5.15955747e-04 
 3.00033464e-06  5.94441034e-04 
 3.00049432e-06  3.90984223e-04 
 3.00081366e-06  5.85813787e-04 
 3.00127036e-06  3.82224520e-04 
 3.00174369e-06  3.55862701e-04 
 3.00217576e-06  1.85345110e-04 
 3.00266546e-06  2.59302868e-04 
 3.00332479e-06  5.67476591e-05 
 3.00392396e-06  1.90784775e-04 
 3.00442613e-06  4.02107370e-05 
 3.00501238e-06  1.89705740e-04 
 3.00556078e-06  4.25142181e-05 
 3.00618468e-06  1.79779936e-04 
 3.00682440e-06  2.81598150e-05 
 3.00763827e-06  1.67204167e-04 
 3.00867152e-06  2.88898249e-05 
 3.01006077e-06  1.83661017e-04 
 3.01151214e-06  4.29645755e-05 
 3.01275518e-06  2.10417980e-04 
 3.01379225e-06  7.64920114e-05 
 3.01479006e-06  2.14520252e-04 
 3.01586312e-06  6.45587580e-05 
 3.01693037e-06  1.99305675e-04 
 3.01803639e-06  4.79841669e-05 
 3.01924211e-06  1.85030474e-04 
 3.02076015e-06  3.94078815e-05 
 3.02248807e-06  1.79144245e-04 
 3.02568187e-06  3.30010542e-05 
 3.03154201e-06  1.71451465e-04 
 3.04157657e-06  2.67897368e-05 
 3.05627407e-06  1.68767101e-04 
 3.07205322e-06  1.85768465e-05 
 3.08660698e-06  1.70562059e-04 
 3.09752096e-06  5.11664670e-06 
 3.10765278e-06  1.56436788e-04 
 3.11732420e-06 -3.37998992e-06 
 3.12494442e-06  1.52371550e-04 
 3.13336261e-06 -4.67176447e-06 
 3.15019897e-06  1.48776444e-04 
 3.16698512e-06 -7.07384664e-06 
 3.19146139e-06  1.46247984e-04 
 3.22155615e-06 -1.16108823e-06 
 3.25010000e-06  1.69714081e-04 
 3.25011000e-06 -2.46010170e-03 
 3.25013000e-06 -2.82582353e-03 
 3.25017000e-06 -1.80436757e-03 
 3.25020000e-06 -2.00738041e-03 
 3.25020774e-06  5.20170193e-04 
 3.25022321e-06  6.08193284e-04 
 3.25025417e-06  5.47138780e-04 
 3.25031607e-06  5.38654547e-04 
 3.25043988e-06  4.23423003e-04 
 3.25057072e-06  4.72962862e-04 
 3.25079543e-06  4.40481085e-04 
 3.25119268e-06  4.27614194e-04 
 3.25162113e-06  3.54913060e-04 
 3.25209668e-06  2.50419131e-04 
 3.25266813e-06  1.15425733e-04 
 3.25341533e-06  1.67970805e-04 
 3.25391633e-06  1.04500888e-04 
 3.25449393e-06  1.36036715e-04 
 3.25517937e-06  8.25136767e-05 
 3.25587762e-06  1.29845218e-04 
 3.25676800e-06  7.31315176e-05 
 3.25822406e-06  1.15646871e-04 
 3.25971656e-06  7.01040690e-05 
 3.26258645e-06  1.21922866e-04 
 3.26683097e-06  8.68067717e-05 
 3.26954866e-06  1.14473183e-04 
 3.27247248e-06  7.55031293e-05 
 3.27673687e-06  1.12669354e-04 
 3.28084562e-06  6.82884754e-05 
 3.28817906e-06  1.06839076e-04 
 3.29392831e-06  6.69036188e-05 
 3.30082420e-06  1.07174656e-04 
 3.31461600e-06  6.63495942e-05 
 3.33779084e-06  1.07189452e-04 
 3.37479587e-06  6.61040747e-05 
 3.44880592e-06  1.07186488e-04 
 3.50000000e-06  6.60355194e-05 
 3.50001000e-06  2.56595905e-03 
 3.50003000e-06  2.24141221e-03 
 3.50007000e-06  2.89290397e-03 
 3.50010000e-06  3.87423424e-03 
 3.50010783e-06  9.84875659e-04 
 3.50012350e-06  6.41145771e-04 
 3.50015483e-06  7.79336173e-04 
 3.50021750e-06  5.16105987e-04 
 3.50033455e-06  5.95017829e-04 
 3.50049373e-06  3.90783850e-04 
 3.50081208e-06  5.85804821e-04 
 3.50126849e-06  3.83368807e-04 
 3.50174162e-06  3.57357301e-04 
 3.50217431e-06  1.84396151e-04 
 3.50266396e-06  2.56555178e-04 
 3.50321789e-06  5.86983693e-05 
 3.50380575e-06  1.95702263e-04 
 3.50440534e-06  3.34331288e-05 
 3.50506817e-06  1.84550111e-04 
 3.50615254e-06  4.51796558e-05 
 3.50717398e-06  1.90974316e-04 
 3.50818617e-06  3.52690268e-05 
 3.50921973e-06  1.64900449e-04 
 3.51019793e-06  1.43171489e-05 
 3.51129942e-06  1.60624496e-04 
 3.51256088e-06  1.35779121e-05 
 3.51508381e-06  1.60045629e-04 
 3.51883352e-06  1.36565177e-05 
 3.52609508e-06  1.59844681e-04 
 3.53942795e-06  1.36203261e-05 
 3.56343907e-06  1.59725700e-04 
 3.61101195e-06  1.35699273e-05 
 3.69712150e-06  1.59668967e-04 
 3.75010000e-06  1.35561291e-05 
 3.75011000e-06 -2.47602671e-03 
 3.75013000e-06 -2.82106688e-03 
 3.75017000e-06 -1.81857027e-03 
 3.75020000e-06 -2.00375678e-03 
 3.75020788e-06  5.12438789e-04 
 3.75022365e-06  5.97906402e-04 
 3.75025519e-06  5.36874277e-04 
 3.75031827e-06  5.25653757e-04 
 3.75044442e-06  4.14252851e-04 
 3.75057528e-06  4.65223261e-04 
 3.75080458e-06  4.34507522e-04 
 3.75121647e-06  4.17574776e-04 
 3.75163830e-06  3.50936111e-04 
 3.75212380e-06  2.34357583e-04 
 3.75269304e-06  1.16524255e-04 
 3.75347071e-06  1.64978674e-04 
 3.75399166e-06  1.09638805e-04 
 3.75458782e-06  1.38646584e-04 
 3.75515154e-06  8.59906642e-05 
 3.75577471e-06  1.22595634e-04 
 3.75661553e-06  7.33852516e-05 
 3.75752520e-06  1.08005621e-04 
 3.75922166e-06  6.72950420e-05 
 3.76148919e-06  1.06227186e-04 
 3.76544767e-06  6.74177014e-05 
 3.77336462e-06  1.06048710e-04 
 3.78919853e-06  6.73612119e-05 
 3.82086634e-06  1.05954092e-04 
 3.88420198e-06  6.73114576e-05 
 4.00000000e-06  1.05912992e-04 
 4.00001000e-06  2.56543240e-03 
 4.00003000e-06  2.23236852e-03 
 4.00007000e-06  2.89163022e-03 
 4.00010000e-06  3.86748906e-03 
 4.00010784e-06  9.82164707e-04 
 4.00012353e-06  6.40294103e-04 
 4.00015490e-06  7.78424756e-04 
 4.00021764e-06  5.16121407e-04 
 4.00033465e-06  5.94766812e-04 
 4.00049432e-06  3.91127554e-04 
 4.00081365e-06  5.86114834e-04 
 4.00127035e-06  3.82405460e-04 
 4.00174370e-06  3.56118883e-04 
 4.00217556e-06  1.85512945e-04 
 4.00266508e-06  2.59564344e-04 
 4.00332421e-06  5.69350847e-05 
 4.00392339e-06  1.91374481e-04 
 4.00442548e-06  4.03653483e-05 
 4.00501167e-06  1.90003368e-04 
 4.00556055e-06  4.26339932e-05 
 4.00618400e-06  1.80086043e-04 
 4.00682346e-06  2.82541281e-05 
 4.00763788e-06  1.67469536e-04 
 4.00866989e-06  2.87950209e-05 
 4.01005960e-06  1.83328390e-04 
 4.01152956e-06  3.53795119e-05 
 4.01287864e-06  2.14184439e-04 
 4.01394271e-06  6.35734257e-05 
 4.01495612e-06  2.02043422e-04 
 4.01605245e-06  5.04129793e-05 
 4.01708732e-06  1.86945048e-04 
 4.01818926e-06  3.43255431e-05 
 4.01936239e-06  1.73199306e-04 
 4.02103688e-06  2.43531717e-05 
 4.02270803e-06  1.62599641e-04 
 4.02605032e-06  1.65514056e-05 
 4.02949400e-06  1.58479917e-04 
 4.03387153e-06  1.37491773e-05 
 4.03903104e-06  1.70720323e-04 
 4.04189556e-06  3.86085342e-05 
 4.04460220e-06  1.45540402e-04 
 4.04761058e-06  2.48912553e-05 
 4.05122751e-06  1.49539770e-04 
 4.05494419e-06  1.79714744e-05 
 4.05994144e-06  1.41153167e-04 
 4.06508626e-06  8.56668344e-06 
 4.07060207e-06  1.40226128e-04 
 4.07653673e-06  5.56576492e-06 
 4.08840604e-06  1.38545371e-04 
 4.10442469e-06  2.79184957e-06 
 4.13119216e-06  1.36912032e-04 
 4.17900878e-06  1.37150078e-06 
 4.24286466e-06  1.36309608e-04 
 4.25010000e-06  8.89455549e-07 
 4.25011000e-06 -2.49707354e-03 
 4.25013000e-06 -2.84323459e-03 
 4.25017000e-06 -1.82965903e-03 
 4.25020000e-06 -2.02441091e-03 
 4.25020774e-06  4.89341689e-04 
 4.25022321e-06  5.78953920e-04 
 4.25025416e-06  5.25996025e-04 
 4.25031605e-06  5.09981853e-04 
 4.25038291e-06  4.31891579e-04 
 4.25051663e-06  4.35999305e-04 
 4.25069151e-06  4.27369627e-04 
 4.25093527e-06  4.55062357e-04 
 4.25132689e-06  3.30387856e-04 
 4.25178056e-06  3.64202469e-04 
 4.25226129e-06  1.14886256e-04 
 4.25292379e-06  1.58998987e-04 
 4.25375232e-06  7.19585864e-05 
 4.25430287e-06  1.43353578e-04 
 4.25493000e-06  3.83112437e-05 
 4.25563747e-06  1.31713927e-04 
 4.25653060e-06  2.95502467e-05 
 4.25738959e-06  1.17735176e-04 
 4.25896103e-06  2.20939699e-05 
 4.26113133e-06  1.15812022e-04 
 4.26487997e-06  2.19991359e-05 
 4.27199253e-06  1.15723619e-04 
 4.28318035e-06  2.18837984e-05 
 4.30445165e-06  1.15631395e-04 
 4.34062243e-06  2.17906097e-05 
 4.40486595e-06  1.15563828e-04 
 4.50000000e-06  2.17442556e-05 
 4.50001000e-06  2.53850741e-03 
 4.50003000e-06  2.21364444e-03 
 4.50007000e-06  2.87496820e-03 
 4.50010000e-06  3.85794327e-03 
 4.50010783e-06  9.79383938e-04 
 4.50012349e-06  6.34593888e-04 
 4.50015482e-06  7.64105497e-04 
 4.50021747e-06  4.99573890e-04 
 4.50034276e-06  5.71587859e-04 
 4.50058944e-06  3.66047365e-04 
 4.50094748e-06  5.84106155e-04 
 4.50158040e-06  2.32932634e-04 
 4.50215840e-06  3.03267091e-04 
 4.50263201e-06  9.94843123e-05 
 4.50316612e-06  1.83268414e-04 
 4.50375505e-06  3.85359882e-05 
 4.50440524e-06  1.57813691e-04 
 4.50511918e-06  2.60506905e-05 
 4.50603474e-06  1.71275498e-04 
 4.50708947e-06  3.42214210e-05 
 4.50797719e-06  1.58938321e-04 
 4.50892368e-06  1.49886692e-05 
 4.50992199e-06  1.34538233e-04 
 4.51097756e-06  4.80422932e-06 
 4.51254280e-06  1.33811976e-04 
 4.51422957e-06  4.05768515e-06 
 4.51760310e-06  1.33784304e-04 
 4.52310758e-06  3.90682043e-06 
 4.53285044e-06  1.33680629e-04 
 4.55197893e-06  3.79473624e-06 
 4.59023592e-06  1.33594402e-04 
 4.66674990e-06  3.73340299e-06 
 4.75010000e-06  1.33563286e-04 
 4.75011000e-06 -2.48515085e-03 
 4.75013000e-06 -2.84765261e-03 
 4.75017000e-06 -1.82104204e-03 
 4.75020000e-06 -2.03048208e-03 
 4.75020761e-06  4.87039422e-04 
 4.75022282e-06  5.77919331e-04 
 4.75025325e-06  5.24488380e-04 
 4.75031411e-06  5.10839674e-04 
 4.75037996e-06  4.31153314e-04 
 4.75051168e-06  4.35487362e-04 
 4.75068434e-06  4.25176142e-04 
 4.75092222e-06  4.57092677e-04 
 4.75131677e-06  3.30777019e-04 
 4.75176127e-06  3.70167996e-04 
 4.75223933e-06  1.19586971e-04 
 4.75288542e-06  1.61449652e-04 
 4.75376593e-06  7.90475898e-05 
 4.75432825e-06  1.55146295e-04 
 4.75496959e-06  5.80347845e-05 
 4.75565385e-06  1.41435359e-04 
 4.75635486e-06  4.70103006e-05 
 4.75717842e-06  1.25035251e-04 
 4.75813722e-06  3.15165429e-05 
 4.75926944e-06  1.19451404e-04 
 4.76031422e-06  2.35283243e-05 
 4.76189452e-06  1.14934744e-04 
 4.76361802e-06  2.26766309e-05 
 4.76681413e-06  1.14898293e-04 
 4.77258995e-06  2.26291311e-05 
 4.78128387e-06  1.14856409e-04 
 4.79773431e-06  2.25704108e-05 
 4.82421000e-06  1.14807063e-04 
 4.87030660e-06  2.25287126e-05 
 4.95392411e-06  1.14777758e-04 
 5.00000000e-06  2.25119270e-05 
 5.00001000e-06  2.53749118e-03 
 5.00003000e-06  2.21138687e-03 
 5.00007000e-06  2.87493929e-03 
 5.00010000e-06  3.85638303e-03 
 5.00010783e-06  9.78886537e-04 
 5.00012349e-06  6.34381149e-04 
 5.00015482e-06  7.63604755e-04 
 5.00021746e-06  4.99330105e-04 
 5.00034276e-06  5.71638094e-04 
 5.00058862e-06  3.66614874e-04 
 5.00094689e-06  5.84370212e-04 
 5.00157886e-06  2.31738194e-04 
 5.00215684e-06  3.03361317e-04 
 5.00265257e-06  1.06931675e-04 
 5.00321020e-06  1.92050741e-04 
 5.00377593e-06  4.30596419e-05 
 5.00443350e-06  1.69581636e-04 
 5.00494277e-06  4.93495444e-05 
 5.00552240e-06  1.81848367e-04 
 5.00605207e-06  3.81660606e-05 
 5.00664487e-06  1.57451303e-04 
 5.00753342e-06  1.99539250e-05 
 5.00835342e-06  1.58082246e-04 
 5.00962117e-06  4.62088405e-05 
 5.01052851e-06  1.75368647e-04 
 5.01151911e-06  3.88976785e-05 
 5.01267124e-06  2.04217004e-04 
 5.01372198e-06  7.67605139e-05 
 5.01469272e-06  1.97554857e-04 
 5.01578154e-06  6.00380260e-05 
 5.01687842e-06  1.82720014e-04 
 5.01797185e-06  4.44636445e-05 
 5.01934807e-06  1.67159375e-04 
 5.02066640e-06  3.54357084e-05 
 5.02265727e-06  1.63677362e-04 
 5.02554570e-06  4.49213135e-05 
 5.02898002e-06  2.08558436e-04 
 5.03222754e-06  6.68765712e-05 
 5.03550612e-06  2.26545527e-04 
 5.03786915e-06  3.98073019e-05 
 5.04012927e-06  1.79285474e-04 
 5.04291600e-06  2.01033264e-05 
 5.04530375e-06  1.67682675e-04 
 5.04784366e-06  1.87683419e-05 
 5.05292348e-06  1.60446308e-04 
 5.05812213e-06  1.41149535e-05 
 5.06515829e-06  1.51956347e-04 
 5.07662716e-06  6.64445232e-06 
 5.08811340e-06  1.48697341e-04 
 5.09477144e-06  8.96059927e-06 
 5.10229160e-06  1.41399072e-04 
 5.11057029e-06 -1.28311246e-07 
 5.11840255e-06  1.37954218e-04 
 5.12561774e-06  1.13598733e-06 
 5.13540031e-06  1.36772105e-04 
 5.14839456e-06  1.40001434e-06 
 5.16846898e-06  1.36155861e-04 
 5.20537314e-06  1.25584760e-06 
 5.25010000e-06  1.35921964e-04 
 5.25011000e-06 -2.48228655e-03 
 5.25013000e-06 -2.84788856e-03 
 5.25017000e-06 -1.81975035e-03 
 5.25020000e-06 -2.02846573e-03 
 5.25020760e-06  4.89360723e-04 
 5.25022279e-06  5.78535039e-04 
 5.25025318e-06  5.25561213e-04 
 5.25031396e-06  5.10767208e-04 
 5.25038001e-06  4.31696656e-04 
 5.25051211e-06  4.35294342e-04 
 5.25066100e-06  4.22559645e-04 
 5.25091110e-06  4.57656628e-04 
 5.25128561e-06  3.34921343e-04 
 5.25173493e-06  3.74700835e-04 
 5.25219764e-06  1.31703523e-04 
 5.25283550e-06  1.55380321e-04 
 5.25369126e-06  7.59340530e-05 
 5.25424096e-06  1.41082211e-04 
 5.25486803e-06  4.21289693e-05 
 5.25560481e-06  1.27939953e-04 
 5.25646684e-06  3.34431833e-05 
 5.25733742e-06  1.14218563e-04 
 5.25888241e-06  2.54894541e-05 
 5.26107453e-06  1.12223376e-04 
 5.26466271e-06  2.53742180e-05 
 5.27173382e-06  1.12164551e-04 
 5.28314468e-06  2.52748025e-05 
 5.30477211e-06  1.12102088e-04 
 5.34287204e-06  2.52108974e-05 
 5.41093931e-06  1.12062112e-04 
 5.50000000e-06  2.51809487e-05 
 5.50001000e-06  2.53755726e-03 
 5.50003000e-06  2.21081960e-03 
 5.50007000e-06  2.87562981e-03 
 5.50010000e-06  3.85641579e-03 
 5.50010783e-06  9.78871868e-04 
 5.50012349e-06  6.34207721e-04 
 5.50015482e-06  7.63771287e-04 
 5.50021746e-06  4.99452738e-04 
 5.50034276e-06  5.71564758e-04 
 5.50058946e-06  3.66044470e-04 
 5.50094727e-06  5.84055578e-04 
 5.50158036e-06  2.32732646e-04 
 5.50215819e-06  3.03184598e-04 
 5.50263344e-06  9.91770848e-05 
 5.50316798e-06  1.83281302e-04 
 5.50376036e-06  3.83365352e-05 
 5.50440760e-06  1.57630214e-04 
 5.50510585e-06  2.58681861e-05 
 5.50601579e-06  1.70980469e-04 
 5.50706684e-06  3.42849757e-05 
 5.50793658e-06  1.59364360e-04 
 5.50887115e-06  1.57737475e-05 
 5.50982183e-06  1.35042722e-04 
 5.51084754e-06  4.62411899e-06 
 5.51233629e-06  1.34038051e-04 
 5.51386906e-06  3.82338175e-06 
 5.51693460e-06  1.33976869e-04 
 5.52171742e-06  3.68535167e-06 
 5.52997046e-06  1.33867808e-04 
 5.54560851e-06  3.57753556e-06 
 5.57688461e-06  1.33774448e-04 
 5.63943680e-06  3.51019957e-06 
 5.75010000e-06  1.33733351e-04 
 5.75011000e-06 -2.48508359e-03 
 5.75013000e-06 -2.84741258e-03 
 5.75017000e-06 -1.81960930e-03 
 5.75020000e-06 -2.02828812e-03 
 5.75020761e-06  4.87381502e-04 
 5.75022282e-06  5.78084819e-04 
 5.75025326e-06  5.24663391e-04 
 5.75031412e-06  5.10803470e-04 
 5.75037996e-06  4.31167142e-04 
 5.75051164e-06  4.35410426e-04 
 5.75068424e-06  4.25192034e-04 
 5.75092207e-06  4.57040515e-04 
 5.75131653e-06  3.30796319e-04 
 5.75176094e-06  3.70190340e-04 
 5.75223891e-06  1.19689179e-04 
 5.75288482e-06  1.61526035e-04 
 5.75376444e-06  7.90579395e-05 
 5.75432577e-06  1.55055324e-04 
 5.75496575e-06  5.80100607e-05 
 5.75565195e-06  1.41359064e-04 
 5.75635390e-06  4.70262171e-05 
 5.75717368e-06  1.24945899e-04 
 5.75812858e-06  3.15595314e-05 
 5.75925236e-06  1.19402919e-04 
 5.76030146e-06  2.35538012e-05 
 5.76187842e-06  1.14857109e-04 
 5.76360172e-06  2.26935424e-05 
 5.76678673e-06  1.14822790e-04 
 5.77249242e-06  2.26450280e-05 
 5.78108341e-06  1.14782048e-04 
 5.79722842e-06  2.25862597e-05 
 5.82314016e-06  1.14733279e-04 
 5.86808668e-06  2.25445908e-05 
 5.94816606e-06  1.14704405e-04 
 6.00000000e-06  2.25276329e-05 
 6.00001000e-06  2.53641325e-03 
 6.00003000e-06  2.20953942e-03 
 6.00007000e-06  2.87553262e-03 
 6.00010000e-06  3.85530147e-03 
 6.00010783e-06  9.78566657e-04 
 6.00012349e-06  6.34142765e-04 
 6.00015482e-06  7.63409202e-04 
 6.00021746e-06  4.99260220e-04 
 6.00034276e-06  5.71591793e-04 
 6.00058864e-06  3.66598825e-04 
 6.00094690e-06  5.84336743e-04 
 6.00157891e-06  2.31557378e-04 
 6.00215687e-06  3.03365606e-04 
 6.00265358e-06  1.06733673e-04 
 6.00321088e-06  1.92077666e-04 
 6.00377575e-06  4.28836179e-05 
 6.00443173e-06  1.69621295e-04 
 6.00494297e-06  4.92236832e-05 
 6.00552322e-06  1.81894920e-04 
 6.00605354e-06  3.80095859e-05 
 6.00664681e-06  1.57434029e-04 
 6.00753631e-06  1.99091926e-05 
 6.00835718e-06  1.58221559e-04 
 6.00964347e-06  4.54340491e-05 
 6.01055294e-06  1.72992972e-04 
 6.01154833e-06  3.56682332e-05 
 6.01258104e-06  1.96014543e-04 
 6.01368033e-06  6.71668314e-05 
 6.01469285e-06  1.84643790e-04 
 6.01576191e-06  4.89527674e-05 
 6.01687369e-06  1.72337794e-04 
 6.01797889e-06  3.56463331e-05 
 6.01934645e-06  1.61938543e-04 
 6.02067916e-06  4.28807650e-05 
 6.02265715e-06  1.89337723e-04 
 6.02484733e-06  5.19008736e-05 
 6.02722874e-06  1.71030714e-04 
 6.03054928e-06  3.06709128e-05 
 6.03439728e-06  1.56184351e-04 
 6.03872029e-06  2.33872361e-05 
 6.04410172e-06  1.53450035e-04 
 6.05290300e-06  2.24725409e-05 
 6.06499015e-06  1.52301611e-04 
 6.08044912e-06  1.90521304e-05 
 6.10225097e-06  1.50330497e-04 
 6.12740491e-06  1.84150512e-05 
 6.17393886e-06  1.46010323e-04 
 6.21997305e-06  3.90499739e-06 
 6.25010000e-06  1.35518917e-04 
 6.25011000e-06 -2.48280886e-03 
 6.25013000e-06 -2.84850574e-03 
 6.25017000e-06 -1.81964284e-03 
 6.25020000e-06 -2.02702386e-03 
 6.25020760e-06  4.89017157e-04 
 6.25022279e-06  5.78525825e-04 
 6.25025318e-06  5.25784495e-04 
 6.25031395e-06  5.11287875e-04 
 6.25037999e-06  4.32366663e-04 
 6.25051205e-06  4.36181994e-04 
 6.25066093e-06  4.23417211e-04 
 6.25091094e-06  4.58517822e-04 
 6.25128542e-06  3.35581578e-04 
 6.25173415e-06  3.75261081e-04 
 6.25219696e-06  1.31592141e-04 
 6.25283423e-06  1.56113184e-04 
 6.25368972e-06  7.98752709e-05 
 6.25425735e-06  1.43044006e-04 
 6.25488438e-06  4.44240097e-05 
 6.25568226e-06  1.27663984e-04 
 6.25651863e-06  3.39058276e-05 
 6.25741389e-06  1.14298487e-04 
 6.25897593e-06  2.61986986e-05 
 6.26118157e-06  1.12455759e-04 
 6.26490175e-06  2.59907508e-05 
 6.27225495e-06  1.12287657e-04 
 6.28369546e-06  2.57497237e-05 
 6.30579696e-06  1.12067621e-04 
 6.34374441e-06  2.55273969e-05 
 6.41138809e-06  1.11911794e-04 
 6.50000000e-06  2.54370891e-05 
 6.50001000e-06  2.53685310e-03 
 6.50003000e-06  2.20955997e-03 
 6.50007000e-06  2.87634131e-03 
 6.50010000e-06  3.85577313e-03 
 6.50010783e-06  9.78895045e-04 
 6.50012349e-06  6.34218687e-04 
 6.50015481e-06  7.63699738e-04 
 6.50021746e-06  4.99392470e-04 
 6.50034275e-06  5.71535064e-04 
 6.50058941e-06  3.66106464e-04 
 6.50094724e-06  5.84081499e-04 
 6.50158027e-06  2.32966909e-04 
 6.50215815e-06  3.03243892e-04 
 6.50263174e-06  9.95795836e-05 
 6.50316580e-06  1.83248268e-04 
 6.50375520e-06  3.86411368e-05 
 6.50440505e-06  1.57734403e-04 
 6.50511431e-06  2.61295203e-05 
 6.50602426e-06  1.70920112e-04 
 6.50708277e-06  3.42559357e-05 
 6.50796566e-06  1.59083559e-04 
 6.50890934e-06  1.52582289e-05 
 6.50989057e-06  1.34683615e-04 
 6.51093613e-06  4.81626042e-06 
 6.51253312e-06  1.33847990e-04 
 6.51415727e-06  4.05836637e-06 
 6.51740558e-06  1.33819487e-04 
 6.52272813e-06  3.91200710e-06 
 6.53182477e-06  1.33713694e-04 
 6.54975348e-06  3.80109840e-06 
 6.58561089e-06  1.33623474e-04 
 6.65732571e-06  3.73613373e-06 
 6.75010000e-06  1.33587917e-04 
 6.75011000e-06 -2.48507309e-03 
 6.75013000e-06 -2.84746615e-03 
 6.75017000e-06 -1.81913012e-03 
 6.75020000e-06 -2.02702700e-03 
 6.75020761e-06  4.87441766e-04 
 6.75022282e-06  5.78132153e-04 
 6.75025325e-06  5.24818756e-04 
 6.75031411e-06  5.10921615e-04 
 6.75037996e-06  4.31309644e-04 
 6.75051167e-06  4.35464245e-04 
 6.75068432e-06  4.25281496e-04 
 6.75092219e-06  4.57038517e-04 
 6.75131659e-06  3.30869599e-04 
 6.75176111e-06  3.70150927e-04 
 6.75223906e-06  1.19713094e-04 
 6.75288511e-06  1.61400013e-04 
 6.75376547e-06  7.91262673e-05 
 6.75432755e-06  1.55041884e-04 
 6.75496875e-06  5.82244046e-05 
 6.75565109e-06  1.41401050e-04 
 6.75635063e-06  4.71268528e-05 
 6.75717298e-06  1.25057595e-04 
 6.75813303e-06  3.15646498e-05 
 6.75927266e-06  1.19420745e-04 
 6.76031133e-06  2.35909839e-05 
 6.76188862e-06  1.14903756e-04 
 6.76360669e-06  2.27330969e-05 
 6.76679773e-06  1.14864879e-04 
 6.77256497e-06  2.26866299e-05 
 6.78125023e-06  1.14822441e-04 
 6.79769450e-06  2.26282588e-05 
 6.82416702e-06  1.14772891e-04 
 6.87028447e-06  2.25867118e-05 
 6.94986198e-06  1.14744029e-04 
 7.00000000e-06  2.25701328e-05 
 7.00001000e-06  2.53576376e-03 
 7.00003000e-06  2.20856193e-03 
 7.00007000e-06  2.87611989e-03 
 7.00010000e-06  3.85480623e-03 
 7.00010783e-06  9.78587859e-04 
 7.00012349e-06  6.34125570e-04 
 7.00015482e-06  7.63327879e-04 
 7.00021746e-06  4.99226791e-04 
 7.00034276e-06  5.71549043e-04 
 7.00058860e-06  3.66663054e-04 
 7.00094690e-06  5.84348236e-04 
 7.00157882e-06  2.31789419e-04 
 7.00215682e-06  3.03317625e-04 
 7.00265266e-06  1.06961666e-04 
 7.00321025e-06  1.92015671e-04 
 7.00377605e-06  4.31068823e-05 
 7.00443357e-06  1.69550929e-04 
 7.00494289e-06  4.93972683e-05 
 7.00552256e-06  1.81810698e-04 
 7.00605232e-06  3.82198210e-05 
 7.00664519e-06  1.57436985e-04 
 7.00753391e-06  2.00559477e-05 
 7.00835407e-06  1.58162076e-04 
 7.00962224e-06  4.43267769e-05 
 7.01053360e-06  1.71109349e-04 
 7.01152596e-06  3.49733591e-05 
 7.01255801e-06  2.06422858e-04 
 7.01366440e-06  9.95652584e-05 
 7.01469468e-06  2.21647549e-04 
 7.01563102e-06  8.42244621e-05 
 7.01653742e-06  2.08736206e-04 
 7.01763551e-06  6.61219541e-05 
 7.01887768e-06  1.80657921e-04 
 7.02007761e-06  4.20695971e-05 
 7.02206843e-06  1.66220400e-04 
 7.02410971e-06  3.57101293e-05 
 7.02714696e-06  1.71182063e-04 
 7.02938466e-06  2.70153642e-05 
 7.03185786e-06  1.59183659e-04 
 7.03492593e-06  2.62418457e-05 
 7.03832615e-06  1.56701064e-04 
 7.04512660e-06  2.38335187e-05 
 7.05461448e-06  1.51137510e-04 
 7.06243081e-06  2.23474179e-05 
 7.07318667e-06  1.51118876e-04 
 7.08719326e-06  2.22107939e-05 
 7.11520644e-06  1.51075306e-04 
 7.15159027e-06  2.22171968e-05 
 7.22435794e-06  1.51059684e-04 
 7.25010000e-06  2.22353888e-05 
 7.25011000e-06 -2.47413186e-03 
 7.25013000e-06 -2.82445925e-03 
 7.25017000e-06 -1.80809861e-03 
 7.25020000e-06 -2.00152804e-03 
 7.25020773e-06  5.07892726e-04 
 7.25022319e-06  5.95038687e-04 
 7.25025412e-06  5.41782905e-04 
 7.25031596e-06  5.25127400e-04 
 7.25038274e-06  4.47998659e-04 
 7.25051630e-06  4.52515238e-04 
 7.25066653e-06  4.41680910e-04 
 7.25092185e-06  4.73946907e-04 
 7.25129241e-06  3.52189390e-04 
 7.25174808e-06  3.89733166e-04 
 7.25221059e-06  1.46659088e-04 
 7.25285902e-06  1.76580497e-04 
 7.25372125e-06  1.01936493e-04 
 7.25429355e-06  1.65134794e-04 
 7.25493559e-06  6.47242274e-05 
 7.25574176e-06  1.45179546e-04 
 7.25658613e-06  5.10049132e-05 
 7.25749531e-06  1.31381083e-04 
 7.25908120e-06  4.39110024e-05 
 7.26130023e-06  1.29843128e-04 
 7.26521323e-06  4.37904319e-05 
 7.27250473e-06  1.29774392e-04 
 7.28400753e-06  4.36878995e-05 
 7.30577857e-06  1.29718280e-04 
 7.34253524e-06  4.36261543e-05 
 7.40773643e-06  1.29681536e-04 
 7.50000000e-06  4.35971765e-05 
 7.50001000e-06  2.55402702e-03 
 7.50003000e-06  2.22584897e-03 
 7.50007000e-06  2.89324773e-03 
 7.50010000e-06  3.87209376e-03 
 7.50010783e-06  9.95584031e-04 
 7.50012349e-06  6.51746983e-04 
 7.50015482e-06  7.82586480e-04 
 7.50021747e-06  5.18627744e-04 
 7.50034278e-06  5.89699062e-04 
 7.50058934e-06  3.84071406e-04 
 7.50094731e-06  6.02323108e-04 
 7.50158013e-06  2.49155713e-04 
 7.50215813e-06  3.21349628e-04 
 7.50265583e-06  1.24255605e-04 
 7.50321013e-06  2.05676900e-04 
 7.50376540e-06  5.76028160e-05 
 7.50438908e-06  1.78063632e-04 
 7.50523900e-06  4.50585010e-05 
 7.50600433e-06  1.83599084e-04 
 7.50720302e-06  5.22744473e-05 
 7.50830736e-06  1.72694270e-04 
 7.50932258e-06  2.66177111e-05 
 7.51050024e-06  1.52065324e-04 
 7.51170741e-06  2.25709106e-05 
 7.51302194e-06  1.51581986e-04 
 7.51565099e-06  2.22644786e-05 
 7.51950944e-06  1.51475485e-04 
 7.52623943e-06  2.21471090e-05 
 7.53852388e-06  1.51370070e-04 
 7.55902075e-06  2.20520551e-05 
 7.60001449e-06  1.51299292e-04 
 7.67461494e-06  2.20009694e-05 
 7.75010000e-06  1.51273052e-04 
 7.75011000e-06 -2.46705105e-03 
 7.75013000e-06 -2.82909508e-03 
 7.75017000e-06 -1.79924567e-03 
 7.75020000e-06 -2.00727709e-03 
 7.75020761e-06  5.06620029e-04 
 7.75022282e-06  5.96361270e-04 
 7.75025324e-06  5.41975943e-04 
 7.75031408e-06  5.27936376e-04 
 7.75037994e-06  4.48636235e-04 
 7.75051167e-06  4.53472967e-04 
 7.75068434e-06  4.43338675e-04 
 7.75092223e-06  4.75199918e-04 
 7.75131669e-06  3.48820331e-04 
 7.75176129e-06  3.88131881e-04 
 7.75223927e-06  1.37950046e-04 
 7.75288568e-06  1.79011298e-04 
 7.75376374e-06  9.58584445e-05 
 7.75432539e-06  1.69030330e-04 
 7.75496664e-06  6.82182931e-05 
 7.75564340e-06  1.49347227e-04 
 7.75633896e-06  5.05653975e-05 
 7.75729049e-06  1.34856538e-04 
 7.75830401e-06  4.15149669e-05 
 7.76033106e-06  1.32660672e-04 
 7.76325992e-06  4.09539756e-05 
 7.76873513e-06  1.32662066e-04 
 7.77824041e-06  4.08259026e-05 
 7.79531769e-06  1.32602873e-04 
 7.82641312e-06  4.07532007e-05 
 7.88183253e-06  1.32559926e-04 
 7.98285048e-06  4.07185301e-05 
 8.00000000e-06  1.32552785e-04 
 8.00001000e-06  2.55348015e-03 
 8.00003000e-06  2.22241009e-03 
 8.00007000e-06  2.89447275e-03 
 8.00010000e-06  3.86935916e-03 
 8.00010785e-06  9.94824749e-04 
 8.00012354e-06  6.51709172e-04 
 8.00015492e-06  7.82305590e-04 
 8.00021768e-06  5.18722443e-04 
 8.00034320e-06  5.89322794e-04 
 8.00058929e-06  3.84545155e-04 
 8.00094745e-06  6.02133828e-04 
 8.00157989e-06  2.49260745e-04 
 8.00215699e-06  3.20780046e-04 
 8.00265330e-06  1.25129775e-04 
 8.00321064e-06  2.08458404e-04 
 8.00378598e-06  5.98420119e-05 
 8.00444762e-06  1.83135394e-04 
 8.00500353e-06  5.90311958e-05 
 8.00562180e-06  1.89532378e-04 
 8.00623221e-06  4.86421862e-05 
 8.00688345e-06  1.73463151e-04 
 8.00778273e-06  3.32232837e-05 
 8.00862654e-06  1.54422340e-04 
 8.00951388e-06  2.11800451e-05 
 8.01052569e-06  1.53435977e-04 
 8.01166752e-06  2.07839461e-05 
 8.01395119e-06  1.53081134e-04 
 8.01782611e-06  2.07462020e-05 
 8.02472791e-06  1.52891231e-04 
 8.03819386e-06  2.06489844e-05 
 8.06215088e-06  1.52763760e-04 
 8.11006493e-06  2.05807907e-05 
 8.20589302e-06  1.52707882e-04 
 8.25010000e-06  2.05637753e-05 
 8.25011000e-06 -2.47533425e-03 
 8.25013000e-06 -2.81795343e-03 
 8.25017000e-06 -1.81316902e-03 
 8.25020000e-06 -2.00916672e-03 
 8.25020789e-06  4.93474518e-04 
 8.25022366e-06  5.78503448e-04 
 8.25025520e-06  5.23384697e-04 
 8.25031828e-06  5.11616335e-04 
 8.25043875e-06  4.07145748e-04 
 8.25057204e-06  4.53959457e-04 
 8.25076218e-06  4.30225551e-04 
 8.25114248e-06  4.21804112e-04 
 8.25154028e-06  3.45501914e-04 
 8.25202155e-06  2.67976500e-04 
 8.25257978e-06  9.32081712e-05 
 8.25325240e-06  1.49451449e-04 
 8.25420811e-06  7.81637876e-05 
 8.25532994e-06  1.30229287e-04 
 8.25637879e-06  6.99038458e-05 
 8.25734234e-06  1.17350378e-04 
 8.25885195e-06  5.86292790e-05 
 8.26048295e-06  1.15049923e-04 
 8.26353685e-06  5.85392690e-05 
 8.26958215e-06  1.14994972e-04 
 8.28167276e-06  5.84630730e-05 
 8.30585398e-06  1.14920117e-04 
 8.35421642e-06  5.84042319e-05 
 8.45094129e-06  1.14879238e-04 
 8.50000000e-06  5.83862426e-05 
