 1.00000000e-12  1.78200000e+00  4.48627965e-01 
 1.02386243e-12  1.78157048e+00  4.49745336e-01 
 1.07158730e-12  1.78071143e+00  4.52778834e-01 
 1.14210762e-12  1.77944206e+00  4.57299198e-01 
 1.22023394e-12  1.77803579e+00  4.60331981e-01 
 1.35922385e-12  1.77553397e+00  4.62420291e-01 
 1.57501565e-12  1.77164972e+00  4.61818339e-01 
 1.90704133e-12  1.76567326e+00  4.59076497e-01 
 2.54083193e-12  1.75426503e+00  4.55251552e-01 
 3.47528738e-12  1.73744483e+00  4.52111247e-01 
 4.89855784e-12  1.71182596e+00  4.48223115e-01 
 6.43063100e-12  1.68424864e+00  4.44971431e-01 
 8.78341471e-12  1.64189854e+00  4.41867818e-01 
 1.27832997e-11  1.56990060e+00  4.39286649e-01 
 1.81464429e-11  1.47336403e+00  4.37852035e-01 
 2.51069221e-11  1.34807540e+00  4.36839734e-01 
 3.40342186e-11  1.18738407e+00  4.35820705e-01 
 4.40786859e-11  1.00658365e+00  4.34816291e-01 
 5.96669677e-11  7.25994581e-01  4.33371047e-01 
 7.81513389e-11  3.93275899e-01  4.31930664e-01 
 1.00000000e-10  0.00000000e+00  4.30674774e-01 
 1.00422088e-10  0.00000000e+00  4.30772595e-01 
 1.01266263e-10  0.00000000e+00  4.30937952e-01 
 1.02954615e-10  0.00000000e+00  4.31224905e-01 
 1.06312528e-10  0.00000000e+00  4.31767464e-01 
 1.13028354e-10  0.00000000e+00  4.32784457e-01 
 1.26460006e-10  0.00000000e+00  4.34747645e-01 
 1.53323311e-10  0.00000000e+00  4.38516977e-01 
 1.90778525e-10  0.00000000e+00  4.43591428e-01 
 2.38721944e-10  0.00000000e+00  4.49826723e-01 
 3.07169599e-10  0.00000000e+00  4.58081547e-01 
 4.31462498e-10  0.00000000e+00  4.70969739e-01 
 6.62790370e-10  0.00000000e+00  4.90127062e-01 
 9.50535334e-10  0.00000000e+00  5.06808991e-01 
 1.38104458e-09  0.00000000e+00  5.21525428e-01 
 1.87949525e-09  0.00000000e+00  5.28054674e-01 
 2.64311602e-09  0.00000000e+00  5.27292342e-01 
 3.51273997e-09  0.00000000e+00  5.15321509e-01 
 4.27204579e-09  0.00000000e+00  5.00493816e-01 
 5.12147709e-09  0.00000000e+00  4.83763765e-01 
 5.95350956e-09  0.00000000e+00  4.67589782e-01 
 6.82487463e-09  0.00000000e+00  4.50277109e-01 
 7.88168731e-09  0.00000000e+00  4.29223071e-01 
 8.86139525e-09  0.00000000e+00  4.07376550e-01 
 9.83866041e-09  0.00000000e+00  3.78133197e-01 
 1.05794793e-08  0.00000000e+00  3.59875637e-01 
 1.14050025e-08  0.00000000e+00  3.43841486e-01 
 1.23030513e-08  0.00000000e+00  3.25289828e-01 
 1.32790447e-08  0.00000000e+00  3.06186594e-01 
 1.43333499e-08  0.00000000e+00  2.85235024e-01 
 1.54820832e-08  0.00000000e+00  2.62637439e-01 
 1.66851534e-08  0.00000000e+00  2.38854445e-01 
 1.78971088e-08  0.00000000e+00  2.15743980e-01 
 1.91626770e-08  0.00000000e+00  1.93638453e-01 
 2.06935509e-08  0.00000000e+00  1.70328694e-01 
 2.24191117e-08  0.00000000e+00  1.47966198e-01 
 2.35107190e-08  0.00000000e+00  1.35613780e-01 
 2.50330430e-08  0.00000000e+00  1.20244218e-01 
 2.66553204e-08  0.00000000e+00  1.05829569e-01 
 2.91425671e-08  0.00000000e+00  8.70296171e-02 
 3.16359026e-08  0.00000000e+00  7.14080931e-02 
 3.46871366e-08  0.00000000e+00  5.59909440e-02 
 3.85525321e-08  0.00000000e+00  4.10017463e-02 
 4.40975361e-08  0.00000000e+00  2.61733197e-02 
 5.51875442e-08  0.00000000e+00  1.03459677e-02 
 7.50105351e-08  0.00000000e+00  2.02862691e-03 
 1.07637064e-07  0.00000000e+00  9.82279375e-04 
 1.51164985e-07  0.00000000e+00  1.14538756e-03 
 2.38220826e-07  0.00000000e+00  1.11003275e-03 
 2.50100000e-07  0.00000000e+00  1.14802174e-03 
 2.50110000e-07  1.80000000e-01  3.61432115e-03 
 2.50130000e-07  5.40000000e-01  8.35854283e-03 
 2.50170000e-07  1.26000000e+00  1.69154097e-02 
 2.50200000e-07  1.80000000e+00  2.23477442e-02 
 2.50200515e-07  1.80000000e+00  2.22859898e-02 
 2.50201544e-07  1.80000000e+00  2.21769043e-02 
 2.50203603e-07  1.80000000e+00  2.19921439e-02 
 2.50207721e-07  1.80000000e+00  2.16763270e-02 
 2.50215957e-07  1.80000000e+00  2.11261946e-02 
 2.50232429e-07  1.80000000e+00  2.01095668e-02 
 2.50265372e-07  1.80000000e+00  1.83903620e-02 
 2.50331259e-07  1.80000000e+00  1.63019837e-02 
 2.50412398e-07  1.80000000e+00  1.49319383e-02 
 2.50574676e-07  1.80000000e+00  1.35576936e-02 
 2.50740807e-07  1.80000000e+00  1.30873994e-02 
 2.51073069e-07  1.80000000e+00  1.28673397e-02 
 2.51459134e-07  1.80000000e+00  1.30932670e-02 
 2.52118653e-07  1.80000000e+00  1.30412662e-02 
 2.52783904e-07  1.80000000e+00  1.15859992e-02 
 2.53505407e-07  1.80000000e+00  1.04858943e-02 
 2.54462196e-07  1.80000000e+00  9.75557197e-03 
 2.55476295e-07  1.80000000e+00  8.22603166e-03 
 2.56510883e-07  1.80000000e+00  5.25173493e-03 
 2.57705086e-07  1.80000000e+00  3.25437317e-03 
 2.58900608e-07  1.80000000e+00  4.22209305e-03 
 2.60080886e-07  1.80000000e+00  4.01138944e-03 
 2.61405303e-07  1.80000000e+00  3.51828959e-03 
 2.63105101e-07  1.80000000e+00  3.26491324e-03 
 2.65832252e-07  1.80000000e+00  2.69602830e-03 
 2.69920586e-07  1.80000000e+00  2.22956272e-03 
 2.77681973e-07  1.80000000e+00  1.56963706e-03 
 2.90955852e-07  1.80000000e+00  1.21006292e-03 
 3.15666734e-07  1.80000000e+00  9.85336043e-04 
 3.60276622e-07  1.80000000e+00  9.52420984e-04 
 4.41057916e-07  1.80000000e+00  6.52159065e-04 
 5.00000000e-07  1.80000000e+00  5.34384856e-04 
 5.00010000e-07  1.62000000e+00 -1.07561043e-04 
 5.00030000e-07  1.26000000e+00 -1.27021955e-03 
 5.00070000e-07  5.40000000e-01 -3.18262920e-03 
 5.00100000e-07  0.00000000e+00 -4.42952053e-03 
 5.00100517e-07  0.00000000e+00 -4.41712843e-03 
 5.00101550e-07  0.00000000e+00 -4.38879125e-03 
 5.00103617e-07  0.00000000e+00 -4.32696478e-03 
 5.00107751e-07  0.00000000e+00 -4.21857277e-03 
 5.00116020e-07  0.00000000e+00 -4.03707562e-03 
 5.00132556e-07  0.00000000e+00 -3.72884100e-03 
 5.00165629e-07  0.00000000e+00 -3.23601349e-03 
 5.00231775e-07  0.00000000e+00 -2.57698636e-03 
 5.00364066e-07  0.00000000e+00 -1.90998233e-03 
 5.00562112e-07  0.00000000e+00 -1.53330336e-03 
 5.00958202e-07  0.00000000e+00 -1.08095974e-03 
 5.01467725e-07  0.00000000e+00 -1.41308455e-03 
 5.02004480e-07  0.00000000e+00 -4.23309737e-03 
 5.02765146e-07  0.00000000e+00 -8.45637135e-03 
 5.03570913e-07  0.00000000e+00  1.10635806e-02 
 5.04319096e-07  0.00000000e+00  5.47863006e-02 
 5.05131318e-07  0.00000000e+00  1.09557148e-01 
 5.06129946e-07  0.00000000e+00  1.73540128e-01 
 5.07181179e-07  0.00000000e+00  2.38099282e-01 
 5.08420032e-07  0.00000000e+00  3.15473628e-01 
 5.09734844e-07  0.00000000e+00  3.96076701e-01 
 5.11695662e-07  0.00000000e+00  5.12881553e-01 
 5.13521297e-07  0.00000000e+00  6.18378638e-01 
 5.15543605e-07  0.00000000e+00  7.32922208e-01 
 5.17483872e-07  0.00000000e+00  8.38717373e-01 
 5.19712927e-07  0.00000000e+00  9.46454727e-01 
 5.24171037e-07  0.00000000e+00  1.13894926e+00 
 5.27126533e-07  0.00000000e+00  1.30095547e+00 
 5.30598401e-07  0.00000000e+00  1.52481085e+00 
 5.34414776e-07  0.00000000e+00  1.68882449e+00 
 5.38454261e-07  0.00000000e+00  1.76224152e+00 
 5.44682002e-07  0.00000000e+00  1.79560957e+00 
 5.50633089e-07  0.00000000e+00  1.79967096e+00 
 5.60340830e-07  0.00000000e+00  1.80002610e+00 
 5.74364991e-07  0.00000000e+00  1.80020033e+00 
 6.02413313e-07  0.00000000e+00  1.79996647e+00 
 6.58509957e-07  0.00000000e+00  1.80017196e+00 
 7.50100000e-07  9.52912066e-13  1.79991698e+00 
 7.50110000e-07  1.80000000e-01  1.80045990e+00 
 7.50130000e-07  5.40000000e-01  1.80160110e+00 
 7.50170000e-07  1.26000000e+00  1.80413640e+00 
 7.50200000e-07  1.80000000e+00  1.80602321e+00 
 7.50200522e-07  1.80000000e+00  1.80601829e+00 
 7.50201566e-07  1.80000000e+00  1.80600211e+00 
 7.50203653e-07  1.80000000e+00  1.80596321e+00 
 7.50207829e-07  1.80000000e+00  1.80590641e+00 
 7.50216179e-07  1.80000000e+00  1.80581315e+00 
 7.50232881e-07  1.80000000e+00  1.80564730e+00 
 7.50266283e-07  1.80000000e+00  1.80535972e+00 
 7.50333088e-07  1.80000000e+00  1.80491513e+00 
 7.50466698e-07  1.80000000e+00  1.80428560e+00 
 7.50644131e-07  1.80000000e+00  1.80367299e+00 
 7.50913877e-07  1.80000000e+00  1.80296163e+00 
 7.51453369e-07  1.80000000e+00  1.80344352e+00 
 7.52099316e-07  1.80000000e+00  1.80496611e+00 
 7.52800340e-07  1.80000000e+00  1.80352224e+00 
 7.53529543e-07  1.80000000e+00  1.80227660e+00 
 7.54426937e-07  1.80000000e+00  1.80170905e+00 
 7.55524946e-07  1.80000000e+00  1.80071539e+00 
 7.56675941e-07  1.80000000e+00  1.79885844e+00 
 7.57701420e-07  1.80000000e+00  1.79867531e+00 
 7.58795262e-07  1.80000000e+00  1.79978483e+00 
 7.59789992e-07  1.80000000e+00  1.79886279e+00 
 7.60837975e-07  1.80000000e+00  1.79926308e+00 
 7.62264454e-07  1.80000000e+00  1.79918213e+00 
 7.63776662e-07  1.80000000e+00  1.79945712e+00 
 7.66801080e-07  1.80000000e+00  1.79956092e+00 
 7.71904452e-07  1.80000000e+00  1.79986445e+00 
 7.79803319e-07  1.80000000e+00  1.79993548e+00 
 7.95118012e-07  1.80000000e+00  1.80008050e+00 
 8.19583472e-07  1.80000000e+00  1.80000564e+00 
 8.63765230e-07  1.80000000e+00  1.80006545e+00 
 9.43741072e-07  1.80000000e+00  1.79998427e+00 
 1.00000000e-06  1.80000000e+00  1.80004687e+00 
 1.00001000e-06  1.62000000e+00  1.79925023e+00 
 1.00003000e-06  1.26000000e+00  1.79775754e+00 
 1.00007000e-06  5.40000000e-01  1.79522549e+00 
 1.00010000e-06  0.00000000e+00  1.79369660e+00 
 1.00010052e-06  0.00000000e+00  1.79371058e+00 
 1.00010155e-06  0.00000000e+00  1.79374711e+00 
 1.00010362e-06  0.00000000e+00  1.79383058e+00 
 1.00010775e-06  0.00000000e+00  1.79397249e+00 
 1.00011602e-06  0.00000000e+00  1.79422564e+00 
 1.00013256e-06  0.00000000e+00  1.79468061e+00 
 1.00016564e-06  0.00000000e+00  1.79545356e+00 
 1.00023179e-06  0.00000000e+00  1.79658849e+00 
 1.00036410e-06  0.00000000e+00  1.79789567e+00 
 1.00056235e-06  0.00000000e+00  1.79877009e+00 
 1.00095885e-06  0.00000000e+00  1.79956975e+00 
 1.00146870e-06  0.00000000e+00  1.79980528e+00 
 1.00200570e-06  0.00000000e+00  1.79940820e+00 
 1.00275808e-06  0.00000000e+00  1.79803493e+00 
 1.00346213e-06  0.00000000e+00  1.79729019e+00 
 1.00419564e-06  0.00000000e+00  1.79866196e+00 
 1.00499323e-06  0.00000000e+00  1.80139894e+00 
 1.00587481e-06  0.00000000e+00  1.80195528e+00 
 1.00691250e-06  0.00000000e+00  1.80013538e+00 
 1.00773946e-06  0.00000000e+00  1.79951623e+00 
 1.00866576e-06  0.00000000e+00  1.79851299e+00 
 1.00966105e-06  0.00000000e+00  1.79855808e+00 
 1.01083766e-06  0.00000000e+00  1.79874196e+00 
 1.01249132e-06  0.00000000e+00  1.79892402e+00 
 1.01493259e-06  0.00000000e+00  1.79910328e+00 
 1.01836964e-06  0.00000000e+00  1.79925985e+00 
 1.02257406e-06  0.00000000e+00  1.79954445e+00 
 1.02578345e-06  0.00000000e+00  1.79942306e+00 
 1.02863731e-06  0.00000000e+00  1.79927376e+00 
 1.03083516e-06  0.00000000e+00  1.80126240e+00 
 1.03288429e-06  0.00000000e+00  1.80119475e+00 
 1.03523902e-06  0.00000000e+00  1.80083009e+00 
 1.03751147e-06  0.00000000e+00  1.80154329e+00 
 1.04006271e-06  0.00000000e+00  1.80136144e+00 
 1.04371393e-06  0.00000000e+00  1.80137061e+00 
 1.04820336e-06  0.00000000e+00  1.80102173e+00 
 1.05480896e-06  0.00000000e+00  1.80086041e+00 
 1.06174439e-06  0.00000000e+00  1.80054046e+00 
 1.06805684e-06  0.00000000e+00  1.80053896e+00 
 1.07415209e-06  0.00000000e+00  1.80041944e+00 
 1.08012727e-06  0.00000000e+00  1.80393101e+00 
 1.08484079e-06  0.00000000e+00  1.80551540e+00 
 1.08884251e-06  0.00000000e+00  1.80211543e+00 
 1.09315110e-06  0.00000000e+00  1.80081093e+00 
 1.09794217e-06  0.00000000e+00  1.80046040e+00 
 1.10486217e-06  0.00000000e+00  1.80034184e+00 
 1.11168146e-06  0.00000000e+00  1.80031681e+00 
 1.11804153e-06  0.00000000e+00  1.80030893e+00 
 1.12599766e-06  0.00000000e+00  1.80030782e+00 
 1.13642232e-06  0.00000000e+00  1.80030215e+00 
 1.15342027e-06  0.00000000e+00  1.80030368e+00 
 1.17953865e-06  0.00000000e+00  1.80027963e+00 
 1.22193297e-06  0.00000000e+00  1.80025369e+00 
 1.25010000e-06  0.00000000e+00  1.80020691e+00 
 1.25011000e-06  1.80000000e-01  1.80075381e+00 
 1.25013000e-06  5.40000000e-01  1.80190803e+00 
 1.25017000e-06  1.26000000e+00  1.80447887e+00 
 1.25020000e-06  1.80000000e+00  1.80639686e+00 
 1.25020052e-06  1.80000000e+00  1.80639238e+00 
 1.25020157e-06  1.80000000e+00  1.80637685e+00 
 1.25020365e-06  1.80000000e+00  1.80633871e+00 
 1.25020783e-06  1.80000000e+00  1.80628310e+00 
 1.25021618e-06  1.80000000e+00  1.80619146e+00 
 1.25023288e-06  1.80000000e+00  1.80602196e+00 
 1.25026628e-06  1.80000000e+00  1.80571393e+00 
 1.25033309e-06  1.80000000e+00  1.80522571e+00 
 1.25046669e-06  1.80000000e+00  1.80454770e+00 
 1.25064421e-06  1.80000000e+00  1.80392368e+00 
 1.25091420e-06  1.80000000e+00  1.80323077e+00 
 1.25145418e-06  1.80000000e+00  1.80358019e+00 
 1.25209998e-06  1.80000000e+00  1.80498294e+00 
 1.25287827e-06  1.80000000e+00  1.80340106e+00 
 1.25358176e-06  1.80000000e+00  1.80224184e+00 
 1.25454829e-06  1.80000000e+00  1.80137917e+00 
 1.25561179e-06  1.80000000e+00  1.80000538e+00 
 1.25650048e-06  1.80000000e+00  1.79942492e+00 
 1.25755259e-06  1.80000000e+00  1.79945638e+00 
 1.25868146e-06  1.80000000e+00  1.79957093e+00 
 1.25983480e-06  1.80000000e+00  1.79967094e+00 
 1.26128557e-06  1.80000000e+00  1.79980472e+00 
 1.26392357e-06  1.80000000e+00  1.79995407e+00 
 1.26729851e-06  1.80000000e+00  1.80010996e+00 
 1.27245132e-06  1.80000000e+00  1.80022354e+00 
 1.28275694e-06  1.80000000e+00  1.80032198e+00 
 1.29895646e-06  1.80000000e+00  1.80029625e+00 
 1.33123402e-06  1.80000000e+00  1.80021840e+00 
 1.39578915e-06  1.80000000e+00  1.80007127e+00 
 1.50000000e-06  1.80000000e+00  1.79998722e+00 
 1.50001000e-06  1.62000000e+00  1.79917826e+00 
 1.50003000e-06  1.26000000e+00  1.79766774e+00 
 1.50007000e-06  5.40000000e-01  1.79511587e+00 
 1.50010000e-06  0.00000000e+00  1.79357672e+00 
 1.50010052e-06  0.00000000e+00  1.79359123e+00 
 1.50010155e-06  0.00000000e+00  1.79362987e+00 
 1.50010362e-06  0.00000000e+00  1.79371562e+00 
 1.50010775e-06  0.00000000e+00  1.79385750e+00 
 1.50011602e-06  0.00000000e+00  1.79411192e+00 
 1.50013256e-06  0.00000000e+00  1.79457086e+00 
 1.50016564e-06  0.00000000e+00  1.79536110e+00 
 1.50023179e-06  0.00000000e+00  1.79652393e+00 
 1.50036410e-06  0.00000000e+00  1.79785138e+00 
 1.50056010e-06  0.00000000e+00  1.79871704e+00 
 1.50095210e-06  0.00000000e+00  1.79951174e+00 
 1.50145991e-06  0.00000000e+00  1.79979325e+00 
 1.50199577e-06  0.00000000e+00  1.79945565e+00 
 1.50274813e-06  0.00000000e+00  1.79814238e+00 
 1.50344363e-06  0.00000000e+00  1.79762886e+00 
 1.50417091e-06  0.00000000e+00  1.79880242e+00 
 1.50501095e-06  0.00000000e+00  1.80011466e+00 
 1.50592758e-06  0.00000000e+00  1.80060019e+00 
 1.50702154e-06  0.00000000e+00  1.80076247e+00 
 1.50801821e-06  0.00000000e+00  1.80095828e+00 
 1.50959104e-06  0.00000000e+00  1.80096027e+00 
 1.51122998e-06  0.00000000e+00  1.80092636e+00 
 1.51319510e-06  0.00000000e+00  1.80088158e+00 
 1.51480938e-06  0.00000000e+00  1.80086964e+00 
 1.51651996e-06  0.00000000e+00  1.80078018e+00 
 1.51883798e-06  0.00000000e+00  1.80049690e+00 
 1.52120989e-06  0.00000000e+00  1.80022287e+00 
 1.52516169e-06  0.00000000e+00  1.80001723e+00 
 1.53039845e-06  0.00000000e+00  1.79994782e+00 
 1.53850598e-06  0.00000000e+00  1.79995170e+00 
 1.55146264e-06  0.00000000e+00  1.79995977e+00 
 1.57418656e-06  0.00000000e+00  1.79997140e+00 
 1.61697682e-06  0.00000000e+00  1.79997396e+00 
 1.69214529e-06  0.00000000e+00  1.79998525e+00 
 1.75010000e-06  0.00000000e+00  1.79998507e+00 
 1.75011000e-06  1.80000000e-01  1.80051738e+00 
 1.75013000e-06  5.40000000e-01  1.80164579e+00 
 1.75017000e-06  1.26000000e+00  1.80418649e+00 
 1.75020000e-06  1.80000000e+00  1.80609825e+00 
 1.75020052e-06  1.80000000e+00  1.80609387e+00 
 1.75020157e-06  1.80000000e+00  1.80607866e+00 
 1.75020365e-06  1.80000000e+00  1.80604118e+00 
 1.75020783e-06  1.80000000e+00  1.80598675e+00 
 1.75021617e-06  1.80000000e+00  1.80589759e+00 
 1.75023287e-06  1.80000000e+00  1.80573375e+00 
 1.75026625e-06  1.80000000e+00  1.80543807e+00 
 1.75033303e-06  1.80000000e+00  1.80496854e+00 
 1.75046657e-06  1.80000000e+00  1.80430825e+00 
 1.75064400e-06  1.80000000e+00  1.80369160e+00 
 1.75091360e-06  1.80000000e+00  1.80300259e+00 
 1.75145281e-06  1.80000000e+00  1.80335752e+00 
 1.75209857e-06  1.80000000e+00  1.80477088e+00 
 1.75287621e-06  1.80000000e+00  1.80319378e+00 
 1.75357981e-06  1.80000000e+00  1.80206268e+00 
 1.75454018e-06  1.80000000e+00  1.80091185e+00 
 1.75560765e-06  1.80000000e+00  1.79846797e+00 
 1.75653027e-06  1.80000000e+00  1.79682401e+00 
 1.75761881e-06  1.80000000e+00  1.79706255e+00 
 1.75852790e-06  1.80000000e+00  1.79825860e+00 
 1.75951279e-06  1.80000000e+00  1.79966742e+00 
 1.76064365e-06  1.80000000e+00  1.80036785e+00 
 1.76188879e-06  1.80000000e+00  1.80026208e+00 
 1.76337847e-06  1.80000000e+00  1.80011469e+00 
 1.76497444e-06  1.80000000e+00  1.80012612e+00 
 1.76741496e-06  1.80000000e+00  1.80007421e+00 
 1.77003026e-06  1.80000000e+00  1.80006431e+00 
 1.77438805e-06  1.80000000e+00  1.80000755e+00 
 1.78310363e-06  1.80000000e+00  1.79999941e+00 
 1.79620706e-06  1.80000000e+00  1.79997179e+00 
 1.82183704e-06  1.80000000e+00  1.79999730e+00 
 1.86515292e-06  1.80000000e+00  1.79997933e+00 
 1.94189267e-06  1.80000000e+00  1.80000476e+00 
 2.00000000e-06  1.80000000e+00  1.79998497e+00 
 2.00001000e-06  1.62000000e+00  1.79917902e+00 
 2.00003000e-06  1.26000000e+00  1.79767248e+00 
 2.00007000e-06  5.40000000e-01  1.79511835e+00 
 2.00010000e-06  3.67639252e-12  1.79357764e+00 
 2.00010052e-06  0.00000000e+00  1.79359218e+00 
 2.00010155e-06  0.00000000e+00  1.79363083e+00 
 2.00010362e-06  0.00000000e+00  1.79371671e+00 
 2.00010775e-06  0.00000000e+00  1.79385898e+00 
 2.00011602e-06  0.00000000e+00  1.79411451e+00 
 2.00013256e-06  0.00000000e+00  1.79457588e+00 
 2.00016564e-06  0.00000000e+00  1.79536998e+00 
 2.00023179e-06  0.00000000e+00  1.79653769e+00 
 2.00036410e-06  0.00000000e+00  1.79787119e+00 
 2.00056018e-06  0.00000000e+00  1.79874370e+00 
 2.00095234e-06  0.00000000e+00  1.79953794e+00 
 2.00145997e-06  0.00000000e+00  1.79977266e+00 
 2.00199568e-06  0.00000000e+00  1.79936586e+00 
 2.00274788e-06  0.00000000e+00  1.79798285e+00 
 2.00344773e-06  0.00000000e+00  1.79784138e+00 
 2.00417873e-06  0.00000000e+00  1.80043701e+00 
 2.00497582e-06  0.00000000e+00  1.80240954e+00 
 2.00585755e-06  0.00000000e+00  1.80060777e+00 
 2.00660587e-06  0.00000000e+00  1.80008634e+00 
 2.00745729e-06  0.00000000e+00  1.80030149e+00 
 2.00819299e-06  0.00000000e+00  1.80054641e+00 
 2.00904001e-06  0.00000000e+00  1.80034326e+00 
 2.01010686e-06  0.00000000e+00  1.79996849e+00 
 2.01121607e-06  0.00000000e+00  1.79979729e+00 
 2.01323498e-06  0.00000000e+00  1.79944254e+00 
 2.01537269e-06  0.00000000e+00  1.79916358e+00 
 2.01760869e-06  0.00000000e+00  1.79815708e+00 
 2.01983358e-06  0.00000000e+00  1.79738838e+00 
 2.02193127e-06  0.00000000e+00  1.79736713e+00 
 2.02420300e-06  0.00000000e+00  1.79694642e+00 
 2.02601651e-06  0.00000000e+00  1.79681960e+00 
 2.02744629e-06  0.00000000e+00  1.79855855e+00 
 2.02898170e-06  0.00000000e+00  1.79989044e+00 
 2.03071199e-06  0.00000000e+00  1.79899273e+00 
 2.03260266e-06  0.00000000e+00  1.79906043e+00 
 2.03464758e-06  0.00000000e+00  1.79958109e+00 
 2.03766046e-06  0.00000000e+00  1.79979159e+00 
 2.04136869e-06  0.00000000e+00  1.79981104e+00 
 2.04878515e-06  0.00000000e+00  1.79965511e+00 
 2.05947349e-06  0.00000000e+00  1.79954947e+00 
 2.07821898e-06  0.00000000e+00  1.79951619e+00 
 2.11468795e-06  0.00000000e+00  1.79955913e+00 
 2.16907306e-06  0.00000000e+00  1.79966657e+00 
 2.23091454e-06  0.00000000e+00  1.79990609e+00 
 2.25010000e-06  0.00000000e+00  1.79995250e+00 
 2.25011000e-06  1.80000000e-01  1.80049682e+00 
 2.25013000e-06  5.40000000e-01  1.80163699e+00 
 2.25017000e-06  1.26000000e+00  1.80417110e+00 
 2.25020000e-06  1.80000000e+00  1.80607094e+00 
 2.25020052e-06  1.80000000e+00  1.80606632e+00 
 2.25020157e-06  1.80000000e+00  1.80605059e+00 
 2.25020365e-06  1.80000000e+00  1.80601203e+00 
 2.25020783e-06  1.80000000e+00  1.80595593e+00 
 2.25021617e-06  1.80000000e+00  1.80586456e+00 
 2.25023287e-06  1.80000000e+00  1.80569794e+00 
 2.25026625e-06  1.80000000e+00  1.80539949e+00 
 2.25033303e-06  1.80000000e+00  1.80493008e+00 
 2.25046658e-06  1.80000000e+00  1.80427544e+00 
 2.25064405e-06  1.80000000e+00  1.80366573e+00 
 2.25091377e-06  1.80000000e+00  1.80298322e+00 
 2.25145322e-06  1.80000000e+00  1.80334473e+00 
 2.25209886e-06  1.80000000e+00  1.80475838e+00 
 2.25287543e-06  1.80000000e+00  1.80319530e+00 
 2.25357928e-06  1.80000000e+00  1.80183685e+00 
 2.25454390e-06  1.80000000e+00  1.80021528e+00 
 2.25560815e-06  1.80000000e+00  1.79916550e+00 
 2.25657071e-06  1.80000000e+00  1.79923097e+00 
 2.25770244e-06  1.80000000e+00  1.79929910e+00 
 2.25877844e-06  1.80000000e+00  1.79938518e+00 
 2.26032264e-06  1.80000000e+00  1.79947966e+00 
 2.26243881e-06  1.80000000e+00  1.79958699e+00 
 2.26494912e-06  1.80000000e+00  1.79967842e+00 
 2.26888665e-06  1.80000000e+00  1.79979001e+00 
 2.27528057e-06  1.80000000e+00  1.79988635e+00 
 2.28631696e-06  1.80000000e+00  1.79996889e+00 
 2.30430302e-06  1.80000000e+00  1.80000346e+00 
 2.34027516e-06  1.80000000e+00  1.80003806e+00 
 2.40123124e-06  1.80000000e+00  1.80004693e+00 
 2.46649980e-06  1.80000000e+00  1.80004718e+00 
 2.50000000e-06  1.80000000e+00  1.80003561e+00 
 2.50001000e-06  1.62000000e+00  1.79922998e+00 
 2.50003000e-06  1.26000000e+00  1.79772538e+00 
 2.50007000e-06  5.40000000e-01  1.79517722e+00 
 2.50010000e-06  3.67639252e-12  1.79363795e+00 
 2.50010052e-06  0.00000000e+00  1.79365248e+00 
 2.50010155e-06  0.00000000e+00  1.79369115e+00 
 2.50010362e-06  0.00000000e+00  1.79377730e+00 
 2.50010775e-06  0.00000000e+00  1.79391954e+00 
 2.50011602e-06  0.00000000e+00  1.79417354e+00 
 2.50013256e-06  0.00000000e+00  1.79463191e+00 
 2.50016564e-06  0.00000000e+00  1.79542124e+00 
 2.50023180e-06  0.00000000e+00  1.79658302e+00 
 2.50036412e-06  0.00000000e+00  1.79791037e+00 
 2.50054755e-06  0.00000000e+00  1.79873341e+00 
 2.50091442e-06  0.00000000e+00  1.79951226e+00 
 2.50140882e-06  0.00000000e+00  1.79982979e+00 
 2.50193788e-06  0.00000000e+00  1.79952288e+00 
 2.50258717e-06  0.00000000e+00  1.79855603e+00 
 2.50327947e-06  0.00000000e+00  1.79805838e+00 
 2.50395113e-06  0.00000000e+00  1.79903502e+00 
 2.50470830e-06  0.00000000e+00  1.79998285e+00 
 2.50556930e-06  0.00000000e+00  1.80034683e+00 
 2.50642145e-06  0.00000000e+00  1.80064490e+00 
 2.50764946e-06  0.00000000e+00  1.80092776e+00 
 2.50888963e-06  0.00000000e+00  1.80099663e+00 
 2.51091168e-06  0.00000000e+00  1.80099714e+00 
 2.51240462e-06  0.00000000e+00  1.80100431e+00 
 2.51391825e-06  0.00000000e+00  1.80095744e+00 
 2.51550454e-06  0.00000000e+00  1.80080382e+00 
 2.51724073e-06  0.00000000e+00  1.80055156e+00 
 2.51902506e-06  0.00000000e+00  1.80033368e+00 
 2.52259371e-06  0.00000000e+00  1.80010585e+00 
 2.52725783e-06  0.00000000e+00  1.80000837e+00 
 2.53604373e-06  0.00000000e+00  1.79999001e+00 
 2.55141139e-06  0.00000000e+00  1.79999608e+00 
 2.57944938e-06  0.00000000e+00  1.80000152e+00 
 2.63552537e-06  0.00000000e+00  1.79999937e+00 
 2.74767735e-06  0.00000000e+00  1.80000131e+00 
 2.75010000e-06  0.00000000e+00  1.79999769e+00 
 2.75011000e-06  1.80000000e-01  1.80052958e+00 
 2.75013000e-06  5.40000000e-01  1.80165763e+00 
 2.75017000e-06  1.26000000e+00  1.80419602e+00 
 2.75020000e-06  1.80000000e+00  1.80610083e+00 
 2.75020052e-06  1.80000000e+00  1.80609637e+00 
 2.75020157e-06  1.80000000e+00  1.80608105e+00 
 2.75020365e-06  1.80000000e+00  1.80604342e+00 
 2.75020783e-06  1.80000000e+00  1.80598873e+00 
 2.75021617e-06  1.80000000e+00  1.80589922e+00 
 2.75023287e-06  1.80000000e+00  1.80573522e+00 
 2.75026626e-06  1.80000000e+00  1.80544014e+00 
 2.75033304e-06  1.80000000e+00  1.80497272e+00 
 2.75046660e-06  1.80000000e+00  1.80431560e+00 
 2.75064394e-06  1.80000000e+00  1.80370037e+00 
 2.75091332e-06  1.80000000e+00  1.80301094e+00 
 2.75145210e-06  1.80000000e+00  1.80337871e+00 
 2.75209787e-06  1.80000000e+00  1.80481847e+00 
 2.75287444e-06  1.80000000e+00  1.80330951e+00 
 2.75357796e-06  1.80000000e+00  1.80189251e+00 
 2.75455823e-06  1.80000000e+00  1.79934496e+00 
 2.75561816e-06  1.80000000e+00  1.79692531e+00 
 2.75657680e-06  1.80000000e+00  1.79701189e+00 
 2.75746944e-06  1.80000000e+00  1.79806940e+00 
 2.75843058e-06  1.80000000e+00  1.79953163e+00 
 2.75958272e-06  1.80000000e+00  1.80039545e+00 
 2.76081506e-06  1.80000000e+00  1.80035394e+00 
 2.76218975e-06  1.80000000e+00  1.80017470e+00 
 2.76376710e-06  1.80000000e+00  1.80018228e+00 
 2.76611005e-06  1.80000000e+00  1.80012027e+00 
 2.76871693e-06  1.80000000e+00  1.80010798e+00 
 2.77302894e-06  1.80000000e+00  1.80003526e+00 
 2.77999591e-06  1.80000000e+00  1.80002962e+00 
 2.79392983e-06  1.80000000e+00  1.79998684e+00 
 2.81837959e-06  1.80000000e+00  1.80001740e+00 
 2.86415048e-06  1.80000000e+00  1.79998981e+00 
 2.94973901e-06  1.80000000e+00  1.80001612e+00 
 3.00000000e-06  1.80000000e+00  1.79998776e+00 
 3.00001000e-06  1.62000000e+00  1.79918462e+00 
 3.00003000e-06  1.26000000e+00  1.79768175e+00 
 3.00007000e-06  5.40000000e-01  1.79512896e+00 
 3.00010000e-06  3.67639252e-12  1.79358839e+00 
 3.00010052e-06  0.00000000e+00  1.79360290e+00 
 3.00010155e-06  0.00000000e+00  1.79364151e+00 
 3.00010362e-06  0.00000000e+00  1.79372741e+00 
 3.00010775e-06  0.00000000e+00  1.79386967e+00 
 3.00011602e-06  0.00000000e+00  1.79412505e+00 
 3.00013256e-06  0.00000000e+00  1.79458619e+00 
 3.00016564e-06  0.00000000e+00  1.79537994e+00 
 3.00023180e-06  0.00000000e+00  1.79654761e+00 
 3.00036412e-06  0.00000000e+00  1.79788219e+00 
 3.00054769e-06  0.00000000e+00  1.79871283e+00 
 3.00091484e-06  0.00000000e+00  1.79949289e+00 
 3.00140883e-06  0.00000000e+00  1.79975346e+00 
 3.00193766e-06  0.00000000e+00  1.79934237e+00 
 3.00268622e-06  0.00000000e+00  1.79840709e+00 
 3.00337743e-06  0.00000000e+00  1.79927363e+00 
 3.00409208e-06  0.00000000e+00  1.80195302e+00 
 3.00485812e-06  0.00000000e+00  1.80127150e+00 
 3.00571628e-06  0.00000000e+00  1.80006260e+00 
 3.00652304e-06  0.00000000e+00  1.80019324e+00 
 3.00735300e-06  0.00000000e+00  1.80046338e+00 
 3.00810741e-06  0.00000000e+00  1.80054603e+00 
 3.00894896e-06  0.00000000e+00  1.80013683e+00 
 3.01008455e-06  0.00000000e+00  1.80001153e+00 
 3.01115408e-06  0.00000000e+00  1.79974309e+00 
 3.01302654e-06  0.00000000e+00  1.79960035e+00 
 3.01515211e-06  0.00000000e+00  1.79907991e+00 
 3.01680345e-06  0.00000000e+00  1.79843037e+00 
 3.01863036e-06  0.00000000e+00  1.79791716e+00 
 3.02047568e-06  0.00000000e+00  1.79774304e+00 
 3.02249050e-06  0.00000000e+00  1.79684379e+00 
 3.02397375e-06  0.00000000e+00  1.79759538e+00 
 3.02539942e-06  0.00000000e+00  1.79986081e+00 
 3.02672766e-06  0.00000000e+00  1.79994995e+00 
 3.02818244e-06  0.00000000e+00  1.79913924e+00 
 3.02986651e-06  0.00000000e+00  1.79942002e+00 
 3.03174121e-06  0.00000000e+00  1.79977188e+00 
 3.03449158e-06  0.00000000e+00  1.79998004e+00 
 3.03796373e-06  0.00000000e+00  1.79996862e+00 
 3.04490802e-06  0.00000000e+00  1.79986303e+00 
 3.05587531e-06  0.00000000e+00  1.79977218e+00 
 3.07590941e-06  0.00000000e+00  1.79983692e+00 
 3.09433898e-06  0.00000000e+00  1.79988144e+00 
 3.11567616e-06  0.00000000e+00  1.79995205e+00 
 3.13263854e-06  0.00000000e+00  1.79604892e+00 
 3.14358036e-06  0.00000000e+00  1.80031589e+00 
 3.15381884e-06  0.00000000e+00  1.80041604e+00 
 3.16502512e-06  0.00000000e+00  1.79965692e+00 
 3.18244125e-06  0.00000000e+00  1.80048973e+00 
 3.20052781e-06  0.00000000e+00  1.79967791e+00 
 3.23418513e-06  0.00000000e+00  1.80044007e+00 
 3.25010000e-06  0.00000000e+00  1.79967752e+00 
 3.25011000e-06  1.80000000e-01  1.80021708e+00 
 3.25013000e-06  5.40000000e-01  1.80136700e+00 
 3.25017000e-06  1.26000000e+00  1.80395695e+00 
 3.25020000e-06  1.80000000e+00  1.80589286e+00 
 3.25020052e-06  1.80000000e+00  1.80588900e+00 
 3.25020157e-06  1.80000000e+00  1.80587506e+00 
 3.25020365e-06  1.80000000e+00  1.80584074e+00 
 3.25020783e-06  1.80000000e+00  1.80579244e+00 
 3.25021617e-06  1.80000000e+00  1.80571426e+00 
 3.25023287e-06  1.80000000e+00  1.80557031e+00 
 3.25026626e-06  1.80000000e+00  1.80530576e+00 
 3.25033304e-06  1.80000000e+00  1.80487637e+00 
 3.25046660e-06  1.80000000e+00  1.80425652e+00 
 3.25064411e-06  1.80000000e+00  1.80366187e+00 
 3.25091398e-06  1.80000000e+00  1.80296846e+00 
 3.25145373e-06  1.80000000e+00  1.80339689e+00 
 3.25209938e-06  1.80000000e+00  1.80517373e+00 
 3.25287457e-06  1.80000000e+00  1.80418738e+00 
 3.25357872e-06  1.80000000e+00  1.80343667e+00 
 3.25454699e-06  1.80000000e+00  1.80243924e+00 
 3.25560983e-06  1.80000000e+00  1.80072555e+00 
 3.25649469e-06  1.80000000e+00  1.79992078e+00 
 3.25745941e-06  1.80000000e+00  1.79949064e+00 
 3.25844069e-06  1.80000000e+00  1.79940424e+00 
 3.25979114e-06  1.80000000e+00  1.79949633e+00 
 3.26120620e-06  1.80000000e+00  1.79957471e+00 
 3.26384527e-06  1.80000000e+00  1.79971722e+00 
 3.26709807e-06  1.80000000e+00  1.79982918e+00 
 3.27225188e-06  1.80000000e+00  1.79994747e+00 
 3.28255950e-06  1.80000000e+00  1.80003592e+00 
 3.29848785e-06  1.80000000e+00  1.80005973e+00 
 3.32999380e-06  1.80000000e+00  1.80004292e+00 
 3.39300572e-06  1.80000000e+00  1.80002771e+00 
 3.50000000e-06  1.80000000e+00  1.80000982e+00 
 3.50001000e-06  1.62000000e+00  1.79920946e+00 
 3.50003000e-06  1.26000000e+00  1.79771122e+00 
 3.50007000e-06  5.40000000e-01  1.79515503e+00 
 3.50010000e-06  3.67639252e-12  1.79360580e+00 
 3.50010052e-06  0.00000000e+00  1.79361997e+00 
 3.50010155e-06  0.00000000e+00  1.79365763e+00 
 3.50010362e-06  0.00000000e+00  1.79374078e+00 
 3.50010775e-06  0.00000000e+00  1.79387787e+00 
 3.50011602e-06  0.00000000e+00  1.79412554e+00 
 3.50013256e-06  0.00000000e+00  1.79457602e+00 
 3.50016564e-06  0.00000000e+00  1.79536136e+00 
 3.50023179e-06  0.00000000e+00  1.79653611e+00 
 3.50036410e-06  0.00000000e+00  1.79790023e+00 
 3.50054719e-06  0.00000000e+00  1.79876542e+00 
 3.50091338e-06  0.00000000e+00  1.79955118e+00 
 3.50140988e-06  0.00000000e+00  1.79945725e+00 
 3.50193887e-06  0.00000000e+00  1.79838342e+00 
 3.50268950e-06  0.00000000e+00  1.79661018e+00 
 3.50337376e-06  0.00000000e+00  1.79655505e+00 
 3.50409388e-06  0.00000000e+00  1.79851139e+00 
 3.50490261e-06  0.00000000e+00  1.79991197e+00 
 3.50579452e-06  0.00000000e+00  1.80017826e+00 
 3.50678707e-06  0.00000000e+00  1.80043200e+00 
 3.50794938e-06  0.00000000e+00  1.80060767e+00 
 3.50966402e-06  0.00000000e+00  1.80060372e+00 
 3.51110106e-06  0.00000000e+00  1.80064642e+00 
 3.51274626e-06  0.00000000e+00  1.80057109e+00 
 3.51448002e-06  0.00000000e+00  1.80044425e+00 
 3.51625091e-06  0.00000000e+00  1.80026620e+00 
 3.51804182e-06  0.00000000e+00  1.80015579e+00 
 3.52065774e-06  0.00000000e+00  1.80005710e+00 
 3.52342003e-06  0.00000000e+00  1.80001884e+00 
 3.52837938e-06  0.00000000e+00  1.79998503e+00 
 3.53563130e-06  0.00000000e+00  1.79998565e+00 
 3.54783515e-06  0.00000000e+00  1.79998274e+00 
 3.56962765e-06  0.00000000e+00  1.79999191e+00 
 3.60615265e-06  0.00000000e+00  1.79998937e+00 
 3.67284040e-06  0.00000000e+00  1.79999773e+00 
 3.75010000e-06  0.00000000e+00  1.79999333e+00 
 3.75011000e-06  1.80000000e-01  1.80052258e+00 
 3.75013000e-06  5.40000000e-01  1.80164632e+00 
 3.75017000e-06  1.26000000e+00  1.80418284e+00 
 3.75020000e-06  1.80000000e+00  1.80608567e+00 
 3.75020052e-06  1.80000000e+00  1.80608128e+00 
 3.75020157e-06  1.80000000e+00  1.80606634e+00 
 3.75020365e-06  1.80000000e+00  1.80603020e+00 
 3.75020783e-06  1.80000000e+00  1.80597831e+00 
 3.75021617e-06  1.80000000e+00  1.80589267e+00 
 3.75023287e-06  1.80000000e+00  1.80573435e+00 
 3.75026625e-06  1.80000000e+00  1.80544386e+00 
 3.75033303e-06  1.80000000e+00  1.80497170e+00 
 3.75046657e-06  1.80000000e+00  1.80429339e+00 
 3.75064396e-06  1.80000000e+00  1.80365778e+00 
 3.75091359e-06  1.80000000e+00  1.80293846e+00 
 3.75145285e-06  1.80000000e+00  1.80335906e+00 
 3.75210498e-06  1.80000000e+00  1.80514835e+00 
 3.75287630e-06  1.80000000e+00  1.80416882e+00 
 3.75358343e-06  1.80000000e+00  1.80340789e+00 
 3.75454455e-06  1.80000000e+00  1.80242513e+00 
 3.75560640e-06  1.80000000e+00  1.80078816e+00 
 3.75650947e-06  1.80000000e+00  1.79999930e+00 
 3.75748358e-06  1.80000000e+00  1.79946421e+00 
 3.75841748e-06  1.80000000e+00  1.79929780e+00 
 3.75942265e-06  1.80000000e+00  1.79937006e+00 
 3.76059459e-06  1.80000000e+00  1.79942776e+00 
 3.76293847e-06  1.80000000e+00  1.79958198e+00 
 3.76605167e-06  1.80000000e+00  1.79970408e+00 
 3.77051929e-06  1.80000000e+00  1.79983764e+00 
 3.77830787e-06  1.80000000e+00  1.79993311e+00 
 3.79388502e-06  1.80000000e+00  1.80000086e+00 
 3.82368929e-06  1.80000000e+00  1.79999552e+00 
 3.88329782e-06  1.80000000e+00  1.80000526e+00 
 4.00000000e-06  1.80000000e+00  1.79999581e+00 
 4.00001000e-06  1.62000000e+00  1.79919501e+00 
 4.00003000e-06  1.26000000e+00  1.79769677e+00 
 4.00007000e-06  5.40000000e-01  1.79514007e+00 
 4.00010000e-06  0.00000000e+00  1.79359083e+00 
 4.00010052e-06  0.00000000e+00  1.79360506e+00 
 4.00010155e-06  0.00000000e+00  1.79364284e+00 
 4.00010362e-06  0.00000000e+00  1.79372607e+00 
 4.00010775e-06  0.00000000e+00  1.79386314e+00 
 4.00011602e-06  0.00000000e+00  1.79411105e+00 
 4.00013256e-06  0.00000000e+00  1.79456219e+00 
 4.00016564e-06  0.00000000e+00  1.79534897e+00 
 4.00023179e-06  0.00000000e+00  1.79652654e+00 
 4.00036410e-06  0.00000000e+00  1.79789556e+00 
 4.00054733e-06  0.00000000e+00  1.79876435e+00 
 4.00091380e-06  0.00000000e+00  1.79954927e+00 
 4.00141080e-06  0.00000000e+00  1.79944212e+00 
 4.00193984e-06  0.00000000e+00  1.79836527e+00 
 4.00268911e-06  0.00000000e+00  1.79662670e+00 
 4.00337298e-06  0.00000000e+00  1.79654042e+00 
 4.00409141e-06  0.00000000e+00  1.79834054e+00 
 4.00487643e-06  0.00000000e+00  1.79954754e+00 
 4.00574916e-06  0.00000000e+00  1.79958105e+00 
 4.00657361e-06  0.00000000e+00  1.79951761e+00 
 4.00742786e-06  0.00000000e+00  1.79954321e+00 
 4.00839552e-06  0.00000000e+00  1.79945168e+00 
 4.00934087e-06  0.00000000e+00  1.79939249e+00 
 4.01034778e-06  0.00000000e+00  1.79932428e+00 
 4.01179486e-06  0.00000000e+00  1.79926447e+00 
 4.01327659e-06  0.00000000e+00  1.79921261e+00 
 4.01574805e-06  0.00000000e+00  1.79923995e+00 
 4.01842706e-06  0.00000000e+00  1.79942997e+00 
 4.02085398e-06  0.00000000e+00  1.79965286e+00 
 4.02344396e-06  0.00000000e+00  1.79897609e+00 
 4.02536840e-06  0.00000000e+00  1.79944198e+00 
 4.02720532e-06  0.00000000e+00  1.80125929e+00 
 4.02885083e-06  0.00000000e+00  1.80037202e+00 
 4.03062575e-06  0.00000000e+00  1.79975268e+00 
 4.03274161e-06  0.00000000e+00  1.80011210e+00 
 4.03535842e-06  0.00000000e+00  1.80018882e+00 
 4.03854180e-06  0.00000000e+00  1.80017716e+00 
 4.04370737e-06  0.00000000e+00  1.80010142e+00 
 4.04880306e-06  0.00000000e+00  1.80132141e+00 
 4.05415374e-06  0.00000000e+00  1.80636622e+00 
 4.05804767e-06  0.00000000e+00  1.80288760e+00 
 4.06218218e-06  0.00000000e+00  1.80055447e+00 
 4.06673072e-06  0.00000000e+00  1.80024808e+00 
 4.07166712e-06  0.00000000e+00  1.79982830e+00 
 4.07878188e-06  0.00000000e+00  1.79988555e+00 
 4.08535499e-06  0.00000000e+00  1.79969973e+00 
 4.09334673e-06  0.00000000e+00  1.79984664e+00 
 4.10093750e-06  0.00000000e+00  1.79973399e+00 
 4.11611905e-06  0.00000000e+00  1.79993527e+00 
 4.13561225e-06  0.00000000e+00  1.79985877e+00 
 4.16586482e-06  0.00000000e+00  1.80003145e+00 
 4.22104289e-06  0.00000000e+00  1.79991408e+00 
 4.25010000e-06  6.67038446e-12  1.80005147e+00 
 4.25011000e-06  1.80000000e-01  1.80057494e+00 
 4.25013000e-06  5.40000000e-01  1.80168687e+00 
 4.25017000e-06  1.26000000e+00  1.80419850e+00 
 4.25020000e-06  1.80000000e+00  1.80608618e+00 
 4.25020052e-06  1.80000000e+00  1.80608150e+00 
 4.25020156e-06  1.80000000e+00  1.80606582e+00 
 4.25020365e-06  1.80000000e+00  1.80602765e+00 
 4.25020782e-06  1.80000000e+00  1.80597208e+00 
 4.25021617e-06  1.80000000e+00  1.80588103e+00 
 4.25023286e-06  1.80000000e+00  1.80571477e+00 
 4.25026624e-06  1.80000000e+00  1.80541729e+00 
 4.25033300e-06  1.80000000e+00  1.80494929e+00 
 4.25041613e-06  1.80000000e+00  1.80451777e+00 
 4.25058237e-06  1.80000000e+00  1.80388331e+00 
 4.25076973e-06  1.80000000e+00  1.80331973e+00 
 4.25108602e-06  1.80000000e+00  1.80286746e+00 
 4.25171861e-06  1.80000000e+00  1.80418732e+00 
 4.25234039e-06  1.80000000e+00  1.80440370e+00 
 4.25303856e-06  1.80000000e+00  1.80281488e+00 
 4.25377629e-06  1.80000000e+00  1.80161785e+00 
 4.25472251e-06  1.80000000e+00  1.79996737e+00 
 4.25550808e-06  1.80000000e+00  1.79919507e+00 
 4.25640978e-06  1.80000000e+00  1.79921130e+00 
 4.25729908e-06  1.80000000e+00  1.79925817e+00 
 4.25824428e-06  1.80000000e+00  1.79932151e+00 
 4.25980619e-06  1.80000000e+00  1.79944114e+00 
 4.26135245e-06  1.80000000e+00  1.79952620e+00 
 4.26398095e-06  1.80000000e+00  1.79964967e+00 
 4.26727538e-06  1.80000000e+00  1.79975573e+00 
 4.27243679e-06  1.80000000e+00  1.79986164e+00 
 4.28275960e-06  1.80000000e+00  1.79995245e+00 
 4.30340524e-06  1.80000000e+00  1.79998734e+00 
 4.34469650e-06  1.80000000e+00  1.79998802e+00 
 4.42727903e-06  1.80000000e+00  1.79999537e+00 
 4.50000000e-06  1.80000000e+00  1.79999602e+00 
 4.50001000e-06  1.62000000e+00  1.79919170e+00 
 4.50003000e-06  1.26000000e+00  1.79769128e+00 
 4.50007000e-06  5.40000000e-01  1.79514612e+00 
 4.50010000e-06  0.00000000e+00  1.79360668e+00 
 4.50010052e-06  0.00000000e+00  1.79362114e+00 
 4.50010155e-06  0.00000000e+00  1.79365957e+00 
 4.50010362e-06  0.00000000e+00  1.79374494e+00 
 4.50010775e-06  0.00000000e+00  1.79388583e+00 
 4.50011602e-06  0.00000000e+00  1.79413816e+00 
 4.50013256e-06  0.00000000e+00  1.79459392e+00 
 4.50016564e-06  0.00000000e+00  1.79537991e+00 
 4.50023180e-06  0.00000000e+00  1.79653947e+00 
 4.50036412e-06  0.00000000e+00  1.79786744e+00 
 4.50062877e-06  0.00000000e+00  1.79895216e+00 
 4.50109506e-06  0.00000000e+00  1.79970539e+00 
 4.50175538e-06  0.00000000e+00  1.79970352e+00 
 4.50246878e-06  0.00000000e+00  1.79871824e+00 
 4.50308432e-06  0.00000000e+00  1.79772635e+00 
 4.50385287e-06  0.00000000e+00  1.79856078e+00 
 4.50481460e-06  0.00000000e+00  1.80005460e+00 
 4.50576304e-06  0.00000000e+00  1.80052744e+00 
 4.50670667e-06  0.00000000e+00  1.80077780e+00 
 4.50793160e-06  0.00000000e+00  1.80101654e+00 
 4.50934620e-06  0.00000000e+00  1.80100336e+00 
 4.51104648e-06  0.00000000e+00  1.80104642e+00 
 4.51238184e-06  0.00000000e+00  1.80099902e+00 
 4.51382746e-06  0.00000000e+00  1.80089737e+00 
 4.51526118e-06  0.00000000e+00  1.80068525e+00 
 4.51696905e-06  0.00000000e+00  1.80044182e+00 
 4.51877089e-06  0.00000000e+00  1.80026188e+00 
 4.52206228e-06  0.00000000e+00  1.80008338e+00 
 4.52684466e-06  0.00000000e+00  1.79999777e+00 
 4.53574953e-06  0.00000000e+00  1.79997247e+00 
 4.55256039e-06  0.00000000e+00  1.79998267e+00 
 4.58209559e-06  0.00000000e+00  1.79998453e+00 
 4.64116600e-06  0.00000000e+00  1.79999233e+00 
 4.75010000e-06  6.67038446e-12  1.79999358e+00 
 4.75011000e-06  1.80000000e-01  1.80052619e+00 
 4.75013000e-06  5.40000000e-01  1.80165134e+00 
 4.75017000e-06  1.26000000e+00  1.80418202e+00 
 4.75020000e-06  1.80000000e+00  1.80608071e+00 
 4.75020052e-06  1.80000000e+00  1.80607623e+00 
 4.75020156e-06  1.80000000e+00  1.80606106e+00 
 4.75020365e-06  1.80000000e+00  1.80602400e+00 
 4.75020782e-06  1.80000000e+00  1.80597022e+00 
 4.75021617e-06  1.80000000e+00  1.80588215e+00 
 4.75023286e-06  1.80000000e+00  1.80572110e+00 
 4.75026624e-06  1.80000000e+00  1.80543132e+00 
 4.75033300e-06  1.80000000e+00  1.80496932e+00 
 4.75041520e-06  1.80000000e+00  1.80454083e+00 
 4.75057959e-06  1.80000000e+00  1.80390412e+00 
 4.75076669e-06  1.80000000e+00  1.80333227e+00 
 4.75108036e-06  1.80000000e+00  1.80286828e+00 
 4.75170771e-06  1.80000000e+00  1.80417175e+00 
 4.75233249e-06  1.80000000e+00  1.80445789e+00 
 4.75303018e-06  1.80000000e+00  1.80293908e+00 
 4.75376566e-06  1.80000000e+00  1.80157558e+00 
 4.75470807e-06  1.80000000e+00  1.79891495e+00 
 4.75553599e-06  1.80000000e+00  1.79697128e+00 
 4.75647127e-06  1.80000000e+00  1.79687676e+00 
 4.75728841e-06  1.80000000e+00  1.79777900e+00 
 4.75818306e-06  1.80000000e+00  1.79915769e+00 
 4.75920513e-06  1.80000000e+00  1.80022530e+00 
 4.76034087e-06  1.80000000e+00  1.80040528e+00 
 4.76176002e-06  1.80000000e+00  1.80020228e+00 
 4.76323279e-06  1.80000000e+00  1.80015786e+00 
 4.76561132e-06  1.80000000e+00  1.80012839e+00 
 4.76812536e-06  1.80000000e+00  1.80009187e+00 
 4.77189569e-06  1.80000000e+00  1.80004427e+00 
 4.77707664e-06  1.80000000e+00  1.80001948e+00 
 4.78743854e-06  1.80000000e+00  1.79999314e+00 
 4.80816233e-06  1.80000000e+00  1.79999991e+00 
 4.84960991e-06  1.80000000e+00  1.79999612e+00 
 4.93250508e-06  1.80000000e+00  1.80000250e+00 
 5.00000000e-06  1.80000000e+00  1.79999668e+00 
 5.00001000e-06  1.62000000e+00  1.79919382e+00 
 5.00003000e-06  1.26000000e+00  1.79769375e+00 
 5.00007000e-06  5.40000000e-01  1.79514340e+00 
 5.00010000e-06  0.00000000e+00  1.79360233e+00 
 5.00010052e-06  0.00000000e+00  1.79361679e+00 
 5.00010155e-06  0.00000000e+00  1.79365522e+00 
 5.00010362e-06  0.00000000e+00  1.79374060e+00 
 5.00010775e-06  0.00000000e+00  1.79388180e+00 
 5.00011602e-06  0.00000000e+00  1.79413523e+00 
 5.00013256e-06  0.00000000e+00  1.79459306e+00 
 5.00016564e-06  0.00000000e+00  1.79538231e+00 
 5.00023179e-06  0.00000000e+00  1.79654570e+00 
 5.00036409e-06  0.00000000e+00  1.79787834e+00 
 5.00062870e-06  0.00000000e+00  1.79896875e+00 
 5.00109426e-06  0.00000000e+00  1.79972306e+00 
 5.00175484e-06  0.00000000e+00  1.79966090e+00 
 5.00246763e-06  0.00000000e+00  1.79853526e+00 
 5.00308785e-06  0.00000000e+00  1.79783203e+00 
 5.00385395e-06  0.00000000e+00  1.80027666e+00 
 5.00470960e-06  0.00000000e+00  1.80223827e+00 
 5.00559547e-06  0.00000000e+00  1.80031970e+00 
 5.00636327e-06  0.00000000e+00  1.80006117e+00 
 5.00717149e-06  0.00000000e+00  1.80028039e+00 
 5.00788062e-06  0.00000000e+00  1.80054792e+00 
 5.00868467e-06  0.00000000e+00  1.80026630e+00 
 5.00965119e-06  0.00000000e+00  1.80001034e+00 
 5.01074255e-06  0.00000000e+00  1.79981446e+00 
 5.01292528e-06  0.00000000e+00  1.79949558e+00 
 5.01508746e-06  0.00000000e+00  1.79917610e+00 
 5.01735974e-06  0.00000000e+00  1.79834107e+00 
 5.01947640e-06  0.00000000e+00  1.79783811e+00 
 5.02163303e-06  0.00000000e+00  1.79809293e+00 
 5.02397306e-06  0.00000000e+00  1.79814496e+00 
 5.02620661e-06  0.00000000e+00  1.79758069e+00 
 5.02790551e-06  0.00000000e+00  1.79867447e+00 
 5.02950723e-06  0.00000000e+00  1.80041437e+00 
 5.03109249e-06  0.00000000e+00  1.79930183e+00 
 5.03274621e-06  0.00000000e+00  1.79892050e+00 
 5.03464703e-06  0.00000000e+00  1.79930590e+00 
 5.03790901e-06  0.00000000e+00  1.79970042e+00 
 5.04088935e-06  0.00000000e+00  1.79986641e+00 
 5.04685003e-06  0.00000000e+00  1.80014312e+00 
 5.05575853e-06  0.00000000e+00  1.80023434e+00 
 5.06957476e-06  0.00000000e+00  1.80015329e+00 
 5.08620518e-06  0.00000000e+00  1.80002810e+00 
 5.10405377e-06  0.00000000e+00  1.80004034e+00 
 5.12244693e-06  0.00000000e+00  1.79999785e+00 
 5.15459454e-06  0.00000000e+00  1.80001603e+00 
 5.18617734e-06  0.00000000e+00  1.79999229e+00 
 5.20388020e-06  0.00000000e+00  1.80001033e+00 
 5.23335853e-06  0.00000000e+00  1.79999217e+00 
 5.25010000e-06  6.67038446e-12  1.80000786e+00 
 5.25011000e-06  1.80000000e-01  1.80055088e+00 
 5.25013000e-06  5.40000000e-01  1.80168650e+00 
 5.25017000e-06  1.26000000e+00  1.80420561e+00 
 5.25020000e-06  1.80000000e+00  1.80609136e+00 
 5.25020052e-06  1.80000000e+00  1.80608666e+00 
 5.25020157e-06  1.80000000e+00  1.80607095e+00 
 5.25020365e-06  1.80000000e+00  1.80603274e+00 
 5.25020783e-06  1.80000000e+00  1.80597722e+00 
 5.25021618e-06  1.80000000e+00  1.80588677e+00 
 5.25023288e-06  1.80000000e+00  1.80572183e+00 
 5.25026628e-06  1.80000000e+00  1.80542701e+00 
 5.25033309e-06  1.80000000e+00  1.80496295e+00 
 5.25041600e-06  1.80000000e+00  1.80453391e+00 
 5.25058183e-06  1.80000000e+00  1.80389963e+00 
 5.25076460e-06  1.80000000e+00  1.80334587e+00 
 5.25108311e-06  1.80000000e+00  1.80288137e+00 
 5.25172014e-06  1.80000000e+00  1.80419888e+00 
 5.25234397e-06  1.80000000e+00  1.80439900e+00 
 5.25304813e-06  1.80000000e+00  1.80279147e+00 
 5.25378555e-06  1.80000000e+00  1.80180124e+00 
 5.25473205e-06  1.80000000e+00  1.80070332e+00 
 5.25576394e-06  1.80000000e+00  1.79935575e+00 
 5.25651103e-06  1.80000000e+00  1.79909714e+00 
 5.25739362e-06  1.80000000e+00  1.79923374e+00 
 5.25836016e-06  1.80000000e+00  1.79926856e+00 
 5.25948853e-06  1.80000000e+00  1.79939891e+00 
 5.26068955e-06  1.80000000e+00  1.79946385e+00 
 5.26309159e-06  1.80000000e+00  1.79961171e+00 
 5.26619733e-06  1.80000000e+00  1.79972559e+00 
 5.27069524e-06  1.80000000e+00  1.79985279e+00 
 5.27926973e-06  1.80000000e+00  1.79995084e+00 
 5.29641871e-06  1.80000000e+00  1.80001013e+00 
 5.33071668e-06  1.80000000e+00  1.80000006e+00 
 5.39931261e-06  1.80000000e+00  1.80000824e+00 
 5.50000000e-06  1.80000000e+00  1.79999723e+00 
 5.50001000e-06  1.62000000e+00  1.79919413e+00 
 5.50003000e-06  1.26000000e+00  1.79769642e+00 
 5.50007000e-06  5.40000000e-01  1.79515301e+00 
 5.50010000e-06  0.00000000e+00  1.79361315e+00 
 5.50010052e-06  0.00000000e+00  1.79362767e+00 
 5.50010155e-06  0.00000000e+00  1.79366627e+00 
 5.50010362e-06  0.00000000e+00  1.79375199e+00 
 5.50010775e-06  0.00000000e+00  1.79389320e+00 
 5.50011602e-06  0.00000000e+00  1.79414554e+00 
 5.50013256e-06  0.00000000e+00  1.79460106e+00 
 5.50016564e-06  0.00000000e+00  1.79538655e+00 
 5.50023180e-06  0.00000000e+00  1.79654531e+00 
 5.50036412e-06  0.00000000e+00  1.79787261e+00 
 5.50062877e-06  0.00000000e+00  1.79895717e+00 
 5.50109537e-06  0.00000000e+00  1.79971224e+00 
 5.50175554e-06  0.00000000e+00  1.79972899e+00 
 5.50246766e-06  0.00000000e+00  1.79877608e+00 
 5.50308213e-06  0.00000000e+00  1.79758706e+00 
 5.50385064e-06  0.00000000e+00  1.79809379e+00 
 5.50481026e-06  0.00000000e+00  1.79988395e+00 
 5.50576080e-06  0.00000000e+00  1.80063238e+00 
 5.50670153e-06  0.00000000e+00  1.80077665e+00 
 5.50777558e-06  0.00000000e+00  1.80102442e+00 
 5.50921344e-06  0.00000000e+00  1.80104744e+00 
 5.51077493e-06  0.00000000e+00  1.80102200e+00 
 5.51230483e-06  0.00000000e+00  1.80100975e+00 
 5.51365144e-06  0.00000000e+00  1.80096964e+00 
 5.51516270e-06  0.00000000e+00  1.80087098e+00 
 5.51685430e-06  0.00000000e+00  1.80062810e+00 
 5.51860253e-06  0.00000000e+00  1.80039218e+00 
 5.52209898e-06  0.00000000e+00  1.80011317e+00 
 5.52699835e-06  0.00000000e+00  1.79999291e+00 
 5.53673434e-06  0.00000000e+00  1.79996632e+00 
 5.55412550e-06  0.00000000e+00  1.79998424e+00 
 5.58544535e-06  0.00000000e+00  1.79998487e+00 
 5.64627579e-06  0.00000000e+00  1.79999408e+00 
 5.75010000e-06  6.67038446e-12  1.79999329e+00 
 5.75011000e-06  1.80000000e-01  1.80052536e+00 
 5.75013000e-06  5.40000000e-01  1.80165084e+00 
 5.75017000e-06  1.26000000e+00  1.80418137e+00 
 5.75020000e-06  1.80000000e+00  1.80607821e+00 
 5.75020052e-06  1.80000000e+00  1.80607371e+00 
 5.75020157e-06  1.80000000e+00  1.80605849e+00 
 5.75020365e-06  1.80000000e+00  1.80602138e+00 
 5.75020783e-06  1.80000000e+00  1.80596757e+00 
 5.75021617e-06  1.80000000e+00  1.80587967e+00 
 5.75023287e-06  1.80000000e+00  1.80571879e+00 
 5.75026626e-06  1.80000000e+00  1.80542937e+00 
 5.75033305e-06  1.80000000e+00  1.80496855e+00 
 5.75041492e-06  1.80000000e+00  1.80454293e+00 
 5.75057865e-06  1.80000000e+00  1.80390906e+00 
 5.75076545e-06  1.80000000e+00  1.80333662e+00 
 5.75107820e-06  1.80000000e+00  1.80286971e+00 
 5.75170371e-06  1.80000000e+00  1.80415447e+00 
 5.75232947e-06  1.80000000e+00  1.80443933e+00 
 5.75302689e-06  1.80000000e+00  1.80286347e+00 
 5.75376136e-06  1.80000000e+00  1.80189755e+00 
 5.75470226e-06  1.80000000e+00  1.80034638e+00 
 5.75572876e-06  1.80000000e+00  1.79768820e+00 
 5.75648417e-06  1.80000000e+00  1.79667998e+00 
 5.75736383e-06  1.80000000e+00  1.79710633e+00 
 5.75836032e-06  1.80000000e+00  1.79838612e+00 
 5.75928336e-06  1.80000000e+00  1.79973519e+00 
 5.76039947e-06  1.80000000e+00  1.80036620e+00 
 5.76161927e-06  1.80000000e+00  1.80028102e+00 
 5.76311057e-06  1.80000000e+00  1.80012429e+00 
 5.76466325e-06  1.80000000e+00  1.80014373e+00 
 5.76685492e-06  1.80000000e+00  1.80008885e+00 
 5.76933108e-06  1.80000000e+00  1.80008615e+00 
 5.77352344e-06  1.80000000e+00  1.80002110e+00 
 5.78111600e-06  1.80000000e+00  1.80001922e+00 
 5.79272277e-06  1.80000000e+00  1.79998188e+00 
 5.81409654e-06  1.80000000e+00  1.80001176e+00 
 5.84926239e-06  1.80000000e+00  1.79998556e+00 
 5.90994507e-06  1.80000000e+00  1.80001348e+00 
 6.00000000e-06  1.80000000e+00  1.79998622e+00 
 6.00001000e-06  1.62000000e+00  1.79918573e+00 
 6.00003000e-06  1.26000000e+00  1.79769019e+00 
 6.00007000e-06  5.40000000e-01  1.79514335e+00 
 6.00010000e-06  0.00000000e+00  1.79360242e+00 
 6.00010052e-06  0.00000000e+00  1.79361690e+00 
 6.00010155e-06  0.00000000e+00  1.79365535e+00 
 6.00010362e-06  0.00000000e+00  1.79374078e+00 
 6.00010775e-06  0.00000000e+00  1.79388204e+00 
 6.00011602e-06  0.00000000e+00  1.79413552e+00 
 6.00013256e-06  0.00000000e+00  1.79459343e+00 
 6.00016564e-06  0.00000000e+00  1.79538256e+00 
 6.00023180e-06  0.00000000e+00  1.79654526e+00 
 6.00036412e-06  0.00000000e+00  1.79787659e+00 
 6.00062877e-06  0.00000000e+00  1.79896614e+00 
 6.00109437e-06  0.00000000e+00  1.79972203e+00 
 6.00175499e-06  0.00000000e+00  1.79969430e+00 
 6.00246685e-06  0.00000000e+00  1.79865026e+00 
 6.00308685e-06  0.00000000e+00  1.79745187e+00 
 6.00385265e-06  0.00000000e+00  1.79880853e+00 
 6.00481870e-06  0.00000000e+00  1.80223789e+00 
 6.00571336e-06  0.00000000e+00  1.80102589e+00 
 6.00665909e-06  0.00000000e+00  1.80009159e+00 
 6.00761577e-06  0.00000000e+00  1.80041416e+00 
 6.00854997e-06  0.00000000e+00  1.80054179e+00 
 6.00956442e-06  0.00000000e+00  1.80021985e+00 
 6.01079522e-06  0.00000000e+00  1.79993570e+00 
 6.01200618e-06  0.00000000e+00  1.79976912e+00 
 6.01442808e-06  0.00000000e+00  1.79943056e+00 
 6.01700074e-06  0.00000000e+00  1.79875690e+00 
 6.01888090e-06  0.00000000e+00  1.79813583e+00 
 6.02102673e-06  0.00000000e+00  1.79811972e+00 
 6.02328136e-06  0.00000000e+00  1.79853467e+00 
 6.02591155e-06  0.00000000e+00  1.79830518e+00 
 6.02799811e-06  0.00000000e+00  1.79798087e+00 
 6.02951425e-06  0.00000000e+00  1.79935890e+00 
 6.03118660e-06  0.00000000e+00  1.80017458e+00 
 6.03302754e-06  0.00000000e+00  1.79914147e+00 
 6.03511292e-06  0.00000000e+00  1.79954619e+00 
 6.03726296e-06  0.00000000e+00  1.80012350e+00 
 6.04034780e-06  0.00000000e+00  1.80039526e+00 
 6.04477251e-06  0.00000000e+00  1.80030436e+00 
 6.05214214e-06  0.00000000e+00  1.80003395e+00 
 6.06008066e-06  0.00000000e+00  1.79999305e+00 
 6.07036508e-06  0.00000000e+00  1.80000374e+00 
 6.08543301e-06  0.00000000e+00  1.80000792e+00 
 6.11225237e-06  0.00000000e+00  1.79999288e+00 
 6.15698423e-06  0.00000000e+00  1.80000382e+00 
 6.21794223e-06  0.00000000e+00  1.79999101e+00 
 6.25010000e-06  6.67038446e-12  1.80000388e+00 
 6.25011000e-06  1.80000000e-01  1.80053431e+00 
 6.25013000e-06  5.40000000e-01  1.80165711e+00 
 6.25017000e-06  1.26000000e+00  1.80418332e+00 
 6.25020000e-06  1.80000000e+00  1.80607734e+00 
 6.25020052e-06  1.80000000e+00  1.80607278e+00 
 6.25020156e-06  1.80000000e+00  1.80605739e+00 
 6.25020365e-06  1.80000000e+00  1.80601988e+00 
 6.25020782e-06  1.80000000e+00  1.80596552e+00 
 6.25021617e-06  1.80000000e+00  1.80587707e+00 
 6.25023285e-06  1.80000000e+00  1.80571547e+00 
 6.25026623e-06  1.80000000e+00  1.80542546e+00 
 6.25033298e-06  1.80000000e+00  1.80496621e+00 
 6.25041471e-06  1.80000000e+00  1.80454427e+00 
 6.25057816e-06  1.80000000e+00  1.80391532e+00 
 6.25076016e-06  1.80000000e+00  1.80335897e+00 
 6.25105845e-06  1.80000000e+00  1.80288111e+00 
 6.25165503e-06  1.80000000e+00  1.80400048e+00 
 6.25228676e-06  1.80000000e+00  1.80449370e+00 
 6.25298634e-06  1.80000000e+00  1.80288483e+00 
 6.25370993e-06  1.80000000e+00  1.80186643e+00 
 6.25463656e-06  1.80000000e+00  1.80121082e+00 
 6.25565438e-06  1.80000000e+00  1.80025636e+00 
 6.25691731e-06  1.80000000e+00  1.79914168e+00 
 6.25795227e-06  1.80000000e+00  1.79905063e+00 
 6.25904628e-06  1.80000000e+00  1.79922648e+00 
 6.26022828e-06  1.80000000e+00  1.79929103e+00 
 6.26205772e-06  1.80000000e+00  1.79947434e+00 
 6.26387151e-06  1.80000000e+00  1.79954949e+00 
 6.26742237e-06  1.80000000e+00  1.79973305e+00 
 6.27258641e-06  1.80000000e+00  1.79984243e+00 
 6.28154716e-06  1.80000000e+00  1.79996962e+00 
 6.29839524e-06  1.80000000e+00  1.79999014e+00 
 6.32706783e-06  1.80000000e+00  1.80001275e+00 
 6.38441299e-06  1.80000000e+00  1.79999081e+00 
 6.48905969e-06  1.80000000e+00  1.80001194e+00 
 6.50000000e-06  1.80000000e+00  1.79999031e+00 
 6.50001000e-06  1.62000000e+00  1.79918958e+00 
 6.50003000e-06  1.26000000e+00  1.79769389e+00 
 6.50007000e-06  5.40000000e-01  1.79514934e+00 
 6.50010000e-06  0.00000000e+00  1.79360944e+00 
 6.50010052e-06  0.00000000e+00  1.79362391e+00 
 6.50010155e-06  0.00000000e+00  1.79366237e+00 
 6.50010362e-06  0.00000000e+00  1.79374784e+00 
 6.50010775e-06  0.00000000e+00  1.79388899e+00 
 6.50011602e-06  0.00000000e+00  1.79414135e+00 
 6.50013256e-06  0.00000000e+00  1.79459717e+00 
 6.50016564e-06  0.00000000e+00  1.79538311e+00 
 6.50023179e-06  0.00000000e+00  1.79654191e+00 
 6.50036410e-06  0.00000000e+00  1.79786848e+00 
 6.50062871e-06  0.00000000e+00  1.79895204e+00 
 6.50109567e-06  0.00000000e+00  1.79970927e+00 
 6.50175560e-06  0.00000000e+00  1.79974301e+00 
 6.50246290e-06  0.00000000e+00  1.79882484e+00 
 6.50308010e-06  0.00000000e+00  1.79754550e+00 
 6.50384563e-06  0.00000000e+00  1.79767198e+00 
 6.50480409e-06  0.00000000e+00  1.79941526e+00 
 6.50575787e-06  0.00000000e+00  1.80063468e+00 
 6.50669491e-06  0.00000000e+00  1.80090265e+00 
 6.50774920e-06  0.00000000e+00  1.80100583e+00 
 6.50885652e-06  0.00000000e+00  1.80112047e+00 
 6.51078759e-06  0.00000000e+00  1.80099837e+00 
 6.51258707e-06  0.00000000e+00  1.80098956e+00 
 6.51405019e-06  0.00000000e+00  1.80094124e+00 
 6.51568149e-06  0.00000000e+00  1.80087485e+00 
 6.51751879e-06  0.00000000e+00  1.80063070e+00 
 6.51951012e-06  0.00000000e+00  1.80037439e+00 
 6.52309153e-06  0.00000000e+00  1.80009678e+00 
 6.52804354e-06  0.00000000e+00  1.79999106e+00 
 6.53713074e-06  0.00000000e+00  1.79996621e+00 
 6.55216648e-06  0.00000000e+00  1.79998376e+00 
 6.58210639e-06  0.00000000e+00  1.79998319e+00 
 6.63619736e-06  0.00000000e+00  1.79999445e+00 
 6.73869931e-06  0.00000000e+00  1.79999170e+00 
 6.75010000e-06  6.67038446e-12  1.79999799e+00 
 6.75011000e-06  1.80000000e-01  1.80052925e+00 
 6.75013000e-06  5.40000000e-01  1.80165469e+00 
 6.75017000e-06  1.26000000e+00  1.80418704e+00 
 6.75020000e-06  1.80000000e+00  1.80608428e+00 
 6.75020052e-06  1.80000000e+00  1.80607980e+00 
 6.75020156e-06  1.80000000e+00  1.80606464e+00 
 6.75020365e-06  1.80000000e+00  1.80602764e+00 
 6.75020782e-06  1.80000000e+00  1.80597393e+00 
 6.75021617e-06  1.80000000e+00  1.80588617e+00 
 6.75023286e-06  1.80000000e+00  1.80572565e+00 
 6.75026623e-06  1.80000000e+00  1.80543726e+00 
 6.75033299e-06  1.80000000e+00  1.80497775e+00 
 6.75041408e-06  1.80000000e+00  1.80455583e+00 
 6.75057625e-06  1.80000000e+00  1.80392384e+00 
 6.75079582e-06  1.80000000e+00  1.80325560e+00 
 6.75107437e-06  1.80000000e+00  1.80285333e+00 
 6.75163147e-06  1.80000000e+00  1.80394371e+00 
 6.75225104e-06  1.80000000e+00  1.80456883e+00 
 6.75292261e-06  1.80000000e+00  1.80303093e+00 
 6.75364466e-06  1.80000000e+00  1.80196534e+00 
 6.75456779e-06  1.80000000e+00  1.80125674e+00 
 6.75557628e-06  1.80000000e+00  1.79973564e+00 
 6.75680531e-06  1.80000000e+00  1.79712587e+00 
 6.75777378e-06  1.80000000e+00  1.79667003e+00 
 6.75881498e-06  1.80000000e+00  1.79784258e+00 
 6.75984310e-06  1.80000000e+00  1.79931777e+00 
 6.76095239e-06  1.80000000e+00  1.80032114e+00 
 6.76216588e-06  1.80000000e+00  1.80026628e+00 
 6.76348111e-06  1.80000000e+00  1.80014892e+00 
 6.76497459e-06  1.80000000e+00  1.80010648e+00 
 6.76745591e-06  1.80000000e+00  1.80010750e+00 
 6.77012845e-06  1.80000000e+00  1.80005685e+00 
 6.77421818e-06  1.80000000e+00  1.80004023e+00 
 6.78052537e-06  1.80000000e+00  1.80000039e+00 
 6.79313973e-06  1.80000000e+00  1.80000205e+00 
 6.81805948e-06  1.80000000e+00  1.79999149e+00 
 6.86328105e-06  1.80000000e+00  1.80000637e+00 
 6.95372419e-06  1.80000000e+00  1.79999337e+00 
 7.00000000e-06  1.80000000e+00  1.80000662e+00 
 7.00001000e-06  1.62000000e+00  1.79920119e+00 
 7.00003000e-06  1.26000000e+00  1.79769917e+00 
 7.00007000e-06  5.40000000e-01  1.79514512e+00 
 7.00010000e-06  0.00000000e+00  1.79360068e+00 
 7.00010052e-06  0.00000000e+00  1.79361516e+00 
 7.00010155e-06  0.00000000e+00  1.79365363e+00 
 7.00010362e-06  0.00000000e+00  1.79373904e+00 
 7.00010775e-06  0.00000000e+00  1.79388028e+00 
 7.00011602e-06  0.00000000e+00  1.79413366e+00 
 7.00013256e-06  0.00000000e+00  1.79459130e+00 
 7.00016564e-06  0.00000000e+00  1.79538001e+00 
 7.00023181e-06  0.00000000e+00  1.79654180e+00 
 7.00036413e-06  0.00000000e+00  1.79787138e+00 
 7.00062877e-06  0.00000000e+00  1.79895960e+00 
 7.00109460e-06  0.00000000e+00  1.79971802e+00 
 7.00175515e-06  0.00000000e+00  1.79971867e+00 
 7.00246220e-06  0.00000000e+00  1.79873970e+00 
 7.00308514e-06  0.00000000e+00  1.79735751e+00 
 7.00384791e-06  0.00000000e+00  1.79770297e+00 
 7.00481309e-06  0.00000000e+00  1.80103338e+00 
 7.00571040e-06  0.00000000e+00  1.80230645e+00 
 7.00665311e-06  0.00000000e+00  1.80038985e+00 
 7.00739206e-06  0.00000000e+00  1.80023854e+00 
 7.00823970e-06  0.00000000e+00  1.80046500e+00 
 7.00910739e-06  0.00000000e+00  1.80067298e+00 
 7.00996189e-06  0.00000000e+00  1.80028529e+00 
 7.01105370e-06  0.00000000e+00  1.80007538e+00 
 7.01222717e-06  0.00000000e+00  1.79982304e+00 
 7.01457409e-06  0.00000000e+00  1.79953887e+00 
 7.01755773e-06  0.00000000e+00  1.79886890e+00 
 7.01958807e-06  0.00000000e+00  1.79837666e+00 
 7.02188893e-06  0.00000000e+00  1.79839602e+00 
 7.02395232e-06  0.00000000e+00  1.79872934e+00 
 7.02616062e-06  0.00000000e+00  1.79838948e+00 
 7.02806580e-06  0.00000000e+00  1.79870926e+00 
 7.03001363e-06  0.00000000e+00  1.80061102e+00 
 7.03174702e-06  0.00000000e+00  1.79999392e+00 
 7.03342750e-06  0.00000000e+00  1.79950215e+00 
 7.03576688e-06  0.00000000e+00  1.79992586e+00 
 7.03806295e-06  0.00000000e+00  1.79989700e+00 
 7.04150624e-06  0.00000000e+00  1.79991726e+00 
 7.04603190e-06  0.00000000e+00  1.79992435e+00 
 7.05300583e-06  0.00000000e+00  1.79998367e+00 
 7.06404370e-06  0.00000000e+00  1.79999422e+00 
 7.08133093e-06  0.00000000e+00  1.79999713e+00 
 7.11016228e-06  0.00000000e+00  1.79999248e+00 
 7.15705439e-06  0.00000000e+00  1.79999671e+00 
 7.23603834e-06  0.00000000e+00  1.79999460e+00 
 7.25010000e-06  6.67038446e-12  1.79999701e+00 
 7.25011000e-06  1.80000000e-01  1.80053368e+00 
 7.25013000e-06  5.40000000e-01  1.80166558e+00 
 7.25017000e-06  1.26000000e+00  1.80421079e+00 
 7.25020000e-06  1.80000000e+00  1.80611434e+00 
 7.25020052e-06  1.80000000e+00  1.80610989e+00 
 7.25020156e-06  1.80000000e+00  1.80609486e+00 
 7.25020365e-06  1.80000000e+00  1.80605821e+00 
 7.25020782e-06  1.80000000e+00  1.80600505e+00 
 7.25021617e-06  1.80000000e+00  1.80591797e+00 
 7.25023286e-06  1.80000000e+00  1.80575652e+00 
 7.25026623e-06  1.80000000e+00  1.80546230e+00 
 7.25033299e-06  1.80000000e+00  1.80499154e+00 
 7.25041765e-06  1.80000000e+00  1.80454390e+00 
 7.25058698e-06  1.80000000e+00  1.80388375e+00 
 7.25076777e-06  1.80000000e+00  1.80332892e+00 
 7.25106958e-06  1.80000000e+00  1.80286629e+00 
 7.25167319e-06  1.80000000e+00  1.80405234e+00 
 7.25229394e-06  1.80000000e+00  1.80447948e+00 
 7.25299266e-06  1.80000000e+00  1.80287251e+00 
 7.25371584e-06  1.80000000e+00  1.80186358e+00 
 7.25464545e-06  1.80000000e+00  1.80106370e+00 
 7.25566296e-06  1.80000000e+00  1.79982522e+00 
 7.25659360e-06  1.80000000e+00  1.79907504e+00 
 7.25779995e-06  1.80000000e+00  1.79908730e+00 
 7.25890702e-06  1.80000000e+00  1.79923316e+00 
 7.26010258e-06  1.80000000e+00  1.79931045e+00 
 7.26182762e-06  1.80000000e+00  1.79946585e+00 
 7.26411833e-06  1.80000000e+00  1.79957753e+00 
 7.26804780e-06  1.80000000e+00  1.79975306e+00 
 7.27369856e-06  1.80000000e+00  1.79986633e+00 
 7.28500007e-06  1.80000000e+00  1.79998205e+00 
 7.30608000e-06  1.80000000e+00  1.79999484e+00 
 7.34724909e-06  1.80000000e+00  1.80000627e+00 
 7.42958728e-06  1.80000000e+00  1.79999432e+00 
 7.50000000e-06  1.80000000e+00  1.80000692e+00 
 7.50001000e-06  1.62000000e+00  1.79920243e+00 
 7.50003000e-06  1.26000000e+00  1.79770037e+00 
 7.50007000e-06  5.40000000e-01  1.79514087e+00 
 7.50010000e-06  0.00000000e+00  1.79358925e+00 
 7.50010052e-06  0.00000000e+00  1.79360356e+00 
 7.50010155e-06  0.00000000e+00  1.79364170e+00 
 7.50010362e-06  0.00000000e+00  1.79372647e+00 
 7.50010775e-06  0.00000000e+00  1.79386649e+00 
 7.50011603e-06  0.00000000e+00  1.79411748e+00 
 7.50013257e-06  0.00000000e+00  1.79457241e+00 
 7.50016565e-06  0.00000000e+00  1.79535963e+00 
 7.50023183e-06  0.00000000e+00  1.79652364e+00 
 7.50036417e-06  0.00000000e+00  1.79785951e+00 
 7.50062885e-06  0.00000000e+00  1.79895498e+00 
 7.50109585e-06  0.00000000e+00  1.79971921e+00 
 7.50172021e-06  0.00000000e+00  1.79976548e+00 
 7.50244863e-06  0.00000000e+00  1.79884727e+00 
 7.50307875e-06  0.00000000e+00  1.79755994e+00 
 7.50384253e-06  0.00000000e+00  1.79782263e+00 
 7.50475299e-06  0.00000000e+00  1.79954456e+00 
 7.50573429e-06  0.00000000e+00  1.80059111e+00 
 7.50663098e-06  0.00000000e+00  1.80074244e+00 
 7.50780498e-06  0.00000000e+00  1.80093152e+00 
 7.50901567e-06  0.00000000e+00  1.80100983e+00 
 7.51080821e-06  0.00000000e+00  1.80096714e+00 
 7.51289390e-06  0.00000000e+00  1.80096532e+00 
 7.51463298e-06  0.00000000e+00  1.80087399e+00 
 7.51641554e-06  0.00000000e+00  1.80074938e+00 
 7.51892225e-06  0.00000000e+00  1.80041494e+00 
 7.52120560e-06  0.00000000e+00  1.80021051e+00 
 7.52538503e-06  0.00000000e+00  1.80002787e+00 
 7.53089275e-06  0.00000000e+00  1.79998268e+00 
 7.53993131e-06  0.00000000e+00  1.79997067e+00 
 7.55484525e-06  0.00000000e+00  1.79998571e+00 
 7.58030775e-06  0.00000000e+00  1.79998283e+00 
 7.62453675e-06  0.00000000e+00  1.79999431e+00 
 7.71034725e-06  0.00000000e+00  1.79999071e+00 
 7.75010000e-06  0.00000000e+00  1.79999869e+00 
 7.75011000e-06  1.80000000e-01  1.80052959e+00 
 7.75013000e-06  5.40000000e-01  1.80165788e+00 
 7.75017000e-06  1.26000000e+00  1.80420447e+00 
 7.75020000e-06  1.80000000e+00  1.80611164e+00 
 7.75020052e-06  1.80000000e+00  1.80610735e+00 
 7.75020156e-06  1.80000000e+00  1.80609263e+00 
 7.75020365e-06  1.80000000e+00  1.80605653e+00 
 7.75020782e-06  1.80000000e+00  1.80600431e+00 
 7.75021617e-06  1.80000000e+00  1.80591858e+00 
 7.75023286e-06  1.80000000e+00  1.80575956e+00 
 7.75026623e-06  1.80000000e+00  1.80546948e+00 
 7.75033299e-06  1.80000000e+00  1.80500227e+00 
 7.75041715e-06  1.80000000e+00  1.80455661e+00 
 7.75058549e-06  1.80000000e+00  1.80389399e+00 
 7.75081565e-06  1.80000000e+00  1.80319756e+00 
 7.75109340e-06  1.80000000e+00  1.80283810e+00 
 7.75164889e-06  1.80000000e+00  1.80399826e+00 
 7.75225960e-06  1.80000000e+00  1.80455436e+00 
 7.75292058e-06  1.80000000e+00  1.80304283e+00 
 7.75364571e-06  1.80000000e+00  1.80199579e+00 
 7.75457215e-06  1.80000000e+00  1.80105488e+00 
 7.75557880e-06  1.80000000e+00  1.79901936e+00 
 7.75657603e-06  1.80000000e+00  1.79694784e+00 
 7.75762547e-06  1.80000000e+00  1.79684693e+00 
 7.75857540e-06  1.80000000e+00  1.79803244e+00 
 7.75956660e-06  1.80000000e+00  1.79948097e+00 
 7.76069386e-06  1.80000000e+00  1.80035497e+00 
 7.76191523e-06  1.80000000e+00  1.80028538e+00 
 7.76326622e-06  1.80000000e+00  1.80014515e+00 
 7.76483068e-06  1.80000000e+00  1.80013328e+00 
 7.76723059e-06  1.80000000e+00  1.80010153e+00 
 7.76986064e-06  1.80000000e+00  1.80007363e+00 
 7.77417025e-06  1.80000000e+00  1.80002970e+00 
 7.78113847e-06  1.80000000e+00  1.80001000e+00 
 7.79507492e-06  1.80000000e+00  1.79999068e+00 
 7.81924127e-06  1.80000000e+00  1.80000273e+00 
 7.86457487e-06  1.80000000e+00  1.79999555e+00 
 7.94868147e-06  1.80000000e+00  1.80000396e+00 
 8.00000000e-06  1.80000000e+00  1.79999573e+00 
 8.00001000e-06  1.62000000e+00  1.79919198e+00 
 8.00003000e-06  1.26000000e+00  1.79768981e+00 
 8.00007000e-06  5.40000000e-01  1.79512517e+00 
 8.00010000e-06  0.00000000e+00  1.79357068e+00 
 8.00010052e-06  0.00000000e+00  1.79358499e+00 
 8.00010155e-06  0.00000000e+00  1.79362310e+00 
 8.00010362e-06  0.00000000e+00  1.79370784e+00 
 8.00010775e-06  0.00000000e+00  1.79384798e+00 
 8.00011602e-06  0.00000000e+00  1.79409993e+00 
 8.00013256e-06  0.00000000e+00  1.79455666e+00 
 8.00016564e-06  0.00000000e+00  1.79534671e+00 
 8.00023180e-06  0.00000000e+00  1.79651386e+00 
 8.00036412e-06  0.00000000e+00  1.79785363e+00 
 8.00062877e-06  0.00000000e+00  1.79895661e+00 
 8.00109621e-06  0.00000000e+00  1.79972770e+00 
 8.00171989e-06  0.00000000e+00  1.79974332e+00 
 8.00244834e-06  0.00000000e+00  1.79875255e+00 
 8.00308385e-06  0.00000000e+00  1.79736218e+00 
 8.00384842e-06  0.00000000e+00  1.79806042e+00 
 8.00481532e-06  0.00000000e+00  1.80179154e+00 
 8.00575036e-06  0.00000000e+00  1.80185695e+00 
 8.00670181e-06  0.00000000e+00  1.80037804e+00 
 8.00746251e-06  0.00000000e+00  1.80058120e+00 
 8.00832579e-06  0.00000000e+00  1.80088852e+00 
 8.00926688e-06  0.00000000e+00  1.80102283e+00 
 8.01015667e-06  0.00000000e+00  1.80064347e+00 
 8.01154498e-06  0.00000000e+00  1.80054624e+00 
 8.01297142e-06  0.00000000e+00  1.80027990e+00 
 8.01429577e-06  0.00000000e+00  1.80022834e+00 
 8.01576333e-06  0.00000000e+00  1.79993794e+00 
 8.01702336e-06  0.00000000e+00  1.79956418e+00 
 8.01851101e-06  0.00000000e+00  1.79905505e+00 
 8.02000579e-06  0.00000000e+00  1.79904262e+00 
 8.02159676e-06  0.00000000e+00  1.79929383e+00 
 8.02477869e-06  0.00000000e+00  1.80002722e+00 
 8.02822663e-06  0.00000000e+00  1.80026762e+00 
 8.03140490e-06  0.00000000e+00  1.80026520e+00 
 8.03747586e-06  0.00000000e+00  1.80014551e+00 
 8.04756023e-06  0.00000000e+00  1.80006577e+00 
 8.05926584e-06  0.00000000e+00  1.80000054e+00 
 8.07199970e-06  0.00000000e+00  1.80002987e+00 
 8.08575817e-06  0.00000000e+00  1.79830930e+00 
 8.10179146e-06  0.00000000e+00  1.79784709e+00 
 8.11526600e-06  0.00000000e+00  1.80060466e+00 
 8.12904178e-06  0.00000000e+00  1.79977107e+00 
 8.14411737e-06  0.00000000e+00  1.80009755e+00 
 8.16036963e-06  0.00000000e+00  1.79992664e+00 
 8.18080988e-06  0.00000000e+00  1.80005197e+00 
 8.21215486e-06  0.00000000e+00  1.79994334e+00 
 8.25010000e-06  0.00000000e+00  1.80004609e+00 
 8.25011000e-06  1.80000000e-01  1.80057843e+00 
 8.25013000e-06  5.40000000e-01  1.80170183e+00 
 8.25017000e-06  1.26000000e+00  1.80422039e+00 
 8.25020000e-06  1.80000000e+00  1.80610564e+00 
 8.25020052e-06  1.80000000e+00  1.80610106e+00 
 8.25020157e-06  1.80000000e+00  1.80608584e+00 
 8.25020365e-06  1.80000000e+00  1.80604936e+00 
 8.25020783e-06  1.80000000e+00  1.80599713e+00 
 8.25021618e-06  1.80000000e+00  1.80591136e+00 
 8.25023289e-06  1.80000000e+00  1.80575340e+00 
 8.25026629e-06  1.80000000e+00  1.80546494e+00 
 8.25033311e-06  1.80000000e+00  1.80499706e+00 
 8.25046674e-06  1.80000000e+00  1.80432598e+00 
 8.25064441e-06  1.80000000e+00  1.80369958e+00 
 8.25085367e-06  1.80000000e+00  1.80311551e+00 
 8.25127218e-06  1.80000000e+00  1.80300171e+00 
 8.25192966e-06  1.80000000e+00  1.80471762e+00 
 8.25260834e-06  1.80000000e+00  1.80377109e+00 
 8.25330723e-06  1.80000000e+00  1.80228056e+00 
 8.25422325e-06  1.80000000e+00  1.80146993e+00 
 8.25544662e-06  1.80000000e+00  1.80102359e+00 
 8.25660386e-06  1.80000000e+00  1.80089627e+00 
 8.25788626e-06  1.80000000e+00  1.80072500e+00 
 8.25952584e-06  1.80000000e+00  1.80059825e+00 
 8.26157901e-06  1.80000000e+00  1.80043382e+00 
 8.26423914e-06  1.80000000e+00  1.80030680e+00 
 8.26764094e-06  1.80000000e+00  1.80017638e+00 
 8.27256632e-06  1.80000000e+00  1.80009040e+00 
 8.28241709e-06  1.80000000e+00  1.80000626e+00 
 8.29630257e-06  1.80000000e+00  1.80000224e+00 
 8.32407353e-06  1.80000000e+00  1.79999518e+00 
 8.37961546e-06  1.80000000e+00  1.80000560e+00 
 8.48315118e-06  1.80000000e+00  1.79999543e+00 
 8.50000000e-06  1.80000000e+00  1.80000510e+00 
 8.50001000e-06  1.62000000e+00  1.79920676e+00 
 8.50003000e-06  1.26000000e+00  1.79771413e+00 
 8.50007000e-06  5.40000000e-01  1.79516198e+00 
 8.50010000e-06  0.00000000e+00  1.79361165e+00 
 8.50010052e-06  0.00000000e+00  1.79362586e+00 
 8.50010155e-06  0.00000000e+00  1.79366359e+00 
 8.50010362e-06  0.00000000e+00  1.79374679e+00 
 8.50010775e-06  0.00000000e+00  1.79388364e+00 
 8.50011602e-06  0.00000000e+00  1.79413048e+00 
 8.50013256e-06  0.00000000e+00  1.79457874e+00 
 8.50016563e-06  0.00000000e+00  1.79535909e+00 
 8.50023177e-06  0.00000000e+00  1.79652514e+00 
 8.50036406e-06  0.00000000e+00  1.79787559e+00 
 8.50062864e-06  0.00000000e+00  1.79898873e+00 
 8.50107638e-06  0.00000000e+00  1.79977532e+00 
 8.50174537e-06  0.00000000e+00  1.79955475e+00 
 8.50253260e-06  0.00000000e+00  1.79783956e+00 
 8.50322999e-06  0.00000000e+00  1.80145280e+00 
 8.50397971e-06  0.00000000e+00  1.81393248e+00 
 8.50474622e-06  0.00000000e+00  1.81394591e+00 
 8.50560455e-06  0.00000000e+00  1.79096441e+00 
 8.50654734e-06  0.00000000e+00  1.76071004e+00 
 8.50785913e-06  0.00000000e+00  1.72038956e+00 
 8.50877043e-06  0.00000000e+00  1.69173524e+00 
 8.50981645e-06  0.00000000e+00  1.65922018e+00 
 8.51107958e-06  0.00000000e+00  1.61968067e+00 
 8.51244771e-06  0.00000000e+00  1.57693276e+00 
 8.51518397e-06  0.00000000e+00  1.49118655e+00 
 8.51830006e-06  0.00000000e+00  1.39354239e+00 
 8.52453225e-06  0.00000000e+00  1.19862418e+00 
 8.53632382e-06  0.00000000e+00  8.38920088e-01 
 8.54575940e-06  0.00000000e+00  5.75657675e-01 
 8.55511447e-06  0.00000000e+00  3.48445118e-01 
 8.56165867e-06  0.00000000e+00  2.22313814e-01 
 8.56555992e-06  0.00000000e+00  1.64913558e-01 
 8.56986552e-06  0.00000000e+00  1.16511947e-01 
 8.57410366e-06  0.00000000e+00  8.22344229e-02 
 8.57873063e-06  0.00000000e+00  5.52944636e-02 
 8.58491397e-06  0.00000000e+00  3.19488426e-02 
 8.59186683e-06  0.00000000e+00  1.64327144e-02 
 8.60135970e-06  0.00000000e+00  6.00648110e-03 
 8.61337315e-06  0.00000000e+00  1.07710007e-03 
 8.62943969e-06  0.00000000e+00  2.77115185e-04 
 8.64945968e-06  0.00000000e+00  5.71787253e-04 
 8.67108558e-06  0.00000000e+00  7.09517862e-04 
 8.70026282e-06  0.00000000e+00  3.41758145e-04 
 8.73153454e-06  0.00000000e+00  2.58959028e-04 
 8.75010000e-06  0.00000000e+00  1.44265528e-04 
 8.75011000e-06  1.80000000e-01  8.37483816e-04 
 8.75013000e-06  5.40000000e-01  2.11836346e-03 
 8.75017000e-06  1.26000000e+00  4.35772536e-03 
 8.75020000e-06  1.80000000e+00  5.82747147e-03 
 8.75020052e-06  1.80000000e+00  5.81670471e-03 
 8.75020157e-06  1.80000000e+00  5.79107705e-03 
 8.75020365e-06  1.80000000e+00  5.73827982e-03 
 8.75020783e-06  1.80000000e+00  5.65539591e-03 
 8.75021618e-06  1.80000000e+00  5.51558407e-03 
 8.75023288e-06  1.80000000e+00  5.26514037e-03 
 8.75026628e-06  1.80000000e+00  4.83728693e-03 
 8.75033309e-06  1.80000000e+00  4.21228797e-03 
 8.75046669e-06  1.80000000e+00  3.48922443e-03 
 8.75064421e-06  1.80000000e+00  3.04693063e-03 
 8.75091418e-06  1.80000000e+00  2.76825750e-03 
 8.75145413e-06  1.80000000e+00  3.25263431e-03 
 8.75211057e-06  1.80000000e+00  3.84362570e-03 
 8.75280978e-06  1.80000000e+00  2.98946142e-03 
 8.75354239e-06  1.80000000e+00  2.64363478e-03 
 8.75447161e-06  1.80000000e+00  2.61774730e-03 
 8.75552524e-06  1.80000000e+00  1.52238390e-03 
 8.75660014e-06  1.80000000e+00 -1.37963939e-03 
 8.75764852e-06  1.80000000e+00 -2.45039483e-03 
 8.75875697e-06  1.80000000e+00 -1.13836161e-03 
 8.76009853e-06  1.80000000e+00 -8.81093562e-04 
 8.76132104e-06  1.80000000e+00 -7.33073019e-04 
 8.76284597e-06  1.80000000e+00 -4.49039901e-04 
 8.76589582e-06  1.80000000e+00 -2.21717543e-04 
 8.76987289e-06  1.80000000e+00  1.68194140e-05 
 8.77731756e-06  1.80000000e+00  1.41394924e-04 
 8.78887435e-06  1.80000000e+00  2.33934860e-04 
 8.80805428e-06  1.80000000e+00  1.66852162e-04 
 8.84074398e-06  1.80000000e+00  1.41561542e-04 
 8.90284543e-06  1.80000000e+00  5.84476046e-05 
 9.00000000e-06  1.80000000e+00  6.26589452e-05 
