 0.00000000e+00  1.16707808e-04 
 1.00000000e-12  8.12532197e-03 
 2.00000000e-12  9.02707740e-03 
 4.00000000e-12  9.40254000e-03 
 8.00000000e-12  8.99740605e-03 
 1.60000000e-11  9.02806054e-03 
 3.20000000e-11  8.83866956e-03 
 6.40000000e-11  1.02915434e-02 
 1.00000000e-10  1.27947006e-02 
 1.00577788e-10  5.18083556e-03 
 1.01733365e-10  2.62312291e-03 
 1.04044519e-10  2.99971164e-03 
 1.08666825e-10  2.63810655e-03 
 1.17911439e-10  2.95390111e-03 
 1.36400667e-10  2.44489607e-03 
 1.73379122e-10  2.53927535e-03 
 2.31883329e-10  1.91508973e-03 
 3.15535871e-10  1.99860865e-03 
 4.57628750e-10  1.43636910e-03 
 7.41814509e-10  1.55892751e-03 
 1.17203222e-09  8.97338264e-04 
 1.65075994e-09  1.10493521e-03 
 2.27524894e-09  7.08271967e-04 
 3.02096566e-09  1.07454972e-03 
 3.73199980e-09  6.66346889e-04 
 4.62255492e-09  9.98794254e-04 
 5.35119015e-09  5.34850137e-04 
 6.12105323e-09  9.01656970e-04 
 6.97742321e-09  4.29206752e-04 
 7.77781642e-09  6.82782696e-04 
 8.62021160e-09  1.91824397e-04 
 9.52219778e-09  5.00563679e-04 
 1.06397067e-08  7.35791366e-05 
 1.18227285e-08  3.62328131e-04 
 1.31115323e-08 -9.46770880e-05 
 1.43387830e-08  2.84062847e-04 
 1.57868036e-08 -9.59896020e-05 
 1.71708571e-08  3.05078967e-04 
 1.90705030e-08 -3.63797035e-05 
 2.04826554e-08  3.10488116e-04 
 2.18328317e-08 -8.75977148e-05 
 2.32436507e-08  2.95565587e-04 
 2.50057639e-08 -9.16238207e-05 
 2.68755614e-08  2.88677478e-04 
 2.94483644e-08 -9.37101787e-05 
 3.23301360e-08  2.86587444e-04 
 3.65917505e-08 -1.01255530e-04 
 4.06488146e-08  2.76104304e-04 
 4.49853820e-08  1.40099955e-05 
 4.83700537e-08  3.35660812e-04 
 4.97908130e-08 -9.71618242e-05 
 5.11460873e-08  2.98865168e-04 
 5.26154189e-08 -8.78800006e-05 
 5.44497016e-08  2.85363823e-04 
 5.68263161e-08 -7.70821533e-05 
 6.01310989e-08  2.94619584e-04 
 6.34291212e-08 -7.55290764e-05 
 6.81580670e-08  2.91862281e-04 
 7.25674285e-08 -7.41199936e-05 
 8.09249942e-08  2.90624170e-04 
 9.47496894e-08 -7.44816577e-05 
 1.15950490e-07  2.89561816e-04 
 1.43987439e-07 -7.52607206e-05 
 1.80116537e-07  2.88755265e-04 
 2.34710194e-07 -7.64694412e-05 
 2.50100000e-07  2.87515442e-04 
 2.50110000e-07 -9.39564931e-03 
 2.50130000e-07 -1.01010292e-02 
 2.50170000e-07 -8.35996629e-03 
 2.50200000e-07 -8.57442889e-03 
 2.50200515e-07 -1.25880486e-03 
 2.50201544e-07  9.63957822e-04 
 2.50203603e-07  2.42710009e-04 
 2.50207721e-07  5.99961908e-04 
 2.50215957e-07  2.87278183e-04 
 2.50232429e-07  6.42241720e-04 
 2.50265373e-07  3.40437133e-04 
 2.50331261e-07  5.91484858e-04 
 2.50412981e-07  2.89024758e-04 
 2.50576419e-07  5.47914005e-04 
 2.50752408e-07  2.82698352e-04 
 2.51096887e-07  6.34068231e-04 
 2.51491707e-07  3.60961781e-04 
 2.52181175e-07  5.70577214e-04 
 2.52819199e-07  9.95093217e-05 
 2.53565884e-07  3.13534166e-04 
 2.54546560e-07  3.58134941e-05 
 2.55538035e-07  3.16628978e-04 
 2.56562402e-07  1.42834854e-05 
 2.57733523e-07  2.92613329e-04 
 2.58849883e-07 -1.20744348e-05 
 2.60112572e-07  2.53730517e-04 
 2.61380801e-07 -3.11110745e-05 
 2.63092888e-07  2.45194829e-04 
 2.65815633e-07 -3.42063138e-05 
 2.69951202e-07  2.44435110e-04 
 2.77661854e-07 -3.47012129e-05 
 2.89969023e-07  2.43579992e-04 
 3.11784704e-07 -3.61342341e-05 
 3.50267336e-07  2.40682007e-04 
 4.15840404e-07 -4.18736191e-05 
 5.00000000e-07  2.32194865e-04 
 5.00010000e-07  4.23899525e-03 
 5.00030000e-07  4.10713853e-03 
 5.00070000e-07  4.86409788e-03 
 5.00100000e-07  5.75127476e-03 
 5.00100517e-07  2.44668154e-03 
 5.00101550e-07  1.04895064e-03 
 5.00103617e-07  1.15157533e-03 
 5.00107751e-07  1.00606927e-03 
 5.00116019e-07  1.11113630e-03 
 5.00132554e-07  9.13751365e-04 
 5.00165625e-07  9.55719770e-04 
 5.00231767e-07  7.45972137e-04 
 5.00364052e-07  7.65458934e-04 
 5.00562083e-07  5.88093919e-04 
 5.00958146e-07  6.76952415e-04 
 5.01467643e-07  4.62216983e-04 
 5.02004379e-07  3.69432621e-04 
 5.02765159e-07  1.76441723e-04 
 5.03570854e-07  2.53277272e-04 
 5.04319077e-07  9.92492374e-05 
 5.05131502e-07  1.98721767e-04 
 5.06130003e-07  7.04967906e-05 
 5.07180903e-07  1.77443105e-04 
 5.08420068e-07  5.94102207e-05 
 5.09732998e-07  1.71895694e-04 
 5.11726964e-07  6.73384344e-05 
 5.13532723e-07  1.66919379e-04 
 5.15578855e-07  5.62064398e-05 
 5.17538340e-07  1.66717821e-04 
 5.19737192e-07  6.89830432e-05 
 5.24134896e-07  1.86168172e-04 
 5.27149638e-07  5.69533622e-05 
 5.30652323e-07  1.72154303e-04 
 5.34482844e-07  4.40980763e-05 
 5.38541464e-07  1.50384142e-04 
 5.44800334e-07  3.58459497e-05 
 5.50744716e-07  1.45246673e-04 
 5.60445070e-07  3.55861592e-05 
 5.74388996e-07  1.43829264e-04 
 6.02276847e-07  3.43317413e-05 
 6.48515092e-07  1.41359011e-04 
 7.31462925e-07  3.12865850e-05 
 7.50100000e-07  1.39178005e-04 
 7.50110000e-07 -4.15753336e-03 
 7.50130000e-07 -4.55190702e-03 
 7.50170000e-07 -3.73160977e-03 
 7.50200000e-07 -3.80224298e-03 
 7.50200522e-07 -6.08428496e-04 
 7.50201565e-07  5.52275490e-04 
 7.50203652e-07  1.80061687e-04 
 7.50207825e-07  3.51140435e-04 
 7.50216171e-07  2.22113628e-04 
 7.50232864e-07  3.85550401e-04 
 7.50266250e-07  2.87570384e-04 
 7.50333022e-07  4.15261073e-04 
 7.50466566e-07  3.01394517e-04 
 7.50644012e-07  4.32860833e-04 
 7.50913667e-07  3.80914741e-04 
 7.51452976e-07  5.38858370e-04 
 7.52098689e-07  3.75832100e-04 
 7.52799538e-07  2.81155334e-04 
 7.53528803e-07  1.02259831e-04 
 7.54425944e-07  1.92942188e-04 
 7.55524382e-07  8.58351862e-05 
 7.56676039e-07  1.70835107e-04 
 7.57701935e-07  7.87205386e-05 
 7.58796118e-07  1.54133409e-04 
 7.59791790e-07  4.65910556e-05 
 7.60840846e-07  1.35742967e-04 
 7.62255284e-07  3.88896356e-05 
 7.63761290e-07  1.32249960e-04 
 7.66773303e-07  3.77991499e-05 
 7.71838728e-07  1.31978943e-04 
 7.79701917e-07  3.76031076e-05 
 7.94912911e-07  1.31704661e-04 
 8.19228525e-07  3.71617599e-05 
 8.63135544e-07  1.31087394e-04 
 9.41103803e-07  3.63355974e-05 
 1.00000000e-06  1.30417599e-04 
 1.00001000e-06  4.22064154e-03 
 1.00003000e-06  4.08699923e-03 
 1.00007000e-06  4.85183157e-03 
 1.00010000e-06  5.73485705e-03 
 1.00010052e-06  2.43293376e-03 
 1.00010155e-06  1.03781014e-03 
 1.00010362e-06  1.14081648e-03 
 1.00010775e-06  9.93109486e-04 
 1.00011602e-06  1.09906202e-03 
 1.00013256e-06  9.01399759e-04 
 1.00016564e-06  9.45532872e-04 
 1.00023179e-06  7.35552590e-04 
 1.00036410e-06  7.56609792e-04 
 1.00056235e-06  5.78513441e-04 
 1.00095885e-06  6.68215758e-04 
 1.00146870e-06  4.52770927e-04 
 1.00200570e-06  3.59249380e-04 
 1.00275807e-06  1.68668002e-04 
 1.00346211e-06  2.51965706e-04 
 1.00419562e-06  9.34248723e-05 
 1.00499321e-06  1.89286382e-04 
 1.00587478e-06  6.69735154e-05 
 1.00691242e-06  1.73004044e-04 
 1.00773934e-06  5.76224747e-05 
 1.00866562e-06  1.52475980e-04 
 1.00966079e-06  3.82755019e-05 
 1.01083745e-06  1.41013948e-04 
 1.01249094e-06  3.19055220e-05 
 1.01493235e-06  1.40253438e-04 
 1.01836869e-06  3.69075775e-05 
 1.02257245e-06  1.61368228e-04 
 1.02578217e-06  5.97593442e-05 
 1.02863638e-06  2.08792721e-04 
 1.03083450e-06  1.08789169e-04 
 1.03288380e-06  1.94306282e-04 
 1.03523353e-06  8.74563825e-05 
 1.03750871e-06  1.84076998e-04 
 1.04005897e-06  7.92868857e-05 
 1.04369361e-06  1.72872485e-04 
 1.04761593e-06  6.26907158e-05 
 1.05139903e-06  1.61825065e-04 
 1.05492047e-06  4.93652503e-05 
 1.05855152e-06  1.55160221e-04 
 1.06148160e-06  5.38955110e-05 
 1.06478753e-06  1.79363069e-04 
 1.06819521e-06  5.27910687e-05 
 1.07136977e-06  1.44511096e-04 
 1.07464664e-06  4.57697871e-05 
 1.07882116e-06  1.44103239e-04 
 1.08531802e-06  3.82475271e-05 
 1.09311261e-06  1.33315110e-04 
 1.10089473e-06  3.10129036e-05 
 1.10903067e-06  1.32195167e-04 
 1.11747655e-06  2.82774533e-05 
 1.13371595e-06  1.30860546e-04 
 1.15603545e-06  2.62417361e-05 
 1.20067445e-06  1.28649536e-04 
 1.25010000e-06  2.26267791e-05 
 1.25011000e-06 -4.17687659e-03 
 1.25013000e-06 -4.56739808e-03 
 1.25017000e-06 -3.74498618e-03 
 1.25020000e-06 -3.80524931e-03 
 1.25020052e-06 -6.16068916e-04 
 1.25020157e-06  5.40797889e-04 
 1.25020365e-06  1.69348809e-04 
 1.25020783e-06  3.40285047e-04 
 1.25021618e-06  2.11935236e-04 
 1.25023288e-06  3.75817414e-04 
 1.25026628e-06  2.78716258e-04 
 1.25033309e-06  4.06873039e-04 
 1.25046669e-06  2.92901458e-04 
 1.25064421e-06  4.23811515e-04 
 1.25091417e-06  3.72138793e-04 
 1.25145410e-06  5.27558520e-04 
 1.25209988e-06  3.63630822e-04 
 1.25287826e-06  2.50571528e-04 
 1.25358171e-06  9.10489954e-05 
 1.25454832e-06  1.81580303e-04 
 1.25561187e-06  6.99224906e-05 
 1.25650084e-06  1.56890730e-04 
 1.25755320e-06  4.34601968e-05 
 1.25868224e-06  1.33571889e-04 
 1.25983576e-06  3.34109235e-05 
 1.26128677e-06  1.23079701e-04 
 1.26392522e-06  2.63998592e-05 
 1.26729991e-06  1.21360506e-04 
 1.27245524e-06  2.59399163e-05 
 1.28276590e-06  1.20500658e-04 
 1.29898014e-06  2.44657798e-05 
 1.33132170e-06  1.17919931e-04 
 1.39600483e-06  2.01123478e-05 
 1.50000000e-06  1.13335170e-04 
 1.50001000e-06  4.20273021e-03 
 1.50003000e-06  4.06685678e-03 
 1.50007000e-06  4.84077757e-03 
 1.50010000e-06  5.71697753e-03 
 1.50010052e-06  2.41598836e-03 
 1.50010155e-06  1.01994281e-03 
 1.50010362e-06  1.12480385e-03 
 1.50010775e-06  9.76582261e-04 
 1.50011602e-06  1.08297699e-03 
 1.50013256e-06  8.83912371e-04 
 1.50016564e-06  9.27778120e-04 
 1.50023179e-06  7.16871709e-04 
 1.50036410e-06  7.38882164e-04 
 1.50056010e-06  5.60967797e-04 
 1.50095210e-06  6.51415984e-04 
 1.50145991e-06  4.40227152e-04 
 1.50199577e-06  3.46668602e-04 
 1.50274813e-06  1.55845041e-04 
 1.50344363e-06  2.42320423e-04 
 1.50417092e-06  7.45337467e-05 
 1.50501096e-06  1.68499478e-04 
 1.50592759e-06  4.07202794e-05 
 1.50702157e-06  1.49441834e-04 
 1.50801821e-06  3.23005814e-05 
 1.50959102e-06  1.51596620e-04 
 1.51122996e-06  4.78364346e-05 
 1.51319508e-06  1.48567944e-04 
 1.51480935e-06  2.83240259e-05 
 1.51651991e-06  1.32719089e-04 
 1.51883818e-06  9.45130035e-06 
 1.52121030e-06  1.22455960e-04 
 1.52516282e-06  8.62973261e-06 
 1.53040073e-06  1.22182380e-04 
 1.53851039e-06  8.85212168e-06 
 1.55147536e-06  1.22133681e-04 
 1.57420260e-06  8.93921872e-06 
 1.61701234e-06  1.22190724e-04 
 1.69221526e-06  9.14988670e-06 
 1.75010000e-06  1.22421763e-04 
 1.75011000e-06 -4.17837777e-03 
 1.75013000e-06 -4.57279749e-03 
 1.75017000e-06 -3.74460707e-03 
 1.75020000e-06 -3.80711935e-03 
 1.75020052e-06 -6.20870911e-04 
 1.75020157e-06  5.32804197e-04 
 1.75020365e-06  1.61394919e-04 
 1.75020783e-06  3.32306140e-04 
 1.75021617e-06  2.03726710e-04 
 1.75023287e-06  3.67186825e-04 
 1.75026625e-06  2.69392243e-04 
 1.75033303e-06  3.97039836e-04 
 1.75046657e-06  2.82335710e-04 
 1.75064400e-06  4.13176704e-04 
 1.75091360e-06  3.61632775e-04 
 1.75145279e-06  5.18597250e-04 
 1.75209853e-06  3.55108166e-04 
 1.75287623e-06  2.41908410e-04 
 1.75357981e-06  8.21136563e-05 
 1.75454023e-06  1.74419214e-04 
 1.75560771e-06  6.50690274e-05 
 1.75653034e-06  1.56111312e-04 
 1.75761886e-06  5.34002315e-05 
 1.75852794e-06  1.40935275e-04 
 1.75951283e-06  4.18424167e-05 
 1.76064370e-06  1.22319589e-04 
 1.76188883e-06  2.59121796e-05 
 1.76337858e-06  1.18969527e-04 
 1.76497457e-06  2.01757230e-05 
 1.76741516e-06  1.13199514e-04 
 1.77003047e-06  1.84477934e-05 
 1.77438835e-06  1.13245089e-04 
 1.78310412e-06  1.83973981e-05 
 1.79620870e-06  1.13318004e-04 
 1.82184085e-06  1.84702119e-05 
 1.86516225e-06  1.13438270e-04 
 1.94191355e-06  1.86100644e-05 
 2.00000000e-06  1.13556873e-04 
 2.00001000e-06  4.19886792e-03 
 2.00003000e-06  4.06014599e-03 
 2.00007000e-06  4.84122670e-03 
 2.00010000e-06  5.71204168e-03 
 2.00010052e-06  2.41381074e-03 
 2.00010155e-06  1.02129103e-03 
 2.00010362e-06  1.12493157e-03 
 2.00010775e-06  9.76245449e-04 
 2.00011602e-06  1.08242935e-03 
 2.00013256e-06  8.83692551e-04 
 2.00016564e-06  9.27666451e-04 
 2.00023179e-06  7.17070811e-04 
 2.00036410e-06  7.39064052e-04 
 2.00056018e-06  5.61573897e-04 
 2.00095234e-06  6.52064174e-04 
 2.00145997e-06  4.40806657e-04 
 2.00199568e-06  3.46634197e-04 
 2.00274788e-06  1.55759866e-04 
 2.00344774e-06  2.45410492e-04 
 2.00417874e-06  8.11898504e-05 
 2.00497583e-06  1.72266799e-04 
 2.00585757e-06  4.08960719e-05 
 2.00660588e-06  1.69288341e-04 
 2.00745730e-06  5.30189169e-05 
 2.00819301e-06  1.48414230e-04 
 2.00904003e-06  2.68114331e-05 
 2.01010688e-06  1.33563060e-04 
 2.01121609e-06  1.69741736e-05 
 2.01323502e-06  1.31793152e-04 
 2.01537272e-06  2.78581428e-05 
 2.01760871e-06  1.41699550e-04 
 2.01983352e-06  4.23847151e-05 
 2.02193108e-06  1.58611489e-04 
 2.02420277e-06  6.40527949e-05 
 2.02601639e-06  2.11950677e-04 
 2.02745333e-06  1.04209524e-04 
 2.02899390e-06  2.01206844e-04 
 2.03072699e-06  8.63665524e-05 
 2.03262469e-06  1.86369274e-04 
 2.03465300e-06  7.42723265e-05 
 2.03766674e-06  1.78655044e-04 
 2.04133561e-06  6.52798172e-05 
 2.04867334e-06  1.67821887e-04 
 2.05934185e-06  5.25860705e-05 
 2.07794543e-06  1.55822059e-04 
 2.11344868e-06  4.41034583e-05 
 2.16819921e-06  1.52806517e-04 
 2.22901392e-06  3.78097796e-05 
 2.25010000e-06  1.43944571e-04 
 2.25011000e-06 -4.16008392e-03 
 2.25013000e-06 -4.55801559e-03 
 2.25017000e-06 -3.73150502e-03 
 2.25020000e-06 -3.79229356e-03 
 2.25020052e-06 -6.06965456e-04 
 2.25020157e-06  5.46380269e-04 
 2.25020365e-06  1.75280656e-04 
 2.25020783e-06  3.46250495e-04 
 2.25021617e-06  2.18378014e-04 
 2.25023287e-06  3.82714729e-04 
 2.25026625e-06  2.86523117e-04 
 2.25033303e-06  4.15861581e-04 
 2.25046658e-06  3.03252058e-04 
 2.25064405e-06  4.35317492e-04 
 2.25091377e-06  3.85153907e-04 
 2.25145321e-06  5.41240787e-04 
 2.25209884e-06  3.75611823e-04 
 2.25287546e-06  2.61947551e-04 
 2.25357929e-06  1.05384524e-04 
 2.25454396e-06  1.94032232e-04 
 2.25560822e-06  8.31997603e-05 
 2.25657080e-06  1.51619066e-04 
 2.25770255e-06  5.29620405e-05 
 2.25877851e-06  1.46905460e-04 
 2.26032273e-06  4.42499238e-05 
 2.26243900e-06  1.34152229e-04 
 2.26494940e-06  3.95454540e-05 
 2.26888704e-06  1.32813963e-04 
 2.27528123e-06  3.77644593e-05 
 2.28632690e-06  1.29884213e-04 
 2.30432663e-06  3.32387769e-05 
 2.34032609e-06  1.22729868e-04 
 2.40113303e-06  2.41149039e-05 
 2.46643325e-06  1.15613978e-04 
 2.50000000e-06  2.10280728e-05 
 2.50001000e-06  4.20067800e-03 
 2.50003000e-06  4.06638529e-03 
 2.50007000e-06  4.84820531e-03 
 2.50010000e-06  5.72260479e-03 
 2.50010052e-06  2.42353973e-03 
 2.50010155e-06  1.02916715e-03 
 2.50010362e-06  1.13380593e-03 
 2.50010775e-06  9.85988935e-04 
 2.50011602e-06  1.09133020e-03 
 2.50013256e-06  8.92443885e-04 
 2.50016564e-06  9.36321085e-04 
 2.50023180e-06  7.25264137e-04 
 2.50036412e-06  7.45691437e-04 
 2.50054755e-06  5.68774497e-04 
 2.50091442e-06  6.55609908e-04 
 2.50140882e-06  4.64311217e-04 
 2.50193788e-06  3.68506220e-04 
 2.50258718e-06  1.69824177e-04 
 2.50327948e-06  2.58459508e-04 
 2.50395115e-06  8.98523812e-05 
 2.50470833e-06  1.71010863e-04 
 2.50556933e-06  4.24156543e-05 
 2.50642149e-06  1.49570538e-04 
 2.50764950e-06  3.49026541e-05 
 2.50888971e-06  1.51921915e-04 
 2.51091180e-06  5.01960767e-05 
 2.51240470e-06  1.53761211e-04 
 2.51391830e-06  2.61842577e-05 
 2.51550455e-06  1.30218833e-04 
 2.51724087e-06  1.19966953e-05 
 2.51902529e-06  1.24269728e-04 
 2.52259414e-06  1.12387539e-05 
 2.52725975e-06  1.23855660e-04 
 2.53604839e-06  1.12372390e-05 
 2.55142418e-06  1.23557989e-04 
 2.57950535e-06  1.08499831e-05 
 2.63566769e-06  1.22908171e-04 
 2.74799238e-06  1.00574457e-05 
 2.75010000e-06  1.22376367e-04 
 2.75011000e-06 -4.17664015e-03 
 2.75013000e-06 -4.57319229e-03 
 2.75017000e-06 -3.74842797e-03 
 2.75020000e-06 -3.80897266e-03 
 2.75020052e-06 -6.26201712e-04 
 2.75020157e-06  5.24369085e-04 
 2.75020365e-06  1.53210870e-04 
 2.75020783e-06  3.24277669e-04 
 2.75021617e-06  1.96039607e-04 
 2.75023287e-06  3.60054002e-04 
 2.75026626e-06  2.63106433e-04 
 2.75033304e-06  3.91879243e-04 
 2.75046660e-06  2.78564076e-04 
 2.75064394e-06  4.10560370e-04 
 2.75091332e-06  3.60559339e-04 
 2.75145208e-06  5.18249270e-04 
 2.75209783e-06  3.53707353e-04 
 2.75287448e-06  2.40342596e-04 
 2.75357797e-06  8.38500626e-05 
 2.75455829e-06  1.73779938e-04 
 2.75561824e-06  6.80712165e-05 
 2.75657689e-06  1.48366024e-04 
 2.75746953e-06  4.64556014e-05 
 2.75843069e-06  1.42350392e-04 
 2.75958283e-06  3.33793957e-05 
 2.76081519e-06  1.22074968e-04 
 2.76218991e-06  2.60027886e-05 
 2.76376730e-06  1.15632823e-04 
 2.76611031e-06  1.91469891e-05 
 2.76871724e-06  1.13261529e-04 
 2.77302949e-06  1.91507671e-05 
 2.77999731e-06  1.13175340e-04 
 2.79393296e-06  1.91640668e-05 
 2.81838891e-06  1.13129842e-04 
 2.86417206e-06  1.90950440e-05 
 2.94979043e-06  1.13011817e-04 
 3.00000000e-06  1.90079939e-05 
 3.00001000e-06  4.19533324e-03 
 3.00003000e-06  4.05984098e-03 
 3.00007000e-06  4.84550038e-03 
 3.00010000e-06  5.71675251e-03 
 3.00010052e-06  2.41941522e-03 
 3.00010155e-06  1.02736379e-03 
 3.00010362e-06  1.13230455e-03 
 3.00010775e-06  9.82966865e-04 
 3.00011602e-06  1.08863072e-03 
 3.00013256e-06  8.89634638e-04 
 3.00016564e-06  9.33905989e-04 
 3.00023180e-06  7.22795773e-04 
 3.00036412e-06  7.43589021e-04 
 3.00054769e-06  5.66805405e-04 
 3.00091484e-06  6.54132884e-04 
 3.00140883e-06  4.62286612e-04 
 3.00193766e-06  3.66137997e-04 
 3.00268623e-06  1.64146826e-04 
 3.00337745e-06  2.56442294e-04 
 3.00409210e-06  8.78732166e-05 
 3.00485813e-06  1.62760191e-04 
 3.00571629e-06  4.71169105e-05 
 3.00652306e-06  1.67496432e-04 
 3.00735302e-06  4.78883954e-05 
 3.00810743e-06  1.46585217e-04 
 3.00894898e-06  3.41968319e-05 
 3.01008458e-06  1.36602006e-04 
 3.01115411e-06  1.95493742e-05 
 3.01302659e-06  1.34501363e-04 
 3.01515216e-06  3.90459439e-05 
 3.01680347e-06  1.50385351e-04 
 3.01863038e-06  4.93571965e-05 
 3.02047570e-06  1.62061673e-04 
 3.02249123e-06  8.43625458e-05 
 3.02397349e-06  2.10806730e-04 
 3.02539756e-06  9.11755277e-05 
 3.02672065e-06  1.91619602e-04 
 3.02817458e-06  7.24536037e-05 
 3.02985001e-06  1.76579706e-04 
 3.03169562e-06  6.01842414e-05 
 3.03444846e-06  1.67836749e-04 
 3.03786811e-06  5.06598579e-05 
 3.04470742e-06  1.57417010e-04 
 3.05581873e-06  4.05197999e-05 
 3.07584447e-06  1.52077038e-04 
 3.09860630e-06  3.76604051e-05 
 3.14412995e-06  1.38908697e-04 
 3.20551193e-06  1.44360555e-05 
 3.25010000e-06  1.24540234e-04 
 3.25011000e-06 -4.18130149e-03 
 3.25013000e-06 -4.58021977e-03 
 3.25017000e-06 -3.75214613e-03 
 3.25020000e-06 -3.80956119e-03 
 3.25020052e-06 -6.26308627e-04 
 3.25020157e-06  5.25144604e-04 
 3.25020365e-06  1.54331667e-04 
 3.25020783e-06  3.25315182e-04 
 3.25021617e-06  1.97515954e-04 
 3.25023287e-06  3.61885304e-04 
 3.25026626e-06  2.65762185e-04 
 3.25033304e-06  3.95232142e-04 
 3.25046660e-06  2.82824524e-04 
 3.25064407e-06  4.15035459e-04 
 3.25091382e-06  3.65417845e-04 
 3.25145332e-06  5.20087425e-04 
 3.25209896e-06  3.52377561e-04 
 3.25287443e-06  2.38795899e-04 
 3.25357848e-06  8.15416967e-05 
 3.25454694e-06  1.72916596e-04 
 3.25561006e-06  6.46511136e-05 
 3.25650777e-06  1.36863529e-04 
 3.25748031e-06  3.26050510e-05 
 3.25847399e-06  1.29629052e-04 
 3.25988531e-06  2.68109561e-05 
 3.26135589e-06  1.17107372e-04 
 3.26400122e-06  2.08522918e-05 
 3.26733193e-06  1.15491651e-04 
 3.27267173e-06  2.08178061e-05 
 3.28335132e-06  1.15170436e-04 
 3.29953963e-06  2.04509724e-05 
 3.33191623e-06  1.14562266e-04 
 3.39666943e-06  1.95582538e-05 
 3.50000000e-06  1.13542125e-04 
 3.50001000e-06  4.19868467e-03 
 3.50003000e-06  4.06145962e-03 
 3.50007000e-06  4.85208328e-03 
 3.50010000e-06  5.71885027e-03 
 3.50010052e-06  2.42277044e-03 
 3.50010155e-06  1.03003731e-03 
 3.50010362e-06  1.13382264e-03 
 3.50010775e-06  9.87302772e-04 
 3.50011602e-06  1.09007919e-03 
 3.50013256e-06  8.93330251e-04 
 3.50016564e-06  9.34258297e-04 
 3.50023179e-06  7.24931575e-04 
 3.50036410e-06  7.42531078e-04 
 3.50054721e-06  5.67524649e-04 
 3.50091342e-06  6.52970586e-04 
 3.50141043e-06  4.67748259e-04 
 3.50193974e-06  3.71116917e-04 
 3.50269051e-06  1.67038983e-04 
 3.50338151e-06  2.48480052e-04 
 3.50409961e-06  7.92632413e-05 
 3.50489674e-06  1.62532095e-04 
 3.50578747e-06  3.79067630e-05 
 3.50677426e-06  1.44708531e-04 
 3.50801597e-06  3.62144250e-05 
 3.50964987e-06  1.54644841e-04 
 3.51114737e-06  3.62163996e-05 
 3.51288938e-06  1.43589262e-04 
 3.51452715e-06  1.94070393e-05 
 3.51641442e-06  1.20631915e-04 
 3.51820364e-06  1.35186244e-05 
 3.52051181e-06  1.20123339e-04 
 3.52403450e-06  1.27067654e-05 
 3.52930229e-06  1.20024556e-04 
 3.53843187e-06  1.25705124e-05 
 3.55520548e-06  1.19943806e-04 
 3.58488776e-06  1.24129120e-05 
 3.64165647e-06  1.19759061e-04 
 3.75010000e-06  1.21834042e-05 
 3.75011000e-06 -4.18084757e-03 
 3.75013000e-06 -4.57115418e-03 
 3.75017000e-06 -3.75211819e-03 
 3.75020000e-06 -3.80383907e-03 
 3.75020052e-06 -6.23541559e-04 
 3.75020157e-06  5.25263956e-04 
 3.75020365e-06  1.54463328e-04 
 3.75020783e-06  3.24999515e-04 
 3.75021618e-06  1.96859508e-04 
 3.75023288e-06  3.60499129e-04 
 3.75026628e-06  2.63694009e-04 
 3.75033309e-06  3.92001940e-04 
 3.75046670e-06  2.78813446e-04 
 3.75064403e-06  4.10728926e-04 
 3.75091362e-06  3.61608845e-04 
 3.75145280e-06  5.17454405e-04 
 3.75210513e-06  3.49019248e-04 
 3.75287635e-06  2.35417526e-04 
 3.75358352e-06  7.82936749e-05 
 3.75454543e-06  1.71305519e-04 
 3.75560656e-06  6.59180337e-05 
 3.75651127e-06  1.50005762e-04 
 3.75748656e-06  4.50243244e-05 
 3.75842057e-06  1.42158358e-04 
 3.75944662e-06  3.71847886e-05 
 3.76061315e-06  1.21429233e-04 
 3.76199557e-06  2.66703210e-05 
 3.76345419e-06  1.16828884e-04 
 3.76592982e-06  1.89694811e-05 
 3.76847590e-06  1.12740800e-04 
 3.77208150e-06  1.90203768e-05 
 3.77721293e-06  1.12688220e-04 
 3.78747578e-06  1.90595063e-05 
 3.80800148e-06  1.12682324e-04 
 3.84905287e-06  1.90394159e-05 
 3.93115566e-06  1.12640531e-04 
 4.00000000e-06  1.90112293e-05 
 4.00001000e-06  4.19655393e-03 
 4.00003000e-06  4.06002585e-03 
 4.00007000e-06  4.84835116e-03 
 4.00010000e-06  5.71573669e-03 
 4.00010052e-06  2.41733504e-03 
 4.00010155e-06  1.02345604e-03 
 4.00010362e-06  1.13003197e-03 
 4.00010775e-06  9.81608509e-04 
 4.00011602e-06  1.08894082e-03 
 4.00013256e-06  8.88647774e-04 
 4.00016564e-06  9.33261714e-04 
 4.00023180e-06  7.21097194e-04 
 4.00036412e-06  7.42430226e-04 
 4.00054730e-06  5.64649209e-04 
 4.00091367e-06  6.53518207e-04 
 4.00141068e-06  4.62420244e-04 
 4.00193968e-06  3.69410507e-04 
 4.00268895e-06  1.67517640e-04 
 4.00337273e-06  2.62714311e-04 
 4.00409113e-06  9.14534818e-05 
 4.00487213e-06  1.68455930e-04 
 4.00574604e-06  4.32515105e-05 
 4.00648008e-06  1.66984012e-04 
 4.00726783e-06  4.96797496e-05 
 4.00802236e-06  1.54764480e-04 
 4.00888456e-06  3.43490866e-05 
 4.00969717e-06  1.46899127e-04 
 4.01094919e-06  2.31175690e-05 
 4.01209476e-06  1.31375990e-04 
 4.01417791e-06  2.60880374e-05 
 4.01638501e-06  1.47204766e-04 
 4.01809902e-06  3.95132796e-05 
 4.01997545e-06  1.57223687e-04 
 4.02246978e-06  5.08431647e-05 
 4.02453887e-06  2.00851358e-04 
 4.02611755e-06  8.77834661e-05 
 4.02758273e-06  1.82655692e-04 
 4.02917614e-06  6.56636178e-05 
 4.03080044e-06  1.63241659e-04 
 4.03263378e-06  5.00621595e-05 
 4.03580593e-06  1.53127212e-04 
 4.03878455e-06  4.24186866e-05 
 4.04474178e-06  1.48851024e-04 
 4.05431278e-06  3.94164557e-05 
 4.06913438e-06  1.42471191e-04 
 4.08956181e-06  2.23060564e-05 
 4.10742757e-06  1.25925106e-04 
 4.12900958e-06  1.43589690e-05 
 4.14424626e-06  1.22736589e-04 
 4.15887400e-06  1.30107669e-05 
 4.17420081e-06  1.21984714e-04 
 4.19337192e-06  1.26309421e-05 
 4.21451739e-06  1.21540506e-04 
 4.25010000e-06  1.21994303e-05 
 4.25011000e-06 -4.18649265e-03 
 4.25013000e-06 -4.57775357e-03 
 4.25017000e-06 -3.75112578e-03 
 4.25020000e-06 -3.80804820e-03 
 4.25020052e-06 -6.28996567e-04 
 4.25020156e-06  5.19091755e-04 
 4.25020365e-06  1.48580799e-04 
 4.25020782e-06  3.18780274e-04 
 4.25021617e-06  1.90478618e-04 
 4.25023286e-06  3.54304169e-04 
 4.25026624e-06  2.59264311e-04 
 4.25033300e-06  3.91895910e-04 
 4.25041617e-06  2.82078307e-04 
 4.25058251e-06  4.08361034e-04 
 4.25076985e-06  3.18903987e-04 
 4.25108630e-06  5.14141938e-04 
 4.25171919e-06  3.84031725e-04 
 4.25234086e-06  4.07235302e-04 
 4.25303908e-06  9.71933947e-05 
 4.25377675e-06  1.89061180e-04 
 4.25472305e-06  6.10805114e-05 
 4.25553494e-06  1.75526702e-04 
 4.25646021e-06  2.17625472e-05 
 4.25737405e-06  1.42597231e-04 
 4.25832718e-06  1.62853860e-05 
 4.25986593e-06  1.37831880e-04 
 4.26142530e-06  3.36791127e-06 
 4.26404454e-06  1.31329707e-04 
 4.26740309e-06  1.95432254e-06 
 4.27267734e-06  1.31368844e-04 
 4.28322584e-06  1.79543125e-06 
 4.30432284e-06  1.31195036e-04 
 4.34651685e-06  1.49790518e-06 
 4.43090486e-06  1.30803347e-04 
 4.50000000e-06  1.16921477e-06 
 4.50001000e-06  4.18971209e-03 
 4.50003000e-06  4.05506060e-03 
 4.50007000e-06  4.84985824e-03 
 4.50010000e-06  5.72079550e-03 
 4.50010052e-06  2.42571670e-03 
 4.50010155e-06  1.03622687e-03 
 4.50010362e-06  1.14201097e-03 
 4.50010775e-06  9.94040504e-04 
 4.50011602e-06  1.10118168e-03 
 4.50013256e-06  9.00183968e-04 
 4.50016564e-06  9.41354467e-04 
 4.50023180e-06  7.27777456e-04 
 4.50036412e-06  7.46043810e-04 
 4.50062877e-06  5.47987501e-04 
 4.50109506e-06  6.45725022e-04 
 4.50175537e-06  3.23403904e-04 
 4.50246878e-06  2.69028762e-04 
 4.50308433e-06  1.66754725e-04 
 4.50385291e-06  2.01930590e-04 
 4.50481463e-06  5.71968521e-05 
 4.50576310e-06  1.45212242e-04 
 4.50670673e-06  3.97512809e-05 
 4.50785377e-06  1.40414544e-04 
 4.50928979e-06  5.09686840e-05 
 4.51101462e-06  1.48654530e-04 
 4.51234575e-06  4.06906978e-05 
 4.51379085e-06  1.23683568e-04 
 4.51521851e-06  1.85606729e-05 
 4.51689952e-06  1.16166482e-04 
 4.51867368e-06  1.63102411e-05 
 4.52192368e-06  1.15691086e-04 
 4.52664438e-06  1.63177577e-05 
 4.53550726e-06  1.15616608e-04 
 4.55231376e-06  1.62949232e-05 
 4.58171300e-06  1.15526662e-04 
 4.64051149e-06  1.62137598e-05 
 4.75010000e-06  1.15422941e-04 
 4.75011000e-06 -4.18043965e-03 
 4.75013000e-06 -4.57492702e-03 
 4.75017000e-06 -3.74408477e-03 
 4.75020000e-06 -3.80689765e-03 
 4.75020052e-06 -6.27963451e-04 
 4.75020156e-06  5.19366453e-04 
 4.75020365e-06  1.48736278e-04 
 4.75020782e-06  3.19212657e-04 
 4.75021617e-06  1.90463269e-04 
 4.75023286e-06  3.54203465e-04 
 4.75026624e-06  2.58465917e-04 
 4.75033300e-06  3.90574010e-04 
 4.75041521e-06  2.80009683e-04 
 4.75057962e-06  4.05882706e-04 
 4.75076671e-06  3.15760896e-04 
 4.75108042e-06  5.11629636e-04 
 4.75170784e-06  3.83889531e-04 
 4.75233262e-06  4.09659088e-04 
 4.75303031e-06  9.78100441e-05 
 4.75376584e-06  1.89584552e-04 
 4.75470831e-06  6.21392467e-05 
 4.75553533e-06  1.81318263e-04 
 4.75646993e-06  3.79484104e-05 
 4.75728483e-06  1.57973718e-04 
 4.75817644e-06  3.06917586e-05 
 4.75921328e-06  1.50844021e-04 
 4.76036099e-06  1.02677398e-05 
 4.76178045e-06  1.39059389e-04 
 4.76325823e-06  4.24157607e-06 
 4.76563133e-06  1.31216478e-04 
 4.76814083e-06  4.25468635e-07 
 4.77193265e-06  1.31198463e-04 
 4.77713818e-06  3.45023094e-07 
 4.78754925e-06  1.31218033e-04 
 4.80837138e-06  3.24150598e-07 
 4.85001564e-06  1.31203620e-04 
 4.93330417e-06  3.09703992e-07 
 5.00000000e-06  1.31200102e-04 
 5.00001000e-06  4.19013076e-03 
 5.00003000e-06  4.04818376e-03 
 5.00007000e-06  4.85209917e-03 
 5.00010000e-06  5.71550767e-03 
 5.00010052e-06  2.42350677e-03 
 5.00010155e-06  1.03617955e-03 
 5.00010362e-06  1.14131050e-03 
 5.00010775e-06  9.93651087e-04 
 5.00011602e-06  1.10052804e-03 
 5.00013256e-06  8.99987788e-04 
 5.00016564e-06  9.40510349e-04 
 5.00023179e-06  7.27612939e-04 
 5.00036409e-06  7.45421654e-04 
 5.00062870e-06  5.48409612e-04 
 5.00109426e-06  6.45659441e-04 
 5.00175484e-06  3.23519705e-04 
 5.00246763e-06  2.67567801e-04 
 5.00308786e-06  1.71087696e-04 
 5.00385399e-06  2.12099272e-04 
 5.00470964e-06  6.51871295e-05 
 5.00559552e-06  1.47972812e-04 
 5.00636332e-06  6.44383893e-05 
 5.00717154e-06  1.61349592e-04 
 5.00788065e-06  4.34628007e-05 
 5.00868473e-06  1.37150392e-04 
 5.00965123e-06  3.01965284e-05 
 5.01074260e-06  1.22599418e-04 
 5.01292533e-06  2.55367256e-05 
 5.01508757e-06  1.31413428e-04 
 5.01735984e-06  3.15920911e-05 
 5.01947640e-06  1.41738661e-04 
 5.02163284e-06  4.66351278e-05 
 5.02397277e-06  1.47542723e-04 
 5.02620614e-06  8.33230682e-05 
 5.02790457e-06  1.80338728e-04 
 5.02950562e-06  6.32726843e-05 
 5.03108313e-06  1.56278951e-04 
 5.03273067e-06  4.57793315e-05 
 5.03459328e-06  1.43645943e-04 
 5.03750841e-06  4.19680084e-05 
 5.04051464e-06  1.41592480e-04 
 5.04652709e-06  4.40906146e-05 
 5.05488805e-06  1.53990367e-04 
 5.06246996e-06  4.48070694e-05 
 5.07058571e-06  1.38551161e-04 
 5.07993740e-06  3.48105737e-05 
 5.09141803e-06  1.32492073e-04 
 5.10450218e-06  3.05399794e-05 
 5.12840848e-06  1.27353581e-04 
 5.14596750e-06  1.81055378e-05 
 5.16292010e-06  1.17634860e-04 
 5.17626431e-06  1.65564158e-05 
 5.19316466e-06  1.17189622e-04 
 5.22696537e-06  1.61046026e-05 
 5.25010000e-06  1.16706473e-04 
 5.25011000e-06 -4.17923242e-03 
 5.25013000e-06 -4.57614580e-03 
 5.25017000e-06 -3.74532952e-03 
 5.25020000e-06 -3.80631563e-03 
 5.25020052e-06 -6.27668689e-04 
 5.25020157e-06  5.19358416e-04 
 5.25020365e-06  1.49085464e-04 
 5.25020783e-06  3.19790139e-04 
 5.25021617e-06  1.90830647e-04 
 5.25023287e-06  3.54568271e-04 
 5.25026626e-06  2.58800120e-04 
 5.25033304e-06  3.91022158e-04 
 5.25041598e-06  2.80347912e-04 
 5.25058186e-06  4.06755468e-04 
 5.25076460e-06  3.16245547e-04 
 5.25108315e-06  5.12718538e-04 
 5.25172024e-06  3.83414052e-04 
 5.25234410e-06  4.08541257e-04 
 5.25304826e-06  9.68060412e-05 
 5.25378573e-06  1.88095810e-04 
 5.25473228e-06  6.26626108e-05 
 5.25576421e-06  1.74440809e-04 
 5.25651129e-06  3.38371982e-05 
 5.25739459e-06  1.44044938e-04 
 5.25836109e-06  1.60651709e-05 
 5.25948963e-06  1.39571302e-04 
 5.26069118e-06  4.87319665e-06 
 5.26309427e-06  1.31027457e-04 
 5.26620090e-06  1.58881501e-06 
 5.27070127e-06  1.31043748e-04 
 5.27928670e-06  1.37517076e-06 
 5.29645756e-06  1.30889914e-04 
 5.33079928e-06  1.17786823e-06 
 5.37489105e-06  1.30730460e-04 
 5.43906404e-06  1.03734927e-06 
 5.50000000e-06  1.30625111e-04 
 5.50001000e-06  4.19042947e-03 
 5.50003000e-06  4.04799261e-03 
 5.50007000e-06  4.85296041e-03 
 5.50010000e-06  5.71464261e-03 
 5.50010052e-06  2.42229509e-03 
 5.50010155e-06  1.03408929e-03 
 5.50010362e-06  1.13926801e-03 
 5.50010775e-06  9.92281528e-04 
 5.50011602e-06  1.09898299e-03 
 5.50013256e-06  8.98647200e-04 
 5.50016564e-06  9.39944030e-04 
 5.50023179e-06  7.27273266e-04 
 5.50036409e-06  7.45728680e-04 
 5.50062870e-06  5.48301511e-04 
 5.50109526e-06  6.45390425e-04 
 5.50175540e-06  3.21436852e-04 
 5.50246757e-06  2.65157531e-04 
 5.50308204e-06  1.62138661e-04 
 5.50385064e-06  2.04314259e-04 
 5.50481005e-06  5.98570398e-05 
 5.50576076e-06  1.49370179e-04 
 5.50670130e-06  4.07844760e-05 
 5.50777544e-06  1.40745545e-04 
 5.50921299e-06  4.36135581e-05 
 5.51077451e-06  1.56849839e-04 
 5.51230484e-06  4.33084689e-05 
 5.51365154e-06  1.34704646e-04 
 5.51516294e-06  2.40549481e-05 
 5.51685488e-06  1.18231591e-04 
 5.51860345e-06  1.54532492e-05 
 5.52210059e-06  1.16637758e-04 
 5.52700188e-06  1.50079184e-05 
 5.53674152e-06  1.16684785e-04 
 5.55413250e-06  1.49300974e-05 
 5.58415281e-06  1.16664708e-04 
 5.64419341e-06  1.48905609e-05 
 5.75010000e-06  1.16626788e-04 
 5.75011000e-06 -4.17996041e-03 
 5.75013000e-06 -4.57495521e-03 
 5.75017000e-06 -3.74383205e-03 
 5.75020000e-06 -3.80426811e-03 
 5.75020052e-06 -6.26666874e-04 
 5.75020157e-06  5.19351608e-04 
 5.75020365e-06  1.48848350e-04 
 5.75020783e-06  3.19419720e-04 
 5.75021617e-06  1.90656262e-04 
 5.75023287e-06  3.54689319e-04 
 5.75026626e-06  2.58906414e-04 
 5.75033305e-06  3.90857277e-04 
 5.75041492e-06  2.79954592e-04 
 5.75057867e-06  4.05648963e-04 
 5.75076547e-06  3.15303988e-04 
 5.75107825e-06  5.11150024e-04 
 5.75170381e-06  3.84793427e-04 
 5.75232959e-06  4.12492230e-04 
 5.75302699e-06  9.99384750e-05 
 5.75376151e-06  1.88117975e-04 
 5.75470246e-06  6.38569402e-05 
 5.75572900e-06  1.77688303e-04 
 5.75648437e-06  4.38838198e-05 
 5.75736408e-06  1.62497428e-04 
 5.75836053e-06  2.94071898e-05 
 5.75928374e-06  1.55485249e-04 
 5.76040003e-06  1.09402797e-05 
 5.76161983e-06  1.38750806e-04 
 5.76311142e-06  6.56456839e-06 
 5.76466425e-06  1.32921800e-04 
 5.76685635e-06  6.54848759e-07 
 5.76933290e-06  1.30915047e-04 
 5.77352555e-06  6.10643668e-07 
 5.78112056e-06  1.30811758e-04 
 5.79272908e-06  6.29483323e-07 
 5.81410898e-06  1.30797322e-04 
 5.84928425e-06  6.40382369e-07 
 5.90998351e-06  1.30796879e-04 
 6.00000000e-06  6.48800305e-07 
 6.00001000e-06  4.18557300e-03 
 6.00003000e-06  4.04976872e-03 
 6.00007000e-06  4.84876967e-03 
 6.00010000e-06  5.71621061e-03 
 6.00010052e-06  2.42277177e-03 
 6.00010155e-06  1.03441765e-03 
 6.00010362e-06  1.13983985e-03 
 6.00010775e-06  9.92024529e-04 
 6.00011602e-06  1.09919912e-03 
 6.00013256e-06  8.98671271e-04 
 6.00016564e-06  9.39687499e-04 
 6.00023180e-06  7.27016626e-04 
 6.00036412e-06  7.45364289e-04 
 6.00062877e-06  5.48394494e-04 
 6.00109437e-06  6.45604592e-04 
 6.00175499e-06  3.21539751e-04 
 6.00246685e-06  2.64553424e-04 
 6.00308685e-06  1.61683098e-04 
 6.00385269e-06  2.10739688e-04 
 6.00481874e-06  6.51730748e-05 
 6.00571340e-06  1.49158997e-04 
 6.00665915e-06  6.19694446e-05 
 6.00761581e-06  1.59844537e-04 
 6.00855001e-06  3.43656349e-05 
 6.00956444e-06  1.32665165e-04 
 6.01079522e-06  2.08352615e-05 
 6.01200617e-06  1.24563700e-04 
 6.01442808e-06  2.59045898e-05 
 6.01700077e-06  1.31898475e-04 
 6.01888089e-06  2.77127367e-05 
 6.02102671e-06  1.43624089e-04 
 6.02328205e-06  3.36817581e-05 
 6.02591322e-06  1.58265799e-04 
 6.02800029e-06  7.33946168e-05 
 6.02951550e-06  1.67879913e-04 
 6.03119328e-06  5.06732146e-05 
 6.03303214e-06  1.65450273e-04 
 6.03512881e-06  6.54755443e-05 
 6.03726418e-06  1.72939937e-04 
 6.04035183e-06  5.69528013e-05 
 6.04471090e-06  1.48092379e-04 
 6.05019471e-06  3.70619851e-05 
 6.05574984e-06  1.40031514e-04 
 6.06235003e-06  4.01880023e-05 
 6.07295129e-06  1.49514382e-04 
 6.07916978e-06  2.99144326e-05 
 6.08608698e-06  1.43702479e-04 
 6.09637455e-06  2.87766227e-05 
 6.10687130e-06  1.39692175e-04 
 6.12282823e-06  2.76336269e-05 
 6.14099578e-06  1.39008617e-04 
 6.16244079e-06  2.76635678e-05 
 6.20533081e-06  1.38568096e-04 
 6.25010000e-06  2.73712919e-05 
 6.25011000e-06 -4.16732133e-03 
 6.25013000e-06 -4.55640981e-03 
 6.25017000e-06 -3.72495431e-03 
 6.25020000e-06 -3.77566312e-03 
 6.25020052e-06 -6.00210108e-04 
 6.25020157e-06  5.44021223e-04 
 6.25020365e-06  1.74171594e-04 
 6.25020783e-06  3.44703901e-04 
 6.25021617e-06  2.15540841e-04 
 6.25023287e-06  3.78837035e-04 
 6.25026626e-06  2.83419586e-04 
 6.25033303e-06  4.12089276e-04 
 6.25041486e-06  3.01075606e-04 
 6.25057852e-06  4.24824470e-04 
 6.25076055e-06  3.33801039e-04 
 6.25105923e-06  5.25678188e-04 
 6.25165660e-06  4.05381842e-04 
 6.25228781e-06  4.40866028e-04 
 6.25298734e-06  1.23871525e-04 
 6.25371107e-06  2.04872910e-04 
 6.25463804e-06  7.96412146e-05 
 6.25565594e-06  1.93155822e-04 
 6.25692004e-06  5.77981479e-05 
 6.25794786e-06  1.69645208e-04 
 6.25903773e-06  2.94218353e-05 
 6.26020566e-06  1.51669805e-04 
 6.26203306e-06  1.78414890e-05 
 6.26377239e-06  1.45182022e-04 
 6.26724512e-06  1.73834151e-05 
 6.27220017e-06  1.44814667e-04 
 6.28078489e-06  1.74320332e-05 
 6.29699735e-06  1.44728598e-04 
 6.32433142e-06  1.74742200e-05 
 6.35076292e-06  1.50306148e-04 
 6.37633470e-06  1.63303726e-05 
 6.40053738e-06  1.45462336e-04 
 6.42771682e-06  1.58547375e-05 
 6.45529858e-06  1.44623879e-04 
 6.49901109e-06  1.14494642e-05 
 6.50000000e-06  1.40294072e-04 
 6.50001000e-06  4.19955337e-03 
 6.50003000e-06  4.05569097e-03 
 6.50007000e-06  4.85947493e-03 
 6.50010000e-06  5.71796764e-03 
 6.50010052e-06  2.42647955e-03 
 6.50010155e-06  1.03894074e-03 
 6.50010362e-06  1.14364115e-03 
 6.50010775e-06  9.96545042e-04 
 6.50011602e-06  1.10290350e-03 
 6.50013256e-06  9.01880869e-04 
 6.50016564e-06  9.43079693e-04 
 6.50023179e-06  7.29901324e-04 
 6.50036410e-06  7.49567423e-04 
 6.50062871e-06  5.54090799e-04 
 6.50109568e-06  6.54962656e-04 
 6.50175561e-06  3.30296140e-04 
 6.50246281e-06  2.74621604e-04 
 6.50307998e-06  1.67056518e-04 
 6.50384554e-06  2.15605945e-04 
 6.50480393e-06  6.90247836e-05 
 6.50575778e-06  1.66966360e-04 
 6.50669474e-06  5.43043486e-05 
 6.50775142e-06  1.55183324e-04 
 6.50886054e-06  4.79544277e-05 
 6.51078005e-06  1.68977409e-04 
 6.51259188e-06  5.12137711e-05 
 6.51405439e-06  1.46930741e-04 
 6.51568907e-06  3.23531446e-05 
 6.51752764e-06  1.27759952e-04 
 6.51952220e-06  1.94423037e-05 
 6.52311024e-06  1.23820773e-04 
 6.52806561e-06  1.69432188e-05 
 6.53715256e-06  1.21854981e-04 
 6.55217632e-06  1.47222205e-05 
 6.58214309e-06  1.19903435e-04 
 6.63623349e-06  1.32543290e-05 
 6.73855592e-06  1.19133697e-04 
 6.75010000e-06  1.29900860e-05 
 6.75011000e-06 -4.18156100e-03 
 6.75013000e-06 -4.56851978e-03 
 6.75017000e-06 -3.73717712e-03 
 6.75020000e-06 -3.78830875e-03 
 6.75020052e-06 -6.13539751e-04 
 6.75020156e-06  5.29997802e-04 
 6.75020365e-06  1.59702563e-04 
 6.75020782e-06  3.29928208e-04 
 6.75021617e-06  2.01200367e-04 
 6.75023286e-06  3.64921938e-04 
 6.75026623e-06  2.69707509e-04 
 6.75033299e-06  3.97859972e-04 
 6.75041409e-06  2.86042196e-04 
 6.75057629e-06  4.08478023e-04 
 6.75079585e-06  3.24680798e-04 
 6.75107445e-06  5.10430409e-04 
 6.75163163e-06  3.92470510e-04 
 6.75225121e-06  4.32910914e-04 
 6.75292276e-06  1.20882395e-04 
 6.75364483e-06  1.87693304e-04 
 6.75456795e-06  6.53761545e-05 
 6.75557647e-06  1.76443196e-04 
 6.75680579e-06  4.54074394e-05 
 6.75777545e-06  1.67741606e-04 
 6.75881741e-06  3.11622706e-05 
 6.75984455e-06  1.51591915e-04 
 6.76095525e-06  1.46400121e-05 
 6.76216942e-06  1.34478097e-04 
 6.76348424e-06  1.14675197e-05 
 6.76498016e-06  1.30051509e-04 
 6.76746288e-06  4.71772082e-06 
 6.77013522e-06  1.27160675e-04 
 6.77423840e-06  4.75322571e-06 
 6.78057800e-06  1.26972836e-04 
 6.79325720e-06  4.73099946e-06 
 6.81809149e-06  1.26902717e-04 
 6.86322849e-06  4.71787114e-06 
 6.95350250e-06  1.26927174e-04 
 7.00000000e-06  4.76970443e-06 
 7.00001000e-06  4.18333554e-03 
 7.00003000e-06  4.04617091e-03 
 7.00007000e-06  4.84425443e-03 
 7.00010000e-06  5.70919501e-03 
 7.00010052e-06  2.41643062e-03 
 7.00010155e-06  1.02875190e-03 
 7.00010362e-06  1.13394127e-03 
 7.00010775e-06  9.85804684e-04 
 7.00011602e-06  1.09287401e-03 
 7.00013256e-06  8.91628847e-04 
 7.00016564e-06  9.32697584e-04 
 7.00023181e-06  7.19543028e-04 
 7.00036413e-06  7.39282203e-04 
 7.00062877e-06  5.44199515e-04 
 7.00109460e-06  6.45191176e-04 
 7.00175515e-06  3.20360710e-04 
 7.00246227e-06  2.63861241e-04 
 7.00308524e-06  1.53870548e-04 
 7.00384806e-06  2.05907257e-04 
 7.00481332e-06  6.23813825e-05 
 7.00571056e-06  1.61006327e-04 
 7.00665340e-06  5.36085126e-05 
 7.00739152e-06  1.67439579e-04 
 7.00823849e-06  4.26524248e-05 
 7.00910582e-06  1.33734462e-04 
 7.00995910e-06  2.18248812e-05 
 7.01105164e-06  1.26117895e-04 
 7.01222534e-06  1.89798561e-05 
 7.01457273e-06  1.30832477e-04 
 7.01754875e-06  3.01267456e-05 
 7.01958536e-06  1.37072081e-04 
 7.02187979e-06  4.68566186e-05 
 7.02394089e-06  1.71467314e-04 
 7.02614749e-06  1.11051722e-04 
 7.02803870e-06  2.15570037e-04 
 7.03000872e-06  9.69957852e-05 
 7.03174138e-06  1.88832139e-04 
 7.03342623e-06  8.37937118e-05 
 7.03575520e-06  1.83398882e-04 
 7.03741503e-06  3.85773984e-05 
 7.03923159e-06  1.52053111e-04 
 7.04146583e-06  3.44467391e-05 
 7.04392274e-06  1.40662846e-04 
 7.04854274e-06  2.92911643e-05 
 7.05471509e-06  1.37716690e-04 
 7.06029244e-06  2.96296567e-05 
 7.07144713e-06  1.36868667e-04 
 7.09222570e-06  2.96458095e-05 
 7.12599878e-06  1.36554389e-04 
 7.19354493e-06  2.95530308e-05 
 7.25010000e-06  1.36360716e-04 
 7.25011000e-06 -4.16054577e-03 
 7.25013000e-06 -4.55729856e-03 
 7.25017000e-06 -3.72212229e-03 
 7.25020000e-06 -3.77844542e-03 
 7.25020052e-06 -6.02251718e-04 
 7.25020156e-06  5.42947188e-04 
 7.25020365e-06  1.73443177e-04 
 7.25020782e-06  3.43813138e-04 
 7.25021617e-06  2.15079004e-04 
 7.25023286e-06  3.79069902e-04 
 7.25026623e-06  2.84352387e-04 
 7.25033299e-06  4.10976035e-04 
 7.25041767e-06  3.00347425e-04 
 7.25058703e-06  4.23364181e-04 
 7.25076783e-06  3.34776265e-04 
 7.25106970e-06  5.25858584e-04 
 7.25167345e-06  4.05055249e-04 
 7.25229420e-06  4.38189482e-04 
 7.25299289e-06  1.23819646e-04 
 7.25371613e-06  2.04629207e-04 
 7.25464582e-06  8.26588572e-05 
 7.25566338e-06  1.92810612e-04 
 7.25661707e-06  6.13811944e-05 
 7.25771376e-06  1.66933009e-04 
 7.25883019e-06  3.31344069e-05 
 7.25993844e-06  1.52704968e-04 
 7.26170226e-06  2.11735316e-05 
 7.26365719e-06  1.45682501e-04 
 7.26732054e-06  2.04042843e-05 
 7.27236563e-06  1.45481210e-04 
 7.28245580e-06  2.03996155e-05 
 7.30097736e-06  1.45404400e-04 
 7.33607593e-06  2.03722780e-05 
 7.40627307e-06  1.45357320e-04 
 7.50000000e-06  2.03387405e-05 
 7.50001000e-06  4.20315343e-03 
 7.50003000e-06  4.06633491e-03 
 7.50007000e-06  4.86476021e-03 
 7.50010000e-06  5.72963578e-03 
 7.50010052e-06  2.43610497e-03 
 7.50010155e-06  1.04731188e-03 
 7.50010362e-06  1.15243280e-03 
 7.50010775e-06  1.00462667e-03 
 7.50011603e-06  1.11143089e-03 
 7.50013257e-06  9.10547458e-04 
 7.50016565e-06  9.52317549e-04 
 7.50023183e-06  7.39176995e-04 
 7.50036417e-06  7.58527938e-04 
 7.50062885e-06  5.62209144e-04 
 7.50109586e-06  6.63087529e-04 
 7.50172031e-06  3.51004039e-04 
 7.50244825e-06  2.80480364e-04 
 7.50307833e-06  1.74924213e-04 
 7.50384205e-06  2.30473595e-04 
 7.50478736e-06  8.48575128e-05 
 7.50575464e-06  1.70905691e-04 
 7.50667759e-06  5.96017630e-05 
 7.50785380e-06  1.60944666e-04 
 7.50906044e-06  5.53595281e-05 
 7.51093246e-06  1.74326331e-04 
 7.51293231e-06  5.50678544e-05 
 7.51464722e-06  1.51081998e-04 
 7.51645321e-06  3.53792123e-05 
 7.51876646e-06  1.36048457e-04 
 7.52118880e-06  2.99468817e-05 
 7.52528793e-06  1.35994715e-04 
 7.53097101e-06  2.97950708e-05 
 7.54042031e-06  1.36044542e-04 
 7.55663035e-06  2.97323984e-05 
 7.58284176e-06  1.36034188e-04 
 7.63099121e-06  2.96924147e-05 
 7.71753518e-06  1.36008064e-04 
 7.75010000e-06  2.96664270e-05 
 7.75011000e-06 -4.16516406e-03 
 7.75013000e-06 -4.55317541e-03 
 7.75017000e-06 -3.72213113e-03 
 7.75020000e-06 -3.77353671e-03 
 7.75020052e-06 -5.99338734e-04 
 7.75020156e-06  5.43781309e-04 
 7.75020365e-06  1.73822195e-04 
 7.75020782e-06  3.44055075e-04 
 7.75021617e-06  2.15272628e-04 
 7.75023286e-06  3.79674966e-04 
 7.75026623e-06  2.84664239e-04 
 7.75033299e-06  4.10936295e-04 
 7.75041718e-06  2.99889347e-04 
 7.75058555e-06  4.22248478e-04 
 7.75081571e-06  3.45478429e-04 
 7.75109352e-06  5.26883065e-04 
 7.75164913e-06  4.07845915e-04 
 7.75225984e-06  4.45383488e-04 
 7.75292080e-06  1.38602044e-04 
 7.75364608e-06  2.02859590e-04 
 7.75457270e-06  8.40060849e-05 
 7.75557930e-06  1.90547878e-04 
 7.75657868e-06  6.34764055e-05 
 7.75762874e-06  1.70851055e-04 
 7.75857961e-06  3.78751100e-05 
 7.75957178e-06  1.51891119e-04 
 7.76064449e-06  2.66796600e-05 
 7.76188647e-06  1.43733617e-04 
 7.76437043e-06  2.31117156e-05 
 7.76854391e-06  1.42612333e-04 
 7.77498654e-06  2.31177109e-05 
 7.78787181e-06  1.42532738e-04 
 7.81364235e-06  2.31033987e-05 
 7.86518343e-06  1.42518941e-04 
 7.96826558e-06  2.31083341e-05 
 8.00000000e-06  1.42519797e-04 
 8.00001000e-06  4.20307243e-03 
 8.00003000e-06  4.05949161e-03 
 8.00007000e-06  4.86417543e-03 
 8.00010000e-06  5.72324812e-03 
 8.00010052e-06  2.43439977e-03 
 8.00010155e-06  1.04871372e-03 
 8.00010362e-06  1.15116331e-03 
 8.00010775e-06  1.00370952e-03 
 8.00011602e-06  1.10879898e-03 
 8.00013256e-06  9.10607320e-04 
 8.00016564e-06  9.50794978e-04 
 8.00023179e-06  7.39939679e-04 
 8.00036409e-06  7.58051475e-04 
 8.00062870e-06  5.64485765e-04 
 8.00109609e-06  6.64420843e-04 
 8.00171980e-06  3.55300006e-04 
 8.00244826e-06  2.80456947e-04 
 8.00308381e-06  1.74071902e-04 
 8.00384843e-06  2.25268671e-04 
 8.00481525e-06  8.19559901e-05 
 8.00575025e-06  1.70404363e-04 
 8.00670161e-06  6.90379286e-05 
 8.00756364e-06  1.66414856e-04 
 8.00850472e-06  4.42684495e-05 
 8.00953668e-06  1.46888041e-04 
 8.01069470e-06  3.81152846e-05 
 8.01242114e-06  1.47452898e-04 
 8.01395216e-06  3.14784313e-05 
 8.01556924e-06  1.36415130e-04 
 8.01723694e-06  3.08646762e-05 
 8.01905251e-06  1.35312047e-04 
 8.02268366e-06  3.07681389e-05 
 8.02810602e-06  1.35098758e-04 
 8.03700280e-06  3.07927192e-05 
 8.05479635e-06  1.35032369e-04 
 8.09038346e-06  3.07604570e-05 
 8.16155768e-06  1.34975790e-04 
 8.25010000e-06  3.07232941e-05 
 8.25011000e-06 -4.16617578e-03 
 8.25013000e-06 -4.55337790e-03 
 8.25017000e-06 -3.72963280e-03 
 8.25020000e-06 -3.78394418e-03 
 8.25020052e-06 -6.09956935e-04 
 8.25020157e-06  5.30084989e-04 
 8.25020365e-06  1.57522561e-04 
 8.25020783e-06  3.31669019e-04 
 8.25021618e-06  2.03426224e-04 
 8.25023289e-06  3.69031651e-04 
 8.25026629e-06  2.71783237e-04 
 8.25033311e-06  4.00435739e-04 
 8.25046674e-06  2.86704650e-04 
 8.25064428e-06  4.20242355e-04 
 8.25085360e-06  3.48872956e-04 
 8.25127223e-06  5.31079307e-04 
 8.25192983e-06  3.66233395e-04 
 8.25260851e-06  3.20849496e-04 
 8.25330753e-06  8.01894040e-05 
 8.25422369e-06  1.77064023e-04 
 8.25544688e-06  4.97394396e-05 
 8.25660456e-06  1.50728659e-04 
 8.25788799e-06  4.05778374e-05 
 8.25952701e-06  1.47315294e-04 
 8.26158451e-06  2.67021432e-05 
 8.26424518e-06  1.39579934e-04 
 8.26765137e-06  2.60193469e-05 
 8.27258129e-06  1.39681169e-04 
 8.28244113e-06  2.59547928e-05 
 8.29641555e-06  1.39698011e-04 
 8.32436441e-06  2.59279135e-05 
 8.38026212e-06  1.39700459e-04 
 8.48706465e-06  2.59257091e-05 
 8.50000000e-06  1.39717813e-04 
