 0.00000000e+00  6.98251813e-05 
 1.00000000e-12  3.93517611e-03 
 2.00000000e-12  4.25612510e-03 
 4.00000000e-12  4.34031217e-03 
 8.00000000e-12  4.18782073e-03 
 1.60000000e-11  4.02041834e-03 
 3.20000000e-11  3.89825991e-03 
 6.40000000e-11  4.93920119e-03 
 1.00000000e-10  7.56320624e-03 
 1.06400000e-10  2.60397693e-03 
 1.19200000e-10  1.98928523e-03 
 1.44800000e-10  2.13430120e-03 
 1.96000000e-10  1.46407841e-03 
 2.98400000e-10  1.46237481e-03 
 4.51253520e-10  9.88927043e-04 
 7.56960561e-10  1.05150967e-03 
 1.04182980e-09  7.03799735e-04 
 1.50314398e-09  9.28801674e-04 
 1.91817516e-09  6.69560136e-04 
 2.38916555e-09  1.00383486e-03 
 2.86659573e-09  5.47412533e-04 
 3.27898761e-09  9.69200573e-04 
 3.75725430e-09  5.89268742e-04 
 4.27912949e-09  7.99891437e-04 
 4.77731851e-09  3.16110525e-04 
 5.31426467e-09  5.16830017e-04 
 6.02126241e-09  1.50769767e-04 
 6.73521918e-09  4.63452775e-04 
 7.58720422e-09  9.18672058e-05 
 8.50055853e-09  3.63572019e-04 
 9.50214297e-09 -5.98240579e-05 
 1.05015779e-08  2.95571090e-04 
 1.17365792e-08  5.88816727e-06 
 1.30668659e-08  3.19244497e-04 
 1.39912954e-08 -6.10454135e-05 
 1.48564839e-08  2.80410972e-04 
 1.58090735e-08 -6.06040150e-05 
 1.67607248e-08  2.72955041e-04 
 1.80395532e-08 -6.44834608e-05 
 1.95951084e-08  2.88700603e-04 
 2.14640735e-08  2.32820443e-05 
 2.31981605e-08  3.70531701e-04 
 2.46893483e-08  3.44065734e-05 
 2.57240405e-08  2.59001197e-04 
 2.65928207e-08 -2.82028794e-05 
 2.75322476e-08  2.79793139e-04 
 2.86458355e-08 -4.45373662e-05 
 3.01313018e-08  2.77036113e-04 
 3.22259647e-08 -5.36279203e-05 
 3.54334934e-08  2.71179323e-04 
 3.97774709e-08 -4.92801964e-05 
 4.39207066e-08  2.76978314e-04 
 4.90974689e-08 -5.45178939e-05 
 5.40755146e-08  2.75390168e-04 
 6.15555981e-08 -5.66767534e-05 
 7.20854625e-08  2.71929378e-04 
 8.62364164e-08 -5.98742328e-05 
 1.11021610e-07  2.67880916e-04 
 1.51769201e-07 -6.29307749e-05 
 2.22596922e-07  2.66300448e-04 
 2.50100000e-07 -6.37738637e-05 
 2.50110000e-07 -4.64552131e-03 
 2.50130000e-07 -5.11489126e-03 
 2.50170000e-07 -3.48207426e-03 
 2.50200000e-07 -3.67686400e-03 
 2.50206640e-07  4.58155530e-04 
 2.50219919e-07  6.31319912e-04 
 2.50246479e-07  5.66570184e-04 
 2.50299597e-07  5.65889471e-04 
 2.50405834e-07  4.32496163e-04 
 2.50518618e-07  4.63253359e-04 
 2.50735563e-07  4.30624988e-04 
 2.50956829e-07  4.97907582e-04 
 2.51399361e-07  3.72837055e-04 
 2.51897646e-07  3.73478152e-04 
 2.52361085e-07  1.57090828e-04 
 2.53016967e-07  2.07007453e-04 
 2.53897780e-07  1.21467557e-04 
 2.54507677e-07  2.00940533e-04 
 2.55209556e-07  8.08602105e-05 
 2.55953680e-07  1.66719223e-04 
 2.56774985e-07  7.19714519e-05 
 2.57727382e-07  1.52190178e-04 
 2.59094193e-07  5.78486742e-05 
 2.60723839e-07  1.45847586e-04 
 2.63527940e-07  5.68817287e-05 
 2.67159994e-07  1.45408647e-04 
 2.74424101e-07  5.64532954e-05 
 2.85671687e-07  1.44720291e-04 
 3.05110350e-07  5.53848892e-05 
 3.39130817e-07  1.42517343e-04 
 3.95469522e-07  5.07838822e-05 
 4.94667483e-07  1.33906823e-04 
 5.00000000e-07  4.50278892e-05 
 5.00010000e-07  2.46937307e-03 
 5.00030000e-07  2.20803547e-03 
 5.00070000e-07  2.94368494e-03 
 5.00100000e-07  3.84141768e-03 
 5.00108000e-07  1.08036674e-03 
 5.00124000e-07  7.48560316e-04 
 5.00156000e-07  8.41973704e-04 
 5.00220000e-07  5.52139713e-04 
 5.00348000e-07  6.21788220e-04 
 5.00520095e-07  4.26510290e-04 
 5.00864285e-07  6.03207594e-04 
 5.01298728e-07  3.11513068e-04 
 5.01761386e-07  3.08054679e-04 
 5.02238263e-07  1.74467553e-04 
 5.02766995e-07  2.66597246e-04 
 5.03396032e-07  6.92050973e-05 
 5.04003000e-07  1.87164571e-04 
 5.04684003e-07  4.00197083e-05 
 5.05404483e-07  1.72485101e-04 
 5.06382458e-07  3.79384288e-05 
 5.07590608e-07  1.76510901e-04 
 5.09219212e-07  4.74756178e-05 
 5.10544805e-07  1.73101808e-04 
 5.11935505e-07  5.84142771e-05 
 5.13310111e-07  2.01307223e-04 
 5.14845497e-07  5.86086459e-05 
 5.16359394e-07  1.72127045e-04 
 5.18020039e-07  4.44822932e-05 
 5.20399553e-07  1.59275358e-04 
 5.22854015e-07  2.66749610e-05 
 5.26902982e-07  1.52142256e-04 
 5.33767678e-07  2.39382127e-05 
 5.43877479e-07  1.51487749e-04 
 5.64097079e-07  2.27083363e-05 
 6.04536280e-07  1.49443109e-04 
 6.85414682e-07  1.95552621e-05 
 7.50100000e-07  1.46704751e-04 
 7.50110000e-07 -2.38545616e-03 
 7.50130000e-07 -2.69191490e-03 
 7.50170000e-07 -1.95260112e-03 
 7.50200000e-07 -2.03807330e-03 
 7.50207932e-07  3.10687700e-04 
 7.50223797e-07  4.05398212e-04 
 7.50255526e-07  3.81111680e-04 
 7.50318984e-07  4.18791003e-04 
 7.50445901e-07  3.39451872e-04 
 7.50699734e-07  4.21591417e-04 
 7.51066333e-07  4.04075101e-04 
 7.51530939e-07  4.06472378e-04 
 7.52030643e-07  2.45457992e-04 
 7.52558751e-07  1.82359764e-04 
 7.53273614e-07  1.07729049e-04 
 7.54048473e-07  1.56771538e-04 
 7.54678692e-07  8.98678293e-05 
 7.55368178e-07  1.23224677e-04 
 7.56091954e-07  7.42335514e-05 
 7.56985554e-07  1.14363232e-04 
 7.57895878e-07  6.39061124e-05 
 7.59691767e-07  1.04518990e-04 
 7.61954987e-07  6.09665400e-05 
 7.65490388e-07  1.04276977e-04 
 7.71458244e-07  6.09534505e-05 
 7.82515998e-07  1.04010700e-04 
 8.00855730e-07  6.07002102e-05 
 8.34375407e-07  1.03570803e-04 
 8.92865547e-07  6.01566428e-05 
 1.00000000e-06  1.02938801e-04 
 1.00001000e-06  2.46032140e-03 
 1.00003000e-06  2.18447523e-03 
 1.00007000e-06  2.93750087e-03 
 1.00010000e-06  3.82416803e-03 
 1.00010800e-06  1.06915785e-03 
 1.00012400e-06  7.39270447e-04 
 1.00015600e-06  8.32666718e-04 
 1.00022000e-06  5.44760522e-04 
 1.00034800e-06  6.13582255e-04 
 1.00052011e-06  4.19713997e-04 
 1.00086432e-06  5.94992753e-04 
 1.00129893e-06  3.04447932e-04 
 1.00176156e-06  2.98010016e-04 
 1.00223905e-06  1.67969105e-04 
 1.00276764e-06  2.60898357e-04 
 1.00341018e-06  6.32557426e-05 
 1.00403784e-06  1.76916026e-04 
 1.00458120e-06  4.12576941e-05 
 1.00520533e-06  1.76304164e-04 
 1.00582055e-06  4.15558694e-05 
 1.00642378e-06  1.65554278e-04 
 1.00709831e-06  2.86887197e-05 
 1.00798910e-06  1.53263099e-04 
 1.00898981e-06  2.41840974e-05 
 1.01057397e-06  1.65296988e-04 
 1.01255110e-06  4.27779319e-05 
 1.01400975e-06  1.86819463e-04 
 1.01536953e-06  7.90544429e-05 
 1.01671376e-06  2.04037407e-04 
 1.01798091e-06  7.01509915e-05 
 1.01909625e-06  1.92317258e-04 
 1.02031126e-06  5.83518443e-05 
 1.02160817e-06  1.82911332e-04 
 1.02343818e-06  5.20066651e-05 
 1.02533099e-06  1.78280826e-04 
 1.02864150e-06  4.64440387e-05 
 1.03333770e-06  1.65200838e-04 
 1.03805673e-06  3.24804051e-05 
 1.04264046e-06  1.56561178e-04 
 1.04713311e-06  2.91689345e-05 
 1.05010531e-06  1.72659119e-04 
 1.05413194e-06  3.51154394e-05 
 1.05721875e-06  1.46672643e-04 
 1.06054498e-06  2.77034652e-05 
 1.06525002e-06  1.45935239e-04 
 1.07062271e-06  1.75786708e-05 
 1.07717593e-06  1.37628397e-04 
 1.08323370e-06  1.33343630e-05 
 1.09008167e-06  1.37379750e-04 
 1.10012003e-06  1.14285308e-05 
 1.11633038e-06  1.36414241e-04 
 1.14206305e-06  9.89945585e-06 
 1.18375786e-06  1.34769404e-04 
 1.25010000e-06  6.73734161e-06 
 1.25011000e-06 -2.40888176e-03 
 1.25013000e-06 -2.70261321e-03 
 1.25017000e-06 -1.96790886e-03 
 1.25020000e-06 -2.03648342e-03 
 1.25020800e-06  3.00138561e-04 
 1.25022400e-06  3.94848451e-04 
 1.25025600e-06  3.72293783e-04 
 1.25032000e-06  4.08398709e-04 
 1.25044800e-06  3.29041816e-04 
 1.25070400e-06  4.11125215e-04 
 1.25106438e-06  3.92024836e-04 
 1.25153663e-06  3.91900544e-04 
 1.25204084e-06  2.29283579e-04 
 1.25257069e-06  1.66401030e-04 
 1.25328989e-06  9.20557526e-05 
 1.25403459e-06  1.39188733e-04 
 1.25471253e-06  6.55172453e-05 
 1.25541617e-06  1.03472136e-04 
 1.25610733e-06  6.12740422e-05 
 1.25722987e-06  9.89179889e-05 
 1.25825691e-06  4.98229809e-05 
 1.26008574e-06  9.10547678e-05 
 1.26253076e-06  4.79291855e-05 
 1.26642226e-06  9.06051188e-05 
 1.27390987e-06  4.74970898e-05 
 1.28483937e-06  8.97519605e-05 
 1.30531085e-06  4.62770820e-05 
 1.33883424e-06  8.78503700e-05 
 1.39616047e-06  4.39813029e-05 
 1.49610276e-06  8.58788487e-05 
 1.50000000e-06  4.33037566e-05 
 1.50001000e-06  2.43521551e-03 
 1.50003000e-06  2.16420429e-03 
 1.50007000e-06  2.92319179e-03 
 1.50010000e-06  3.80748024e-03 
 1.50010800e-06  1.05322060e-03 
 1.50012400e-06  7.22151180e-04 
 1.50015600e-06  8.14841924e-04 
 1.50022000e-06  5.26217334e-04 
 1.50034800e-06  5.96233027e-04 
 1.50052008e-06  4.02239261e-04 
 1.50086424e-06  5.78192558e-04 
 1.50130134e-06  2.88516241e-04 
 1.50176513e-06  2.83459475e-04 
 1.50221001e-06  1.44194003e-04 
 1.50270277e-06  2.38847416e-04 
 1.50332281e-06  4.49625188e-05 
 1.50405384e-06  1.59195573e-04 
 1.50485453e-06  1.58858229e-05 
 1.50559952e-06  1.57241486e-04 
 1.50673840e-06  2.87670121e-05 
 1.50753328e-06  1.54449575e-04 
 1.50842383e-06  1.91282807e-05 
 1.50946448e-06  1.43765758e-04 
 1.51055858e-06 -1.93053694e-06 
 1.51157072e-06  1.32668446e-04 
 1.51276662e-06 -1.89690019e-06 
 1.51411710e-06  1.31342918e-04 
 1.51681807e-06 -1.78855186e-06 
 1.52091142e-06  1.31084633e-04 
 1.52875488e-06 -1.72576377e-06 
 1.54332918e-06  1.31006341e-04 
 1.56958705e-06 -1.70047159e-06 
 1.62210280e-06  1.31057744e-04 
 1.72713430e-06 -1.51246745e-06 
 1.75010000e-06  1.31195163e-04 
 1.75011000e-06 -2.40126703e-03 
 1.75013000e-06 -2.70923824e-03 
 1.75017000e-06 -1.95990521e-03 
 1.75020000e-06 -2.04167252e-03 
 1.75020793e-06  2.94205346e-04 
 1.75022379e-06  3.88757294e-04 
 1.75025551e-06  3.65835425e-04 
 1.75031894e-06  4.02345359e-04 
 1.75044581e-06  3.22465275e-04 
 1.75069955e-06  4.03319417e-04 
 1.75105958e-06  3.87143897e-04 
 1.75152595e-06  3.88162662e-04 
 1.75202256e-06  2.30774082e-04 
 1.75254833e-06  1.64182416e-04 
 1.75325984e-06  9.17017731e-05 
 1.75403523e-06  1.39412320e-04 
 1.75465227e-06  7.82131487e-05 
 1.75533456e-06  1.13280394e-04 
 1.75604952e-06  6.88138803e-05 
 1.75698518e-06  1.07669476e-04 
 1.75787533e-06  5.12461680e-05 
 1.75886692e-06  9.40461498e-05 
 1.75996677e-06  4.79987119e-05 
 1.76128669e-06  8.64725626e-05 
 1.76318573e-06  4.43121721e-05 
 1.76553839e-06  8.55225749e-05 
 1.76911062e-06  4.44798110e-05 
 1.77525662e-06  8.54114874e-05 
 1.78399188e-06  4.45291739e-05 
 1.79881042e-06  8.53620278e-05 
 1.82166361e-06  4.45528338e-05 
 1.85808929e-06  8.53602519e-05 
 1.91688704e-06  4.45914505e-05 
 2.00000000e-06  8.53919600e-05 
 2.00001000e-06  2.43807942e-03 
 2.00003000e-06  2.15599508e-03 
 2.00007000e-06  2.92868209e-03 
 2.00010000e-06  3.80102557e-03 
 2.00010800e-06  1.05245553e-03 
 2.00012400e-06  7.22244075e-04 
 2.00015600e-06  8.14284658e-04 
 2.00022000e-06  5.26574096e-04 
 2.00034800e-06  5.96493044e-04 
 2.00051994e-06  4.03479061e-04 
 2.00086381e-06  5.78653417e-04 
 2.00129828e-06  2.89101531e-04 
 2.00176067e-06  2.81746918e-04 
 2.00223730e-06  1.50827187e-04 
 2.00276556e-06  2.43298390e-04 
 2.00340635e-06  4.88477615e-05 
 2.00403107e-06  1.62902231e-04 
 2.00457335e-06  3.38657811e-05 
 2.00520771e-06  1.72414445e-04 
 2.00582912e-06  3.49346989e-05 
 2.00644071e-06  1.54506093e-04 
 2.00712154e-06  1.72033184e-05 
 2.00801359e-06  1.42890521e-04 
 2.00901168e-06  1.99091016e-05 
 2.01046437e-06  1.57656299e-04 
 2.01145182e-06  2.92342672e-05 
 2.01255293e-06  1.58825693e-04 
 2.01376931e-06  5.29733170e-05 
 2.01508775e-06  2.11628659e-04 
 2.01613729e-06  7.83734552e-05 
 2.01725184e-06  2.03873009e-04 
 2.01839241e-06  6.83104292e-05 
 2.01957918e-06  1.93235408e-04 
 2.02090568e-06  5.82661444e-05 
 2.02227071e-06  1.84311090e-04 
 2.02443675e-06  5.31357501e-05 
 2.02675663e-06  1.78971715e-04 
 2.03139639e-06  4.66716080e-05 
 2.03980718e-06  1.69575621e-04 
 2.05268936e-06  3.63820339e-05 
 2.07793017e-06  1.60441604e-04 
 2.11881599e-06  3.21840505e-05 
 2.17463629e-06  1.58573335e-04 
 2.23342462e-06  2.21333295e-05 
 2.25010000e-06  1.47172208e-04 
 2.25011000e-06 -2.38817789e-03 
 2.25013000e-06 -2.69761759e-03 
 2.25017000e-06 -1.94429098e-03 
 2.25020000e-06 -2.02061383e-03 
 2.25020794e-06  3.12830422e-04 
 2.25022381e-06  4.07554524e-04 
 2.25025555e-06  3.85194412e-04 
 2.25031904e-06  4.21715841e-04 
 2.25044601e-06  3.41984458e-04 
 2.25069995e-06  4.22763515e-04 
 2.25105752e-06  4.05836831e-04 
 2.25152484e-06  4.05690886e-04 
 2.25202097e-06  2.48398531e-04 
 2.25254625e-06  1.80084090e-04 
 2.25326537e-06  1.08049335e-04 
 2.25403394e-06  1.52732208e-04 
 2.25463173e-06  8.38248047e-05 
 2.25530427e-06  1.14837628e-04 
 2.25596130e-06  7.52238360e-05 
 2.25683584e-06  1.12762850e-04 
 2.25775049e-06  6.52916520e-05 
 2.25947254e-06  1.01918783e-04 
 2.26164124e-06  6.09366206e-05 
 2.26495777e-06  1.00717525e-04 
 2.27042516e-06  5.94773727e-05 
 2.28128632e-06  9.80016837e-05 
 2.29877052e-06  5.53708178e-05 
 2.33199084e-06  9.20704038e-05 
 2.39057096e-06  4.82490726e-05 
 2.50000000e-06  8.58981120e-05 
 2.50001000e-06  2.43791907e-03 
 2.50003000e-06  2.15501355e-03 
 2.50007000e-06  2.93160762e-03 
 2.50010000e-06  3.80083215e-03 
 2.50010800e-06  1.05333250e-03 
 2.50012400e-06  7.22912189e-04 
 2.50015600e-06  8.15186537e-04 
 2.50022000e-06  5.27311253e-04 
 2.50034800e-06  5.97055908e-04 
 2.50052011e-06  4.03658615e-04 
 2.50086434e-06  5.79214672e-04 
 2.50130145e-06  2.89978925e-04 
 2.50176528e-06  2.84292747e-04 
 2.50221034e-06  1.45684629e-04 
 2.50270308e-06  2.39635478e-04 
 2.50332339e-06  4.64151402e-05 
 2.50405444e-06  1.60111599e-04 
 2.50485535e-06  1.73379835e-05 
 2.50560745e-06  1.58296868e-04 
 2.50674145e-06  2.98444180e-05 
 2.50753598e-06  1.55361800e-04 
 2.50842528e-06  2.05971484e-05 
 2.50946790e-06  1.44588392e-04 
 2.51056281e-06 -4.59839486e-07 
 2.51157678e-06  1.33505180e-04 
 2.51277418e-06 -4.42929811e-07 
 2.51412413e-06  1.32170146e-04 
 2.51682403e-06 -3.67542903e-07 
 2.52086347e-06  1.31864339e-04 
 2.52859347e-06 -3.89255113e-07 
 2.54282521e-06  1.31634761e-04 
 2.56831093e-06 -6.17919408e-07 
 2.61928238e-06  1.31263756e-04 
 2.72122526e-06 -1.05508995e-06 
 2.75010000e-06  1.30980454e-04 
 2.75011000e-06 -2.40124715e-03 
 2.75013000e-06 -2.70911015e-03 
 2.75017000e-06 -1.95711458e-03 
 2.75020000e-06 -2.03355340e-03 
 2.75020793e-06  2.95232164e-04 
 2.75022380e-06  3.89309182e-04 
 2.75025553e-06  3.66667433e-04 
 2.75031900e-06  4.02516366e-04 
 2.75044592e-06  3.22604362e-04 
 2.75069978e-06  4.03436406e-04 
 2.75105639e-06  3.87635093e-04 
 2.75152425e-06  3.88067068e-04 
 2.75201997e-06  2.31839878e-04 
 2.75254491e-06  1.64242521e-04 
 2.75325757e-06  9.20884777e-05 
 2.75403268e-06  1.39186443e-04 
 2.75464740e-06  7.87377841e-05 
 2.75532806e-06  1.13117496e-04 
 2.75604695e-06  6.92181865e-05 
 2.75696073e-06  1.07693729e-04 
 2.75786092e-06  5.17381336e-05 
 2.75883730e-06  9.37556112e-05 
 2.75995072e-06  4.85304697e-05 
 2.76124773e-06  8.61924845e-05 
 2.76316194e-06  4.47625863e-05 
 2.76547215e-06  8.51835452e-05 
 2.76903732e-06  4.49248245e-05 
 2.77512134e-06  8.50536001e-05 
 2.78376960e-06  4.49480632e-05 
 2.79847770e-06  8.49640473e-05 
 2.82107406e-06  4.49141605e-05 
 2.85717038e-06  8.48846433e-05 
 2.91534588e-06  4.48557834e-05 
 3.00000000e-06  8.48152162e-05 
 3.00001000e-06  2.43466923e-03 
 3.00003000e-06  2.15020772e-03 
 3.00007000e-06  2.93174677e-03 
 3.00010000e-06  3.79683867e-03 
 3.00010800e-06  1.05159469e-03 
 3.00012400e-06  7.21574213e-04 
 3.00015600e-06  8.13572896e-04 
 3.00022000e-06  5.26193529e-04 
 3.00034800e-06  5.96125785e-04 
 3.00051994e-06  4.03341390e-04 
 3.00086381e-06  5.78406826e-04 
 3.00129827e-06  2.89012531e-04 
 3.00176067e-06  2.81379298e-04 
 3.00223679e-06  1.50765809e-04 
 3.00276524e-06  2.42967759e-04 
 3.00340550e-06  4.88042130e-05 
 3.00403019e-06  1.62600466e-04 
 3.00457265e-06  3.37872632e-05 
 3.00520707e-06  1.72108958e-04 
 3.00582918e-06  3.48792001e-05 
 3.00644097e-06  1.54209857e-04 
 3.00712223e-06  1.71271250e-05 
 3.00801480e-06  1.42612884e-04 
 3.00901312e-06  2.00470212e-05 
 3.01046574e-06  1.58256045e-04 
 3.01145413e-06  2.98318691e-05 
 3.01255555e-06  1.57389757e-04 
 3.01377293e-06  5.12659643e-05 
 3.01508731e-06  2.06478385e-04 
 3.01615021e-06  7.39504059e-05 
 3.01727438e-06  1.98021417e-04 
 3.01842741e-06  6.10633077e-05 
 3.01962316e-06  1.84725752e-04 
 3.02100828e-06  4.88474397e-05 
 3.02243048e-06  1.73990631e-04 
 3.02457754e-06  4.25443929e-05 
 3.02705417e-06  1.67235631e-04 
 3.03200742e-06  3.49195223e-05 
 3.04058151e-06  1.58086749e-04 
 3.05423869e-06  2.82912983e-05 
 3.06818050e-06  1.54800527e-04 
 3.08597210e-06  2.83357947e-05 
 3.09909703e-06  1.91569538e-04 
 3.11034355e-06  5.12416190e-05 
 3.11489978e-06  1.57536489e-04 
 3.11943886e-06  4.37694079e-05 
 3.12433872e-06  1.56822657e-04 
 3.13336106e-06  3.79987973e-05 
 3.14276798e-06  1.53418793e-04 
 3.15395561e-06  3.19708751e-05 
 3.16700418e-06  1.49088273e-04 
 3.19310132e-06  2.59866508e-05 
 3.23064059e-06  1.44208947e-04 
 3.25010000e-06  2.31780824e-05 
 3.25011000e-06 -2.39170658e-03 
 3.25013000e-06 -2.68477297e-03 
 3.25017000e-06 -1.94414145e-03 
 3.25020000e-06 -2.00303438e-03 
 3.25020800e-06  3.18768262e-04 
 3.25022400e-06  4.11763710e-04 
 3.25025600e-06  3.88728765e-04 
 3.25032000e-06  4.22567448e-04 
 3.25044800e-06  3.43127604e-04 
 3.25070400e-06  4.24979920e-04 
 3.25105757e-06  4.06824444e-04 
 3.25153212e-06  4.05566416e-04 
 3.25203369e-06  2.46074504e-04 
 3.25256135e-06  1.81364051e-04 
 3.25328238e-06  1.12584167e-04 
 3.25406325e-06  1.57371049e-04 
 3.25467382e-06  8.89188274e-05 
 3.25535797e-06  1.18315339e-04 
 3.25602434e-06  7.75613874e-05 
 3.25691614e-06  1.13797884e-04 
 3.25784668e-06  6.67075281e-05 
 3.25957458e-06  1.03764791e-04 
 3.26182102e-06  6.34086575e-05 
 3.26521682e-06  1.03428607e-04 
 3.27102528e-06  6.32806741e-05 
 3.28169920e-06  1.03057893e-04 
 3.29933275e-06  6.28776555e-05 
 3.33163211e-06  1.02385769e-04 
 3.36617162e-06  5.85761769e-05 
 3.39748209e-06  1.02284074e-04 
 3.42083986e-06  4.44992797e-05 
 3.43564116e-06  9.00716102e-05 
 3.44898676e-06  4.14957233e-05 
 3.46342231e-06  8.97654856e-05 
 3.47972600e-06  4.11845254e-05 
 3.50000000e-06  8.93924576e-05 
 3.50001000e-06  2.43867494e-03 
 3.50003000e-06  2.15409233e-03 
 3.50007000e-06  2.93542202e-03 
 3.50010000e-06  3.79927480e-03 
 3.50010800e-06  1.05389504e-03 
 3.50012400e-06  7.23458816e-04 
 3.50015600e-06  8.15265692e-04 
 3.50022000e-06  5.27232583e-04 
 3.50034800e-06  5.96528154e-04 
 3.50052014e-06  4.03090309e-04 
 3.50086443e-06  5.78418152e-04 
 3.50130227e-06  2.88866241e-04 
 3.50176658e-06  2.83418299e-04 
 3.50221532e-06  1.44892963e-04 
 3.50270948e-06  2.38169580e-04 
 3.50333404e-06  4.53620368e-05 
 3.50407165e-06  1.58999314e-04 
 3.50487470e-06  1.69363289e-05 
 3.50563890e-06  1.58062828e-04 
 3.50676075e-06  2.91634466e-05 
 3.50755058e-06  1.54611167e-04 
 3.50843115e-06  2.02297844e-05 
 3.50947435e-06  1.43775941e-04 
 3.51056804e-06 -8.11606630e-07 
 3.51158177e-06  1.32765269e-04 
 3.51277871e-06 -8.08733524e-07 
 3.51412692e-06  1.31447501e-04 
 3.51682332e-06 -7.33661070e-07 
 3.52083588e-06  1.31155371e-04 
 3.52850421e-06 -7.36341690e-07 
 3.54256262e-06  1.30966177e-04 
 3.56765846e-06 -8.88670449e-07 
 3.61785014e-06  1.30741203e-04 
 3.68119485e-06 -1.06428049e-06 
 3.75010000e-06  1.30618123e-04 
 3.75011000e-06 -2.40149964e-03 
 3.75013000e-06 -2.70935381e-03 
 3.75017000e-06 -1.95637471e-03 
 3.75020000e-06 -2.02931224e-03 
 3.75020793e-06  2.95451880e-04 
 3.75022380e-06  3.89308587e-04 
 3.75025553e-06  3.66864091e-04 
 3.75031898e-06  4.02402050e-04 
 3.75044590e-06  3.22470195e-04 
 3.75069974e-06  4.03213555e-04 
 3.75105436e-06  3.87690201e-04 
 3.75152276e-06  3.87824954e-04 
 3.75201765e-06  2.32447004e-04 
 3.75254192e-06  1.64160426e-04 
 3.75325522e-06  9.21976511e-05 
 3.75402486e-06  1.38882663e-04 
 3.75463850e-06  7.88737759e-05 
 3.75531766e-06  1.12671673e-04 
 3.75603282e-06  6.92524564e-05 
 3.75694732e-06  1.07385386e-04 
 3.75784484e-06  5.18759130e-05 
 3.75882282e-06  9.33260010e-05 
 3.75993826e-06  4.86087379e-05 
 3.76123303e-06  8.57568444e-05 
 3.76315013e-06  4.48323072e-05 
 3.76545579e-06  8.47462409e-05 
 3.76902258e-06  4.49985252e-05 
 3.77512128e-06  8.46222454e-05 
 3.78378834e-06  4.50296855e-05 
 3.79856381e-06  8.45450141e-05 
 3.82127331e-06  4.50130343e-05 
 3.85759945e-06  8.44888330e-05 
 3.91621534e-06  4.49829116e-05 
 4.00000000e-06  8.44484231e-05 
 4.00001000e-06  2.43257425e-03 
 4.00003000e-06  2.14732617e-03 
 4.00007000e-06  2.93343148e-03 
 4.00010000e-06  3.79465677e-03 
 4.00010800e-06  1.05120097e-03 
 4.00012400e-06  7.21255090e-04 
 4.00015600e-06  8.13188578e-04 
 4.00022000e-06  5.25939073e-04 
 4.00034800e-06  5.95897328e-04 
 4.00051996e-06  4.03244772e-04 
 4.00086388e-06  5.78273427e-04 
 4.00129892e-06  2.88491755e-04 
 4.00176169e-06  2.81207549e-04 
 4.00223730e-06  1.50784148e-04 
 4.00276752e-06  2.42535106e-04 
 4.00340800e-06  4.84220664e-05 
 4.00403632e-06  1.62374519e-04 
 4.00457485e-06  3.38486577e-05 
 4.00520726e-06  1.71858312e-04 
 4.00582682e-06  3.49064280e-05 
 4.00643793e-06  1.54021865e-04 
 4.00711817e-06  1.71471774e-05 
 4.00800948e-06  1.42401184e-04 
 4.00901042e-06  2.00286277e-05 
 4.01045997e-06  1.57327372e-04 
 4.01144765e-06  2.69805466e-05 
 4.01254844e-06  1.52404593e-04 
 4.01377163e-06  4.36916824e-05 
 4.01506526e-06  1.94663266e-04 
 4.01612729e-06  6.18768745e-05 
 4.01725032e-06  1.85968960e-04 
 4.01840400e-06  4.85745076e-05 
 4.01959875e-06  1.72446584e-04 
 4.02095199e-06  3.71338228e-05 
 4.02234198e-06  1.67133106e-04 
 4.02450648e-06  5.31897620e-05 
 4.02689114e-06  1.95306513e-04 
 4.02988076e-06  6.73208256e-05 
 4.03304108e-06  2.38573542e-04 
 4.03540409e-06  4.53585498e-05 
 4.03768795e-06  1.72792304e-04 
 4.03957664e-06  4.11722486e-05 
 4.04160022e-06  1.70993309e-04 
 4.04439898e-06  4.05598940e-05 
 4.04784906e-06  1.68576884e-04 
 4.05208986e-06  4.20879054e-05 
 4.05747317e-06  1.66257520e-04 
 4.06349719e-06  3.70397713e-05 
 4.07181592e-06  1.58580208e-04 
 4.08401972e-06  2.67797705e-05 
 4.10233319e-06  1.48141750e-04 
 4.13035266e-06  2.02240067e-05 
 4.16615969e-06  1.45646460e-04 
 4.21966316e-06  1.93088994e-05 
 4.25010000e-06  1.44929216e-04 
 4.25011000e-06 -2.38994085e-03 
 4.25013000e-06 -2.69786196e-03 
 4.25017000e-06 -1.94156422e-03 
 4.25020000e-06 -2.01081531e-03 
 4.25020794e-06  3.14471914e-04 
 4.25022382e-06  4.08020985e-04 
 4.25025557e-06  3.85054948e-04 
 4.25031909e-06  4.20546570e-04 
 4.25044611e-06  3.40845565e-04 
 4.25070017e-06  4.22185949e-04 
 4.25105361e-06  4.05404549e-04 
 4.25152263e-06  4.05104336e-04 
 4.25201766e-06  2.49629587e-04 
 4.25254188e-06  1.81414822e-04 
 4.25326231e-06  1.11091668e-04 
 4.25404741e-06  1.56175210e-04 
 4.25464758e-06  8.87268090e-05 
 4.25532414e-06  1.16766471e-04 
 4.25598963e-06  7.63590815e-05 
 4.25685826e-06  1.12563092e-04 
 4.25776808e-06  6.58455328e-05 
 4.25949629e-06  1.02171615e-04 
 4.26168524e-06  6.22615742e-05 
 4.26502747e-06  1.01905109e-04 
 4.27055758e-06  6.22405618e-05 
 4.28130626e-06  1.01708125e-04 
 4.29866909e-06  6.20929924e-05 
 4.33123345e-06  1.01456926e-04 
 4.38821067e-06  6.18018505e-05 
 4.50000000e-06  1.01112711e-04 
 4.50001000e-06  2.44938711e-03 
 4.50003000e-06  2.16407538e-03 
 4.50007000e-06  2.94951181e-03 
 4.50010000e-06  3.81093932e-03 
 4.50010800e-06  1.06711803e-03 
 4.50012400e-06  7.37433755e-04 
 4.50015600e-06  8.30755098e-04 
 4.50022000e-06  5.43730900e-04 
 4.50034800e-06  6.12736187e-04 
 4.50052004e-06  4.19484334e-04 
 4.50086413e-06  5.94740498e-04 
 4.50129852e-06  3.05288496e-04 
 4.50176103e-06  2.97913921e-04 
 4.50223691e-06  1.67447100e-04 
 4.50276819e-06  2.57505548e-04 
 4.50340181e-06  6.06265824e-05 
 4.50398963e-06  1.78203953e-04 
 4.50462956e-06  3.50006627e-05 
 4.50532367e-06  1.70010527e-04 
 4.50628269e-06  4.24361200e-05 
 4.50729581e-06  1.71610796e-04 
 4.50825949e-06  3.69239539e-05 
 4.50924891e-06  1.62659084e-04 
 4.51019018e-06  1.72592804e-05 
 4.51122562e-06  1.48620799e-04 
 4.51236574e-06  1.60115008e-05 
 4.51362991e-06  1.47141094e-04 
 4.51615823e-06  1.60273307e-05 
 4.52121488e-06  1.46840148e-04 
 4.53091838e-06  1.60472842e-05 
 4.55032537e-06  1.46727223e-04 
 4.58913934e-06  1.59854075e-05 
 4.66676730e-06  1.46631702e-04 
 4.75010000e-06  1.59266753e-05 
 4.75011000e-06 -2.39377995e-03 
 4.75013000e-06 -2.68497545e-03 
 4.75017000e-06 -1.94555617e-03 
 4.75020000e-06 -2.00221026e-03 
 4.75020800e-06  3.13705143e-04 
 4.75022400e-06  4.06236328e-04 
 4.75025600e-06  3.83203823e-04 
 4.75032000e-06  4.17395144e-04 
 4.75044800e-06  3.38353077e-04 
 4.75070400e-06  4.21522576e-04 
 4.75105573e-06  4.04153647e-04 
 4.75153162e-06  4.03563733e-04 
 4.75203307e-06  2.43907101e-04 
 4.75256045e-06  1.79266503e-04 
 4.75328125e-06  1.07726473e-04 
 4.75405465e-06  1.53938137e-04 
 4.75468791e-06  8.96457901e-05 
 4.75537927e-06  1.20384945e-04 
 4.75608939e-06  7.44572204e-05 
 4.75705760e-06  1.11288885e-04 
 4.75793289e-06  6.38219333e-05 
 4.75968346e-06  1.01967027e-04 
 4.76198008e-06  6.09912673e-05 
 4.76553871e-06  1.01719368e-04 
 4.77158524e-06  6.10497206e-05 
 4.78226776e-06  1.01601839e-04 
 4.80010187e-06  6.10441906e-05 
 4.83178306e-06  1.01539214e-04 
 4.88626904e-06  6.10197469e-05 
 4.98118696e-06  1.01501716e-04 
 5.00000000e-06  6.10206585e-05 
 5.00001000e-06  2.44197953e-03 
 5.00003000e-06  2.16371422e-03 
 5.00007000e-06  2.94656026e-03 
 5.00010000e-06  3.81121928e-03 
 5.00010800e-06  1.06649160e-03 
 5.00012400e-06  7.36878521e-04 
 5.00015600e-06  8.30577643e-04 
 5.00022000e-06  5.43656543e-04 
 5.00034800e-06  6.12813444e-04 
 5.00051987e-06  4.19527135e-04 
 5.00086360e-06  5.94754294e-04 
 5.00129782e-06  3.05166636e-04 
 5.00176012e-06  2.97516205e-04 
 5.00223603e-06  1.67904324e-04 
 5.00276532e-06  2.60113653e-04 
 5.00340456e-06  6.34937003e-05 
 5.00403191e-06  1.76546838e-04 
 5.00457660e-06  4.15255358e-05 
 5.00519976e-06  1.77187377e-04 
 5.00581986e-06  4.19471148e-05 
 5.00642911e-06  1.66061063e-04 
 5.00711141e-06  2.86842700e-05 
 5.00800505e-06  1.52570590e-04 
 5.00900456e-06  2.36160724e-05 
 5.01061659e-06  1.65247624e-04 
 5.01256191e-06  4.24664086e-05 
 5.01401583e-06  1.84952256e-04 
 5.01535857e-06  6.72488705e-05 
 5.01668358e-06  1.85497653e-04 
 5.01795105e-06  5.10905606e-05 
 5.01906261e-06  1.72140381e-04 
 5.02027480e-06  3.79677100e-05 
 5.02157330e-06  1.62301926e-04 
 5.02336168e-06  3.36214730e-05 
 5.02526099e-06  1.61225622e-04 
 5.02850310e-06  3.22884700e-05 
 5.03396565e-06  1.57350910e-04 
 5.04019778e-06  1.69376060e-05 
 5.04610091e-06  1.39314581e-04 
 5.05304134e-06  1.77797371e-05 
 5.06028508e-06  1.47028156e-04 
 5.06533739e-06  1.10613017e-06 
 5.07098625e-06  1.45144222e-04 
 5.07872437e-06  5.93721445e-06 
 5.08706715e-06  1.48260196e-04 
 5.09595537e-06  1.12138049e-05 
 5.10712264e-06  1.50633035e-04 
 5.12408405e-06  1.42759863e-05 
 5.13982058e-06  1.50981548e-04 
 5.16232945e-06  2.72126897e-05 
 5.17849322e-06  1.37793048e-04 
 5.19347752e-06  2.34222953e-05 
 5.21001842e-06  1.38663800e-04 
 5.22965222e-06  2.28953366e-05 
 5.25010000e-06  1.39205280e-04 
 5.25011000e-06 -2.39630688e-03 
 5.25013000e-06 -2.70413222e-03 
 5.25017000e-06 -1.94639199e-03 
 5.25020000e-06 -2.01356776e-03 
 5.25020794e-06  3.10111117e-04 
 5.25022382e-06  4.03789449e-04 
 5.25025557e-06  3.81011553e-04 
 5.25031908e-06  4.17382424e-04 
 5.25044610e-06  3.38536876e-04 
 5.25070014e-06  4.21067023e-04 
 5.25105249e-06  4.04306505e-04 
 5.25152183e-06  4.04214675e-04 
 5.25201643e-06  2.48784873e-04 
 5.25254029e-06  1.80456034e-04 
 5.25326111e-06  1.09798609e-04 
 5.25404866e-06  1.55228292e-04 
 5.25464987e-06  8.77191425e-05 
 5.25532738e-06  1.15776238e-04 
 5.25598901e-06  7.53317339e-05 
 5.25685130e-06  1.11630756e-04 
 5.25775616e-06  6.48851111e-05 
 5.25948235e-06  1.01201659e-04 
 5.26166587e-06  6.12674462e-05 
 5.26499897e-06  1.00971924e-04 
 5.27048658e-06  6.13138030e-05 
 5.28119794e-06  1.00896089e-04 
 5.29843548e-06  6.13627033e-05 
 5.33079269e-06  1.00936149e-04 
 5.38737534e-06  6.14518716e-05 
 5.48006908e-06  1.01017176e-04 
 5.50000000e-06  6.15141320e-05 
 5.50001000e-06  2.44273010e-03 
 5.50003000e-06  2.16511395e-03 
 5.50007000e-06  2.94703865e-03 
 5.50010000e-06  3.81214171e-03 
 5.50010800e-06  1.06691157e-03 
 5.50012400e-06  7.36976098e-04 
 5.50015600e-06  8.30766826e-04 
 5.50022000e-06  5.43611049e-04 
 5.50034800e-06  6.12846198e-04 
 5.50052002e-06  4.19260739e-04 
 5.50086405e-06  5.94736568e-04 
 5.50129844e-06  3.05087731e-04 
 5.50176093e-06  2.97940709e-04 
 5.50223670e-06  1.67199036e-04 
 5.50276733e-06  2.57412987e-04 
 5.50340096e-06  6.03276543e-05 
 5.50399493e-06  1.78030331e-04 
 5.50463499e-06  3.48350964e-05 
 5.50532938e-06  1.70018835e-04 
 5.50629160e-06  4.24363399e-05 
 5.50730114e-06  1.71691365e-04 
 5.50826674e-06  3.67050601e-05 
 5.50925714e-06  1.62575427e-04 
 5.51020047e-06  1.70457911e-05 
 5.51123609e-06  1.48597513e-04 
 5.51237578e-06  1.58454026e-05 
 5.51364163e-06  1.47118607e-04 
 5.51617333e-06  1.58709269e-05 
 5.52123674e-06  1.46825373e-04 
 5.53095184e-06  1.59063508e-05 
 5.55038202e-06  1.46739227e-04 
 5.58924240e-06  1.58901985e-05 
 5.66696315e-06  1.46709589e-04 
 5.75010000e-06  1.58913947e-05 
 5.75011000e-06 -2.39367160e-03 
 5.75013000e-06 -2.68475513e-03 
 5.75017000e-06 -1.94509347e-03 
 5.75020000e-06 -2.00044838e-03 
 5.75020800e-06  3.14063411e-04 
 5.75022400e-06  4.06448516e-04 
 5.75025600e-06  3.83282992e-04 
 5.75032000e-06  4.17316001e-04 
 5.75044800e-06  3.38271720e-04 
 5.75070400e-06  4.21564051e-04 
 5.75105481e-06  4.04275018e-04 
 5.75153103e-06  4.03615927e-04 
 5.75203216e-06  2.44217359e-04 
 5.75255925e-06  1.79392663e-04 
 5.75328013e-06  1.07821950e-04 
 5.75405261e-06  1.53962522e-04 
 5.75468525e-06  8.97806545e-05 
 5.75537603e-06  1.20314513e-04 
 5.75608401e-06  7.45953221e-05 
 5.75695539e-06  1.11907652e-04 
 5.75786054e-06  6.42579522e-05 
 5.75963520e-06  1.01863743e-04 
 5.76189155e-06  6.11406596e-05 
 5.76537341e-06  1.01646067e-04 
 5.77120991e-06  6.11944105e-05 
 5.78180155e-06  1.01533081e-04 
 5.79923512e-06  6.11910012e-05 
 5.83060212e-06  1.01477188e-04 
 5.88464543e-06  6.11740108e-05 
 5.97892592e-06  1.01449235e-04 
 6.00000000e-06  6.11780565e-05 
 6.00001000e-06  2.44121886e-03 
 6.00003000e-06  2.16280440e-03 
 6.00007000e-06  2.94686990e-03 
 6.00010000e-06  3.81034335e-03 
 6.00010800e-06  1.06631346e-03 
 6.00012400e-06  7.36821808e-04 
 6.00015600e-06  8.30626526e-04 
 6.00022000e-06  5.43840135e-04 
 6.00034800e-06  6.12935903e-04 
 6.00051987e-06  4.19586484e-04 
 6.00086360e-06  5.94788833e-04 
 6.00129784e-06  3.05199226e-04 
 6.00176014e-06  2.97543619e-04 
 6.00223586e-06  1.67991646e-04 
 6.00276505e-06  2.60180756e-04 
 6.00340415e-06  6.35753255e-05 
 6.00403145e-06  1.76595466e-04 
 6.00457608e-06  4.15889616e-05 
 6.00519927e-06  1.77220600e-04 
 6.00581983e-06  4.20169245e-05 
 6.00642925e-06  1.66095913e-04 
 6.00711186e-06  2.87499728e-05 
 6.00800586e-06  1.52605449e-04 
 6.00900525e-06  2.36851686e-05 
 6.01061779e-06  1.65264217e-04 
 6.01256375e-06  4.25137970e-05 
 6.01401836e-06  1.83350893e-04 
 6.01535859e-06  5.87133797e-05 
 6.01667987e-06  1.75619514e-04 
 6.01794813e-06  4.45535047e-05 
 6.01905859e-06  1.67538625e-04 
 6.02027090e-06  3.50116456e-05 
 6.02156946e-06  1.59796717e-04 
 6.02335392e-06  3.09570077e-05 
 6.02525318e-06  1.56771346e-04 
 6.02848896e-06  2.35353002e-05 
 6.03395327e-06  1.39965747e-04 
 6.03900939e-06  8.37130059e-06 
 6.04624944e-06  1.38938075e-04 
 6.05367706e-06  3.04177490e-05 
 6.05902121e-06  1.22626341e-04 
 6.06408930e-06  2.43960392e-05 
 6.07065155e-06  1.26269636e-04 
 6.07724379e-06  1.84273559e-05 
 6.08651221e-06  1.20489110e-04 
 6.09562894e-06  1.15427410e-05 
 6.10589014e-06  1.19680238e-04 
 6.12130306e-06  9.69034100e-06 
 6.14303502e-06  1.19818565e-04 
 6.17376990e-06  9.17269173e-06 
 6.22102118e-06  1.20152284e-04 
 6.25010000e-06  9.12973736e-06 
 6.25011000e-06 -2.40717263e-03 
 6.25013000e-06 -2.70265904e-03 
 6.25017000e-06 -1.96214300e-03 
 6.25020000e-06 -2.01665763e-03 
 6.25020800e-06  2.99874836e-04 
 6.25022400e-06  3.92955363e-04 
 6.25025600e-06  3.70627302e-04 
 6.25032000e-06  4.04374876e-04 
 6.25044800e-06  3.24490835e-04 
 6.25070400e-06  4.06125501e-04 
 6.25105421e-06  3.88427723e-04 
 6.25152997e-06  3.86632831e-04 
 6.25203036e-06  2.28197437e-04 
 6.25255698e-06  1.61793946e-04 
 6.25327897e-06  8.84345780e-05 
 6.25401847e-06  1.33626400e-04 
 6.25467791e-06  6.29812489e-05 
 6.25537109e-06  9.73250943e-05 
 6.25604844e-06  5.78789092e-05 
 6.25713402e-06  9.36355878e-05 
 6.25812154e-06  4.69342976e-05 
 6.25992753e-06  8.52384212e-05 
 6.26228749e-06  4.48347746e-05 
 6.26598732e-06  8.50841100e-05 
 6.27287172e-06  4.49371612e-05 
 6.28341129e-06  8.50826566e-05 
 6.30249943e-06  4.51377906e-05 
 6.33440487e-06  8.54625008e-05 
 6.38889207e-06  4.60678886e-05 
 6.48372195e-06  8.74348476e-05 
 6.50000000e-06  4.76447335e-05 
 6.50001000e-06  2.42864139e-03 
 6.50003000e-06  2.15168758e-03 
 6.50007000e-06  2.93508118e-03 
 6.50010000e-06  3.79934142e-03 
 6.50010800e-06  1.05442528e-03 
 6.50012400e-06  7.23888058e-04 
 6.50015600e-06  8.16527222e-04 
 6.50022000e-06  5.28797211e-04 
 6.50034800e-06  5.98888799e-04 
 6.50052008e-06  4.05432321e-04 
 6.50086424e-06  5.81124925e-04 
 6.50130132e-06  2.91808743e-04 
 6.50176512e-06  2.86059046e-04 
 6.50220992e-06  1.47562206e-04 
 6.50270269e-06  2.41499866e-04 
 6.50332262e-06  4.83241215e-05 
 6.50405372e-06  1.62030460e-04 
 6.50485432e-06  1.93108979e-05 
 6.50559975e-06  1.60107740e-04 
 6.50673850e-06  3.22384911e-05 
 6.50753344e-06  1.57348079e-04 
 6.50842400e-06  2.25981958e-05 
 6.50946478e-06  1.46689357e-04 
 6.51055898e-06  1.62522735e-06 
 6.51157299e-06  1.35557729e-04 
 6.51276809e-06  1.68256768e-06 
 6.51411210e-06  1.34268895e-04 
 6.51680012e-06  1.83775451e-06 
 6.52076937e-06  1.34090498e-04 
 6.52834450e-06  2.03794914e-06 
 6.54215098e-06  1.34251364e-04 
 6.56669546e-06  2.46158883e-06 
 6.61578441e-06  1.34953222e-04 
 6.71396231e-06  3.60761051e-06 
 6.75010000e-06  1.35787152e-04 
 6.75011000e-06 -2.39641063e-03 
 6.75013000e-06 -2.70423503e-03 
 6.75017000e-06 -1.95038207e-03 
 6.75020000e-06 -2.01931622e-03 
 6.75020793e-06  3.01126016e-04 
 6.75022380e-06  3.94686872e-04 
 6.75025553e-06  3.72234288e-04 
 6.75031899e-06  4.07360160e-04 
 6.75044591e-06  3.27390626e-04 
 6.75069975e-06  4.08240244e-04 
 6.75105138e-06  3.92999605e-04 
 6.75152090e-06  3.92854677e-04 
 6.75201487e-06  2.38448844e-04 
 6.75253832e-06  1.69301717e-04 
 6.75325297e-06  9.73137956e-05 
 6.75402798e-06  1.43716307e-04 
 6.75463865e-06  8.42369898e-05 
 6.75531647e-06  1.17567755e-04 
 6.75603718e-06  7.45356432e-05 
 6.75694923e-06  1.12226561e-04 
 6.75785141e-06  5.71638722e-05 
 6.75883055e-06  9.81231365e-05 
 6.75994852e-06  5.39290865e-05 
 6.76124139e-06  9.05774885e-05 
 6.76316467e-06  5.01719017e-05 
 6.76546604e-06  8.95850225e-05 
 6.76904459e-06  5.03631886e-05 
 6.77516496e-06  8.95007328e-05 
 6.78387100e-06  5.04513260e-05 
 6.79874905e-06  8.95095316e-05 
 6.82162561e-06  5.05587706e-05 
 6.85828900e-06  8.96207196e-05 
 6.91751613e-06  5.07373800e-05 
 7.00000000e-06  8.97933680e-05 
 7.00001000e-06  2.43561806e-03 
 7.00003000e-06  2.15002776e-03 
 7.00007000e-06  2.94050950e-03 
 7.00010000e-06  3.79789026e-03 
 7.00010800e-06  1.05634734e-03 
 7.00012400e-06  7.26556579e-04 
 7.00015600e-06  8.18585598e-04 
 7.00022000e-06  5.31548937e-04 
 7.00034800e-06  6.01499896e-04 
 7.00051994e-06  4.08863033e-04 
 7.00086381e-06  5.83833832e-04 
 7.00129828e-06  2.94544045e-04 
 7.00176068e-06  2.86698928e-04 
 7.00223595e-06  1.56373891e-04 
 7.00276470e-06  2.48382311e-04 
 7.00340410e-06  5.44623097e-05 
 7.00402871e-06  1.68021510e-04 
 7.00457149e-06  3.93034312e-05 
 7.00520595e-06  1.77448526e-04 
 7.00582926e-06  4.04728287e-05 
 7.00644138e-06  1.59746390e-04 
 7.00712337e-06  2.28718143e-05 
 7.00801684e-06  1.48566695e-04 
 7.00901545e-06  2.75546827e-05 
 7.01046496e-06  1.73455844e-04 
 7.01146168e-06  5.67599135e-05 
 7.01256531e-06  2.01148024e-04 
 7.01378540e-06  9.70521925e-05 
 7.01507463e-06  2.27141606e-04 
 7.01637830e-06  7.81102740e-05 
 7.01755321e-06  2.06518769e-04 
 7.01874347e-06  7.56461392e-05 
 7.01992251e-06  2.02474214e-04 
 7.02116301e-06  6.08292005e-05 
 7.02248097e-06  1.52962783e-04 
 7.02399179e-06  3.52906752e-05 
 7.02557170e-06  1.45786264e-04 
 7.02835614e-06  2.33585771e-05 
 7.03229699e-06  1.41389857e-04 
 7.03706276e-06  2.20241927e-05 
 7.04268240e-06  1.41612915e-04 
 7.05392168e-06  2.16061321e-05 
 7.07324983e-06  1.41679134e-04 
 7.10549227e-06  2.14194418e-05 
 7.16550128e-06  1.41606384e-04 
 7.25010000e-06  2.12591287e-05 
 7.25011000e-06 -2.39628082e-03 
 7.25013000e-06 -2.68997792e-03 
 7.25017000e-06 -1.94733616e-03 
 7.25020000e-06 -2.00085310e-03 
 7.25020800e-06  3.15319665e-04 
 7.25022400e-06  4.08147316e-04 
 7.25025600e-06  3.85242903e-04 
 7.25032000e-06  4.19212269e-04 
 7.25044800e-06  3.40097265e-04 
 7.25070400e-06  4.22874554e-04 
 7.25105367e-06  4.04973141e-04 
 7.25152970e-06  4.03529381e-04 
 7.25202998e-06  2.45102011e-04 
 7.25255649e-06  1.79460649e-04 
 7.25327873e-06  1.10571950e-04 
 7.25406118e-06  1.55214886e-04 
 7.25466961e-06  8.72758943e-05 
 7.25535240e-06  1.16073477e-04 
 7.25601882e-06  7.57621821e-05 
 7.25690758e-06  1.11611104e-04 
 7.25783344e-06  6.50074178e-05 
 7.25956183e-06  1.01561018e-04 
 7.26179829e-06  6.17259539e-05 
 7.26518643e-06  1.01319135e-04 
 7.27093987e-06  6.17476940e-05 
 7.28148743e-06  1.01192920e-04 
 7.29885394e-06  6.17167427e-05 
 7.33052031e-06  1.01114360e-04 
 7.38528244e-06  6.16680136e-05 
 7.48217365e-06  1.01055557e-04 
 7.50000000e-06  6.16545022e-05 
 7.50001000e-06  2.44203586e-03 
 7.50003000e-06  2.16447563e-03 
 7.50007000e-06  2.94751227e-03 
 7.50010000e-06  3.81167377e-03 
 7.50010800e-06  1.06684071e-03 
 7.50012400e-06  7.36900597e-04 
 7.50015600e-06  8.30832260e-04 
 7.50022000e-06  5.43681045e-04 
 7.50034800e-06  6.12986206e-04 
 7.50052001e-06  4.19301622e-04 
 7.50086404e-06  5.94842754e-04 
 7.50129840e-06  3.05111559e-04 
 7.50176088e-06  2.98030687e-04 
 7.50223642e-06  1.67339866e-04 
 7.50276778e-06  2.57665958e-04 
 7.50340086e-06  6.04866635e-05 
 7.50398895e-06  1.78357092e-04 
 7.50462972e-06  3.48174413e-05 
 7.50532431e-06  1.70140855e-04 
 7.50628429e-06  4.22774865e-05 
 7.50729582e-06  1.71733139e-04 
 7.50826004e-06  3.67622734e-05 
 7.50924971e-06  1.62779866e-04 
 7.51019214e-06  1.71122368e-05 
 7.51122831e-06  1.48731607e-04 
 7.51236850e-06  1.58699939e-05 
 7.51363168e-06  1.47256761e-04 
 7.51615803e-06  1.58885415e-05 
 7.52121073e-06  1.46961609e-04 
 7.53090904e-06  1.59180069e-05 
 7.55030567e-06  1.46866471e-04 
 7.58909893e-06  1.58859056e-05 
 7.66668545e-06  1.46814169e-04 
 7.75010000e-06  1.58663850e-05 
 7.75011000e-06 -2.39371656e-03 
 7.75013000e-06 -2.68482235e-03 
 7.75017000e-06 -1.94492276e-03 
 7.75020000e-06 -1.99945173e-03 
 7.75020800e-06  3.14287746e-04 
 7.75022400e-06  4.06640600e-04 
 7.75025600e-06  3.83420512e-04 
 7.75032000e-06  4.17343604e-04 
 7.75044800e-06  3.38286948e-04 
 7.75070400e-06  4.21614752e-04 
 7.75105268e-06  4.04494241e-04 
 7.75152966e-06  4.03669305e-04 
 7.75202995e-06  2.45015726e-04 
 7.75255644e-06  1.79547358e-04 
 7.75327809e-06  1.07991389e-04 
 7.75405148e-06  1.53837905e-04 
 7.75467974e-06  9.01466189e-05 
 7.75536930e-06  1.20344553e-04 
 7.75608062e-06  7.48092400e-05 
 7.75703395e-06  1.11270170e-04 
 7.75791428e-06  6.42173457e-05 
 7.75967495e-06  1.01774122e-04 
 7.76195524e-06  6.13179630e-05 
 7.76549815e-06  1.01534709e-04 
 7.77148268e-06  6.13759688e-05 
 7.78208888e-06  1.01418773e-04 
 7.79974403e-06  6.13730444e-05 
 7.83109731e-06  1.01360016e-04 
 7.88500067e-06  6.13539611e-05 
 7.97876387e-06  1.01328530e-04 
 8.00000000e-06  6.13566366e-05 
 8.00001000e-06  2.44074966e-03 
 8.00003000e-06  2.16232153e-03 
 8.00007000e-06  2.94711321e-03 
 8.00010000e-06  3.80993767e-03 
 8.00010800e-06  1.06623373e-03 
 8.00012400e-06  7.36654883e-04 
 8.00015600e-06  8.30697597e-04 
 8.00022000e-06  5.43844141e-04 
 8.00034800e-06  6.13067581e-04 
 8.00051987e-06  4.19530135e-04 
 8.00086360e-06  5.94832226e-04 
 8.00129782e-06  3.05200586e-04 
 8.00176012e-06  2.97828602e-04 
 8.00223580e-06  1.67676074e-04 
 8.00276518e-06  2.59022655e-04 
 8.00340418e-06  6.28065945e-05 
 8.00403152e-06  1.77554523e-04 
 8.00457625e-06  4.21958413e-05 
 8.00519944e-06  1.78484165e-04 
 8.00581987e-06  4.31501458e-05 
 8.00642923e-06  1.69711015e-04 
 8.00711175e-06  3.48207459e-05 
 8.00800565e-06  1.60476317e-04 
 8.00900511e-06  2.05793541e-05 
 8.01000961e-06  1.47150569e-04 
 8.01111630e-06  1.64765007e-05 
 8.01253141e-06  1.46718820e-04 
 8.01447571e-06  1.63088315e-05 
 8.01787454e-06  1.46549598e-04 
 8.02330362e-06  1.63503772e-05 
 8.03309633e-06  1.46459437e-04 
 8.05048375e-06  1.63337751e-05 
 8.08525860e-06  1.46399562e-04 
 8.15480831e-06  1.63034039e-05 
 8.25010000e-06  1.46370248e-04 
 8.25011000e-06 -2.39125462e-03 
 8.25013000e-06 -2.69430403e-03 
 8.25017000e-06 -1.93492547e-03 
 8.25020000e-06 -2.01508339e-03 
 8.25020794e-06  2.97670926e-04 
 8.25022381e-06  3.91813475e-04 
 8.25025556e-06  3.72239812e-04 
 8.25031906e-06  4.07721509e-04 
 8.25044605e-06  3.31673941e-04 
 8.25070003e-06  4.13933007e-04 
 8.25105197e-06  3.98113176e-04 
 8.25152121e-06  3.94629565e-04 
 8.25201556e-06  2.39700321e-04 
 8.25253910e-06  1.67647051e-04 
 8.25325691e-06  8.95126472e-05 
 8.25420851e-06  1.30490690e-04 
 8.25512838e-06  6.83550140e-05 
 8.25608990e-06  1.18261053e-04 
 8.25722461e-06  6.68374795e-05 
 8.25854076e-06  1.04572405e-04 
 8.26027374e-06  5.97883057e-05 
 8.26281847e-06  1.03027780e-04 
 8.26620632e-06  5.99789407e-05 
 8.27213186e-06  1.02835922e-04 
 8.28046949e-06  6.00294359e-05 
 8.29392531e-06  1.02736778e-04 
 8.31570168e-06  6.00320937e-05 
 8.35520667e-06  1.02682143e-04 
 8.43356311e-06  6.00158797e-05 
 8.50000000e-06  1.02655585e-04 
