 1.00000000e-12  1.78200000e+00  5.62080903e-01 
 1.02590932e-12  1.78153363e+00  5.58381658e-01 
 1.07772795e-12  1.78060090e+00  5.55492888e-01 
 1.18136521e-12  1.77873543e+00  5.59779398e-01 
 1.38863974e-12  1.77500448e+00  5.68153421e-01 
 1.62884363e-12  1.77068081e+00  5.74986964e-01 
 2.10925141e-12  1.76203347e+00  5.83287305e-01 
 2.88234436e-12  1.74811780e+00  5.88216750e-01 
 3.90977533e-12  1.72962404e+00  5.89750656e-01 
 5.71923081e-12  1.69705385e+00  5.89924108e-01 
 8.43927869e-12  1.64809298e+00  5.89942829e-01 
 1.27861363e-11  1.56984955e+00  5.89894874e-01 
 1.83696045e-11  1.46934712e+00  5.89968470e-01 
 2.95365409e-11  1.26834226e+00  5.90021664e-01 
 5.18704137e-11  8.66332554e-01  5.90577803e-01 
 9.65381592e-11  6.23131338e-02  5.93341925e-01 
 1.00000000e-10  0.00000000e+00  5.93728530e-01 
 1.03600660e-10  0.00000000e+00  5.94256648e-01 
 1.10801979e-10  0.00000000e+00  5.95375254e-01 
 1.25132585e-10  0.00000000e+00  5.97494383e-01 
 1.53793796e-10  0.00000000e+00  6.01356090e-01 
 2.11116219e-10  0.00000000e+00  6.08548526e-01 
 3.25761065e-10  0.00000000e+00  6.20582456e-01 
 5.49450830e-10  0.00000000e+00  6.37673636e-01 
 7.51198630e-10  0.00000000e+00  6.49141765e-01 
 1.12441027e-09  0.00000000e+00  6.62967628e-01 
 1.49047101e-09  0.00000000e+00  6.69095691e-01 
 2.02201300e-09  0.00000000e+00  6.65295219e-01 
 2.70334170e-09  0.00000000e+00  6.40264458e-01 
 3.37771682e-09  0.00000000e+00  6.05803483e-01 
 4.36808734e-09  0.00000000e+00  5.55597954e-01 
 5.31666341e-09  0.00000000e+00  5.03095924e-01 
 6.14221999e-09  0.00000000e+00  4.59607121e-01 
 6.97276001e-09  0.00000000e+00  4.17754006e-01 
 7.79442294e-09  0.00000000e+00  3.79434190e-01 
 8.55485712e-09  0.00000000e+00  3.45683534e-01 
 9.26530453e-09  0.00000000e+00  3.14917210e-01 
 9.94357928e-09  0.00000000e+00  2.86770958e-01 
 1.06048214e-08  0.00000000e+00  2.60533008e-01 
 1.15012596e-08  0.00000000e+00  2.27816552e-01 
 1.25086692e-08  0.00000000e+00  1.95195361e-01 
 1.43249946e-08  0.00000000e+00  1.46071469e-01 
 1.70998917e-08  0.00000000e+00  9.19778591e-02 
 2.19580302e-08  0.00000000e+00  3.83793024e-02 
 2.62369740e-08  0.00000000e+00  1.76314760e-02 
 2.97721801e-08  0.00000000e+00  9.25510496e-03 
 3.34812848e-08  0.00000000e+00  4.74627709e-03 
 3.77218786e-08  0.00000000e+00  2.13920414e-03 
 4.18849039e-08  0.00000000e+00  1.04066609e-03 
 5.02109546e-08  0.00000000e+00  1.48609991e-04 
 6.50914778e-08  0.00000000e+00  2.64869535e-05 
 8.65532146e-08  0.00000000e+00 -8.31381147e-06 
 1.29476688e-07  0.00000000e+00  3.04108366e-05 
 2.10594892e-07  0.00000000e+00 -2.11619935e-05 
 2.50100000e-07  0.00000000e+00  2.95161717e-05 
 2.50110000e-07  1.80000000e-01  1.37188651e-03 
 2.50130000e-07  5.40000000e-01  4.24377835e-03 
 2.50170000e-07  1.26000000e+00  8.95531196e-03 
 2.50200000e-07  1.80000000e+00  1.01466578e-02 
 2.50207808e-07  1.80000000e+00  9.23442056e-03 
 2.50223423e-07  1.80000000e+00  7.27778491e-03 
 2.50254654e-07  1.80000000e+00  3.82689151e-03 
 2.50317115e-07  1.80000000e+00  1.41516295e-04 
 2.50410909e-07  1.80000000e+00 -1.30601562e-03 
 2.50550552e-07  1.80000000e+00 -1.62511674e-03 
 2.50763267e-07  1.80000000e+00 -1.06393713e-03 
 2.51013463e-07  1.80000000e+00  8.49499653e-04 
 2.51486427e-07  1.80000000e+00  3.57592363e-03 
 2.51971189e-07  1.80000000e+00  1.66880410e-03 
 2.52428740e-07  1.80000000e+00  9.85690896e-04 
 2.53134701e-07  1.80000000e+00  2.87088477e-04 
 2.53825073e-07  1.80000000e+00  2.13152621e-04 
 2.54451134e-07  1.80000000e+00  9.99828891e-04 
 2.55086276e-07  1.80000000e+00  7.07673069e-04 
 2.55765066e-07  1.80000000e+00  6.62029418e-04 
 2.56453145e-07  1.80000000e+00  7.55844364e-04 
 2.57816187e-07  1.80000000e+00  7.40290428e-04 
 2.59359147e-07  1.80000000e+00  6.21754279e-04 
 2.61340429e-07  1.80000000e+00  5.08655977e-04 
 2.64279386e-07  1.80000000e+00  2.89427258e-04 
 2.69328996e-07  1.80000000e+00  1.91444443e-04 
 2.79428217e-07  1.80000000e+00  1.82045966e-05 
 2.99060033e-07  1.80000000e+00  4.71514484e-05 
 3.38323665e-07  1.80000000e+00 -2.41369702e-05 
 4.16850929e-07  1.80000000e+00  3.56254394e-05 
 5.00000000e-07  1.80000000e+00 -2.82341409e-05 
 5.00010000e-07  1.62000000e+00 -7.80084067e-04 
 5.00030000e-07  1.26000000e+00 -2.14317854e-03 
 5.00070000e-07  5.40000000e-01 -4.02483693e-03 
 5.00100000e-07  0.00000000e+00 -4.86280741e-03 
 5.00107880e-07  0.00000000e+00 -4.45313778e-03 
 5.00123639e-07  0.00000000e+00 -3.60340457e-03 
 5.00155157e-07  0.00000000e+00 -2.29265394e-03 
 5.00218193e-07  0.00000000e+00 -8.11255835e-04 
 5.00344266e-07  0.00000000e+00  2.23825769e-04 
 5.00531217e-07  0.00000000e+00  7.23813870e-04 
 5.00883886e-07  0.00000000e+00  6.81221152e-04 
 5.01207293e-07  0.00000000e+00 -3.78765552e-03 
 5.01634266e-07  0.00000000e+00 -1.49245633e-02 
 5.02108378e-07  0.00000000e+00 -1.22662332e-03 
 5.02580409e-07  0.00000000e+00  5.75711026e-02 
 5.03098415e-07  0.00000000e+00  1.43069492e-01 
 5.03678119e-07  0.00000000e+00  2.43377246e-01 
 5.04254670e-07  0.00000000e+00  3.43668509e-01 
 5.05034267e-07  0.00000000e+00  4.73608889e-01 
 5.05877679e-07  0.00000000e+00  6.04986262e-01 
 5.07091668e-07  0.00000000e+00  7.83925662e-01 
 5.08399635e-07  0.00000000e+00  9.64484897e-01 
 5.09716379e-07  0.00000000e+00  1.10829461e+00 
 5.10908296e-07  0.00000000e+00  1.21526800e+00 
 5.12346610e-07  0.00000000e+00  1.34078535e+00 
 5.14064907e-07  0.00000000e+00  1.53999001e+00 
 5.15667963e-07  0.00000000e+00  1.68907194e+00 
 5.17738183e-07  0.00000000e+00  1.77012730e+00 
 5.20681193e-07  0.00000000e+00  1.79855155e+00 
 5.24676994e-07  0.00000000e+00  1.79957922e+00 
 5.30791149e-07  0.00000000e+00  1.80054197e+00 
 5.41745739e-07  0.00000000e+00  1.79943698e+00 
 5.58170685e-07  0.00000000e+00  1.80056810e+00 
 5.87169721e-07  0.00000000e+00  1.79942943e+00 
 6.34585185e-07  0.00000000e+00  1.80057043e+00 
 7.14030608e-07  0.00000000e+00  1.79942862e+00 
 7.50100000e-07  9.52912066e-13  1.80057082e+00 
 7.50110000e-07  1.80000000e-01  1.80099146e+00 
 7.50130000e-07  5.40000000e-01  1.80212170e+00 
 7.50170000e-07  1.26000000e+00  1.80533665e+00 
 7.50200000e-07  1.80000000e+00  1.80755892e+00 
 7.50207992e-07  1.80000000e+00  1.80728385e+00 
 7.50223976e-07  1.80000000e+00  1.80671570e+00 
 7.50255944e-07  1.80000000e+00  1.80582799e+00 
 7.50319879e-07  1.80000000e+00  1.80470544e+00 
 7.50447750e-07  1.80000000e+00  1.80345096e+00 
 7.50629169e-07  1.80000000e+00  1.80228945e+00 
 7.50873800e-07  1.80000000e+00  1.80219400e+00 
 7.51363062e-07  1.80000000e+00  1.80806296e+00 
 7.51771606e-07  1.80000000e+00  1.80746953e+00 
 7.52219522e-07  1.80000000e+00  1.80475460e+00 
 7.52796776e-07  1.80000000e+00  1.80149064e+00 
 7.53498640e-07  1.80000000e+00  1.80002785e+00 
 7.53997662e-07  1.80000000e+00  1.80128329e+00 
 7.54572737e-07  1.80000000e+00  1.80115603e+00 
 7.55177966e-07  1.80000000e+00  1.79934365e+00 
 7.55869692e-07  1.80000000e+00  1.79988858e+00 
 7.56679465e-07  1.80000000e+00  1.79970656e+00 
 7.57852780e-07  1.80000000e+00  1.79991912e+00 
 7.59995813e-07  1.80000000e+00  1.79989138e+00 
 7.62507243e-07  1.80000000e+00  1.79999452e+00 
 7.66581013e-07  1.80000000e+00  1.79997373e+00 
 7.74728552e-07  1.80000000e+00  1.80001666e+00 
 7.87909282e-07  1.80000000e+00  1.79998572e+00 
 8.14270741e-07  1.80000000e+00  1.80001322e+00 
 8.66993660e-07  1.80000000e+00  1.79998722e+00 
 9.72439499e-07  1.80000000e+00  1.80001249e+00 
 1.00000000e-06  1.80000000e+00  1.79998835e+00 
 1.00001000e-06  1.62000000e+00  1.79885011e+00 
 1.00003000e-06  1.26000000e+00  1.79675630e+00 
 1.00007000e-06  5.40000000e-01  1.79356453e+00 
 1.00010000e-06  0.00000000e+00  1.79208818e+00 
 1.00010788e-06  0.00000000e+00  1.79261245e+00 
 1.00012364e-06  0.00000000e+00  1.79365095e+00 
 1.00015516e-06  0.00000000e+00  1.79528193e+00 
 1.00021820e-06  0.00000000e+00  1.79757063e+00 
 1.00034427e-06  0.00000000e+00  1.80004725e+00 
 1.00053176e-06  0.00000000e+00  1.80169591e+00 
 1.00088517e-06  0.00000000e+00  1.80238560e+00 
 1.00120841e-06  0.00000000e+00  1.80157094e+00 
 1.00163443e-06  0.00000000e+00  1.79949995e+00 
 1.00210736e-06  0.00000000e+00  1.79743006e+00 
 1.00258673e-06  0.00000000e+00  1.79821883e+00 
 1.00307906e-06  0.00000000e+00  1.79722161e+00 
 1.00364704e-06  0.00000000e+00  1.79790029e+00 
 1.00419705e-06  0.00000000e+00  1.79979803e+00 
 1.00475439e-06  0.00000000e+00  1.79927782e+00 
 1.00527534e-06  0.00000000e+00  1.79887461e+00 
 1.00585203e-06  0.00000000e+00  1.79767294e+00 
 1.00674870e-06  0.00000000e+00  1.79816141e+00 
 1.00756210e-06  0.00000000e+00  1.79890357e+00 
 1.00918290e-06  0.00000000e+00  1.79961088e+00 
 1.01118811e-06  0.00000000e+00  1.80013412e+00 
 1.01273355e-06  0.00000000e+00  1.80033279e+00 
 1.01403298e-06  0.00000000e+00  1.79968065e+00 
 1.01527771e-06  0.00000000e+00  1.79914584e+00 
 1.01653079e-06  0.00000000e+00  1.79972504e+00 
 1.01781661e-06  0.00000000e+00  1.79778639e+00 
 1.01917817e-06  0.00000000e+00  1.79825976e+00 
 1.02057196e-06  0.00000000e+00  1.79899095e+00 
 1.02291937e-06  0.00000000e+00  1.79996395e+00 
 1.02522209e-06  0.00000000e+00  1.79982622e+00 
 1.02982752e-06  0.00000000e+00  1.80009479e+00 
 1.03721360e-06  0.00000000e+00  1.79986643e+00 
 1.05062569e-06  0.00000000e+00  1.80009262e+00 
 1.07454791e-06  0.00000000e+00  1.79987840e+00 
 1.11605607e-06  0.00000000e+00  1.80009887e+00 
 1.19719032e-06  0.00000000e+00  1.79988705e+00 
 1.25010000e-06  0.00000000e+00  1.80010260e+00 
 1.25011000e-06  1.80000000e-01  1.80059142e+00 
 1.25013000e-06  5.40000000e-01  1.80181564e+00 
 1.25017000e-06  1.26000000e+00  1.80521597e+00 
 1.25020000e-06  1.80000000e+00  1.80761203e+00 
 1.25020799e-06  1.80000000e+00  1.80738651e+00 
 1.25022398e-06  1.80000000e+00  1.80689727e+00 
 1.25025594e-06  1.80000000e+00  1.80606863e+00 
 1.25031988e-06  1.80000000e+00  1.80493641e+00 
 1.25044775e-06  1.80000000e+00  1.80362123e+00 
 1.25062916e-06  1.80000000e+00  1.80246575e+00 
 1.25087375e-06  1.80000000e+00  1.80232953e+00 
 1.25136293e-06  1.80000000e+00  1.80765530e+00 
 1.25177307e-06  1.80000000e+00  1.80715689e+00 
 1.25222223e-06  1.80000000e+00  1.80454143e+00 
 1.25280107e-06  1.80000000e+00  1.80200859e+00 
 1.25351496e-06  1.80000000e+00  1.80016560e+00 
 1.25401693e-06  1.80000000e+00  1.79925880e+00 
 1.25459672e-06  1.80000000e+00  1.79839469e+00 
 1.25515270e-06  1.80000000e+00  1.79799319e+00 
 1.25584452e-06  1.80000000e+00  1.79814124e+00 
 1.25657988e-06  1.80000000e+00  1.79837571e+00 
 1.25803322e-06  1.80000000e+00  1.79896450e+00 
 1.25993811e-06  1.80000000e+00  1.79940490e+00 
 1.26268684e-06  1.80000000e+00  1.79977860e+00 
 1.26640805e-06  1.80000000e+00  1.79991922e+00 
 1.27385046e-06  1.80000000e+00  1.80001878e+00 
 1.28873529e-06  1.80000000e+00  1.79998376e+00 
 1.31646337e-06  1.80000000e+00  1.80001544e+00 
 1.37191954e-06  1.80000000e+00  1.79998475e+00 
 1.48283188e-06  1.80000000e+00  1.80001508e+00 
 1.50000000e-06  1.80000000e+00  1.79998539e+00 
 1.50001000e-06  1.62000000e+00  1.79886288e+00 
 1.50003000e-06  1.26000000e+00  1.79676823e+00 
 1.50007000e-06  5.40000000e-01  1.79348682e+00 
 1.50010000e-06  0.00000000e+00  1.79191870e+00 
 1.50010788e-06  0.00000000e+00  1.79242622e+00 
 1.50012364e-06  0.00000000e+00  1.79345140e+00 
 1.50015516e-06  0.00000000e+00  1.79512326e+00 
 1.50021820e-06  0.00000000e+00  1.79751553e+00 
 1.50034427e-06  0.00000000e+00  1.80010570e+00 
 1.50053119e-06  0.00000000e+00  1.80183600e+00 
 1.50088459e-06  0.00000000e+00  1.80227229e+00 
 1.50120779e-06  0.00000000e+00  1.80093739e+00 
 1.50163642e-06  0.00000000e+00  1.79877604e+00 
 1.50211066e-06  0.00000000e+00  1.79779403e+00 
 1.50258719e-06  0.00000000e+00  1.79887749e+00 
 1.50308237e-06  0.00000000e+00  1.79925756e+00 
 1.50365370e-06  0.00000000e+00  1.79937407e+00 
 1.50421824e-06  0.00000000e+00  1.79960726e+00 
 1.50494094e-06  0.00000000e+00  1.79970599e+00 
 1.50577263e-06  0.00000000e+00  1.79981338e+00 
 1.50644329e-06  0.00000000e+00  1.79991871e+00 
 1.50718878e-06  0.00000000e+00  1.79992713e+00 
 1.50806086e-06  0.00000000e+00  1.79995703e+00 
 1.50901401e-06  0.00000000e+00  1.79995004e+00 
 1.50994275e-06  0.00000000e+00  1.79996747e+00 
 1.51113380e-06  0.00000000e+00  1.79995697e+00 
 1.51243431e-06  0.00000000e+00  1.79997113e+00 
 1.51488996e-06  0.00000000e+00  1.79996154e+00 
 1.51837374e-06  0.00000000e+00  1.79997584e+00 
 1.52446261e-06  0.00000000e+00  1.79996787e+00 
 1.53489068e-06  0.00000000e+00  1.79998389e+00 
 1.55216153e-06  0.00000000e+00  1.79997740e+00 
 1.58670324e-06  0.00000000e+00  1.79999423e+00 
 1.65578664e-06  0.00000000e+00  1.79998752e+00 
 1.75010000e-06  0.00000000e+00  1.80000140e+00 
 1.75011000e-06  1.80000000e-01  1.80047599e+00 
 1.75013000e-06  5.40000000e-01  1.80167798e+00 
 1.75017000e-06  1.26000000e+00  1.80504158e+00 
 1.75020000e-06  1.80000000e+00  1.80743261e+00 
 1.75020799e-06  1.80000000e+00  1.80721691e+00 
 1.75022398e-06  1.80000000e+00  1.80674794e+00 
 1.75025594e-06  1.80000000e+00  1.80595447e+00 
 1.75031988e-06  1.80000000e+00  1.80486797e+00 
 1.75044775e-06  1.80000000e+00  1.80359019e+00 
 1.75062925e-06  1.80000000e+00  1.80245463e+00 
 1.75087366e-06  1.80000000e+00  1.80233640e+00 
 1.75136247e-06  1.80000000e+00  1.80767679e+00 
 1.75177205e-06  1.80000000e+00  1.80719494e+00 
 1.75222053e-06  1.80000000e+00  1.80457292e+00 
 1.75279782e-06  1.80000000e+00  1.80210162e+00 
 1.75349721e-06  1.80000000e+00  1.80049102e+00 
 1.75399564e-06  1.80000000e+00  1.79962183e+00 
 1.75457047e-06  1.80000000e+00  1.79871650e+00 
 1.75517667e-06  1.80000000e+00  1.79804607e+00 
 1.75592716e-06  1.80000000e+00  1.79807144e+00 
 1.75668874e-06  1.80000000e+00  1.79831506e+00 
 1.75805105e-06  1.80000000e+00  1.79887311e+00 
 1.76008921e-06  1.80000000e+00  1.79939409e+00 
 1.76280847e-06  1.80000000e+00  1.79975999e+00 
 1.76679515e-06  1.80000000e+00  1.79993246e+00 
 1.77476849e-06  1.80000000e+00  1.80001232e+00 
 1.78949079e-06  1.80000000e+00  1.79999129e+00 
 1.81683157e-06  1.80000000e+00  1.80000761e+00 
 1.87151313e-06  1.80000000e+00  1.79999264e+00 
 1.98087625e-06  1.80000000e+00  1.80000714e+00 
 2.00000000e-06  1.80000000e+00  1.79999343e+00 
 2.00001000e-06  1.62000000e+00  1.79887044e+00 
 2.00003000e-06  1.26000000e+00  1.79677999e+00 
 2.00007000e-06  5.40000000e-01  1.79349892e+00 
 2.00010000e-06  3.67639252e-12  1.79192672e+00 
 2.00010788e-06  0.00000000e+00  1.79243296e+00 
 2.00012364e-06  0.00000000e+00  1.79345560e+00 
 2.00015516e-06  0.00000000e+00  1.79512466e+00 
 2.00021820e-06  0.00000000e+00  1.79751737e+00 
 2.00034427e-06  0.00000000e+00  1.80010932e+00 
 2.00053171e-06  0.00000000e+00  1.80184190e+00 
 2.00088529e-06  0.00000000e+00  1.80225972e+00 
 2.00120847e-06  0.00000000e+00  1.80092240e+00 
 2.00163561e-06  0.00000000e+00  1.79877749e+00 
 2.00210884e-06  0.00000000e+00  1.79779131e+00 
 2.00258843e-06  0.00000000e+00  1.79878001e+00 
 2.00307991e-06  0.00000000e+00  1.79919214e+00 
 2.00364885e-06  0.00000000e+00  1.79939305e+00 
 2.00419854e-06  0.00000000e+00  1.79960364e+00 
 2.00475723e-06  0.00000000e+00  1.79976684e+00 
 2.00528026e-06  0.00000000e+00  1.79982174e+00 
 2.00585849e-06  0.00000000e+00  1.79988148e+00 
 2.00675322e-06  0.00000000e+00  1.79990307e+00 
 2.00757134e-06  0.00000000e+00  1.79993760e+00 
 2.00919304e-06  0.00000000e+00  1.79998132e+00 
 2.01120363e-06  0.00000000e+00  1.80022240e+00 
 2.01275195e-06  0.00000000e+00  1.80037216e+00 
 2.01405150e-06  0.00000000e+00  1.79967860e+00 
 2.01529492e-06  0.00000000e+00  1.79917927e+00 
 2.01654564e-06  0.00000000e+00  1.79968581e+00 
 2.01782919e-06  0.00000000e+00  1.79780433e+00 
 2.01920487e-06  0.00000000e+00  1.79825318e+00 
 2.02060145e-06  0.00000000e+00  1.79902276e+00 
 2.02293462e-06  0.00000000e+00  1.79994640e+00 
 2.02526658e-06  0.00000000e+00  1.79984398e+00 
 2.02993050e-06  0.00000000e+00  1.80007820e+00 
 2.03758045e-06  0.00000000e+00  1.79988269e+00 
 2.05129633e-06  0.00000000e+00  1.80007658e+00 
 2.07622531e-06  0.00000000e+00  1.79989464e+00 
 2.11945875e-06  0.00000000e+00  1.80008309e+00 
 2.19842627e-06  0.00000000e+00  1.79990307e+00 
 2.25010000e-06  0.00000000e+00  1.80008660e+00 
 2.25011000e-06  1.80000000e-01  1.80056452e+00 
 2.25013000e-06  5.40000000e-01  1.80175834e+00 
 2.25017000e-06  1.26000000e+00  1.80507132e+00 
 2.25020000e-06  1.80000000e+00  1.80742723e+00 
 2.25020799e-06  1.80000000e+00  1.80720875e+00 
 2.25022398e-06  1.80000000e+00  1.80673636e+00 
 2.25025594e-06  1.80000000e+00  1.80594416e+00 
 2.25031988e-06  1.80000000e+00  1.80486535e+00 
 2.25044775e-06  1.80000000e+00  1.80359214e+00 
 2.25062926e-06  1.80000000e+00  1.80245361e+00 
 2.25087380e-06  1.80000000e+00  1.80233633e+00 
 2.25136289e-06  1.80000000e+00  1.80767851e+00 
 2.25177322e-06  1.80000000e+00  1.80718247e+00 
 2.25222225e-06  1.80000000e+00  1.80455922e+00 
 2.25280129e-06  1.80000000e+00  1.80202405e+00 
 2.25351532e-06  1.80000000e+00  1.80017077e+00 
 2.25401767e-06  1.80000000e+00  1.79926680e+00 
 2.25459776e-06  1.80000000e+00  1.79840467e+00 
 2.25515388e-06  1.80000000e+00  1.79800216e+00 
 2.25584734e-06  1.80000000e+00  1.79814801e+00 
 2.25658287e-06  1.80000000e+00  1.79838203e+00 
 2.25803788e-06  1.80000000e+00  1.79896919e+00 
 2.25994488e-06  1.80000000e+00  1.79940818e+00 
 2.26269541e-06  1.80000000e+00  1.79977986e+00 
 2.26642171e-06  1.80000000e+00  1.79992003e+00 
 2.27387431e-06  1.80000000e+00  1.80001859e+00 
 2.28877950e-06  1.80000000e+00  1.79998398e+00 
 2.31615940e-06  1.80000000e+00  1.80001521e+00 
 2.37091920e-06  1.80000000e+00  1.79998498e+00 
 2.48043880e-06  1.80000000e+00  1.80001485e+00 
 2.50000000e-06  1.80000000e+00  1.79998557e+00 
 2.50001000e-06  1.62000000e+00  1.79886969e+00 
 2.50003000e-06  1.26000000e+00  1.79679193e+00 
 2.50007000e-06  5.40000000e-01  1.79351780e+00 
 2.50010000e-06  3.67639252e-12  1.79194352e+00 
 2.50010788e-06  0.00000000e+00  1.79244726e+00 
 2.50012364e-06  0.00000000e+00  1.79346412e+00 
 2.50015516e-06  0.00000000e+00  1.79512536e+00 
 2.50021820e-06  0.00000000e+00  1.79750949e+00 
 2.50034427e-06  0.00000000e+00  1.80010151e+00 
 2.50053119e-06  0.00000000e+00  1.80183702e+00 
 2.50088459e-06  0.00000000e+00  1.80226885e+00 
 2.50120779e-06  0.00000000e+00  1.80093401e+00 
 2.50163666e-06  0.00000000e+00  1.79876820e+00 
 2.50211075e-06  0.00000000e+00  1.79779434e+00 
 2.50258740e-06  0.00000000e+00  1.79887866e+00 
 2.50308285e-06  0.00000000e+00  1.79925992e+00 
 2.50365443e-06  0.00000000e+00  1.79937585e+00 
 2.50421921e-06  0.00000000e+00  1.79960937e+00 
 2.50494249e-06  0.00000000e+00  1.79970655e+00 
 2.50577479e-06  0.00000000e+00  1.79981422e+00 
 2.50644635e-06  0.00000000e+00  1.79991900e+00 
 2.50719243e-06  0.00000000e+00  1.79992741e+00 
 2.50806433e-06  0.00000000e+00  1.79995703e+00 
 2.50901775e-06  0.00000000e+00  1.79995003e+00 
 2.50994273e-06  0.00000000e+00  1.79996733e+00 
 2.51112846e-06  0.00000000e+00  1.79995687e+00 
 2.51242347e-06  0.00000000e+00  1.79997095e+00 
 2.51485567e-06  0.00000000e+00  1.79996142e+00 
 2.51830441e-06  0.00000000e+00  1.79997566e+00 
 2.52430747e-06  0.00000000e+00  1.79996773e+00 
 2.53455900e-06  0.00000000e+00  1.79998367e+00 
 2.55149402e-06  0.00000000e+00  1.79997724e+00 
 2.58536405e-06  0.00000000e+00  1.79999403e+00 
 2.65310410e-06  0.00000000e+00  1.79998743e+00 
 2.75010000e-06  0.00000000e+00  1.80000137e+00 
 2.75011000e-06  1.80000000e-01  1.80047426e+00 
 2.75013000e-06  5.40000000e-01  1.80167235e+00 
 2.75017000e-06  1.26000000e+00  1.80502296e+00 
 2.75020000e-06  1.80000000e+00  1.80739715e+00 
 2.75020799e-06  1.80000000e+00  1.80718445e+00 
 2.75022398e-06  1.80000000e+00  1.80672243e+00 
 2.75025594e-06  1.80000000e+00  1.80594065e+00 
 2.75031988e-06  1.80000000e+00  1.80486699e+00 
 2.75044775e-06  1.80000000e+00  1.80359371e+00 
 2.75062924e-06  1.80000000e+00  1.80245560e+00 
 2.75087364e-06  1.80000000e+00  1.80234146e+00 
 2.75136244e-06  1.80000000e+00  1.80768735e+00 
 2.75177218e-06  1.80000000e+00  1.80719873e+00 
 2.75222059e-06  1.80000000e+00  1.80457394e+00 
 2.75279801e-06  1.80000000e+00  1.80210095e+00 
 2.75349766e-06  1.80000000e+00  1.80048769e+00 
 2.75399617e-06  1.80000000e+00  1.79961996e+00 
 2.75457107e-06  1.80000000e+00  1.79871721e+00 
 2.75517747e-06  1.80000000e+00  1.79804769e+00 
 2.75592830e-06  1.80000000e+00  1.79807286e+00 
 2.75668978e-06  1.80000000e+00  1.79831547e+00 
 2.75805368e-06  1.80000000e+00  1.79887380e+00 
 2.76009214e-06  1.80000000e+00  1.79939461e+00 
 2.76281258e-06  1.80000000e+00  1.79976024e+00 
 2.76680034e-06  1.80000000e+00  1.79993263e+00 
 2.77477586e-06  1.80000000e+00  1.80001226e+00 
 2.78950847e-06  1.80000000e+00  1.79999135e+00 
 2.81683701e-06  1.80000000e+00  1.80000755e+00 
 2.87149409e-06  1.80000000e+00  1.79999271e+00 
 2.98080824e-06  1.80000000e+00  1.80000708e+00 
 3.00000000e-06  1.80000000e+00  1.79999349e+00 
 3.00001000e-06  1.62000000e+00  1.79887630e+00 
 3.00003000e-06  1.26000000e+00  1.79679909e+00 
 3.00007000e-06  5.40000000e-01  1.79352248e+00 
 3.00010000e-06  3.67639252e-12  1.79194561e+00 
 3.00010788e-06  0.00000000e+00  1.79244859e+00 
 3.00012364e-06  0.00000000e+00  1.79346379e+00 
 3.00015516e-06  0.00000000e+00  1.79512334e+00 
 3.00021820e-06  0.00000000e+00  1.79750992e+00 
 3.00034427e-06  0.00000000e+00  1.80010557e+00 
 3.00053171e-06  0.00000000e+00  1.80184270e+00 
 3.00088529e-06  0.00000000e+00  1.80225758e+00 
 3.00120847e-06  0.00000000e+00  1.80091998e+00 
 3.00163577e-06  0.00000000e+00  1.79877308e+00 
 3.00210889e-06  0.00000000e+00  1.79779151e+00 
 3.00258857e-06  0.00000000e+00  1.79878019e+00 
 3.00308015e-06  0.00000000e+00  1.79919374e+00 
 3.00364911e-06  0.00000000e+00  1.79939436e+00 
 3.00419891e-06  0.00000000e+00  1.79960513e+00 
 3.00475774e-06  0.00000000e+00  1.79976748e+00 
 3.00528113e-06  0.00000000e+00  1.79982240e+00 
 3.00585963e-06  0.00000000e+00  1.79988174e+00 
 3.00675382e-06  0.00000000e+00  1.79990322e+00 
 3.00757284e-06  0.00000000e+00  1.79993758e+00 
 3.00919453e-06  0.00000000e+00  1.79998137e+00 
 3.01120627e-06  0.00000000e+00  1.80022330e+00 
 3.01275509e-06  0.00000000e+00  1.80037197e+00 
 3.01405476e-06  0.00000000e+00  1.79967768e+00 
 3.01529802e-06  0.00000000e+00  1.79918066e+00 
 3.01654846e-06  0.00000000e+00  1.79967654e+00 
 3.01783167e-06  0.00000000e+00  1.79780539e+00 
 3.01921010e-06  0.00000000e+00  1.79825525e+00 
 3.02060767e-06  0.00000000e+00  1.79902764e+00 
 3.02293807e-06  0.00000000e+00  1.79994597e+00 
 3.02527639e-06  0.00000000e+00  1.79984419e+00 
 3.02995303e-06  0.00000000e+00  1.80007833e+00 
 3.03765720e-06  0.00000000e+00  1.79988242e+00 
 3.05137214e-06  0.00000000e+00  1.80007675e+00 
 3.07652221e-06  0.00000000e+00  1.79989457e+00 
 3.11068568e-06  0.00000000e+00  1.80008240e+00 
 3.14434483e-06  0.00000000e+00  1.79990153e+00 
 3.16663738e-06  0.00000000e+00  1.80008332e+00 
 3.19403560e-06  0.00000000e+00  1.79990547e+00 
 3.22766567e-06  0.00000000e+00  1.80008329e+00 
 3.25010000e-06  0.00000000e+00  1.79990859e+00 
 3.25011000e-06  1.80000000e-01  1.80039047e+00 
 3.25013000e-06  5.40000000e-01  1.80160975e+00 
 3.25017000e-06  1.26000000e+00  1.80498736e+00 
 3.25020000e-06  1.80000000e+00  1.80736489e+00 
 3.25020799e-06  1.80000000e+00  1.80715419e+00 
 3.25022396e-06  1.80000000e+00  1.80669689e+00 
 3.25025592e-06  1.80000000e+00  1.80592573e+00 
 3.25031982e-06  1.80000000e+00  1.80486477e+00 
 3.25044763e-06  1.80000000e+00  1.80359610e+00 
 3.25062917e-06  1.80000000e+00  1.80245442e+00 
 3.25087379e-06  1.80000000e+00  1.80234002e+00 
 3.25136303e-06  1.80000000e+00  1.80768508e+00 
 3.25177356e-06  1.80000000e+00  1.80718390e+00 
 3.25222262e-06  1.80000000e+00  1.80455806e+00 
 3.25280193e-06  1.80000000e+00  1.80202092e+00 
 3.25351545e-06  1.80000000e+00  1.80016539e+00 
 3.25401799e-06  1.80000000e+00  1.79926350e+00 
 3.25459821e-06  1.80000000e+00  1.79840443e+00 
 3.25515423e-06  1.80000000e+00  1.79800251e+00 
 3.25584889e-06  1.80000000e+00  1.79814835e+00 
 3.25658463e-06  1.80000000e+00  1.79838214e+00 
 3.25804073e-06  1.80000000e+00  1.79896970e+00 
 3.25994861e-06  1.80000000e+00  1.79940864e+00 
 3.26270031e-06  1.80000000e+00  1.79978015e+00 
 3.26642919e-06  1.80000000e+00  1.79992019e+00 
 3.27388697e-06  1.80000000e+00  1.80001859e+00 
 3.28880253e-06  1.80000000e+00  1.79998398e+00 
 3.31594945e-06  1.80000000e+00  1.80001520e+00 
 3.37024329e-06  1.80000000e+00  1.79998499e+00 
 3.47883098e-06  1.80000000e+00  1.80001484e+00 
 3.50000000e-06  1.80000000e+00  1.79998555e+00 
 3.50001000e-06  1.62000000e+00  1.79887484e+00 
 3.50003000e-06  1.26000000e+00  1.79680814e+00 
 3.50007000e-06  5.40000000e-01  1.79353790e+00 
 3.50010000e-06  3.67639252e-12  1.79195991e+00 
 3.50010788e-06  0.00000000e+00  1.79246064e+00 
 3.50012364e-06  0.00000000e+00  1.79347053e+00 
 3.50015516e-06  0.00000000e+00  1.79512280e+00 
 3.50021820e-06  0.00000000e+00  1.79750119e+00 
 3.50034427e-06  0.00000000e+00  1.80009730e+00 
 3.50053119e-06  0.00000000e+00  1.80183777e+00 
 3.50088458e-06  0.00000000e+00  1.80226774e+00 
 3.50120778e-06  0.00000000e+00  1.80093233e+00 
 3.50163677e-06  0.00000000e+00  1.79876502e+00 
 3.50211078e-06  0.00000000e+00  1.79779470e+00 
 3.50258750e-06  0.00000000e+00  1.79887869e+00 
 3.50308302e-06  0.00000000e+00  1.79926059e+00 
 3.50365467e-06  0.00000000e+00  1.79937674e+00 
 3.50421953e-06  0.00000000e+00  1.79961060e+00 
 3.50494309e-06  0.00000000e+00  1.79970699e+00 
 3.50577558e-06  0.00000000e+00  1.79981466e+00 
 3.50644748e-06  0.00000000e+00  1.79991918e+00 
 3.50719377e-06  0.00000000e+00  1.79992749e+00 
 3.50806559e-06  0.00000000e+00  1.79995704e+00 
 3.50901910e-06  0.00000000e+00  1.79995000e+00 
 3.50994171e-06  0.00000000e+00  1.79996726e+00 
 3.51112329e-06  0.00000000e+00  1.79995681e+00 
 3.51241399e-06  0.00000000e+00  1.79997086e+00 
 3.51483067e-06  0.00000000e+00  1.79996135e+00 
 3.51825567e-06  0.00000000e+00  1.79997555e+00 
 3.52420415e-06  0.00000000e+00  1.79996765e+00 
 3.53434404e-06  0.00000000e+00  1.79998354e+00 
 3.55106989e-06  0.00000000e+00  1.79997715e+00 
 3.58452157e-06  0.00000000e+00  1.79999390e+00 
 3.65142495e-06  0.00000000e+00  1.79998738e+00 
 3.75010000e-06  0.00000000e+00  1.80000135e+00 
 3.75011000e-06  1.80000000e-01  1.80047272e+00 
 3.75013000e-06  5.40000000e-01  1.80166723e+00 
 3.75017000e-06  1.26000000e+00  1.80500933e+00 
 3.75020000e-06  1.80000000e+00  1.80737369e+00 
 3.75020799e-06  1.80000000e+00  1.80716358e+00 
 3.75022398e-06  1.80000000e+00  1.80670733e+00 
 3.75025594e-06  1.80000000e+00  1.80593466e+00 
 3.75031988e-06  1.80000000e+00  1.80486993e+00 
 3.75044775e-06  1.80000000e+00  1.80359768e+00 
 3.75062915e-06  1.80000000e+00  1.80245674e+00 
 3.75087361e-06  1.80000000e+00  1.80234431e+00 
 3.75136255e-06  1.80000000e+00  1.80769416e+00 
 3.75177247e-06  1.80000000e+00  1.80720137e+00 
 3.75222090e-06  1.80000000e+00  1.80457329e+00 
 3.75279856e-06  1.80000000e+00  1.80209925e+00 
 3.75349801e-06  1.80000000e+00  1.80048460e+00 
 3.75399660e-06  1.80000000e+00  1.79961816e+00 
 3.75457156e-06  1.80000000e+00  1.79871765e+00 
 3.75517810e-06  1.80000000e+00  1.79804918e+00 
 3.75592929e-06  1.80000000e+00  1.79807386e+00 
 3.75669062e-06  1.80000000e+00  1.79831582e+00 
 3.75805644e-06  1.80000000e+00  1.79887434e+00 
 3.76009476e-06  1.80000000e+00  1.79939511e+00 
 3.76281682e-06  1.80000000e+00  1.79976041e+00 
 3.76680515e-06  1.80000000e+00  1.79993284e+00 
 3.77478182e-06  1.80000000e+00  1.80001214e+00 
 3.78952812e-06  1.80000000e+00  1.79999146e+00 
 3.81683817e-06  1.80000000e+00  1.80000744e+00 
 3.87145825e-06  1.80000000e+00  1.79999282e+00 
 3.98069843e-06  1.80000000e+00  1.80000697e+00 
 4.00000000e-06  1.80000000e+00  1.79999359e+00 
 4.00001000e-06  1.62000000e+00  1.79888122e+00 
 4.00003000e-06  1.26000000e+00  1.79681374e+00 
 4.00007000e-06  5.40000000e-01  1.79354061e+00 
 4.00010000e-06  0.00000000e+00  1.79196051e+00 
 4.00010788e-06  0.00000000e+00  1.79246060e+00 
 4.00012364e-06  0.00000000e+00  1.79346908e+00 
 4.00015516e-06  0.00000000e+00  1.79512007e+00 
 4.00021820e-06  0.00000000e+00  1.79750131e+00 
 4.00034427e-06  0.00000000e+00  1.80010126e+00 
 4.00053171e-06  0.00000000e+00  1.80184345e+00 
 4.00088529e-06  0.00000000e+00  1.80225694e+00 
 4.00120847e-06  0.00000000e+00  1.80091874e+00 
 4.00163585e-06  0.00000000e+00  1.79877088e+00 
 4.00210892e-06  0.00000000e+00  1.79779191e+00 
 4.00258863e-06  0.00000000e+00  1.79877985e+00 
 4.00308026e-06  0.00000000e+00  1.79919413e+00 
 4.00364922e-06  0.00000000e+00  1.79939507e+00 
 4.00419926e-06  0.00000000e+00  1.79960628e+00 
 4.00475810e-06  0.00000000e+00  1.79976797e+00 
 4.00528171e-06  0.00000000e+00  1.79982289e+00 
 4.00586040e-06  0.00000000e+00  1.79988195e+00 
 4.00675407e-06  0.00000000e+00  1.79990330e+00 
 4.00757377e-06  0.00000000e+00  1.79993764e+00 
 4.00919527e-06  0.00000000e+00  1.79998107e+00 
 4.01119111e-06  0.00000000e+00  1.80020585e+00 
 4.01269339e-06  0.00000000e+00  1.80039163e+00 
 4.01399492e-06  0.00000000e+00  1.79971805e+00 
 4.01524456e-06  0.00000000e+00  1.79908268e+00 
 4.01650524e-06  0.00000000e+00  1.79981244e+00 
 4.01781100e-06  0.00000000e+00  1.79780135e+00 
 4.01910173e-06  0.00000000e+00  1.79820302e+00 
 4.02050951e-06  0.00000000e+00  1.79896196e+00 
 4.02293140e-06  0.00000000e+00  1.79995169e+00 
 4.02512619e-06  0.00000000e+00  1.79983159e+00 
 4.02951578e-06  0.00000000e+00  1.80002820e+00 
 4.03615842e-06  0.00000000e+00  1.79983275e+00 
 4.04427792e-06  0.00000000e+00  1.80012821e+00 
 4.05216507e-06  0.00000000e+00  1.79999503e+00 
 4.05769396e-06  0.00000000e+00  1.79988816e+00 
 4.06376505e-06  0.00000000e+00  1.80009614e+00 
 4.06938942e-06  0.00000000e+00  1.79990888e+00 
 4.07477185e-06  0.00000000e+00  1.80006826e+00 
 4.08114714e-06  0.00000000e+00  1.79997101e+00 
 4.08630465e-06  0.00000000e+00  1.80027534e+00 
 4.08976442e-06  0.00000000e+00  1.79987703e+00 
 4.09277912e-06  0.00000000e+00  1.79951040e+00 
 4.09587436e-06  0.00000000e+00  1.80020104e+00 
 4.09947127e-06  0.00000000e+00  1.79983034e+00 
 4.10322008e-06  0.00000000e+00  1.80010461e+00 
 4.10956663e-06  0.00000000e+00  1.79989331e+00 
 4.11663258e-06  0.00000000e+00  1.80007384e+00 
 4.12786252e-06  0.00000000e+00  1.79991689e+00 
 4.14399463e-06  0.00000000e+00  1.80006194e+00 
 4.17073850e-06  0.00000000e+00  1.79992721e+00 
 4.21687100e-06  0.00000000e+00  1.80005959e+00 
 4.25010000e-06  6.67038446e-12  1.79993324e+00 
 4.25011000e-06  1.80000000e-01  1.80040034e+00 
 4.25013000e-06  5.40000000e-01  1.80159199e+00 
 4.25017000e-06  1.26000000e+00  1.80492520e+00 
 4.25020000e-06  1.80000000e+00  1.80728171e+00 
 4.25020799e-06  1.80000000e+00  1.80707476e+00 
 4.25022396e-06  1.80000000e+00  1.80662695e+00 
 4.25025592e-06  1.80000000e+00  1.80587762e+00 
 4.25031982e-06  1.80000000e+00  1.80484679e+00 
 4.25041575e-06  1.80000000e+00  1.80385800e+00 
 4.25060762e-06  1.80000000e+00  1.80254134e+00 
 4.25082388e-06  1.80000000e+00  1.80216993e+00 
 4.25111311e-06  1.80000000e+00  1.80463704e+00 
 4.25150718e-06  1.80000000e+00  1.80805720e+00 
 4.25195092e-06  1.80000000e+00  1.80595701e+00 
 4.25239763e-06  1.80000000e+00  1.80340059e+00 
 4.25306493e-06  1.80000000e+00  1.80128454e+00 
 4.25374632e-06  1.80000000e+00  1.79986604e+00 
 4.25426894e-06  1.80000000e+00  1.79910095e+00 
 4.25487112e-06  1.80000000e+00  1.79825517e+00 
 4.25542424e-06  1.80000000e+00  1.79798685e+00 
 4.25615450e-06  1.80000000e+00  1.79815547e+00 
 4.25693910e-06  1.80000000e+00  1.79844584e+00 
 4.25838868e-06  1.80000000e+00  1.79900325e+00 
 4.26063986e-06  1.80000000e+00  1.79949918e+00 
 4.26344203e-06  1.80000000e+00  1.79981111e+00 
 4.26800698e-06  1.80000000e+00  1.79995598e+00 
 4.27713690e-06  1.80000000e+00  1.80001402e+00 
 4.29363940e-06  1.80000000e+00  1.79998924e+00 
 4.32464288e-06  1.80000000e+00  1.80000975e+00 
 4.38392050e-06  1.80000000e+00  1.79999053e+00 
 4.50000000e-06  1.80000000e+00  1.80000926e+00 
 4.50001000e-06  1.62000000e+00  1.79890327e+00 
 4.50003000e-06  1.26000000e+00  1.79684366e+00 
 4.50007000e-06  5.40000000e-01  1.79358313e+00 
 4.50010000e-06  0.00000000e+00  1.79200486e+00 
 4.50010788e-06  0.00000000e+00  1.79250206e+00 
 4.50012364e-06  0.00000000e+00  1.79350266e+00 
 4.50015516e-06  0.00000000e+00  1.79513717e+00 
 4.50021819e-06  0.00000000e+00  1.79749068e+00 
 4.50034427e-06  0.00000000e+00  1.80005675e+00 
 4.50057267e-06  0.00000000e+00  1.80204134e+00 
 4.50095679e-06  0.00000000e+00  1.80226850e+00 
 4.50138282e-06  0.00000000e+00  1.80038757e+00 
 4.50185032e-06  0.00000000e+00  1.79746746e+00 
 4.50241593e-06  0.00000000e+00  1.79800903e+00 
 4.50294068e-06  0.00000000e+00  1.79945002e+00 
 4.50348792e-06  0.00000000e+00  1.79958940e+00 
 4.50407669e-06  0.00000000e+00  1.79970360e+00 
 4.50472901e-06  0.00000000e+00  1.79976644e+00 
 4.50548329e-06  0.00000000e+00  1.79984471e+00 
 4.50606404e-06  0.00000000e+00  1.79987751e+00 
 4.50679040e-06  0.00000000e+00  1.79995388e+00 
 4.50769856e-06  0.00000000e+00  1.79991575e+00 
 4.50858377e-06  0.00000000e+00  1.79995871e+00 
 4.50962179e-06  0.00000000e+00  1.79992333e+00 
 4.51058860e-06  0.00000000e+00  1.79995906e+00 
 4.51193772e-06  0.00000000e+00  1.79992856e+00 
 4.51334948e-06  0.00000000e+00  1.79996243e+00 
 4.51594071e-06  0.00000000e+00  1.79993654e+00 
 4.51967216e-06  0.00000000e+00  1.79997198e+00 
 4.52592772e-06  0.00000000e+00  1.79994950e+00 
 4.53674814e-06  0.00000000e+00  1.79998684e+00 
 4.55562260e-06  0.00000000e+00  1.79996563e+00 
 4.59337153e-06  0.00000000e+00  1.80000224e+00 
 4.66866352e-06  0.00000000e+00  1.79997867e+00 
 4.75010000e-06  6.67038446e-12  1.80001000e+00 
 4.75011000e-06  1.80000000e-01  1.80047570e+00 
 4.75013000e-06  5.40000000e-01  1.80166230e+00 
 4.75017000e-06  1.26000000e+00  1.80498660e+00 
 4.75020000e-06  1.80000000e+00  1.80734113e+00 
 4.75020799e-06  1.80000000e+00  1.80713569e+00 
 4.75022397e-06  1.80000000e+00  1.80668956e+00 
 4.75025594e-06  1.80000000e+00  1.80593661e+00 
 4.75031987e-06  1.80000000e+00  1.80489259e+00 
 4.75041615e-06  1.80000000e+00  1.80388305e+00 
 4.75060871e-06  1.80000000e+00  1.80254837e+00 
 4.75082472e-06  1.80000000e+00  1.80218271e+00 
 4.75111455e-06  1.80000000e+00  1.80466454e+00 
 4.75150621e-06  1.80000000e+00  1.80806427e+00 
 4.75195011e-06  1.80000000e+00  1.80596862e+00 
 4.75239504e-06  1.80000000e+00  1.80341675e+00 
 4.75306353e-06  1.80000000e+00  1.80137392e+00 
 4.75373204e-06  1.80000000e+00  1.80017158e+00 
 4.75425296e-06  1.80000000e+00  1.79943806e+00 
 4.75485197e-06  1.80000000e+00  1.79853061e+00 
 4.75543406e-06  1.80000000e+00  1.79800770e+00 
 4.75615921e-06  1.80000000e+00  1.79806090e+00 
 4.75691967e-06  1.80000000e+00  1.79832446e+00 
 4.75844059e-06  1.80000000e+00  1.79892349e+00 
 4.76064062e-06  1.80000000e+00  1.79946251e+00 
 4.76351250e-06  1.80000000e+00  1.79979172e+00 
 4.76798635e-06  1.80000000e+00  1.79995893e+00 
 4.77693406e-06  1.80000000e+00  1.80000703e+00 
 4.79318914e-06  1.80000000e+00  1.79999641e+00 
 4.82304692e-06  1.80000000e+00  1.80000248e+00 
 4.88047602e-06  1.80000000e+00  1.79999781e+00 
 4.99533421e-06  1.80000000e+00  1.80000197e+00 
 5.00000000e-06  1.80000000e+00  1.79999973e+00 
 5.00001000e-06  1.62000000e+00  1.79889327e+00 
 5.00003000e-06  1.26000000e+00  1.79683858e+00 
 5.00007000e-06  5.40000000e-01  1.79358175e+00 
 5.00010000e-06  0.00000000e+00  1.79200325e+00 
 5.00010788e-06  0.00000000e+00  1.79249978e+00 
 5.00012363e-06  0.00000000e+00  1.79349862e+00 
 5.00015514e-06  0.00000000e+00  1.79513138e+00 
 5.00021816e-06  0.00000000e+00  1.79748684e+00 
 5.00034419e-06  0.00000000e+00  1.80005728e+00 
 5.00057226e-06  0.00000000e+00  1.80203948e+00 
 5.00095650e-06  0.00000000e+00  1.80226451e+00 
 5.00138168e-06  0.00000000e+00  1.80038412e+00 
 5.00184942e-06  0.00000000e+00  1.79746882e+00 
 5.00241510e-06  0.00000000e+00  1.79799311e+00 
 5.00294214e-06  0.00000000e+00  1.79934780e+00 
 5.00348450e-06  0.00000000e+00  1.79956257e+00 
 5.00407166e-06  0.00000000e+00  1.79973163e+00 
 5.00468051e-06  0.00000000e+00  1.79981183e+00 
 5.00518520e-06  0.00000000e+00  1.79990268e+00 
 5.00575237e-06  0.00000000e+00  1.79988778e+00 
 5.00650094e-06  0.00000000e+00  1.79993260e+00 
 5.00727558e-06  0.00000000e+00  1.79990607e+00 
 5.00877698e-06  0.00000000e+00  1.79996951e+00 
 5.01066238e-06  0.00000000e+00  1.80005863e+00 
 5.01213488e-06  0.00000000e+00  1.80043859e+00 
 5.01372846e-06  0.00000000e+00  1.79979019e+00 
 5.01490455e-06  0.00000000e+00  1.79911332e+00 
 5.01617046e-06  0.00000000e+00  1.79980501e+00 
 5.01723742e-06  0.00000000e+00  1.79805976e+00 
 5.01838430e-06  0.00000000e+00  1.79790099e+00 
 5.01968630e-06  0.00000000e+00  1.79857978e+00 
 5.02149618e-06  0.00000000e+00  1.79955904e+00 
 5.02341260e-06  0.00000000e+00  1.79972471e+00 
 5.02677750e-06  0.00000000e+00  1.80001814e+00 
 5.03099602e-06  0.00000000e+00  1.79990809e+00 
 5.03596418e-06  0.00000000e+00  1.80009565e+00 
 5.04248751e-06  0.00000000e+00  1.80000977e+00 
 5.04697293e-06  0.00000000e+00  1.79984854e+00 
 5.05187963e-06  0.00000000e+00  1.80011092e+00 
 5.05878243e-06  0.00000000e+00  1.79987616e+00 
 5.06570764e-06  0.00000000e+00  1.80008262e+00 
 5.07210697e-06  0.00000000e+00  1.79990622e+00 
 5.07790159e-06  0.00000000e+00  1.80006027e+00 
 5.08508958e-06  0.00000000e+00  1.79993819e+00 
 5.09218754e-06  0.00000000e+00  1.80011634e+00 
 5.10149199e-06  0.00000000e+00  1.79992934e+00 
 5.10896730e-06  0.00000000e+00  1.79982572e+00 
 5.11585698e-06  0.00000000e+00  1.80016948e+00 
 5.12325170e-06  0.00000000e+00  1.79983072e+00 
 5.13182159e-06  0.00000000e+00  1.80012264e+00 
 5.14448686e-06  0.00000000e+00  1.79987692e+00 
 5.15880856e-06  0.00000000e+00  1.80009282e+00 
 5.18631586e-06  0.00000000e+00  1.79990019e+00 
 5.22287512e-06  0.00000000e+00  1.80008305e+00 
 5.25010000e-06  6.67038446e-12  1.79991340e+00 
 5.25011000e-06  1.80000000e-01  1.80037722e+00 
 5.25013000e-06  5.40000000e-01  1.80156579e+00 
 5.25017000e-06  1.26000000e+00  1.80489285e+00 
 5.25020000e-06  1.80000000e+00  1.80724591e+00 
 5.25020799e-06  1.80000000e+00  1.80704187e+00 
 5.25022397e-06  1.80000000e+00  1.80659937e+00 
 5.25025594e-06  1.80000000e+00  1.80585653e+00 
 5.25031987e-06  1.80000000e+00  1.80482882e+00 
 5.25041569e-06  1.80000000e+00  1.80383501e+00 
 5.25060733e-06  1.80000000e+00  1.80252046e+00 
 5.25078775e-06  1.80000000e+00  1.80207922e+00 
 5.25109541e-06  1.80000000e+00  1.80434371e+00 
 5.25151533e-06  1.80000000e+00  1.80804903e+00 
 5.25195944e-06  1.80000000e+00  1.80592223e+00 
 5.25241805e-06  1.80000000e+00  1.80332092e+00 
 5.25309185e-06  1.80000000e+00  1.80123892e+00 
 5.25376714e-06  1.80000000e+00  1.79985620e+00 
 5.25429945e-06  1.80000000e+00  1.79908292e+00 
 5.25490615e-06  1.80000000e+00  1.79825167e+00 
 5.25546955e-06  1.80000000e+00  1.79799883e+00 
 5.25623751e-06  1.80000000e+00  1.79817387e+00 
 5.25705647e-06  1.80000000e+00  1.79848586e+00 
 5.25857692e-06  1.80000000e+00  1.79905000e+00 
 5.26086016e-06  1.80000000e+00  1.79953088e+00 
 5.26376869e-06  1.80000000e+00  1.79982808e+00 
 5.26863610e-06  1.80000000e+00  1.79996702e+00 
 5.27837092e-06  1.80000000e+00  1.80001137e+00 
 5.29646183e-06  1.80000000e+00  1.79999131e+00 
 5.33073839e-06  1.80000000e+00  1.80000779e+00 
 5.39929152e-06  1.80000000e+00  1.79999244e+00 
 5.50000000e-06  1.80000000e+00  1.80000732e+00 
 5.50001000e-06  1.62000000e+00  1.79890619e+00 
 5.50003000e-06  1.26000000e+00  1.79685534e+00 
 5.50007000e-06  5.40000000e-01  1.79359799e+00 
 5.50010000e-06  0.00000000e+00  1.79201669e+00 
 5.50010788e-06  0.00000000e+00  1.79251142e+00 
 5.50012364e-06  0.00000000e+00  1.79350609e+00 
 5.50015516e-06  0.00000000e+00  1.79513326e+00 
 5.50021819e-06  0.00000000e+00  1.79748218e+00 
 5.50034427e-06  0.00000000e+00  1.80005211e+00 
 5.50057267e-06  0.00000000e+00  1.80204182e+00 
 5.50095680e-06  0.00000000e+00  1.80226937e+00 
 5.50138282e-06  0.00000000e+00  1.80039089e+00 
 5.50185032e-06  0.00000000e+00  1.79746751e+00 
 5.50241563e-06  0.00000000e+00  1.79799229e+00 
 5.50294049e-06  0.00000000e+00  1.79945617e+00 
 5.50348367e-06  0.00000000e+00  1.79959728e+00 
 5.50407417e-06  0.00000000e+00  1.79970665e+00 
 5.50472532e-06  0.00000000e+00  1.79976998e+00 
 5.50547936e-06  0.00000000e+00  1.79985149e+00 
 5.50606039e-06  0.00000000e+00  1.79987962e+00 
 5.50678720e-06  0.00000000e+00  1.79994774e+00 
 5.50769449e-06  0.00000000e+00  1.79991417e+00 
 5.50858068e-06  0.00000000e+00  1.79995541e+00 
 5.50961847e-06  0.00000000e+00  1.79992324e+00 
 5.51058335e-06  0.00000000e+00  1.79995742e+00 
 5.51191939e-06  0.00000000e+00  1.79992909e+00 
 5.51332305e-06  0.00000000e+00  1.79996141e+00 
 5.51588539e-06  0.00000000e+00  1.79993720e+00 
 5.51957458e-06  0.00000000e+00  1.79997105e+00 
 5.52575265e-06  0.00000000e+00  1.79995009e+00 
 5.53640915e-06  0.00000000e+00  1.79998587e+00 
 5.55477483e-06  0.00000000e+00  1.79996612e+00 
 5.59150619e-06  0.00000000e+00  1.80000123e+00 
 5.66496891e-06  0.00000000e+00  1.79997926e+00 
 5.75010000e-06  6.67038446e-12  1.80000924e+00 
 5.75011000e-06  1.80000000e-01  1.80047411e+00 
 5.75013000e-06  5.40000000e-01  1.80165821e+00 
 5.75017000e-06  1.26000000e+00  1.80497550e+00 
 5.75020000e-06  1.80000000e+00  1.80732334e+00 
 5.75020799e-06  1.80000000e+00  1.80712019e+00 
 5.75022397e-06  1.80000000e+00  1.80667919e+00 
 5.75025594e-06  1.80000000e+00  1.80593409e+00 
 5.75031987e-06  1.80000000e+00  1.80489703e+00 
 5.75041615e-06  1.80000000e+00  1.80388746e+00 
 5.75060872e-06  1.80000000e+00  1.80254953e+00 
 5.75082472e-06  1.80000000e+00  1.80218393e+00 
 5.75111456e-06  1.80000000e+00  1.80466775e+00 
 5.75150621e-06  1.80000000e+00  1.80806555e+00 
 5.75195010e-06  1.80000000e+00  1.80597143e+00 
 5.75239504e-06  1.80000000e+00  1.80341637e+00 
 5.75306349e-06  1.80000000e+00  1.80137371e+00 
 5.75373150e-06  1.80000000e+00  1.80016859e+00 
 5.75425240e-06  1.80000000e+00  1.79943467e+00 
 5.75485139e-06  1.80000000e+00  1.79853018e+00 
 5.75543518e-06  1.80000000e+00  1.79800926e+00 
 5.75616660e-06  1.80000000e+00  1.79806342e+00 
 5.75692732e-06  1.80000000e+00  1.79832841e+00 
 5.75844876e-06  1.80000000e+00  1.79892591e+00 
 5.76065328e-06  1.80000000e+00  1.79946504e+00 
 5.76352901e-06  1.80000000e+00  1.79979258e+00 
 5.76802092e-06  1.80000000e+00  1.79995986e+00 
 5.77700475e-06  1.80000000e+00  1.80000672e+00 
 5.79319025e-06  1.80000000e+00  1.79999673e+00 
 5.82298713e-06  1.80000000e+00  1.80000217e+00 
 5.87997289e-06  1.80000000e+00  1.79999812e+00 
 5.99350402e-06  1.80000000e+00  1.80000166e+00 
 6.00000000e-06  1.80000000e+00  1.79999972e+00 
 6.00001000e-06  1.62000000e+00  1.79889725e+00 
 6.00003000e-06  1.26000000e+00  1.79684995e+00 
 6.00007000e-06  5.40000000e-01  1.79359576e+00 
 6.00010000e-06  0.00000000e+00  1.79201451e+00 
 6.00010788e-06  0.00000000e+00  1.79250862e+00 
 6.00012363e-06  0.00000000e+00  1.79350165e+00 
 6.00015514e-06  0.00000000e+00  1.79512722e+00 
 6.00021816e-06  0.00000000e+00  1.79747823e+00 
 6.00034419e-06  0.00000000e+00  1.80005258e+00 
 6.00057226e-06  0.00000000e+00  1.80204004e+00 
 6.00095650e-06  0.00000000e+00  1.80226471e+00 
 6.00138168e-06  0.00000000e+00  1.80038389e+00 
 6.00184941e-06  0.00000000e+00  1.79746791e+00 
 6.00241482e-06  0.00000000e+00  1.79799207e+00 
 6.00294191e-06  0.00000000e+00  1.79934756e+00 
 6.00348427e-06  0.00000000e+00  1.79956194e+00 
 6.00407134e-06  0.00000000e+00  1.79973242e+00 
 6.00468019e-06  0.00000000e+00  1.79981212e+00 
 6.00518481e-06  0.00000000e+00  1.79990302e+00 
 6.00575192e-06  0.00000000e+00  1.79988801e+00 
 6.00650031e-06  0.00000000e+00  1.79993266e+00 
 6.00727478e-06  0.00000000e+00  1.79990617e+00 
 6.00877594e-06  0.00000000e+00  1.79996941e+00 
 6.01066084e-06  0.00000000e+00  1.80005849e+00 
 6.01213368e-06  0.00000000e+00  1.80043842e+00 
 6.01372724e-06  0.00000000e+00  1.79979068e+00 
 6.01490719e-06  0.00000000e+00  1.79911096e+00 
 6.01617441e-06  0.00000000e+00  1.79979689e+00 
 6.01724418e-06  0.00000000e+00  1.79803817e+00 
 6.01839308e-06  0.00000000e+00  1.79786153e+00 
 6.01969830e-06  0.00000000e+00  1.79852343e+00 
 6.02150490e-06  0.00000000e+00  1.79958188e+00 
 6.02342500e-06  0.00000000e+00  1.79976873e+00 
 6.02679342e-06  0.00000000e+00  1.80000192e+00 
 6.02932231e-06  0.00000000e+00  1.79992298e+00 
 6.03215682e-06  0.00000000e+00  1.80006380e+00 
 6.03534523e-06  0.00000000e+00  1.80013612e+00 
 6.03818693e-06  0.00000000e+00  1.79996664e+00 
 6.04120124e-06  0.00000000e+00  1.79985504e+00 
 6.04441288e-06  0.00000000e+00  1.80007562e+00 
 6.04769061e-06  0.00000000e+00  1.79992188e+00 
 6.05424606e-06  0.00000000e+00  1.80004342e+00 
 6.06299220e-06  0.00000000e+00  1.79993028e+00 
 6.07103980e-06  0.00000000e+00  1.80003146e+00 
 6.08190490e-06  0.00000000e+00  1.79994485e+00 
 6.10205775e-06  0.00000000e+00  1.80003494e+00 
 6.11705396e-06  0.00000000e+00  1.79998255e+00 
 6.12772710e-06  0.00000000e+00  1.79996773e+00 
 6.13921449e-06  0.00000000e+00  1.79996701e+00 
 6.15006741e-06  0.00000000e+00  1.80002461e+00 
 6.16127637e-06  0.00000000e+00  1.79995834e+00 
 6.17854133e-06  0.00000000e+00  1.80002568e+00 
 6.20853546e-06  0.00000000e+00  1.79996323e+00 
 6.23937855e-06  0.00000000e+00  1.80002478e+00 
 6.25010000e-06  6.67038446e-12  1.79996994e+00 
 6.25011000e-06  1.80000000e-01  1.80042883e+00 
 6.25013000e-06  5.40000000e-01  1.80160465e+00 
 6.25017000e-06  1.26000000e+00  1.80491425e+00 
 6.25020000e-06  1.80000000e+00  1.80726117e+00 
 6.25020799e-06  1.80000000e+00  1.80706039e+00 
 6.25022397e-06  1.80000000e+00  1.80662450e+00 
 6.25025594e-06  1.80000000e+00  1.80589001e+00 
 6.25031987e-06  1.80000000e+00  1.80486957e+00 
 6.25041570e-06  1.80000000e+00  1.80387784e+00 
 6.25060735e-06  1.80000000e+00  1.80255207e+00 
 6.25078777e-06  1.80000000e+00  1.80209978e+00 
 6.25109544e-06  1.80000000e+00  1.80435499e+00 
 6.25151536e-06  1.80000000e+00  1.80805206e+00 
 6.25195946e-06  1.80000000e+00  1.80592753e+00 
 6.25241808e-06  1.80000000e+00  1.80332720e+00 
 6.25309189e-06  1.80000000e+00  1.80123685e+00 
 6.25376741e-06  1.80000000e+00  1.79984821e+00 
 6.25430085e-06  1.80000000e+00  1.79907941e+00 
 6.25490837e-06  1.80000000e+00  1.79825538e+00 
 6.25547263e-06  1.80000000e+00  1.79800067e+00 
 6.25624264e-06  1.80000000e+00  1.79817749e+00 
 6.25706378e-06  1.80000000e+00  1.79848779e+00 
 6.25858758e-06  1.80000000e+00  1.79905300e+00 
 6.26087369e-06  1.80000000e+00  1.79953204e+00 
 6.26378876e-06  1.80000000e+00  1.79982961e+00 
 6.26867516e-06  1.80000000e+00  1.79996710e+00 
 6.27844795e-06  1.80000000e+00  1.80001173e+00 
 6.29646947e-06  1.80000000e+00  1.79999093e+00 
 6.33066969e-06  1.80000000e+00  1.80000817e+00 
 6.39907013e-06  1.80000000e+00  1.79999206e+00 
 6.50000000e-06  1.80000000e+00  1.80000771e+00 
 6.50001000e-06  1.62000000e+00  1.79891033e+00 
 6.50003000e-06  1.26000000e+00  1.79686625e+00 
 6.50007000e-06  5.40000000e-01  1.79361113e+00 
 6.50010000e-06  0.00000000e+00  1.79202672e+00 
 6.50010788e-06  0.00000000e+00  1.79251879e+00 
 6.50012364e-06  0.00000000e+00  1.79350741e+00 
 6.50015516e-06  0.00000000e+00  1.79512757e+00 
 6.50021819e-06  0.00000000e+00  1.79747381e+00 
 6.50034427e-06  0.00000000e+00  1.80004936e+00 
 6.50057267e-06  0.00000000e+00  1.80204262e+00 
 6.50095680e-06  0.00000000e+00  1.80226934e+00 
 6.50138282e-06  0.00000000e+00  1.80039090e+00 
 6.50185032e-06  0.00000000e+00  1.79746657e+00 
 6.50241539e-06  0.00000000e+00  1.79799114e+00 
 6.50294030e-06  0.00000000e+00  1.79945646e+00 
 6.50348337e-06  0.00000000e+00  1.79959679e+00 
 6.50407394e-06  0.00000000e+00  1.79970680e+00 
 6.50472526e-06  0.00000000e+00  1.79977050e+00 
 6.50547920e-06  0.00000000e+00  1.79985175e+00 
 6.50605989e-06  0.00000000e+00  1.79987998e+00 
 6.50678620e-06  0.00000000e+00  1.79994768e+00 
 6.50769322e-06  0.00000000e+00  1.79991431e+00 
 6.50857896e-06  0.00000000e+00  1.79995529e+00 
 6.50961673e-06  0.00000000e+00  1.79992334e+00 
 6.51057971e-06  0.00000000e+00  1.79995727e+00 
 6.51190790e-06  0.00000000e+00  1.79992918e+00 
 6.51330646e-06  0.00000000e+00  1.79996123e+00 
 6.51585110e-06  0.00000000e+00  1.79993726e+00 
 6.51951578e-06  0.00000000e+00  1.79997082e+00 
 6.52564782e-06  0.00000000e+00  1.79995011e+00 
 6.53620968e-06  0.00000000e+00  1.79998561e+00 
 6.55428499e-06  0.00000000e+00  1.79996609e+00 
 6.59043562e-06  0.00000000e+00  1.80000096e+00 
 6.66273687e-06  0.00000000e+00  1.79997930e+00 
 6.75010000e-06  6.67038446e-12  1.80000911e+00 
 6.75011000e-06  1.80000000e-01  1.80047245e+00 
 6.75013000e-06  5.40000000e-01  1.80165320e+00 
 6.75017000e-06  1.26000000e+00  1.80496515e+00 
 6.75020000e-06  1.80000000e+00  1.80730925e+00 
 6.75020799e-06  1.80000000e+00  1.80710861e+00 
 6.75022397e-06  1.80000000e+00  1.80667278e+00 
 6.75025594e-06  1.80000000e+00  1.80593416e+00 
 6.75031987e-06  1.80000000e+00  1.80490142e+00 
 6.75041616e-06  1.80000000e+00  1.80389061e+00 
 6.75060872e-06  1.80000000e+00  1.80255007e+00 
 6.75082472e-06  1.80000000e+00  1.80218517e+00 
 6.75111457e-06  1.80000000e+00  1.80467024e+00 
 6.75150622e-06  1.80000000e+00  1.80806686e+00 
 6.75195010e-06  1.80000000e+00  1.80597430e+00 
 6.75239504e-06  1.80000000e+00  1.80341613e+00 
 6.75306350e-06  1.80000000e+00  1.80137191e+00 
 6.75373170e-06  1.80000000e+00  1.80016490e+00 
 6.75425265e-06  1.80000000e+00  1.79943357e+00 
 6.75485170e-06  1.80000000e+00  1.79853281e+00 
 6.75543571e-06  1.80000000e+00  1.79801258e+00 
 6.75616736e-06  1.80000000e+00  1.79806474e+00 
 6.75692812e-06  1.80000000e+00  1.79832881e+00 
 6.75844966e-06  1.80000000e+00  1.79892491e+00 
 6.76065474e-06  1.80000000e+00  1.79946511e+00 
 6.76353089e-06  1.80000000e+00  1.79979230e+00 
 6.76802425e-06  1.80000000e+00  1.79996012e+00 
 6.77701098e-06  1.80000000e+00  1.80000649e+00 
 6.79313509e-06  1.80000000e+00  1.79999696e+00 
 6.82283583e-06  1.80000000e+00  1.80000194e+00 
 6.87948132e-06  1.80000000e+00  1.79999835e+00 
 6.98763093e-06  1.80000000e+00  1.80000142e+00 
 7.00000000e-06  1.80000000e+00  1.79999945e+00 
 7.00001000e-06  1.62000000e+00  1.79890081e+00 
 7.00003000e-06  1.26000000e+00  1.79686006e+00 
 7.00007000e-06  5.40000000e-01  1.79360835e+00 
 7.00010000e-06  0.00000000e+00  1.79202429e+00 
 7.00010788e-06  0.00000000e+00  1.79251575e+00 
 7.00012363e-06  0.00000000e+00  1.79350273e+00 
 7.00015514e-06  0.00000000e+00  1.79512129e+00 
 7.00021816e-06  0.00000000e+00  1.79746940e+00 
 7.00034419e-06  0.00000000e+00  1.80004919e+00 
 7.00057226e-06  0.00000000e+00  1.80204057e+00 
 7.00095650e-06  0.00000000e+00  1.80226462e+00 
 7.00138168e-06  0.00000000e+00  1.80038365e+00 
 7.00184941e-06  0.00000000e+00  1.79746700e+00 
 7.00241461e-06  0.00000000e+00  1.79799147e+00 
 7.00294174e-06  0.00000000e+00  1.79934774e+00 
 7.00348406e-06  0.00000000e+00  1.79956099e+00 
 7.00407109e-06  0.00000000e+00  1.79973255e+00 
 7.00468018e-06  0.00000000e+00  1.79981247e+00 
 7.00518489e-06  0.00000000e+00  1.79990326e+00 
 7.00575206e-06  0.00000000e+00  1.79988832e+00 
 7.00650046e-06  0.00000000e+00  1.79993266e+00 
 7.00727497e-06  0.00000000e+00  1.79990634e+00 
 7.00877612e-06  0.00000000e+00  1.79996929e+00 
 7.01066123e-06  0.00000000e+00  1.80005845e+00 
 7.01213442e-06  0.00000000e+00  1.80043794e+00 
 7.01372830e-06  0.00000000e+00  1.79978930e+00 
 7.01492086e-06  0.00000000e+00  1.79910475e+00 
 7.01619068e-06  0.00000000e+00  1.79978262e+00 
 7.01726781e-06  0.00000000e+00  1.79799329e+00 
 7.01842208e-06  0.00000000e+00  1.79783142e+00 
 7.01973293e-06  0.00000000e+00  1.79853782e+00 
 7.02129870e-06  0.00000000e+00  1.79953090e+00 
 7.02287019e-06  0.00000000e+00  1.79970956e+00 
 7.02463579e-06  0.00000000e+00  1.79995197e+00 
 7.02662744e-06  0.00000000e+00  1.79991605e+00 
 7.02995203e-06  0.00000000e+00  1.80003116e+00 
 7.03405148e-06  0.00000000e+00  1.80003495e+00 
 7.03934595e-06  0.00000000e+00  1.80010640e+00 
 7.04309396e-06  0.00000000e+00  1.79972011e+00 
 7.04720553e-06  0.00000000e+00  1.80018824e+00 
 7.05356175e-06  0.00000000e+00  1.79980491e+00 
 7.05956051e-06  0.00000000e+00  1.80012704e+00 
 7.06970825e-06  0.00000000e+00  1.79985340e+00 
 7.08234507e-06  0.00000000e+00  1.80010533e+00 
 7.10070053e-06  0.00000000e+00  1.79987625e+00 
 7.12882230e-06  0.00000000e+00  1.80009851e+00 
 7.17291436e-06  0.00000000e+00  1.79989203e+00 
 7.21558942e-06  0.00000000e+00  1.80008371e+00 
 7.23580344e-06  0.00000000e+00  1.79994247e+00 
 7.25010000e-06  6.67038446e-12  1.80000901e+00 
 7.25011000e-06  1.80000000e-01  1.80049728e+00 
 7.25013000e-06  5.40000000e-01  1.80170071e+00 
 7.25017000e-06  1.26000000e+00  1.80500839e+00 
 7.25020000e-06  1.80000000e+00  1.80734450e+00 
 7.25020799e-06  1.80000000e+00  1.80714340e+00 
 7.25022396e-06  1.80000000e+00  1.80670723e+00 
 7.25025592e-06  1.80000000e+00  1.80597085e+00 
 7.25031982e-06  1.80000000e+00  1.80494406e+00 
 7.25041574e-06  1.80000000e+00  1.80394239e+00 
 7.25060758e-06  1.80000000e+00  1.80260362e+00 
 7.25078797e-06  1.80000000e+00  1.80214783e+00 
 7.25109579e-06  1.80000000e+00  1.80440173e+00 
 7.25151563e-06  1.80000000e+00  1.80808342e+00 
 7.25195957e-06  1.80000000e+00  1.80595593e+00 
 7.25241824e-06  1.80000000e+00  1.80336487e+00 
 7.25309208e-06  1.80000000e+00  1.80122866e+00 
 7.25375628e-06  1.80000000e+00  1.79981992e+00 
 7.25429270e-06  1.80000000e+00  1.79912658e+00 
 7.25490110e-06  1.80000000e+00  1.79838857e+00 
 7.25546447e-06  1.80000000e+00  1.79807724e+00 
 7.25624639e-06  1.80000000e+00  1.79819089e+00 
 7.25707879e-06  1.80000000e+00  1.79848441e+00 
 7.25862805e-06  1.80000000e+00  1.79904052e+00 
 7.26090586e-06  1.80000000e+00  1.79952392e+00 
 7.26384888e-06  1.80000000e+00  1.79981895e+00 
 7.26876907e-06  1.80000000e+00  1.79996571e+00 
 7.27860946e-06  1.80000000e+00  1.80000703e+00 
 7.29655150e-06  1.80000000e+00  1.79999379e+00 
 7.33059278e-06  1.80000000e+00  1.80000488e+00 
 7.38712200e-06  1.80000000e+00  1.79999531e+00 
 7.47579245e-06  1.80000000e+00  1.80000442e+00 
 7.50000000e-06  1.80000000e+00  1.79999604e+00 
 7.50001000e-06  1.62000000e+00  1.79890140e+00 
 7.50003000e-06  1.26000000e+00  1.79686682e+00 
 7.50007000e-06  5.40000000e-01  1.79361896e+00 
 7.50010000e-06  0.00000000e+00  1.79203392e+00 
 7.50010788e-06  0.00000000e+00  1.79252369e+00 
 7.50012363e-06  0.00000000e+00  1.79350647e+00 
 7.50015514e-06  0.00000000e+00  1.79511975e+00 
 7.50021816e-06  0.00000000e+00  1.79746267e+00 
 7.50034419e-06  0.00000000e+00  1.80004290e+00 
 7.50057269e-06  0.00000000e+00  1.80204258e+00 
 7.50095662e-06  0.00000000e+00  1.80226907e+00 
 7.50138268e-06  0.00000000e+00  1.80038940e+00 
 7.50185004e-06  0.00000000e+00  1.79746539e+00 
 7.50241506e-06  0.00000000e+00  1.79799415e+00 
 7.50293975e-06  0.00000000e+00  1.79945799e+00 
 7.50348278e-06  0.00000000e+00  1.79959196e+00 
 7.50407338e-06  0.00000000e+00  1.79970440e+00 
 7.50472455e-06  0.00000000e+00  1.79976961e+00 
 7.50547832e-06  0.00000000e+00  1.79985202e+00 
 7.50605913e-06  0.00000000e+00  1.79988020e+00 
 7.50678568e-06  0.00000000e+00  1.79994783e+00 
 7.50769287e-06  0.00000000e+00  1.79991442e+00 
 7.50857852e-06  0.00000000e+00  1.79995528e+00 
 7.50961648e-06  0.00000000e+00  1.79992348e+00 
 7.51057823e-06  0.00000000e+00  1.79995716e+00 
 7.51190137e-06  0.00000000e+00  1.79992931e+00 
 7.51329666e-06  0.00000000e+00  1.79996106e+00 
 7.51582919e-06  0.00000000e+00  1.79993738e+00 
 7.51947700e-06  0.00000000e+00  1.79997061e+00 
 7.52557635e-06  0.00000000e+00  1.79995020e+00 
 7.53607079e-06  0.00000000e+00  1.79998536e+00 
 7.55394201e-06  0.00000000e+00  1.79996614e+00 
 7.58968444e-06  0.00000000e+00  1.80000069e+00 
 7.66116930e-06  0.00000000e+00  1.79997939e+00 
 7.75010000e-06  0.00000000e+00  1.80000895e+00 
 7.75011000e-06  1.80000000e-01  1.80047115e+00 
 7.75013000e-06  5.40000000e-01  1.80164900e+00 
 7.75017000e-06  1.26000000e+00  1.80495522e+00 
 7.75020000e-06  1.80000000e+00  1.80729535e+00 
 7.75020799e-06  1.80000000e+00  1.80709678e+00 
 7.75022397e-06  1.80000000e+00  1.80666545e+00 
 7.75025594e-06  1.80000000e+00  1.80593333e+00 
 7.75031987e-06  1.80000000e+00  1.80490595e+00 
 7.75041616e-06  1.80000000e+00  1.80389445e+00 
 7.75060873e-06  1.80000000e+00  1.80255098e+00 
 7.75082472e-06  1.80000000e+00  1.80218603e+00 
 7.75111457e-06  1.80000000e+00  1.80467208e+00 
 7.75150622e-06  1.80000000e+00  1.80806818e+00 
 7.75195011e-06  1.80000000e+00  1.80597726e+00 
 7.75239504e-06  1.80000000e+00  1.80341596e+00 
 7.75306351e-06  1.80000000e+00  1.80136818e+00 
 7.75373087e-06  1.80000000e+00  1.80015786e+00 
 7.75425178e-06  1.80000000e+00  1.79943208e+00 
 7.75485077e-06  1.80000000e+00  1.79854682e+00 
 7.75543444e-06  1.80000000e+00  1.79802778e+00 
 7.75616599e-06  1.80000000e+00  1.79806902e+00 
 7.75692667e-06  1.80000000e+00  1.79832994e+00 
 7.75844804e-06  1.80000000e+00  1.79891998e+00 
 7.76065205e-06  1.80000000e+00  1.79946329e+00 
 7.76352747e-06  1.80000000e+00  1.79979062e+00 
 7.76801649e-06  1.80000000e+00  1.79996049e+00 
 7.77699454e-06  1.80000000e+00  1.80000587e+00 
 7.79305759e-06  1.80000000e+00  1.79999760e+00 
 7.82264596e-06  1.80000000e+00  1.80000130e+00 
 7.87897356e-06  1.80000000e+00  1.79999899e+00 
 7.98169585e-06  1.80000000e+00  1.80000078e+00 
 8.00000000e-06  1.80000000e+00  1.79999985e+00 
 8.00001000e-06  1.62000000e+00  1.79890461e+00 
 8.00003000e-06  1.26000000e+00  1.79686965e+00 
 8.00007000e-06  5.40000000e-01  1.79362054e+00 
 8.00010000e-06  0.00000000e+00  1.79203433e+00 
 8.00010788e-06  0.00000000e+00  1.79252342e+00 
 8.00012363e-06  0.00000000e+00  1.79350461e+00 
 8.00015514e-06  0.00000000e+00  1.79511600e+00 
 8.00021816e-06  0.00000000e+00  1.79746051e+00 
 8.00034419e-06  0.00000000e+00  1.80004477e+00 
 8.00057238e-06  0.00000000e+00  1.80204210e+00 
 8.00095649e-06  0.00000000e+00  1.80226521e+00 
 8.00138177e-06  0.00000000e+00  1.80038231e+00 
 8.00184943e-06  0.00000000e+00  1.79746484e+00 
 8.00241475e-06  0.00000000e+00  1.79799462e+00 
 8.00294186e-06  0.00000000e+00  1.79935068e+00 
 8.00349102e-06  0.00000000e+00  1.79956492e+00 
 8.00407591e-06  0.00000000e+00  1.79973285e+00 
 8.00468587e-06  0.00000000e+00  1.79981295e+00 
 8.00518808e-06  0.00000000e+00  1.79990381e+00 
 8.00575723e-06  0.00000000e+00  1.79988863e+00 
 8.00650858e-06  0.00000000e+00  1.79993425e+00 
 8.00728493e-06  0.00000000e+00  1.79990739e+00 
 8.00803435e-06  0.00000000e+00  1.79994365e+00 
 8.00888536e-06  0.00000000e+00  1.79991902e+00 
 8.00986724e-06  0.00000000e+00  1.79995000e+00 
 8.01092299e-06  0.00000000e+00  1.79992771e+00 
 8.01303449e-06  0.00000000e+00  1.79995818e+00 
 8.01725749e-06  0.00000000e+00  1.79994146e+00 
 8.02445746e-06  0.00000000e+00  1.79997492e+00 
 8.03885739e-06  0.00000000e+00  1.79996137e+00 
 8.06765726e-06  0.00000000e+00  1.79999556e+00 
 8.12525701e-06  0.00000000e+00  1.79997878e+00 
 8.24045649e-06  0.00000000e+00  1.80000747e+00 
 8.25010000e-06  0.00000000e+00  1.79998346e+00 
 8.25011000e-06  1.80000000e-01  1.80045773e+00 
 8.25013000e-06  5.40000000e-01  1.80164559e+00 
 8.25017000e-06  1.26000000e+00  1.80495744e+00 
 8.25020000e-06  1.80000000e+00  1.80729861e+00 
 8.25020799e-06  1.80000000e+00  1.80710040e+00 
 8.25022396e-06  1.80000000e+00  1.80667009e+00 
 8.25025592e-06  1.80000000e+00  1.80593583e+00 
 8.25031982e-06  1.80000000e+00  1.80490189e+00 
 8.25044763e-06  1.80000000e+00  1.80361954e+00 
 8.25062902e-06  1.80000000e+00  1.80246069e+00 
 8.25083158e-06  1.80000000e+00  1.80220155e+00 
 8.25122244e-06  1.80000000e+00  1.80605152e+00 
 8.25159756e-06  1.80000000e+00  1.80775165e+00 
 8.25203882e-06  1.80000000e+00  1.80520625e+00 
 8.25250469e-06  1.80000000e+00  1.80240626e+00 
 8.25323965e-06  1.80000000e+00  1.80035427e+00 
 8.25394850e-06  1.80000000e+00  1.79972041e+00 
 8.25484489e-06  1.80000000e+00  1.79969527e+00 
 8.25579918e-06  1.80000000e+00  1.79972750e+00 
 8.25678568e-06  1.80000000e+00  1.79982633e+00 
 8.25845026e-06  1.80000000e+00  1.79987977e+00 
 8.26022601e-06  1.80000000e+00  1.79994640e+00 
 8.26321054e-06  1.80000000e+00  1.79996811e+00 
 8.26702437e-06  1.80000000e+00  1.80000144e+00 
 8.27465204e-06  1.80000000e+00  1.79999287e+00 
 8.28990737e-06  1.80000000e+00  1.80000716e+00 
 8.32041803e-06  1.80000000e+00  1.79999274e+00 
 8.38143935e-06  1.80000000e+00  1.80000718e+00 
 8.50000000e-06  1.80000000e+00  1.79999276e+00 
 8.50001000e-06  1.62000000e+00  1.79889825e+00 
 8.50003000e-06  1.26000000e+00  1.79686216e+00 
 8.50007000e-06  5.40000000e-01  1.79360648e+00 
 8.50010000e-06  0.00000000e+00  1.79201703e+00 
 8.50010788e-06  0.00000000e+00  1.79250833e+00 
 8.50012364e-06  0.00000000e+00  1.79349201e+00 
 8.50015516e-06  0.00000000e+00  1.79510496e+00 
 8.50021819e-06  0.00000000e+00  1.79745366e+00 
 8.50034427e-06  0.00000000e+00  1.80006474e+00 
 8.50057250e-06  0.00000000e+00  1.80215673e+00 
 8.50095698e-06  0.00000000e+00  1.80229511e+00 
 8.50140967e-06  0.00000000e+00  1.79944637e+00 
 8.50196054e-06  0.00000000e+00  1.80102274e+00 
 8.50247771e-06  0.00000000e+00  1.81805298e+00 
 8.50309148e-06  0.00000000e+00  1.82960833e+00 
 8.50366829e-06  0.00000000e+00  1.80393772e+00 
 8.50426782e-06  0.00000000e+00  1.76738717e+00 
 8.50473090e-06  0.00000000e+00  1.74275273e+00 
 8.50527781e-06  0.00000000e+00  1.71158445e+00 
 8.50593859e-06  0.00000000e+00  1.67449715e+00 
 8.50663541e-06  0.00000000e+00  1.63495790e+00 
 8.50802903e-06  0.00000000e+00  1.55586019e+00 
 8.50976127e-06  0.00000000e+00  1.45705532e+00 
 8.51278805e-06  0.00000000e+00  1.28470970e+00 
 8.51802837e-06  0.00000000e+00  9.93269875e-01 
 8.52377215e-06  0.00000000e+00  7.24032988e-01 
 8.52989925e-06  0.00000000e+00  4.33335313e-01 
 8.53397301e-06  0.00000000e+00  2.63064995e-01 
 8.53737997e-06  0.00000000e+00  1.57040698e-01 
 8.54060811e-06  0.00000000e+00  9.47476250e-02 
 8.54378152e-06  0.00000000e+00  5.44969513e-02 
 8.54707531e-06  0.00000000e+00  3.20833967e-02 
 8.55069284e-06  0.00000000e+00  1.59816139e-02 
 8.55411588e-06  0.00000000e+00  9.76443887e-03 
 8.55752110e-06  0.00000000e+00  4.39739968e-03 
 8.56133710e-06  0.00000000e+00  3.10852541e-03 
 8.56519806e-06  0.00000000e+00  7.52973662e-04 
 8.56980178e-06  0.00000000e+00  1.07683785e-03 
 8.57563058e-06  0.00000000e+00 -2.74822952e-04 
 8.58347801e-06  0.00000000e+00  5.36378186e-04 
 8.59549025e-06  0.00000000e+00 -4.30614628e-04 
 8.61360375e-06  0.00000000e+00  4.86025592e-04 
 8.64090476e-06  0.00000000e+00 -4.23073538e-04 
 8.69105514e-06  0.00000000e+00  4.76276171e-04 
 8.75010000e-06  0.00000000e+00 -4.24559915e-04 
 8.75011000e-06  1.80000000e-01  4.93659205e-04 
 8.75013000e-06  5.40000000e-01  2.28484170e-03 
 8.75017000e-06  1.26000000e+00  5.17689222e-03 
 8.75020000e-06  1.80000000e+00  6.57441706e-03 
 8.75020799e-06  1.80000000e+00  6.21681517e-03 
 8.75022398e-06  1.80000000e+00  5.49533529e-03 
 8.75025594e-06  1.80000000e+00  4.34648991e-03 
 8.75031988e-06  1.80000000e+00  2.93333656e-03 
 8.75044774e-06  1.80000000e+00  1.75315152e-03 
 8.75062919e-06  1.80000000e+00  1.34439351e-03 
 8.75087413e-06  1.80000000e+00  1.66931955e-03 
 8.75136401e-06  1.80000000e+00  4.71374128e-03 
 8.75177537e-06  1.80000000e+00  3.13576875e-03 
 8.75222469e-06  1.80000000e+00  1.93593415e-03 
 8.75280733e-06  1.80000000e+00  1.36236653e-03 
 8.75349354e-06  1.80000000e+00 -8.11608695e-04 
 8.75399342e-06  1.80000000e+00 -6.53309685e-04 
 8.75456856e-06  1.80000000e+00 -5.63597966e-04 
 8.75510649e-06  1.80000000e+00 -3.54427191e-04 
 8.75578972e-06  1.80000000e+00 -1.03626816e-05 
 8.75651409e-06  1.80000000e+00  1.97074812e-04 
 8.75796283e-06  1.80000000e+00  5.33924095e-04 
 8.75979807e-06  1.80000000e+00  6.80227404e-04 
 8.76251404e-06  1.80000000e+00  6.09433534e-04 
 8.76607669e-06  1.80000000e+00  5.24344136e-04 
 8.77320200e-06  1.80000000e+00  2.92617199e-04 
 8.78745261e-06  1.80000000e+00  1.53010132e-04 
 8.81364425e-06  1.80000000e+00  5.58531284e-05 
 8.86602753e-06  1.80000000e+00  6.09895423e-05 
 8.97079408e-06  1.80000000e+00  9.28819334e-06 
 9.00000000e-06  1.80000000e+00  4.24711211e-05 
