 0.00000000e+00  5.71837866e-05 
 1.00000000e-12  3.81843215e-03 
 2.00000000e-12  4.15391600e-03 
 4.00000000e-12  4.27253958e-03 
 8.00000000e-12  4.14816808e-03 
 1.60000000e-11  4.06146441e-03 
 3.20000000e-11  4.06186380e-03 
 6.40000000e-11  5.63897123e-03 
 1.00000000e-10  8.20523770e-03 
 1.06400000e-10  3.31346566e-03 
 1.19200000e-10  2.60508241e-03 
 1.44800000e-10  2.62290774e-03 
 1.96000000e-10  1.81969393e-03 
 2.98400000e-10  1.71575427e-03 
 4.46650751e-10  1.19727694e-03 
 7.06787338e-10  1.21994665e-03 
 1.00567044e-09  8.85413297e-04 
 1.38393725e-09  1.12711212e-03 
 1.76318430e-09  9.84063148e-04 
 2.17229256e-09  1.06375456e-03 
 2.51397107e-09  8.86712978e-04 
 2.90771698e-09  1.11717356e-03 
 3.32439744e-09  7.37428655e-04 
 3.73288762e-09  7.71993771e-04 
 4.18544372e-09  3.24555870e-04 
 4.69868868e-09  5.16866984e-04 
 5.33724516e-09  2.55306354e-04 
 5.99875849e-09  4.23949266e-04 
 6.71421651e-09  1.25540328e-04 
 7.49213570e-09  2.31090182e-04 
 8.33217668e-09  6.50268100e-05 
 9.32124953e-09  3.19927579e-04 
 1.03352284e-08  3.83356275e-05 
 1.10477521e-08  2.26977617e-04 
 1.17024168e-08  2.49225895e-05 
 1.23543184e-08  2.27314695e-04 
 1.30750186e-08  2.00515305e-05 
 1.39159009e-08  2.20814589e-04 
 1.50741765e-08  1.68030484e-05 
 1.67000111e-08  2.23380970e-04 
 1.86840232e-08  9.24885270e-05 
 2.05016415e-08  2.94211985e-04 
 2.22476774e-08  1.36146109e-04 
 2.33797733e-08  1.87429161e-04 
 2.44126981e-08  6.85823097e-05 
 2.56644204e-08  2.10801479e-04 
 2.69022907e-08  5.22210960e-05 
 2.87157684e-08  2.16559843e-04 
 3.09383921e-08  4.25441515e-05 
 3.41962094e-08  2.11943674e-04 
 3.79183313e-08  4.29921018e-05 
 4.21935897e-08  2.12573901e-04 
 4.64256517e-08  3.67733360e-05 
 5.38127254e-08  2.10191646e-04 
 6.28536102e-08  3.14267568e-05 
 8.09353797e-08  2.04660885e-04 
 1.10004079e-07  2.53872195e-05 
 1.34354768e-07  2.08414852e-04 
 1.54509066e-07  8.31976287e-06 
 1.65282673e-07  1.84306689e-04 
 1.73057508e-07  2.93113047e-06 
 1.80741612e-07  1.85153339e-04 
 1.90505156e-07  1.60982404e-06 
 2.05721779e-07  1.84127113e-04 
 2.33246671e-07 -1.11490537e-06 
 2.50100000e-07  1.80840838e-04 
 2.50110000e-07 -4.76377640e-03 
 2.50130000e-07 -5.48826880e-03 
 2.50170000e-07 -3.82980900e-03 
 2.50200000e-07 -3.44841518e-03 
 2.50206629e-07  5.39689303e-04 
 2.50219886e-07  7.30249334e-04 
 2.50246401e-07  5.99006746e-04 
 2.50299431e-07  6.05187618e-04 
 2.50383815e-07  4.58063138e-04 
 2.50521453e-07  5.17801140e-04 
 2.50668028e-07  5.07351041e-04 
 2.50925899e-07  5.78520695e-04 
 2.51259969e-07  4.31800670e-04 
 2.51641768e-07  3.72558534e-04 
 2.52046817e-07  1.38151637e-04 
 2.52610906e-07  2.15989403e-04 
 2.53249113e-07  1.18377082e-04 
 2.53778466e-07  1.86493635e-04 
 2.54327682e-07  6.04651795e-05 
 2.54912630e-07  1.67330343e-04 
 2.55559741e-07  5.32867718e-05 
 2.56433934e-07  1.48002870e-04 
 2.57810845e-07  3.66603122e-05 
 2.59186642e-07  1.41658251e-04 
 2.61843037e-07  3.59783265e-05 
 2.65296993e-07  1.40745502e-04 
 2.72204904e-07  3.48177278e-05 
 2.85128153e-07  1.38596924e-04 
 3.06818409e-07  3.13156616e-05 
 3.49829715e-07  1.32416837e-04 
 4.35852325e-07  2.11883991e-05 
 5.00000000e-07  1.23522888e-04 
 5.00010000e-07  2.42280499e-03 
 5.00030000e-07  2.28176911e-03 
 5.00070000e-07  3.27350002e-03 
 5.00100000e-07  4.05081847e-03 
 5.00107930e-07  1.30019775e-03 
 5.00123791e-07  9.35950356e-04 
 5.00155513e-07  9.96454858e-04 
 5.00218956e-07  6.54139872e-04 
 5.00336753e-07  7.19411231e-04 
 5.00513015e-07  5.36043289e-04 
 5.00821763e-07  6.81109690e-04 
 5.01182765e-07  2.52814330e-04 
 5.01526402e-07  3.30799032e-04 
 5.01932528e-07  1.69850768e-04 
 5.02329213e-07  2.51722483e-04 
 5.02809324e-07  5.29682946e-05 
 5.03330824e-07  1.77661403e-04 
 5.03888934e-07  2.12379543e-05 
 5.04621625e-07  1.66526722e-04 
 5.05351983e-07  2.38343845e-05 
 5.06384824e-07  1.75457133e-04 
 5.07519177e-07  2.61153024e-05 
 5.08626863e-07  1.74470465e-04 
 5.09709231e-07  4.15135705e-05 
 5.11151234e-07  1.85786252e-04 
 5.12664940e-07  2.71717118e-05 
 5.14053660e-07  1.66593176e-04 
 5.15861700e-07  9.63654106e-06 
 5.17820783e-07  1.44543014e-04 
 5.21121316e-07 -1.20732786e-07 
 5.26623587e-07  1.40900347e-04 
 5.34869427e-07 -4.99540224e-07 
 5.51361106e-07  1.40198834e-04 
 5.84344465e-07 -1.54916756e-06 
 6.48488943e-07  1.38674158e-04 
 7.50100000e-07 -3.06878199e-06 
 7.50110000e-07 -2.48131124e-03 
 7.50130000e-07 -2.90079807e-03 
 7.50170000e-07 -2.13818380e-03 
 7.50200000e-07 -1.84856425e-03 
 7.50208000e-07  3.68796285e-04 
 7.50224000e-07  4.67852018e-04 
 7.50256000e-07  4.41796680e-04 
 7.50320000e-07  4.59249377e-04 
 7.50448000e-07  3.87202706e-04 
 7.50584253e-07  4.88982093e-04 
 7.50818945e-07  4.89588063e-04 
 7.51288330e-07  4.76704728e-04 
 7.51722856e-07  2.44881991e-04 
 7.52148168e-07  1.82522673e-04 
 7.52767922e-07  1.12320706e-04 
 7.53303506e-07  1.51540131e-04 
 7.53897378e-07  8.86668981e-05 
 7.54502485e-07  1.18940114e-04 
 7.55052328e-07  8.46334268e-05 
 7.55747968e-07  1.05663266e-04 
 7.56520931e-07  5.98144265e-05 
 7.57383787e-07  9.41124790e-05 
 7.58179313e-07  5.44682384e-05 
 7.59511852e-07  8.49031836e-05 
 7.60933521e-07  5.09788678e-05 
 7.63519798e-07  8.42495196e-05 
 7.66877774e-07  5.10031266e-05 
 7.73593725e-07  8.40231585e-05 
 7.87025628e-07  5.09206651e-05 
 8.13889432e-07  8.38330731e-05 
 8.67617042e-07  5.07260991e-05 
 9.75072261e-07  8.36059478e-05 
 1.00000000e-06  5.06181273e-05 
 1.00001000e-06  2.40950463e-03 
 1.00003000e-06  2.26920808e-03 
 1.00007000e-06  3.26124898e-03 
 1.00010000e-06  4.04425502e-03 
 1.00010793e-06  1.29346938e-03 
 1.00012379e-06  9.30422411e-04 
 1.00015551e-06  9.92550176e-04 
 1.00021895e-06  6.50656788e-04 
 1.00033669e-06  7.16630692e-04 
 1.00051334e-06  5.33417194e-04 
 1.00082248e-06  6.77760601e-04 
 1.00118455e-06  2.45070490e-04 
 1.00157524e-06  3.24647724e-04 
 1.00201076e-06  1.70080198e-04 
 1.00242046e-06  2.47573671e-04 
 1.00289849e-06  4.50015363e-05 
 1.00341554e-06  1.82398914e-04 
 1.00389445e-06  4.45597408e-05 
 1.00439336e-06  1.88217728e-04 
 1.00482284e-06  2.86894866e-05 
 1.00532201e-06  1.62018316e-04 
 1.00595861e-06  1.32956662e-05 
 1.00664382e-06  1.56944533e-04 
 1.00765147e-06  3.09023876e-05 
 1.00845858e-06  1.61513192e-04 
 1.00930989e-06  3.08398019e-05 
 1.01015764e-06  1.73072450e-04 
 1.01110838e-06  6.89618880e-05 
 1.01188361e-06  2.38120514e-04 
 1.01265913e-06  9.77139003e-05 
 1.01348873e-06  2.33513364e-04 
 1.01436064e-06  8.80328578e-05 
 1.01523228e-06  2.22499650e-04 
 1.01616622e-06  7.77698255e-05 
 1.01713168e-06  2.12824077e-04 
 1.01865347e-06  7.24784561e-05 
 1.02027950e-06  2.08366600e-04 
 1.02328081e-06  6.73236250e-05 
 1.02839643e-06  2.00203138e-04 
 1.03594311e-06  5.67801789e-05 
 1.04988470e-06  1.86186601e-04 
 1.07776786e-06  3.83582664e-05 
 1.12727010e-06  1.67546451e-04 
 1.18192427e-06  2.69737875e-05 
 1.25010000e-06  1.62347222e-04 
 1.25011000e-06 -2.45386215e-03 
 1.25013000e-06 -2.88890302e-03 
 1.25017000e-06 -2.10206106e-03 
 1.25020000e-06 -1.82826244e-03 
 1.25020800e-06  3.95345072e-04 
 1.25022400e-06  4.95329160e-04 
 1.25025600e-06  4.69585888e-04 
 1.25032000e-06  4.87474922e-04 
 1.25044800e-06  4.14739352e-04 
 1.25058429e-06  5.17013470e-04 
 1.25081916e-06  5.16132608e-04 
 1.25128891e-06  5.02147278e-04 
 1.25172351e-06  2.69394270e-04 
 1.25214984e-06  2.06473904e-04 
 1.25277196e-06  1.36031764e-04 
 1.25328999e-06  1.70919310e-04 
 1.25386294e-06  9.43628489e-05 
 1.25448232e-06  1.28072092e-04 
 1.25504234e-06  9.28715192e-05 
 1.25595481e-06  1.18913886e-04 
 1.25700049e-06  7.77584163e-05 
 1.25854121e-06  1.10700884e-04 
 1.26084191e-06  7.64357713e-05 
 1.26442666e-06  1.10165020e-04 
 1.27159618e-06  7.59515829e-05 
 1.28511478e-06  1.08914434e-04 
 1.31215200e-06  7.30782679e-05 
 1.36070079e-06  1.01596807e-04 
 1.41108881e-06  6.21848804e-05 
 1.50000000e-06  8.85001508e-05 
 1.50001000e-06  2.41968428e-03 
 1.50003000e-06  2.26902937e-03 
 1.50007000e-06  3.27161640e-03 
 1.50010000e-06  4.04672543e-03 
 1.50010793e-06  1.29763958e-03 
 1.50012380e-06  9.34480482e-04 
 1.50015554e-06  9.96304657e-04 
 1.50021901e-06  6.54380934e-04 
 1.50033674e-06  7.20232869e-04 
 1.50051306e-06  5.36968803e-04 
 1.50082193e-06  6.82943174e-04 
 1.50118323e-06  2.53540377e-04 
 1.50153456e-06  3.29572980e-04 
 1.50194653e-06  1.68773973e-04 
 1.50234710e-06  2.47887255e-04 
 1.50281766e-06  5.19682984e-05 
 1.50332752e-06  1.77909181e-04 
 1.50388573e-06  2.55847852e-05 
 1.50463941e-06  1.84998759e-04 
 1.50536303e-06  3.66361575e-05 
 1.50594623e-06  1.76791806e-04 
 1.50664235e-06  2.61382787e-05 
 1.50739641e-06  1.54140381e-04 
 1.50822245e-06  5.60979018e-07 
 1.50922186e-06  1.45200930e-04 
 1.51025780e-06 -1.16853545e-06 
 1.51232969e-06  1.43932538e-04 
 1.51647347e-06 -1.62715174e-06 
 1.52431919e-06  1.43198564e-04 
 1.54001063e-06 -2.71212941e-06 
 1.57139352e-06  1.41379142e-04 
 1.63415931e-06 -5.21819980e-06 
 1.75010000e-06  1.38819977e-04 
 1.75011000e-06 -2.47518887e-03 
 1.75013000e-06 -2.90886362e-03 
 1.75017000e-06 -2.12108816e-03 
 1.75020000e-06 -1.84783939e-03 
 1.75020800e-06  3.69933820e-04 
 1.75022400e-06  4.68525299e-04 
 1.75025600e-06  4.42073311e-04 
 1.75032000e-06  4.58661779e-04 
 1.75044800e-06  3.85632416e-04 
 1.75058422e-06  4.88077900e-04 
 1.75081874e-06  4.88309778e-04 
 1.75128780e-06  4.75643661e-04 
 1.75172251e-06  2.43294364e-04 
 1.75214803e-06  1.81197624e-04 
 1.75276809e-06  1.11246661e-04 
 1.75330011e-06  1.50468554e-04 
 1.75389072e-06  8.71725774e-05 
 1.75443543e-06  1.18077827e-04 
 1.75499826e-06  8.31490469e-05 
 1.75569801e-06  1.06133068e-04 
 1.75647297e-06  5.82317780e-05 
 1.75727349e-06  9.35878302e-05 
 1.75809106e-06  5.35448163e-05 
 1.75954244e-06  8.36606226e-05 
 1.76087215e-06  4.94931935e-05 
 1.76348004e-06  8.31187028e-05 
 1.76655186e-06  4.95848155e-05 
 1.77269551e-06  8.29437592e-05 
 1.78498280e-06  4.95255332e-05 
 1.80900610e-06  8.27569761e-05 
 1.85705269e-06  4.93404460e-05 
 1.95314586e-06  8.25413544e-05 
 2.00000000e-06  4.92270059e-05 
 2.00001000e-06  2.40431587e-03 
 2.00003000e-06  2.25879773e-03 
 2.00007000e-06  3.26212949e-03 
 2.00010000e-06  4.03888468e-03 
 2.00010793e-06  1.29099350e-03 
 2.00012379e-06  9.28184629e-04 
 2.00015551e-06  9.90654818e-04 
 2.00021895e-06  6.49029982e-04 
 2.00033668e-06  7.15275249e-04 
 2.00051329e-06  5.32084783e-04 
 2.00082234e-06  6.76943782e-04 
 2.00118448e-06  2.43573316e-04 
 2.00157469e-06  3.23484588e-04 
 2.00200927e-06  1.68379798e-04 
 2.00241908e-06  2.45811251e-04 
 2.00289790e-06  4.44192522e-05 
 2.00341555e-06  1.80624456e-04 
 2.00389475e-06  4.34767074e-05 
 2.00439389e-06  1.86408315e-04 
 2.00482370e-06  2.76144641e-05 
 2.00532307e-06  1.60895051e-04 
 2.00595973e-06  1.22931075e-05 
 2.00664546e-06  1.55754368e-04 
 2.00765427e-06  3.01024816e-05 
 2.00846037e-06  1.61603101e-04 
 2.00931108e-06  2.71932950e-05 
 2.01015791e-06  1.68044383e-04 
 2.01110889e-06  6.27858171e-05 
 2.01188142e-06  2.28259559e-04 
 2.01265371e-06  9.20868894e-05 
 2.01348301e-06  2.27447917e-04 
 2.01435368e-06  8.19430853e-05 
 2.01522528e-06  2.15567129e-04 
 2.01615707e-06  6.99623707e-05 
 2.01711922e-06  2.04335661e-04 
 2.01863090e-06  6.28060539e-05 
 2.02025153e-06  1.97520392e-04 
 2.02321121e-06  5.46005935e-05 
 2.02826974e-06  1.84996971e-04 
 2.03568700e-06  3.91824655e-05 
 2.04436585e-06  1.85431283e-04 
 2.05286975e-06  8.38728221e-05 
 2.05962283e-06  2.02575369e-04 
 2.06307065e-06  3.31111285e-05 
 2.06618167e-06  1.92252510e-04 
 2.06954200e-06  3.64204875e-05 
 2.07506867e-06  1.86143914e-04 
 2.08176630e-06  3.65429780e-05 
 2.08786838e-06  1.85918199e-04 
 2.09430404e-06  3.67271305e-05 
 2.10156643e-06  1.83272163e-04 
 2.11392919e-06  3.62913359e-05 
 2.13306284e-06  1.78923221e-04 
 2.16102176e-06  2.92536095e-05 
 2.21157039e-06  1.62984659e-04 
 2.25010000e-06  1.38049684e-05 
 2.25011000e-06 -2.47566440e-03 
 2.25013000e-06 -2.89633064e-03 
 2.25017000e-06 -2.11466888e-03 
 2.25020000e-06 -1.82746302e-03 
 2.25020800e-06  3.85354164e-04 
 2.25022400e-06  4.84299691e-04 
 2.25025600e-06  4.58833656e-04 
 2.25032000e-06  4.76866987e-04 
 2.25044800e-06  4.05725094e-04 
 2.25058433e-06  5.08827958e-04 
 2.25081938e-06  5.08148347e-04 
 2.25128950e-06  4.94108293e-04 
 2.25172461e-06  2.61731621e-04 
 2.25215111e-06  2.00203549e-04 
 2.25277367e-06  1.33051620e-04 
 2.25333124e-06  1.67175436e-04 
 2.25393448e-06  9.01559091e-05 
 2.25454028e-06  1.21785546e-04 
 2.25513859e-06  8.48173406e-05 
 2.25606704e-06  1.09283112e-04 
 2.25715862e-06  6.93149697e-05 
 2.25876705e-06  1.02015326e-04 
 2.26109254e-06  6.82210696e-05 
 2.26504642e-06  1.01269160e-04 
 2.27295417e-06  6.73816359e-05 
 2.28772077e-06  9.97838345e-05 
 2.31725397e-06  6.54790905e-05 
 2.37632036e-06  9.78151427e-05 
 2.48690451e-06  6.44306810e-05 
 2.50000000e-06  9.76228655e-05 
 2.50001000e-06  2.42617470e-03 
 2.50003000e-06  2.27176140e-03 
 2.50007000e-06  3.28181991e-03 
 2.50010000e-06  4.05189427e-03 
 2.50010793e-06  1.30527430e-03 
 2.50012380e-06  9.42852630e-04 
 2.50015554e-06  1.00631031e-03 
 2.50021901e-06  6.64417775e-04 
 2.50033674e-06  7.30043559e-04 
 2.50051287e-06  5.46554486e-04 
 2.50082215e-06  6.92117869e-04 
 2.50118416e-06  2.59018578e-04 
 2.50157838e-06  3.38463251e-04 
 2.50201556e-06  1.81759398e-04 
 2.50242312e-06  2.52915631e-04 
 2.50289683e-06  5.86329164e-05 
 2.50342457e-06  1.86034717e-04 
 2.50399277e-06  3.78469133e-05 
 2.50474351e-06  1.89897807e-04 
 2.50553693e-06  4.32414351e-05 
 2.50619085e-06  1.83672833e-04 
 2.50692184e-06  3.16936825e-05 
 2.50765696e-06  1.57680853e-04 
 2.50848187e-06  1.17830968e-05 
 2.50942644e-06  1.53269246e-04 
 2.51046733e-06  1.02289963e-05 
 2.51254910e-06  1.52498008e-04 
 2.51634226e-06  1.00720826e-05 
 2.52279958e-06  1.52358046e-04 
 2.53571423e-06  1.00159763e-05 
 2.55876892e-06  1.52271565e-04 
 2.60487830e-06  9.98032581e-06 
 2.69709705e-06  1.52242815e-04 
 2.75010000e-06  9.97325819e-06 
 2.75011000e-06 -2.46794832e-03 
 2.75013000e-06 -2.88654431e-03 
 2.75017000e-06 -2.10879306e-03 
 2.75020000e-06 -1.82059966e-03 
 2.75020800e-06  3.86488807e-04 
 2.75022400e-06  4.83618448e-04 
 2.75025600e-06  4.56744106e-04 
 2.75032000e-06  4.72445112e-04 
 2.75044800e-06  4.00435593e-04 
 2.75058425e-06  5.02988553e-04 
 2.75081892e-06  5.03534444e-04 
 2.75128826e-06  4.90355238e-04 
 2.75172307e-06  2.57861995e-04 
 2.75214880e-06  1.95938389e-04 
 2.75277101e-06  1.25231335e-04 
 2.75330658e-06  1.62948632e-04 
 2.75390008e-06  9.39593566e-05 
 2.75444725e-06  1.20959515e-04 
 2.75501217e-06  8.11998126e-05 
 2.75571266e-06  1.09287615e-04 
 2.75648909e-06  6.79138976e-05 
 2.75804195e-06  9.81034256e-05 
 2.76002633e-06  6.46596688e-05 
 2.76313937e-06  9.78512038e-05 
 2.76853495e-06  6.47055108e-05 
 2.77932609e-06  9.76941745e-05 
 2.80090838e-06  6.46693318e-05 
 2.84407296e-06  9.76120669e-05 
 2.93040212e-06  6.46332575e-05 
 3.00000000e-06  9.75815649e-05 
 3.00001000e-06  2.42300968e-03 
 3.00003000e-06  2.26686936e-03 
 3.00007000e-06  3.28044795e-03 
 3.00010000e-06  4.04836308e-03 
 3.00010793e-06  1.30451286e-03 
 3.00012380e-06  9.43117315e-04 
 3.00015554e-06  1.00681280e-03 
 3.00021901e-06  6.65452467e-04 
 3.00033675e-06  7.30594309e-04 
 3.00051337e-06  5.47116465e-04 
 3.00082260e-06  6.91798782e-04 
 3.00118458e-06  2.58040770e-04 
 3.00157700e-06  3.38691998e-04 
 3.00201302e-06  1.84342571e-04 
 3.00242316e-06  2.59881631e-04 
 3.00289231e-06  5.80835247e-05 
 3.00341535e-06  1.88390315e-04 
 3.00396416e-06  4.44979001e-05 
 3.00450133e-06  1.85431372e-04 
 3.00499852e-06  3.20128618e-05 
 3.00554828e-06  1.68166368e-04 
 3.00636522e-06  1.72373734e-05 
 3.00714789e-06  1.63797532e-04 
 3.00863533e-06  3.72914692e-05 
 3.01002419e-06  1.86654041e-04 
 3.01121549e-06  7.19693626e-05 
 3.01219934e-06  2.30970314e-04 
 3.01313905e-06  8.43653564e-05 
 3.01418515e-06  2.16397977e-04 
 3.01512302e-06  6.61030880e-05 
 3.01610431e-06  1.98370604e-04 
 3.01720363e-06  5.34193507e-05 
 3.01874723e-06  1.89165161e-04 
 3.02036121e-06  4.75757502e-05 
 3.02316838e-06  1.82323376e-04 
 3.02778534e-06  4.02336691e-05 
 3.03491683e-06  1.76198695e-04 
 3.04782152e-06  3.70949489e-05 
 3.06861383e-06  1.70815367e-04 
 3.09959893e-06  2.29594943e-05 
 3.13165205e-06  1.55158066e-04 
 3.17550873e-06  1.50429800e-05 
 3.22985773e-06  1.51924849e-04 
 3.25010000e-06  1.43560409e-05 
 3.25011000e-06 -2.47196350e-03 
 3.25013000e-06 -2.89204132e-03 
 3.25017000e-06 -2.11103278e-03 
 3.25020000e-06 -1.82175924e-03 
 3.25020800e-06  3.87274008e-04 
 3.25022400e-06  4.85530335e-04 
 3.25025600e-06  4.59417908e-04 
 3.25032000e-06  4.75775964e-04 
 3.25044800e-06  4.03775336e-04 
 3.25058431e-06  5.06445749e-04 
 3.25081929e-06  5.05907205e-04 
 3.25128925e-06  4.91568259e-04 
 3.25172427e-06  2.59391510e-04 
 3.25215067e-06  1.97548396e-04 
 3.25277292e-06  1.30446787e-04 
 3.25332883e-06  1.64878208e-04 
 3.25393367e-06  8.81018151e-05 
 3.25453946e-06  1.19405825e-04 
 3.25513563e-06  8.28126782e-05 
 3.25606785e-06  1.07059907e-04 
 3.25714695e-06  6.74924670e-05 
 3.25876199e-06  1.00013242e-04 
 3.26107481e-06  6.66666313e-05 
 3.26503948e-06  9.97364936e-05 
 3.27296883e-06  6.66282624e-05 
 3.28759801e-06  9.95399690e-05 
 3.31685638e-06  6.64990258e-05 
 3.37537312e-06  9.93650666e-05 
 3.49240660e-06  6.63782199e-05 
 3.50000000e-06  9.92771100e-05 
 3.50001000e-06  2.42633243e-03 
 3.50003000e-06  2.27067544e-03 
 3.50007000e-06  3.28476115e-03 
 3.50010000e-06  4.05175852e-03 
 3.50010793e-06  1.30667761e-03 
 3.50012380e-06  9.44335950e-04 
 3.50015554e-06  1.00800445e-03 
 3.50021901e-06  6.66210093e-04 
 3.50033674e-06  7.31856506e-04 
 3.50051287e-06  5.48314327e-04 
 3.50082214e-06  6.93992502e-04 
 3.50118415e-06  2.60718597e-04 
 3.50157806e-06  3.40265604e-04 
 3.50201493e-06  1.83512119e-04 
 3.50242254e-06  2.54687606e-04 
 3.50289720e-06  6.03349200e-05 
 3.50342480e-06  1.87853785e-04 
 3.50399350e-06  3.96162888e-05 
 3.50474539e-06  1.91793012e-04 
 3.50553892e-06  4.51027289e-05 
 3.50619289e-06  1.85502166e-04 
 3.50692424e-06  3.34316684e-05 
 3.50766075e-06  1.59482225e-04 
 3.50848624e-06  1.35322451e-05 
 3.50943206e-06  1.55095062e-04 
 3.51047291e-06  1.19820793e-05 
 3.51255460e-06  1.54324495e-04 
 3.51629344e-06  1.18225341e-05 
 3.52266905e-06  1.54176066e-04 
 3.53538105e-06  1.17536256e-05 
 3.55783405e-06  1.54068985e-04 
 3.60274005e-06  1.16921548e-05 
 3.69255206e-06  1.54014428e-04 
 3.75010000e-06  1.16718124e-05 
 3.75011000e-06 -2.46617670e-03 
 3.75013000e-06 -2.88467814e-03 
 3.75017000e-06 -2.10588778e-03 
 3.75020000e-06 -1.81596889e-03 
 3.75020800e-06  3.88666192e-04 
 3.75022400e-06  4.85584407e-04 
 3.75025600e-06  4.58622261e-04 
 3.75032000e-06  4.74047018e-04 
 3.75044800e-06  4.01994145e-04 
 3.75058425e-06  5.04752237e-04 
 3.75081893e-06  5.05284555e-04 
 3.75128829e-06  4.92081254e-04 
 3.75172311e-06  2.59439606e-04 
 3.75214886e-06  1.97693117e-04 
 3.75277109e-06  1.26973334e-04 
 3.75330568e-06  1.64782604e-04 
 3.75389857e-06  9.56716516e-05 
 3.75444545e-06  1.22696736e-04 
 3.75501024e-06  8.29300544e-05 
 3.75571093e-06  1.11051139e-04 
 3.75648841e-06  6.96410932e-05 
 3.75804338e-06  9.98450251e-05 
 3.76002515e-06  6.63840627e-05 
 3.76313885e-06  9.95933434e-05 
 3.76852856e-06  6.64303751e-05 
 3.77930797e-06  9.94359540e-05 
 3.80086680e-06  6.63940489e-05 
 3.84398445e-06  9.93535232e-05 
 3.93021975e-06  6.63577163e-05 
 4.00000000e-06  9.93229574e-05 
 4.00001000e-06  2.42342471e-03 
 4.00003000e-06  2.26645493e-03 
 4.00007000e-06  3.28302836e-03 
 4.00010000e-06  4.04857281e-03 
 4.00010793e-06  1.30594272e-03 
 4.00012380e-06  9.44602101e-04 
 4.00015554e-06  1.00849533e-03 
 4.00021901e-06  6.67208481e-04 
 4.00033674e-06  7.32377491e-04 
 4.00051337e-06  5.48803628e-04 
 4.00082260e-06  6.93592305e-04 
 4.00118457e-06  2.59690309e-04 
 4.00157692e-06  3.40409767e-04 
 4.00201280e-06  1.85961593e-04 
 4.00242297e-06  2.61567394e-04 
 4.00289221e-06  5.99785002e-05 
 4.00341529e-06  1.90361302e-04 
 4.00396435e-06  4.61106669e-05 
 4.00450145e-06  1.87186859e-04 
 4.00499871e-06  3.36731081e-05 
 4.00554853e-06  1.69891045e-04 
 4.00636519e-06  1.88764571e-05 
 4.00714816e-06  1.65489440e-04 
 4.00863534e-06  3.85024028e-05 
 4.01003999e-06  1.80228272e-04 
 4.01152133e-06  8.18311167e-05 
 4.01258914e-06  2.14340297e-04 
 4.01360377e-06  6.87814912e-05 
 4.01469479e-06  1.95715540e-04 
 4.01579619e-06  5.09936846e-05 
 4.01703460e-06  1.78982565e-04 
 4.01829925e-06  3.93569790e-05 
 4.02024866e-06  1.74042695e-04 
 4.02246941e-06  3.56937935e-05 
 4.02691091e-06  1.72194689e-04 
 4.03372903e-06  3.42698677e-05 
 4.04134405e-06  1.61639986e-04 
 4.04862637e-06  1.67464911e-05 
 4.05645251e-06  1.71775569e-04 
 4.06208536e-06  7.42953581e-08 
 4.06779066e-06  1.59016106e-04 
 4.07449051e-06 -4.64495405e-06 
 4.08172936e-06  1.45327536e-04 
 4.08898350e-06 -8.80858304e-06 
 4.09588808e-06  1.43795301e-04 
 4.10349877e-06 -9.36651272e-06 
 4.11510074e-06  1.42491569e-04 
 4.13012432e-06 -9.19071973e-06 
 4.15502089e-06  1.49212325e-04 
 4.17542311e-06  8.06835453e-06 
 4.19834485e-06  1.60126845e-04 
 4.22455787e-06  1.03944884e-05 
 4.24448826e-06  1.56470356e-04 
 4.25010000e-06  1.96424329e-05 
 4.25011000e-06 -2.46663420e-03 
 4.25013000e-06 -2.88602172e-03 
 4.25017000e-06 -2.09818575e-03 
 4.25020000e-06 -1.81334219e-03 
 4.25020800e-06  3.88127969e-04 
 4.25022400e-06  4.87338320e-04 
 4.25025600e-06  4.68807361e-04 
 4.25032000e-06  4.78652510e-04 
 4.25039012e-06  4.26971430e-04 
 4.25053037e-06  4.68018820e-04 
 4.25071378e-06  5.17246679e-04 
 4.25096476e-06  5.43948483e-04 
 4.25140395e-06  4.19814799e-04 
 4.25180184e-06  2.75736054e-04 
 4.25226981e-06  1.37073784e-04 
 4.25290738e-06  1.81856552e-04 
 4.25353972e-06  1.11514673e-04 
 4.25415171e-06  1.34587104e-04 
 4.25480224e-06  8.16653571e-05 
 4.25544772e-06  1.26491840e-04 
 4.25633249e-06  6.70189095e-05 
 4.25772208e-06  1.12174396e-04 
 4.25952071e-06  6.23101779e-05 
 4.26222580e-06  1.11157785e-04 
 4.26711585e-06  5.96965270e-05 
 4.27683686e-06  1.08223849e-04 
 4.28776621e-06  5.89573224e-05 
 4.29959343e-06  1.08021948e-04 
 4.32324788e-06  5.87850205e-05 
 4.37055678e-06  1.07907360e-04 
 4.44850917e-06  5.87096937e-05 
 4.50000000e-06  1.07877304e-04 
 4.50001000e-06  2.41566405e-03 
 4.50003000e-06  2.26399000e-03 
 4.50007000e-06  3.28500874e-03 
 4.50010000e-06  4.05584003e-03 
 4.50010794e-06  1.31938140e-03 
 4.50012382e-06  9.56123379e-04 
 4.50015558e-06  1.01286738e-03 
 4.50021911e-06  6.70525077e-04 
 4.50034616e-06  7.25991868e-04 
 4.50057542e-06  5.47501844e-04 
 4.50089819e-06  6.43133078e-04 
 4.50136495e-06  1.69489881e-04 
 4.50182717e-06  3.58893168e-04 
 4.50229759e-06  1.23444022e-04 
 4.50281233e-06  2.27360346e-04 
 4.50338849e-06  2.99155619e-05 
 4.50394596e-06  1.99147040e-04 
 4.50457052e-06  3.45648661e-05 
 4.50535250e-06  2.03069389e-04 
 4.50592937e-06  2.99176126e-05 
 4.50660455e-06  1.93622863e-04 
 4.50744223e-06  1.35946051e-05 
 4.50831430e-06  1.68675967e-04 
 4.50917769e-06  1.78024645e-06 
 4.51020819e-06  1.66893168e-04 
 4.51135050e-06  8.88228580e-07 
 4.51362250e-06  1.66279129e-04 
 4.51681707e-06  8.25314478e-07 
 4.52274063e-06  1.66097509e-04 
 4.53306184e-06  7.64647890e-07 
 4.55070013e-06  1.65976863e-04 
 4.58597671e-06  7.03158425e-07 
 4.65652987e-06  1.65912383e-04 
 4.75010000e-06  6.74850097e-07 
 4.75011000e-06 -2.46646659e-03 
 4.75013000e-06 -2.88394605e-03 
 4.75017000e-06 -2.09938311e-03 
 4.75020000e-06 -1.81337146e-03 
 4.75020800e-06  3.84897263e-04 
 4.75022400e-06  4.83350222e-04 
 4.75025600e-06  4.64206967e-04 
 4.75032000e-06  4.73764230e-04 
 4.75038993e-06  4.21857920e-04 
 4.75052980e-06  4.62599139e-04 
 4.75071286e-06  5.12340616e-04 
 4.75096311e-06  5.40091100e-04 
 4.75140286e-06  4.16467855e-04 
 4.75180106e-06  2.72396749e-04 
 4.75226849e-06  1.33320622e-04 
 4.75290168e-06  1.76497609e-04 
 4.75353456e-06  1.08950981e-04 
 4.75413714e-06  1.38993037e-04 
 4.75471220e-06  7.93429849e-05 
 4.75530885e-06  1.23623229e-04 
 4.75606388e-06  6.55145992e-05 
 4.75689354e-06  1.10176320e-04 
 4.75855285e-06  5.87392216e-05 
 4.76077193e-06  1.08191530e-04 
 4.76455926e-06  5.87668044e-05 
 4.77213392e-06  1.08071726e-04 
 4.78728323e-06  5.86885910e-05 
 4.81758186e-06  1.07994852e-04 
 4.87817911e-06  5.86324331e-05 
 4.99937361e-06  1.07956295e-04 
 5.00000000e-06  5.86461335e-05 
 5.00001000e-06  2.41390355e-03 
 5.00003000e-06  2.26208039e-03 
 5.00007000e-06  3.28406294e-03 
 5.00010000e-06  4.05451486e-03 
 5.00010793e-06  1.31925047e-03 
 5.00012378e-06  9.55986822e-04 
 5.00015550e-06  1.01323576e-03 
 5.00021892e-06  6.70883390e-04 
 5.00034578e-06  7.26304295e-04 
 5.00057422e-06  5.47663916e-04 
 5.00089717e-06  6.43872148e-04 
 5.00136292e-06  1.69602068e-04 
 5.00182559e-06  3.59033709e-04 
 5.00229656e-06  1.26679555e-04 
 5.00280962e-06  2.32881063e-04 
 5.00339425e-06  3.21797241e-05 
 5.00394166e-06  2.11378150e-04 
 5.00445340e-06  3.88511896e-05 
 5.00492362e-06  1.94585716e-04 
 5.00545068e-06  1.60357037e-05 
 5.00616920e-06  1.76367889e-04 
 5.00691263e-06  8.36246978e-06 
 5.00839949e-06  1.91827831e-04 
 5.00989681e-06  2.58415244e-05 
 5.01119378e-06  2.23319663e-04 
 5.01225965e-06  5.26156155e-05 
 5.01327898e-06  2.10479847e-04 
 5.01435248e-06  3.43579093e-05 
 5.01545554e-06  1.94487735e-04 
 5.01647229e-06  1.94015661e-05 
 5.01770694e-06  1.85026449e-04 
 5.01944989e-06  1.58624283e-05 
 5.02125549e-06  1.79685296e-04 
 5.02469936e-06  6.31102420e-06 
 5.02830687e-06  1.72100896e-04 
 5.03253421e-06 -1.38646945e-06 
 5.03715927e-06  1.79910533e-04 
 5.04273836e-06  1.07090387e-06 
 5.04703306e-06  1.57226716e-04 
 5.05153197e-06 -4.12023660e-06 
 5.05747109e-06  1.52117732e-04 
 5.06362893e-06 -1.47987116e-05 
 5.06998690e-06  1.49286926e-04 
 5.07656334e-06 -1.55011832e-05 
 5.08471261e-06  1.49106279e-04 
 5.09854825e-06 -1.61938703e-05 
 5.11968187e-06  1.48814781e-04 
 5.15533022e-06 -1.66884004e-05 
 5.22662692e-06  1.48558922e-04 
 5.25010000e-06 -1.69103632e-05 
 5.25011000e-06 -2.48251292e-03 
 5.25013000e-06 -2.90293001e-03 
 5.25017000e-06 -2.11734012e-03 
 5.25020000e-06 -1.82996179e-03 
 5.25020800e-06  3.68585223e-04 
 5.25022400e-06  4.66594242e-04 
 5.25025600e-06  4.49032843e-04 
 5.25032000e-06  4.57312571e-04 
 5.25039011e-06  4.05589499e-04 
 5.25053032e-06  4.45311087e-04 
 5.25068872e-06  4.90181959e-04 
 5.25095127e-06  5.24634148e-04 
 5.25136992e-06  4.10028936e-04 
 5.25178185e-06  2.61247905e-04 
 5.25223424e-06  1.16918975e-04 
 5.25285282e-06  1.55062378e-04 
 5.25346291e-06  8.83699988e-05 
 5.25405742e-06  1.09250996e-04 
 5.25468256e-06  5.70314604e-05 
 5.25530208e-06  1.06287955e-04 
 5.25618781e-06  4.60855283e-05 
 5.25743128e-06  9.19610881e-05 
 5.25910180e-06  4.06891160e-05 
 5.26161350e-06  9.13755242e-05 
 5.26589865e-06  4.06493968e-05 
 5.27446895e-06  9.12777726e-05 
 5.29160955e-06  4.05603153e-05 
 5.32589074e-06  9.11883564e-05 
 5.39445313e-06  4.04898657e-05 
 5.50000000e-06  9.11422391e-05 
 5.50001000e-06  2.39680663e-03 
 5.50003000e-06  2.24488127e-03 
 5.50007000e-06  3.26958971e-03 
 5.50010000e-06  4.03802219e-03 
 5.50010793e-06  1.30288618e-03 
 5.50012378e-06  9.38624512e-04 
 5.50015548e-06  9.94387330e-04 
 5.50021888e-06  6.52088434e-04 
 5.50034569e-06  7.08359485e-04 
 5.50057473e-06  5.29927220e-04 
 5.50089704e-06  6.26429157e-04 
 5.50136346e-06  1.55574800e-04 
 5.50182807e-06  3.37654780e-04 
 5.50229771e-06  9.29755008e-05 
 5.50281461e-06  2.05606003e-04 
 5.50335678e-06  1.25125887e-05 
 5.50392662e-06  1.80567788e-04 
 5.50455079e-06  2.03701632e-05 
 5.50532831e-06  1.89753076e-04 
 5.50588974e-06  1.22453850e-05 
 5.50656977e-06  1.77376102e-04 
 5.50749372e-06 -4.99430167e-06 
 5.50832605e-06  1.51820167e-04 
 5.50925097e-06 -1.63566615e-05 
 5.51031968e-06  1.49963091e-04 
 5.51150060e-06 -1.72404073e-05 
 5.51386242e-06  1.49432547e-04 
 5.51721529e-06 -1.73105832e-05 
 5.52342592e-06  1.49266169e-04 
 5.53436337e-06 -1.73781602e-05 
 5.55311183e-06  1.49151558e-04 
 5.59060875e-06 -1.74402907e-05 
 5.66560259e-06  1.49090249e-04 
 5.75010000e-06 -1.74669575e-05 
 5.75011000e-06 -2.48376357e-03 
 5.75013000e-06 -2.90179496e-03 
 5.75017000e-06 -2.11704159e-03 
 5.75020000e-06 -1.82953191e-03 
 5.75020800e-06  3.66823647e-04 
 5.75022400e-06  4.66232687e-04 
 5.75025600e-06  4.47897327e-04 
 5.75032000e-06  4.57344681e-04 
 5.75038994e-06  4.04774564e-04 
 5.75052981e-06  4.45062734e-04 
 5.75071288e-06  4.94699345e-04 
 5.75096314e-06  5.22525314e-04 
 5.75140294e-06  3.98914836e-04 
 5.75180081e-06  2.54846888e-04 
 5.75226840e-06  1.15528719e-04 
 5.75290275e-06  1.60034379e-04 
 5.75353451e-06  9.41326235e-05 
 5.75413465e-06  1.30415759e-04 
 5.75470718e-06  7.40816042e-05 
 5.75530248e-06  1.24109584e-04 
 5.75606745e-06  5.58925935e-05 
 5.75689234e-06  9.96092573e-05 
 5.75769826e-06  4.97576935e-05 
 5.75856975e-06  9.30976116e-05 
 5.76001673e-06  4.18904595e-05 
 5.76152103e-06  9.01461848e-05 
 5.76420881e-06  4.17763281e-05 
 5.76833634e-06  9.00949422e-05 
 5.77659138e-06  4.17390522e-05 
 5.79310148e-06  9.00267888e-05 
 5.82538686e-06  4.16785459e-05 
 5.88995762e-06  8.99760039e-05 
 6.00000000e-06  4.16467935e-05 
 6.00001000e-06  2.39558713e-03 
 6.00003000e-06  2.24379799e-03 
 6.00007000e-06  3.26874475e-03 
 6.00010000e-06  4.03697500e-03 
 6.00010793e-06  1.30254715e-03 
 6.00012378e-06  9.38360881e-04 
 6.00015550e-06  9.93963154e-04 
 6.00021892e-06  6.51938385e-04 
 6.00034577e-06  7.08706572e-04 
 6.00057424e-06  5.30582750e-04 
 6.00089717e-06  6.26416596e-04 
 6.00136290e-06  1.52787807e-04 
 6.00182563e-06  3.41210311e-04 
 6.00229640e-06  1.07983505e-04 
 6.00280716e-06  2.17281784e-04 
 6.00338378e-06  1.76729701e-05 
 6.00393282e-06  2.06571684e-04 
 6.00444531e-06  3.59136125e-05 
 6.00491043e-06  1.87835198e-04 
 6.00543513e-06  3.62860341e-06 
 6.00618401e-06  1.66516023e-04 
 6.00690848e-06  3.95736502e-06 
 6.00796125e-06  1.95355319e-04 
 6.00876487e-06  2.76705251e-05 
 6.00962412e-06  1.91841444e-04 
 6.01050981e-06  3.45474832e-05 
 6.01147260e-06  2.28474107e-04 
 6.01215751e-06  4.46454287e-05 
 6.01280407e-06  2.07001802e-04 
 6.01367476e-06  3.49866662e-05 
 6.01453221e-06  1.93113445e-04 
 6.01539460e-06  2.31744608e-05 
 6.01643622e-06  1.81132846e-04 
 6.01752201e-06  1.19771727e-05 
 6.01918601e-06  1.73019541e-04 
 6.02126465e-06 -1.35915121e-06 
 6.02542193e-06  1.53991170e-04 
 6.03058134e-06 -1.56847820e-05 
 6.03658540e-06  1.50683182e-04 
 6.04315107e-06 -1.63615003e-05 
 6.05398606e-06  1.49350020e-04 
 6.07288781e-06 -1.73897457e-05 
 6.10632107e-06  1.49038913e-04 
 6.14776070e-06 -1.74238474e-05 
 6.23063995e-06  1.48965541e-04 
 6.25010000e-06 -1.74534896e-05 
 6.25011000e-06 -2.48302803e-03 
 6.25013000e-06 -2.90477463e-03 
 6.25017000e-06 -2.11780601e-03 
 6.25020000e-06 -1.82999531e-03 
 6.25020800e-06  3.67228595e-04 
 6.25022400e-06  4.65507536e-04 
 6.25025600e-06  4.47974724e-04 
 6.25032000e-06  4.56551166e-04 
 6.25039009e-06  4.04952651e-04 
 6.25053026e-06  4.45068884e-04 
 6.25068865e-06  4.90000970e-04 
 6.25095109e-06  5.24619308e-04 
 6.25136985e-06  4.09854761e-04 
 6.25178178e-06  2.60543350e-04 
 6.25223420e-06  1.15894781e-04 
 6.25285291e-06  1.57852731e-04 
 6.25347425e-06  8.95838439e-05 
 6.25403867e-06  1.12167921e-04 
 6.25462496e-06  5.60686176e-05 
 6.25521623e-06  1.07965628e-04 
 6.25614934e-06  4.58323283e-05 
 6.25715026e-06  9.31029446e-05 
 6.25889996e-06  4.00655476e-05 
 6.26115921e-06  9.18121808e-05 
 6.26542471e-06  4.00924470e-05 
 6.27395572e-06  9.16798494e-05 
 6.29014754e-06  4.00136928e-05 
 6.32253117e-06  9.15981474e-05 
 6.38729843e-06  3.99617088e-05 
 6.50000000e-06  9.15636087e-05 
 6.50001000e-06  2.39614250e-03 
 6.50003000e-06  2.24345762e-03 
 6.50007000e-06  3.27021734e-03 
 6.50010000e-06  4.03699224e-03 
 6.50010793e-06  1.30263882e-03 
 6.50012378e-06  9.38422308e-04 
 6.50015548e-06  9.94228846e-04 
 6.50021888e-06  6.51983380e-04 
 6.50034568e-06  7.08279048e-04 
 6.50057471e-06  5.29886932e-04 
 6.50089700e-06  6.26401459e-04 
 6.50136342e-06  1.55549606e-04 
 6.50182792e-06  3.37586453e-04 
 6.50229750e-06  9.29768654e-05 
 6.50281413e-06  2.05555286e-04 
 6.50335618e-06  1.25262245e-05 
 6.50392596e-06  1.80505781e-04 
 6.50454899e-06  2.00170847e-05 
 6.50532660e-06  1.89200143e-04 
 6.50588791e-06  1.21763813e-05 
 6.50656776e-06  1.77338481e-04 
 6.50748861e-06 -4.94180088e-06 
 6.50832020e-06  1.51788683e-04 
 6.50924212e-06 -1.63967336e-05 
 6.51030629e-06  1.49915593e-04 
 6.51148301e-06 -1.72854409e-05 
 6.51383645e-06  1.49378377e-04 
 6.51718585e-06 -1.73565245e-05 
 6.52339001e-06  1.49211557e-04 
 6.53433014e-06 -1.74238861e-05 
 6.55309922e-06  1.49097044e-04 
 6.59063738e-06 -1.74855275e-05 
 6.66571370e-06  1.49036495e-04 
 6.75010000e-06 -1.75113960e-05 
 6.75011000e-06 -2.48379575e-03 
 6.75013000e-06 -2.90180474e-03 
 6.75017000e-06 -2.11656688e-03 
 6.75020000e-06 -1.82808913e-03 
 6.75020800e-06  3.66999171e-04 
 6.75022400e-06  4.66313188e-04 
 6.75025600e-06  4.47982713e-04 
 6.75032000e-06  4.57312989e-04 
 6.75038994e-06  4.04748619e-04 
 6.75052981e-06  4.45005262e-04 
 6.75071288e-06  4.94672101e-04 
 6.75096314e-06  5.22457558e-04 
 6.75140294e-06  3.98874918e-04 
 6.75180081e-06  2.54771266e-04 
 6.75226840e-06  1.15497140e-04 
 6.75290273e-06  1.59988991e-04 
 6.75353526e-06  9.41044184e-05 
 6.75413684e-06  1.30302822e-04 
 6.75471088e-06  7.40489845e-05 
 6.75530702e-06  1.23979866e-04 
 6.75606909e-06  5.57813183e-05 
 6.75689706e-06  9.95694032e-05 
 6.75770241e-06  4.96791796e-05 
 6.75857628e-06  9.30062355e-05 
 6.76018726e-06  4.16853308e-05 
 6.76164243e-06  9.00910409e-05 
 6.76449896e-06  4.17312952e-05 
 6.76862303e-06  9.00386193e-05 
 6.77687116e-06  4.16952473e-05 
 6.79336744e-06  8.99711723e-05 
 6.82518090e-06  4.16359397e-05 
 6.88880783e-06  8.99211246e-05 
 7.00000000e-06  4.16044053e-05 
 7.00001000e-06  2.39483338e-03 
 7.00003000e-06  2.24271548e-03 
 7.00007000e-06  3.26911598e-03 
 7.00010000e-06  4.03620942e-03 
 7.00010793e-06  1.30233197e-03 
 7.00012378e-06  9.38196243e-04 
 7.00015550e-06  9.93809212e-04 
 7.00021892e-06  6.51858231e-04 
 7.00034577e-06  7.08635169e-04 
 7.00057424e-06  5.30547469e-04 
 7.00089717e-06  6.26358462e-04 
 7.00136290e-06  1.52740943e-04 
 7.00182563e-06  3.41149474e-04 
 7.00229627e-06  1.07960496e-04 
 7.00280707e-06  2.17226307e-04 
 7.00338367e-06  1.76333705e-05 
 7.00393273e-06  2.06503905e-04 
 7.00444524e-06  3.58661036e-05 
 7.00491034e-06  1.87780807e-04 
 7.00543503e-06  3.61171101e-06 
 7.00618378e-06  1.66503794e-04 
 7.00690821e-06  4.02912011e-06 
 7.00796002e-06  1.94357472e-04 
 7.00876560e-06  2.53254981e-05 
 7.00962532e-06  1.88487563e-04 
 7.01052008e-06  3.11341051e-05 
 7.01148910e-06  2.22049273e-04 
 7.01216078e-06  3.55502547e-05 
 7.01282450e-06  1.97766949e-04 
 7.01364115e-06  2.76867130e-05 
 7.01452393e-06  1.85001317e-04 
 7.01535508e-06  1.14264246e-05 
 7.01635944e-06  1.64745217e-04 
 7.01742920e-06 -8.35554637e-06 
 7.01903992e-06  1.53265118e-04 
 7.02104341e-06 -1.51696714e-05 
 7.02505038e-06  1.51401607e-04 
 7.02950044e-06 -1.39049401e-05 
 7.03840057e-06  1.53938409e-04 
 7.05612966e-06 -1.07748175e-05 
 7.08516828e-06  1.55996532e-04 
 7.14028715e-06 -1.15958354e-05 
 7.22696780e-06  1.52807286e-04 
 7.25010000e-06 -1.38166753e-05 
 7.25011000e-06 -2.47939662e-03 
 7.25013000e-06 -2.90112078e-03 
 7.25017000e-06 -2.11387255e-03 
 7.25020000e-06 -1.82521031e-03 
 7.25020800e-06  3.70990339e-04 
 7.25022400e-06  4.69174200e-04 
 7.25025600e-06  4.51658031e-04 
 7.25032000e-06  4.60141594e-04 
 7.25039006e-06  4.08567299e-04 
 7.25053019e-06  4.48601993e-04 
 7.25068858e-06  4.93595141e-04 
 7.25095087e-06  5.28187245e-04 
 7.25136959e-06  4.13533888e-04 
 7.25178158e-06  2.64165870e-04 
 7.25223394e-06  1.19485469e-04 
 7.25285253e-06  1.61309777e-04 
 7.25347393e-06  9.31195451e-05 
 7.25403895e-06  1.15632820e-04 
 7.25462554e-06  5.96292549e-05 
 7.25521793e-06  1.11451666e-04 
 7.25615059e-06  4.93615731e-05 
 7.25715554e-06  9.65765357e-05 
 7.25890342e-06  4.35764800e-05 
 7.26116660e-06  9.52583076e-05 
 7.26543375e-06  4.35355894e-05 
 7.27396805e-06  9.50046633e-05 
 7.29016382e-06  4.32455227e-05 
 7.32255536e-06  9.45881447e-05 
 7.38733843e-06  4.27449664e-05 
 7.50000000e-06  9.41368830e-05 
 7.50001000e-06  2.39815708e-03 
 7.50003000e-06  2.24524550e-03 
 7.50007000e-06  3.27313458e-03 
 7.50010000e-06  4.03902005e-03 
 7.50010793e-06  1.30510991e-03 
 7.50012378e-06  9.40940600e-04 
 7.50015548e-06  9.96738420e-04 
 7.50021888e-06  6.54561639e-04 
 7.50034568e-06  7.10843977e-04 
 7.50057471e-06  5.32495105e-04 
 7.50089700e-06  6.28979252e-04 
 7.50136342e-06  1.58157524e-04 
 7.50182791e-06  3.40178045e-04 
 7.50229738e-06  9.56018787e-05 
 7.50281403e-06  2.08147359e-04 
 7.50335608e-06  1.51356725e-05 
 7.50392586e-06  1.83082399e-04 
 7.50454935e-06  2.26319659e-05 
 7.50532676e-06  1.91762397e-04 
 7.50588804e-06  1.47817417e-05 
 7.50656800e-06  1.79909987e-04 
 7.50748879e-06 -2.34187830e-06 
 7.50832061e-06  1.54366221e-04 
 7.50924255e-06 -1.38020048e-05 
 7.51030667e-06  1.52494149e-04 
 7.51148234e-06 -1.46912839e-05 
 7.51383367e-06  1.51955067e-04 
 7.51717432e-06 -1.47650005e-05 
 7.52335967e-06  1.51783478e-04 
 7.53425400e-06 -1.48397627e-05 
 7.55292666e-06  1.51657269e-04 
 7.59027199e-06 -1.49184205e-05 
 7.66496264e-06  1.51575204e-04 
 7.75010000e-06 -1.49605761e-05 
 7.75011000e-06 -2.48124163e-03 
 7.75013000e-06 -2.89922499e-03 
 7.75017000e-06 -2.11375911e-03 
 7.75020000e-06 -1.82462083e-03 
 7.75020800e-06  3.69672436e-04 
 7.75022400e-06  4.68920604e-04 
 7.75025600e-06  4.50594653e-04 
 7.75032000e-06  4.59873769e-04 
 7.75038994e-06  4.07317589e-04 
 7.75052981e-06  4.47549333e-04 
 7.75071288e-06  4.97224334e-04 
 7.75096314e-06  5.24988659e-04 
 7.75140293e-06  4.01422492e-04 
 7.75180081e-06  2.57295883e-04 
 7.75226840e-06  1.18044840e-04 
 7.75290273e-06  1.62515602e-04 
 7.75353526e-06  9.66483522e-05 
 7.75413685e-06  1.32835414e-04 
 7.75471077e-06  7.66047316e-05 
 7.75530682e-06  1.26509554e-04 
 7.75606895e-06  5.83394933e-05 
 7.75689640e-06  1.02099858e-04 
 7.75770153e-06  5.22392918e-05 
 7.75857514e-06  9.55412222e-05 
 7.76018612e-06  4.42396437e-05 
 7.76164050e-06  9.26204418e-05 
 7.76449692e-06  4.42858957e-05 
 7.76861652e-06  9.25678441e-05 
 7.77685571e-06  4.42496379e-05 
 7.79333409e-06  9.24998612e-05 
 7.82513452e-06  4.41894611e-05 
 7.88873537e-06  9.24486775e-05 
 8.00000000e-06  4.41569403e-05 
 8.00001000e-06  2.39692035e-03 
 8.00003000e-06  2.24462460e-03 
 8.00007000e-06  3.27188137e-03 
 8.00010000e-06  4.03832187e-03 
 8.00010793e-06  1.30477447e-03 
 8.00012378e-06  9.40692171e-04 
 8.00015550e-06  9.96279165e-04 
 8.00021892e-06  6.54418602e-04 
 8.00034577e-06  7.11119696e-04 
 8.00057425e-06  5.33086897e-04 
 8.00089718e-06  6.28866734e-04 
 8.00136292e-06  1.55546487e-04 
 8.00182565e-06  3.42979370e-04 
 8.00229639e-06  1.08628461e-04 
 8.00280716e-06  2.19370312e-04 
 8.00338377e-06  2.14044195e-05 
 8.00394385e-06  2.10067036e-04 
 8.00445161e-06  4.02033420e-05 
 8.00491913e-06  1.93687409e-04 
 8.00544614e-06  1.39625770e-05 
 8.00621045e-06  1.78860910e-04 
 8.00692903e-06  6.13999385e-06 
 8.00778344e-06  1.76192228e-04 
 8.00861745e-06  2.91967982e-06 
 8.00943892e-06  1.72748242e-04 
 8.01032767e-06  1.61568001e-05 
 8.01128617e-06  1.96529290e-04 
 8.01284944e-06  2.79397014e-05 
 8.01452996e-06  1.85179299e-04 
 8.01617842e-06  1.21591946e-05 
 8.01803112e-06  1.76038723e-04 
 8.02090324e-06  1.09254638e-05 
 8.02391244e-06  1.83439754e-04 
 8.02775387e-06  1.59448219e-05 
 8.03126334e-06  1.65998086e-04 
 8.03458339e-06  1.05555532e-05 
 8.03848300e-06  1.64786267e-04 
 8.04628224e-06  3.61468128e-06 
 8.05347593e-06  1.62901365e-04 
 8.06193942e-06  3.49818196e-06 
 8.07387288e-06  1.62963945e-04 
 8.09773981e-06  3.42686122e-06 
 8.12748463e-06  1.63086549e-04 
 8.18697427e-06  3.41413400e-06 
 8.25010000e-06  1.63150728e-04 
 8.25011000e-06 -2.46259583e-03 
 8.25013000e-06 -2.89125877e-03 
 8.25017000e-06 -2.09811664e-03 
 8.25020000e-06 -1.82647344e-03 
 8.25020800e-06  3.69763800e-04 
 8.25022400e-06  4.66870290e-04 
 8.25025600e-06  4.44850098e-04 
 8.25032000e-06  4.60570309e-04 
 8.25044800e-06  3.93645732e-04 
 8.25058409e-06  4.96014482e-04 
 8.25078600e-06  4.97882828e-04 
 8.25118982e-06  4.94851734e-04 
 8.25160267e-06  3.08544567e-04 
 8.25199288e-06  2.06428318e-04 
 8.25255290e-06  1.03984378e-04 
 8.25326271e-06  1.41055680e-04 
 8.25400197e-06  7.58090680e-05 
 8.25475037e-06  1.21317120e-04 
 8.25569783e-06  7.48770462e-05 
 8.25668602e-06  1.04501517e-04 
 8.25813365e-06  6.52209556e-05 
 8.26006837e-06  1.01499478e-04 
 8.26281087e-06  6.55173898e-05 
 8.26765383e-06  1.01226057e-04 
 8.27450372e-06  6.55962562e-05 
 8.28595577e-06  1.01088323e-04 
 8.30381181e-06  6.56031025e-05 
 8.33646403e-06  1.01016770e-04 
 8.40176848e-06  6.55874796e-05 
 8.50000000e-06  1.00985503e-04 
