 5.00000000e-12  3.12873905e-01 
 5.14000000e-12  1.06211466e-01 
 5.42000001e-12  1.01660947e-02 
 5.98000002e-12  2.37508720e-02 
 7.10000004e-12 -1.20400429e-02 
 8.70151278e-12  1.60380356e-02 
 1.16505746e-11 -1.05337964e-02 
 1.62528851e-11  1.49482053e-02 
 2.28506933e-11 -9.99537339e-03 
 3.60463095e-11  1.45048724e-02 
 6.24375420e-11 -9.70394104e-03 
 1.15220007e-10  1.40233470e-02 
 2.04088409e-10 -1.07433648e-02 
 3.65661087e-10  1.39984838e-02 
 5.00000000e-10 -9.18194489e-03 
 5.15375236e-10  1.96411600e-03 
 5.46125708e-10  1.88336618e-03 
 6.07626651e-10  1.67274689e-03 
 7.30628538e-10  1.43666707e-03 
 9.76632313e-10  1.18190249e-03 
 1.27584819e-09  1.04642917e-03 
 1.63793468e-09  9.54392580e-04 
 2.17024365e-09  8.06392942e-04 
 2.71096607e-09  5.16718339e-04 
 3.53816353e-09  3.00499749e-04 
 4.42578248e-09  2.41508582e-04 
 5.41287752e-09  1.97517056e-04 
 6.55865752e-09  2.06301683e-04 
 7.34815614e-09  1.73183379e-04 
 7.99891663e-09  1.26251242e-04 
 8.69521617e-09  1.36294563e-04 
 9.49512489e-09  1.49007367e-04 
 1.04889475e-08  1.79538274e-04 
 1.16424234e-08  2.28074986e-04 
 1.26713400e-08  2.14243033e-04 
 1.34667398e-08  1.11783404e-04 
 1.43319652e-08  1.42944587e-04 
 1.52310963e-08  1.26045575e-04 
 1.63729996e-08  1.28438732e-04 
 1.80379479e-08  1.20387846e-04 
 2.03752447e-08  1.16132734e-04 
 2.42493977e-08  1.09134852e-04 
 2.79957202e-08  1.13249231e-04 
 3.19906458e-08  1.14779998e-04 
 3.70851949e-08  1.09777723e-04 
 4.17260317e-08  1.11776804e-04 
 5.00063334e-08  1.07739849e-04 
 5.88206900e-08  1.08111126e-04 
 7.36687858e-08  1.04391092e-04 
 9.63476527e-08  1.03894916e-04 
 1.28238739e-07  1.01550503e-04 
 1.79155840e-07  1.02553074e-04 
 2.72362308e-07  9.78611489e-05 
 4.58775243e-07  8.63719660e-05 
 5.00000000e-07  8.31383236e-05 
 5.29114951e-07  8.28371266e-05 
 5.87344853e-07  8.12083268e-05 
 6.76518465e-07  7.96755999e-05 
 8.51228735e-07  7.85184762e-05 
 1.00050000e-06  7.83133238e-05 
 1.00055000e-06 -9.80519670e-04 
 1.00065000e-06 -1.11684934e-03 
 1.00085000e-06 -5.67829288e-04 
 1.00100000e-06 -1.48211145e-04 
 1.00102939e-06  5.50321825e-04 
 1.00108816e-06  4.83043761e-04 
 1.00120570e-06  4.48906479e-04 
 1.00138925e-06  4.82254850e-04 
 1.00158374e-06  4.99068328e-04 
 1.00197272e-06  4.18680373e-04 
 1.00240980e-06  3.47729616e-04 
 1.00282544e-06  1.60034621e-04 
 1.00342433e-06  1.69190049e-04 
 1.00425269e-06  1.27129912e-04 
 1.00484822e-06  1.68025478e-04 
 1.00552356e-06  7.82072829e-05 
 1.00624321e-06  1.26924119e-04 
 1.00695974e-06  7.02130638e-05 
 1.00789053e-06  1.10047928e-04 
 1.00914309e-06  5.43492403e-05 
 1.01087855e-06  1.04024414e-04 
 1.01346389e-06  5.35415202e-05 
 1.01774262e-06  1.03831683e-04 
 1.02630007e-06  5.33414773e-05 
 1.04183052e-06  1.03634256e-04 
 1.07251321e-06  5.31859417e-05 
 1.13387860e-06  1.03506089e-04 
 1.25660938e-06  5.30936869e-05 
 1.50207094e-06  1.03448178e-04 
 1.99299406e-06  5.30675899e-05 
 2.00000000e-06  1.03437686e-04 
 2.00005000e-06  5.49612165e-04 
 2.00015000e-06  4.90311914e-04 
 2.00035000e-06  8.15513229e-04 
 2.00050000e-06  1.30892684e-03 
 2.00053466e-06  6.98841033e-04 
 2.00060397e-06  5.88491054e-04 
 2.00074260e-06  5.71892117e-04 
 2.00101985e-06  5.53780519e-04 
 2.00154661e-06  3.84443648e-04 
 2.00202509e-06  1.96885623e-04 
 2.00245972e-06  2.77315368e-04 
 2.00297068e-06  1.38004079e-04 
 2.00349080e-06  1.63130160e-04 
 2.00405159e-06  7.41766800e-05 
 2.00468356e-06  1.35061318e-04 
 2.00531989e-06  6.27102645e-05 
 2.00619101e-06  1.31389862e-04 
 2.00727593e-06  6.95191338e-05 
 2.00896286e-06  1.39282828e-04 
 2.01016564e-06  7.44188427e-05 
 2.01148324e-06  1.64249131e-04 
 2.01286431e-06  8.70729106e-05 
 2.01444307e-06  1.33844871e-04 
 2.01589000e-06  6.81953476e-05 
 2.01788021e-06  1.21079283e-04 
 2.02000810e-06  4.78561762e-05 
 2.02353815e-06  1.12160264e-04 
 2.02934419e-06  4.46617747e-05 
 2.03799045e-06  1.12111201e-04 
 2.05528296e-06  4.45712958e-05 
 2.08986799e-06  1.12065995e-04 
 2.15860513e-06  4.45103786e-05 
 2.29607940e-06  1.12033718e-04 
 2.57102794e-06  4.44863843e-05 
 3.00050000e-06  1.12023666e-04 
 3.00055000e-06 -4.73839913e-04 
 3.00065000e-06 -5.55163982e-04 
 3.00085000e-06 -2.64409197e-04 
 3.00100000e-06  4.22513131e-05 
 3.00103413e-06  4.42971933e-04 
 3.00110240e-06  4.10881767e-04 
 3.00123893e-06  4.03637567e-04 
 3.00144934e-06  4.69294191e-04 
 3.00167635e-06  4.77202373e-04 
 3.00213038e-06  4.03164069e-04 
 3.00261252e-06  2.64787420e-04 
 3.00310408e-06  1.35863860e-04 
 3.00376669e-06  1.51117310e-04 
 3.00448628e-06  1.12989690e-04 
 3.00502442e-06  1.27533475e-04 
 3.00564518e-06  8.29229436e-05 
 3.00629603e-06  1.10468738e-04 
 3.00706245e-06  7.09038902e-05 
 3.00789637e-06  9.80779236e-05 
 3.00946351e-06  6.17164820e-05 
 3.01175697e-06  9.51937048e-05 
 3.01504315e-06  6.15611540e-05 
 3.02119956e-06  9.52102316e-05 
 3.03351237e-06  6.14727557e-05 
 3.05629919e-06  9.51706138e-05 
 3.10187285e-06  6.14152200e-05 
 3.19302016e-06  9.51374687e-05 
 3.37531479e-06  6.13888747e-05 
 3.73990404e-06  9.51246464e-05 
 4.00000000e-06  6.13818365e-05 
 4.00005000e-06  5.48390984e-04 
 4.00015000e-06  4.87591194e-04 
 4.00035000e-06  8.15805201e-04 
 4.00050000e-06  1.30733297e-03 
 4.00053464e-06  6.98979456e-04 
 4.00060392e-06  5.88967420e-04 
 4.00074247e-06  5.72898691e-04 
 4.00101958e-06  5.53909064e-04 
 4.00154611e-06  3.85203357e-04 
 4.00202452e-06  1.94739339e-04 
 4.00246570e-06  2.77906928e-04 
 4.00297339e-06  1.40321854e-04 
 4.00351370e-06  1.66230180e-04 
 4.00409107e-06  7.36507513e-05 
 4.00460832e-06  1.47454945e-04 
 4.00516384e-06  8.14658263e-05 
 4.00561898e-06  1.39469549e-04 
 4.00616339e-06  6.30472640e-05 
 4.00691330e-06  1.22638007e-04 
 4.00760892e-06  5.20520041e-05 
 4.00900017e-06  1.27156930e-04 
 4.01065702e-06  7.28427264e-05 
 4.01205346e-06  1.41300945e-04 
 4.01353328e-06  1.16076109e-04 
 4.01457954e-06  1.78534115e-04 
 4.01553971e-06  1.10391269e-04 
 4.01649503e-06  1.67224088e-04 
 4.01762158e-06  9.67192972e-05 
 4.01900240e-06  1.54521331e-04 
 4.02025056e-06  8.65730331e-05 
 4.02232977e-06  1.49128759e-04 
 4.02467962e-06  8.04004605e-05 
 4.02937934e-06  1.36541903e-04 
 4.03414830e-06  6.42487694e-05 
 4.03916226e-06  1.25594389e-04 
 4.04378303e-06  5.94249766e-05 
 4.04696377e-06  1.41056000e-04 
 4.05117285e-06  6.35064283e-05 
 4.05442839e-06  1.15207862e-04 
 4.05791826e-06  5.64925431e-05 
 4.06265532e-06  1.13934064e-04 
 4.06871441e-06  4.49529692e-05 
 4.07452271e-06  1.06418429e-04 
 4.08070633e-06  4.19076865e-05 
 4.08727535e-06  1.05846664e-04 
 4.10041337e-06  4.01065874e-05 
 4.11768842e-06  1.04613729e-04 
 4.14803826e-06  3.81640476e-05 
 4.20052414e-06  1.01359429e-04 
 4.30549590e-06  3.09021351e-05 
 4.46175566e-06  9.43850123e-05 
 4.60785509e-06  2.97777814e-05 
 4.79386727e-06  9.52316346e-05 
 5.00050000e-06  2.99823064e-05 
 5.00055000e-06 -4.88441478e-04 
 5.00065000e-06 -5.70038492e-04 
 5.00085000e-06 -2.79171372e-04 
 5.00100000e-06  2.87446330e-05 
 5.00103400e-06  4.27734834e-04 
 5.00110199e-06  3.95478916e-04 
 5.00123798e-06  3.88210803e-04 
 5.00144812e-06  4.53618523e-04 
 5.00167468e-06  4.61589124e-04 
 5.00212780e-06  3.87300738e-04 
 5.00261255e-06  2.48655162e-04 
 5.00310258e-06  1.18958595e-04 
 5.00376822e-06  1.31775199e-04 
 5.00445677e-06  9.32166115e-05 
 5.00501252e-06  1.00161547e-04 
 5.00562871e-06  5.93808153e-05 
 5.00622753e-06  9.47814449e-05 
 5.00705307e-06  5.46856870e-05 
 5.00793518e-06  8.23744584e-05 
 5.00963083e-06  4.59391083e-05 
 5.01184627e-06  7.96699675e-05 
 5.01530267e-06  4.59097269e-05 
 5.02162648e-06  7.96349708e-05 
 5.03427411e-06  4.58319854e-05 
 5.05956937e-06  7.95817761e-05 
 5.11015988e-06  4.57759709e-05 
 5.21134091e-06  7.95487305e-05 
 5.41370297e-06  4.57547401e-05 
 5.81842710e-06  7.95381935e-05 
 6.00000000e-06  4.57491194e-05 
 6.00005000e-06  5.32353725e-04 
 6.00015000e-06  4.71604795e-04 
 6.00035000e-06  8.00587054e-04 
 6.00050000e-06  1.29090620e-03 
 6.00053464e-06  6.82766528e-04 
 6.00060391e-06  5.72588216e-04 
 6.00074247e-06  5.56737346e-04 
 6.00101957e-06  5.37817883e-04 
 6.00154607e-06  3.70937104e-04 
 6.00202471e-06  1.83212054e-04 
 6.00245306e-06  2.56593202e-04 
 6.00295865e-06  1.11644739e-04 
 6.00353703e-06  1.41252507e-04 
 6.00419012e-06  5.45722765e-05 
 6.00481983e-06  1.23084052e-04 
 6.00555781e-06  6.41117399e-05 
 6.00645452e-06  1.29354745e-04 
 6.00710905e-06  5.56260353e-05 
 6.00788746e-06  1.18980434e-04 
 6.00879250e-06  3.93457119e-05 
 6.00977549e-06  9.73929832e-05 
 6.01069921e-06  3.05491567e-05 
 6.01187507e-06  9.63072029e-05 
 6.01316382e-06  2.98790665e-05 
 6.01549602e-06  9.59195620e-05 
 6.01883601e-06  2.98392427e-05 
 6.02453331e-06  9.57911680e-05 
 6.03422519e-06  2.97915295e-05 
 6.05014486e-06  9.56955484e-05 
 6.08198419e-06  2.97329687e-05 
 6.14566285e-06  9.56318262e-05 
 6.27302018e-06  2.96954672e-05 
 6.52773482e-06  9.56068662e-05 
 7.00050000e-06  2.96838982e-05 
 7.00055000e-06 -4.89759031e-04 
 7.00065000e-06 -5.70708739e-04 
 7.00085000e-06 -2.79129847e-04 
 7.00100000e-06  2.99394970e-05 
 7.00103415e-06  4.27766294e-04 
 7.00110245e-06  3.95175049e-04 
 7.00123905e-06  3.88255235e-04 
 7.00144945e-06  4.53489470e-04 
 7.00167649e-06  4.61557342e-04 
 7.00213058e-06  3.87333030e-04 
 7.00261244e-06  2.49005889e-04 
 7.00310382e-06  1.19590136e-04 
 7.00376740e-06  1.36502482e-04 
 7.00448490e-06  9.85494899e-05 
 7.00502336e-06  1.17323757e-04 
 7.00564387e-06  7.68316831e-05 
 7.00628156e-06  1.07987453e-04 
 7.00711020e-06  6.80136474e-05 
 7.00791007e-06  8.68507459e-05 
 7.00877011e-06  5.53003328e-05 
 7.00973530e-06  8.37213924e-05 
 7.01091682e-06  4.72067404e-05 
 7.01264843e-06  7.93469488e-05 
 7.01473281e-06  4.61059040e-05 
 7.01796907e-06  7.94661517e-05 
 7.02330182e-06  4.60078212e-05 
 7.03095035e-06  7.94803716e-05 
 7.04370014e-06  4.59420194e-05 
 7.06314930e-06  7.94620243e-05 
 7.09398743e-06  4.58988601e-05 
 7.14583793e-06  7.94424985e-05 
 7.24910868e-06  4.58731101e-05 
 7.45565018e-06  7.94281189e-05 
 7.86873318e-06  4.58618650e-05 
 8.00000000e-06  7.94253078e-05 
 8.00005000e-06  5.30987259e-04 
 8.00015000e-06  4.71338135e-04 
 8.00035000e-06  8.00196887e-04 
 8.00050000e-06  1.29078325e-03 
 8.00053466e-06  6.82880152e-04 
 8.00060397e-06  5.72737583e-04 
 8.00074259e-06  5.57162970e-04 
 8.00101985e-06  5.38378300e-04 
 8.00154634e-06  3.69801630e-04 
 8.00202500e-06  1.79615180e-04 
 8.00246613e-06  2.61612041e-04 
 8.00297356e-06  1.23136475e-04 
 8.00351299e-06  1.51808144e-04 
 8.00408793e-06  6.04009272e-05 
 8.00461203e-06  1.42996119e-04 
 8.00518109e-06  7.91856558e-05 
 8.00564115e-06  1.35744605e-04 
 8.00618987e-06  5.26704306e-05 
 8.00683205e-06  1.13236546e-04 
 8.00757200e-06  4.26138588e-05 
 8.00847733e-06  1.21370588e-04 
 8.00978962e-06  6.33056678e-05 
 8.01067390e-06  1.26821851e-04 
 8.01167344e-06  6.11082770e-05 
 8.01280554e-06  1.68536975e-04 
 8.01370996e-06  1.21666919e-04 
 8.01461335e-06  1.84797161e-04 
 8.01559358e-06  1.14115317e-04 
 8.01661143e-06  1.72991397e-04 
 8.01762976e-06  1.02488363e-04 
 8.01879399e-06  1.61512767e-04 
 8.01999330e-06  9.26367020e-05 
 8.02190288e-06  1.55380971e-04 
 8.02393282e-06  8.69225799e-05 
 8.02799270e-06  1.48086882e-04 
 8.03536901e-06  7.64770308e-05 
 8.04695958e-06  1.36169385e-04 
 8.07014072e-06  6.53908459e-05 
 8.11132578e-06  1.30584585e-04 
 8.15744270e-06  6.22120940e-05 
 8.22606333e-06  1.14357238e-04 
 8.29232022e-06  3.73669990e-05 
 8.37074698e-06  9.80730731e-05 
 8.48160189e-06  3.03542848e-05 
 8.59738765e-06  9.55614131e-05 
 8.82895916e-06  2.95459467e-05 
 9.00050000e-06  9.52412642e-05 
 9.00055000e-06 -4.89639136e-04 
 9.00065000e-06 -5.71639679e-04 
 9.00085000e-06 -2.79092002e-04 
 9.00100000e-06  2.97865436e-05 
 9.00103398e-06  4.27401590e-04 
 9.00110195e-06  3.94962921e-04 
 9.00123787e-06  3.87998782e-04 
 9.00144798e-06  4.53347228e-04 
 9.00167449e-06  4.61459074e-04 
 9.00212751e-06  3.86977174e-04 
 9.00261254e-06  2.47921484e-04 
 9.00310247e-06  1.17683853e-04 
 9.00376813e-06  1.34006719e-04 
 9.00448645e-06  9.37412741e-05 
 9.00501890e-06  1.02238461e-04 
 9.00563653e-06  5.89095259e-05 
 9.00622422e-06  9.52710304e-05 
 9.00700711e-06  5.45932228e-05 
 9.00784506e-06  8.30148170e-05 
 9.00952096e-06  4.53808512e-05 
 9.01169177e-06  7.98086682e-05 
 9.01504534e-06  4.53221985e-05 
 9.02095168e-06  7.97479254e-05 
 9.03276435e-06  4.52355026e-05 
 9.05633534e-06  7.96856104e-05 
 9.10347731e-06  4.51741700e-05 
 9.19776124e-06  7.96462092e-05 
 9.38632912e-06  4.51476254e-05 
 9.76346487e-06  7.96328063e-05 
 1.00000000e-05  4.51416054e-05 
 1.00000500e-05  5.31304425e-04 
 1.00001500e-05  4.70675098e-04 
 1.00003500e-05  8.00544669e-04 
 1.00005000e-05  1.29016143e-03 
 1.00005347e-05  6.82411236e-04 
 1.00006040e-05  5.72253956e-04 
 1.00007426e-05  5.56442325e-04 
 1.00010198e-05  5.37572657e-04 
 1.00015463e-05  3.70556214e-04 
 1.00020251e-05  1.82871004e-04 
 1.00024538e-05  2.56260714e-04 
 1.00029592e-05  1.11298332e-04 
 1.00035369e-05  1.40957201e-04 
 1.00041902e-05  5.42484486e-05 
 1.00048196e-05  1.22905027e-04 
 1.00055508e-05  6.38868563e-05 
 1.00064493e-05  1.29538529e-04 
 1.00071024e-05  5.52988154e-05 
 1.00078788e-05  1.18850037e-04 
 1.00087838e-05  3.92121611e-05 
 1.00097661e-05  9.71926716e-05 
 1.00106862e-05  3.02547346e-05 
 1.00118479e-05  9.61077057e-05 
 1.00131239e-05  2.95779858e-05 
 1.00154258e-05  9.57115754e-05 
 1.00187174e-05  2.95372023e-05 
 1.00243307e-05  9.55821772e-05 
 1.00338536e-05  2.94902524e-05 
 1.00494858e-05  9.54861134e-05 
 1.00807502e-05  2.94315812e-05 
 1.01432791e-05  9.54217686e-05 
 1.02683369e-05  2.93936670e-05 
 1.05184525e-05  9.53965107e-05 
 1.10005000e-05  2.93819611e-05 
 1.10005500e-05 -4.90016083e-04 
 1.10006500e-05 -5.70954943e-04 
 1.10008500e-05 -2.79196608e-04 
 1.10010000e-05  3.08023460e-05 
 1.10010342e-05  4.27482428e-04 
 1.10011025e-05  3.94733505e-04 
 1.10012391e-05  3.88050826e-04 
 1.10014495e-05  4.53195475e-04 
 1.10016766e-05  4.61346410e-04 
 1.10021307e-05  3.86973142e-04 
 1.10026124e-05  2.48703194e-04 
 1.10031039e-05  1.19234670e-04 
 1.10037674e-05  1.36313207e-04 
 1.10044849e-05  9.82726187e-05 
 1.10050235e-05  1.17126160e-04 
 1.10056441e-05  7.64448893e-05 
 1.10062802e-05  1.07809335e-04 
 1.10071216e-05  6.75064251e-05 
 1.10079162e-05  8.66511228e-05 
 1.10087857e-05  5.49616828e-05 
 1.10097452e-05  8.34710517e-05 
 1.10109386e-05  4.68559495e-05 
 1.10126651e-05  7.91523375e-05 
 1.10147721e-05  4.57905330e-05 
 1.10180167e-05  7.92687357e-05 
 1.10233869e-05  4.56926615e-05 
 1.10310893e-05  7.92824698e-05 
 1.10439146e-05  4.56269221e-05 
 1.10635200e-05  7.92639998e-05 
 1.10945742e-05  4.55838524e-05 
 1.11474587e-05  7.92443820e-05 
 1.12532276e-05  4.55581621e-05 
 1.14647654e-05  7.92301212e-05 
 1.18878411e-05  4.55472062e-05 
 1.20000000e-05  7.92277265e-05 
 1.20000500e-05  5.30186110e-04 
 1.20001500e-05  4.70682524e-04 
 1.20003500e-05  8.00050819e-04 
 1.20005000e-05  1.29024703e-03 
 1.20005347e-05  6.82572227e-04 
 1.20006040e-05  5.72445583e-04 
 1.20007426e-05  5.56883131e-04 
 1.20010198e-05  5.38122727e-04 
 1.20015463e-05  3.69547111e-04 
 1.20020250e-05  1.79309279e-04 
 1.20024661e-05  2.61345479e-04 
 1.20029734e-05  1.22831566e-04 
 1.20035128e-05  1.51586491e-04 
 1.20040876e-05  6.01223475e-05 
 1.20046118e-05  1.42746712e-04 
 1.20051809e-05  7.89084388e-05 
 1.20056409e-05  1.35523210e-04 
 1.20061897e-05  5.24113924e-05 
 1.20068318e-05  1.13001226e-04 
 1.20075717e-05  4.23632877e-05 
 1.20084768e-05  1.21261256e-04 
 1.20097895e-05  6.38856521e-05 
 1.20106740e-05  1.27341529e-04 
 1.20116738e-05  5.92130327e-05 
 1.20128068e-05  1.65981822e-04 
 1.20137070e-05  1.15554391e-04 
 1.20146051e-05  1.80038126e-04 
 1.20155865e-05  1.07759306e-04 
 1.20166039e-05  1.65212115e-04 
 1.20176206e-05  9.38191712e-05 
 1.20187734e-05  1.51390604e-04 
 1.20199616e-05  8.19838477e-05 
 1.20218800e-05  1.43503387e-04 
 1.20238779e-05  7.46501768e-05 
 1.20278737e-05  1.35092695e-04 
 1.20350369e-05  6.41533207e-05 
 1.20461925e-05  1.26564706e-04 
 1.20643767e-05  5.94155064e-05 
 1.20808549e-05  1.22562750e-04 
 1.20943621e-05  8.64760046e-05 
 1.21067679e-05  1.52295745e-04 
 1.21126893e-05  4.85850062e-05 
 1.21184385e-05  1.41407012e-04 
 1.21241241e-05  4.77921951e-05 
 1.21326748e-05  1.34492080e-04 
 1.21442717e-05  4.46051928e-05 
 1.21572149e-05  1.28336913e-04 
 1.21715325e-05  4.15094880e-05 
 1.22001675e-05  1.23848674e-04 
 1.22415472e-05  3.86169302e-05 
 1.23108925e-05  1.21236426e-04 
 1.23870916e-05  5.02292410e-05 
 1.24502026e-05  8.03069630e-05 
 1.24892595e-05  4.47248385e-05 
 1.25327946e-05  8.09413334e-05 
 1.25753634e-05  4.35376420e-05 
 1.26213104e-05  8.16506561e-05 
 1.26922355e-05  4.28345432e-05 
 1.27732214e-05  8.20036917e-05 
 1.29029817e-05  4.24786930e-05 
 1.30005000e-05  8.22471320e-05 
 1.30005500e-05 -4.98535593e-04 
 1.30006500e-05 -5.76149123e-04 
 1.30008500e-05 -2.81333025e-04 
 1.30010000e-05  2.88961035e-05 
 1.30010340e-05  4.25755110e-04 
 1.30011019e-05  3.93416217e-04 
 1.30012377e-05  3.86748956e-04 
 1.30014477e-05  4.52323210e-04 
 1.30016741e-05  4.60755245e-04 
 1.30021270e-05  3.86521411e-04 
 1.30026125e-05  2.48030837e-04 
 1.30031018e-05  1.18704221e-04 
 1.30037680e-05  1.30829309e-04 
 1.30044455e-05  9.28877205e-05 
 1.30050215e-05  9.87758196e-05 
 1.30056421e-05  5.91586266e-05 
 1.30062464e-05  9.42923961e-05 
 1.30070994e-05  5.39591036e-05 
 1.30080109e-05  8.17145683e-05 
 1.30097193e-05  4.55876486e-05 
 1.30119822e-05  7.93218770e-05 
 1.30155313e-05  4.55462908e-05 
 1.30222175e-05  7.92872084e-05 
 1.30355898e-05  4.54627265e-05 
 1.30611003e-05  7.92339909e-05 
 1.31121213e-05  4.54055815e-05 
 1.32141633e-05  7.91986673e-05 
 1.34182472e-05  4.53807559e-05 
 1.38264152e-05  7.91867159e-05 
 1.40000000e-05  4.53753020e-05 
 1.40000500e-05  5.30865929e-04 
 1.40001500e-05  4.70329590e-04 
 1.40003500e-05  8.00491088e-04 
 1.40005000e-05  1.28989799e-03 
 1.40005346e-05  6.82294400e-04 
 1.40006039e-05  5.72169612e-04 
 1.40007425e-05  5.56334026e-04 
 1.40010195e-05  5.37454711e-04 
 1.40015460e-05  3.70490598e-04 
 1.40020246e-05  1.82830930e-04 
 1.40024517e-05  2.56296810e-04 
 1.40029554e-05  1.11544505e-04 
 1.40035282e-05  1.41266440e-04 
 1.40041819e-05  5.41667425e-05 
 1.40048078e-05  1.22695402e-04 
 1.40055367e-05  6.35713594e-05 
 1.40064287e-05  1.29719972e-04 
 1.40070743e-05  5.52619596e-05 
 1.40078461e-05  1.18979232e-04 
 1.40087573e-05  3.96834029e-05 
 1.40097388e-05  9.70229059e-05 
 1.40106611e-05  3.02510115e-05 
 1.40118018e-05  9.59474229e-05 
 1.40130604e-05  2.95397082e-05 
 1.40153404e-05  9.55485026e-05 
 1.40185885e-05  2.94902092e-05 
 1.40241775e-05  9.54212314e-05 
 1.40336515e-05  2.94410405e-05 
 1.40492681e-05  9.53254712e-05 
 1.40805013e-05  2.93812107e-05 
 1.41429676e-05  9.52610415e-05 
 1.42679003e-05  2.93429906e-05 
 1.45177656e-05  9.52358016e-05 
 1.50005000e-05  2.93312446e-05 
 1.50005500e-05 -4.90107134e-04 
 1.50006500e-05 -5.71049311e-04 
 1.50008500e-05 -2.79224774e-04 
 1.50010000e-05  3.12274198e-05 
 1.50010342e-05  4.27341037e-04 
 1.50011025e-05  3.94527144e-04 
 1.50012391e-05  3.87967301e-04 
 1.50014495e-05  4.53070548e-04 
 1.50016766e-05  4.61270064e-04 
 1.50021307e-05  3.86812941e-04 
 1.50026124e-05  2.48557096e-04 
 1.50031039e-05  1.19092075e-04 
 1.50037674e-05  1.36314369e-04 
 1.50044816e-05  9.82025934e-05 
 1.50050215e-05  1.17009982e-04 
 1.50056414e-05  7.62538561e-05 
 1.50062751e-05  1.07757237e-04 
 1.50071209e-05  6.73206927e-05 
 1.50079124e-05  8.66056223e-05 
 1.50087849e-05  5.48115104e-05 
 1.50097421e-05  8.33967983e-05 
 1.50109402e-05  4.66939631e-05 
 1.50126635e-05  7.90931690e-05 
 1.50147787e-05  4.56387868e-05 
 1.50180231e-05  7.92091826e-05 
 1.50234077e-05  4.55405219e-05 
 1.50311279e-05  7.92230133e-05 
 1.50439818e-05  4.54745790e-05 
 1.50636502e-05  7.92045848e-05 
 1.50947933e-05  4.54314491e-05 
 1.51478579e-05  7.91850174e-05 
 1.52539871e-05  4.54057866e-05 
 1.54662455e-05  7.91708284e-05 
 1.58907622e-05  4.53949057e-05 
 1.60000000e-05  7.91685375e-05 
 1.60000500e-05  5.29772422e-04 
 1.60001500e-05  4.70410304e-04 
 1.60003500e-05  7.99968187e-04 
 1.60005000e-05  1.29002886e-03 
 1.60005347e-05  6.82439419e-04 
 1.60006040e-05  5.72331843e-04 
 1.60007426e-05  5.56770991e-04 
 1.60010198e-05  5.38023539e-04 
 1.60015463e-05  3.69359682e-04 
 1.60020250e-05  1.79232402e-04 
 1.60024661e-05  2.61349156e-04 
 1.60029733e-05  1.22661747e-04 
 1.60035109e-05  1.51529147e-04 
 1.60040857e-05  5.99687934e-05 
 1.60046085e-05  1.42629692e-04 
 1.60051763e-05  7.87603787e-05 
 1.60056349e-05  1.35679019e-04 
 1.60061836e-05  5.23492204e-05 
 1.60068243e-05  1.12998306e-04 
 1.60075629e-05  4.21875256e-05 
 1.60084657e-05  1.21123921e-04 
 1.60097845e-05  6.32932861e-05 
 1.60106691e-05  1.24894299e-04 
 1.60116714e-05  5.38856169e-05 
 1.60128064e-05  1.57765783e-04 
 1.60137025e-05  1.03142543e-04 
 1.60145952e-05  1.67516014e-04 
 1.60155796e-05  9.45198250e-05 
 1.60165978e-05  1.51469627e-04 
 1.60176139e-05  7.97160052e-05 
 1.60187579e-05  1.36358726e-04 
 1.60199370e-05  6.76159420e-05 
 1.60218653e-05  1.33661094e-04 
 1.60238363e-05  8.17907536e-05 
 1.60276970e-05  1.66528335e-04 
 1.60312407e-05  1.20744976e-04 
 1.60344917e-05  1.85925584e-04 
 1.60367869e-05  4.75887563e-05 
 1.60392094e-05  1.59630796e-04 
 1.60416292e-05  5.80487839e-05 
 1.60444168e-05  1.48491155e-04 
 1.60488063e-05  6.04055077e-05 
 1.60530389e-05  1.43239787e-04 
 1.60581839e-05  5.69905742e-05 
 1.60641212e-05  1.33385455e-04 
 1.60759959e-05  4.77511642e-05 
 1.60908736e-05  1.21815593e-04 
 1.61161843e-05  4.17259231e-05 
 1.61480133e-05  1.18708639e-04 
 1.61993586e-05  4.08480898e-05 
 1.62823245e-05  1.17451726e-04 
 1.64196696e-05  4.00045555e-05 
 1.66741386e-05  1.16868532e-04 
 1.70005000e-05  3.98769367e-05 
 1.70005500e-05 -4.78163248e-04 
 1.70006500e-05 -5.58020355e-04 
 1.70008500e-05 -2.63692672e-04 
 1.70010000e-05  4.68432054e-05 
 1.70010340e-05  4.42972128e-04 
 1.70011020e-05  4.10359830e-04 
 1.70012381e-05  4.03864774e-04 
 1.70014483e-05  4.69283996e-04 
 1.70016749e-05  4.77455127e-04 
 1.70021281e-05  4.02862728e-04 
 1.70026125e-05  2.64538486e-04 
 1.70031027e-05  1.35240888e-04 
 1.70037681e-05  1.53501758e-04 
 1.70045038e-05  1.14221675e-04 
 1.70050406e-05  1.23500192e-04 
 1.70056641e-05  7.74709584e-05 
 1.70062598e-05  1.11964906e-04 
 1.70070407e-05  7.04248500e-05 
 1.70078761e-05  9.88325519e-05 
 1.70095468e-05  6.13291514e-05 
 1.70117560e-05  9.57751913e-05 
 1.70151399e-05  6.12774434e-05 
 1.70211764e-05  9.57219590e-05 
 1.70332495e-05  6.11942877e-05 
 1.70568159e-05  9.56707157e-05 
 1.71039488e-05  6.11389967e-05 
 1.71982146e-05  9.56353532e-05 
 1.73867460e-05  6.11141171e-05 
 1.77638090e-05  9.56225663e-05 
 1.80000000e-05  6.11079363e-05 
 1.80000500e-05  5.46552308e-04 
 1.80001500e-05  4.86107749e-04 
 1.80003500e-05  8.16657285e-04 
 1.80005000e-05  1.30608231e-03 
 1.80005347e-05  6.98638364e-04 
 1.80006040e-05  5.88640057e-04 
 1.80007426e-05  5.72549858e-04 
 1.80010198e-05  5.53775968e-04 
 1.80015463e-05  3.85626815e-04 
 1.80020251e-05  1.95397440e-04 
 1.80024644e-05  2.77105341e-04 
 1.80029725e-05  1.36965964e-04 
 1.80034917e-05  1.62895702e-04 
 1.80040675e-05  7.31307853e-05 
 1.80046928e-05  1.38821922e-04 
 1.80053114e-05  7.46002867e-05 
 1.80061926e-05  1.43742231e-04 
 1.80068265e-05  7.26264112e-05 
 1.80075858e-05  1.35572323e-04 
 1.80085780e-05  6.03002434e-05 
 1.80094743e-05  1.12475818e-04 
 1.80104344e-05  4.77962933e-05 
 1.80115029e-05  1.10870662e-04 
 1.80127024e-05  4.68047159e-05 
 1.80151013e-05  1.10483828e-04 
 1.80192036e-05  4.66681064e-05 
 1.80267714e-05  1.10389458e-04 
 1.80417995e-05  4.65861621e-05 
 1.80693946e-05  1.10301431e-04 
 1.81245847e-05  4.65225301e-05 
 1.82349649e-05  1.10254313e-04 
 1.84557255e-05  4.64959084e-05 
 1.88972465e-05  1.10239675e-04 
 1.90005000e-05  4.64911877e-05 
 1.90005500e-05 -4.73824425e-04 
 1.90006500e-05 -5.54836096e-04 
 1.90008500e-05 -2.63152812e-04 
 1.90010000e-05  4.75563135e-05 
 1.90010341e-05  4.43273814e-04 
 1.90011024e-05  4.10347925e-04 
 1.90012390e-05  4.03964966e-04 
 1.90014494e-05  4.69217772e-04 
 1.90016764e-05  4.77471878e-04 
 1.90021304e-05  4.02966717e-04 
 1.90026124e-05  2.64682455e-04 
 1.90031038e-05  1.35591597e-04 
 1.90037671e-05  1.51599701e-04 
 1.90044861e-05  1.12912052e-04 
 1.90050249e-05  1.27858792e-04 
 1.90056458e-05  8.26430046e-05 
 1.90062833e-05  1.11134755e-04 
 1.90071225e-05  7.03514658e-05 
 1.90079162e-05  9.84130525e-05 
 1.90095038e-05  6.16326637e-05 
 1.90117759e-05  9.55507859e-05 
 1.90151956e-05  6.14607670e-05 
 1.90213409e-05  9.55387111e-05 
 1.90336315e-05  6.13660179e-05 
 1.90567892e-05  9.54974995e-05 
 1.91020256e-05  6.13093664e-05 
 1.91924984e-05  9.54647767e-05 
 1.93734440e-05  6.12836103e-05 
 1.97353352e-05  9.54524806e-05 
 2.00000000e-05  6.12771099e-05 
 2.00000500e-05  5.46342308e-04 
 2.00001500e-05  4.85932533e-04 
 2.00003500e-05  8.16472291e-04 
 2.00005000e-05  1.30609475e-03 
 2.00005346e-05  6.98833593e-04 
 2.00006039e-05  5.88891950e-04 
 2.00007425e-05  5.72810765e-04 
 2.00010196e-05  5.53946414e-04 
 2.00015461e-05  3.85429825e-04 
 2.00020247e-05  1.94820870e-04 
 2.00024659e-05  2.77803965e-04 
 2.00029730e-05  1.39674514e-04 
 2.00035131e-05  1.66215978e-04 
 2.00040902e-05  7.37800501e-05 
 2.00046073e-05  1.48842377e-04 
 2.00051627e-05  8.22130111e-05 
 2.00056168e-05  1.40743545e-04 
 2.00061618e-05  6.35870570e-05 
 2.00069037e-05  1.22569702e-04 
 2.00076013e-05  5.13017129e-05 
 2.00089965e-05  1.26977241e-04 
 2.00106497e-05  7.26086693e-05 
 2.00120497e-05  1.40948389e-04 
 2.00135295e-05  1.07081078e-04 
 2.00145784e-05  1.60029373e-04 
 2.00155399e-05  8.90209520e-05 
 2.00164976e-05  1.45648984e-04 
 2.00176260e-05  7.37956536e-05 
 2.00190106e-05  1.31524134e-04 
 2.00202620e-05  6.44473801e-05 
 2.00223421e-05  1.29882486e-04 
 2.00247045e-05  6.28461574e-05 
 2.00294292e-05  1.25984035e-04 
 2.00354565e-05  4.89190897e-05 
 2.00417482e-05  1.05231800e-04 
 2.00493800e-05  4.19841003e-05 
 2.00574324e-05  1.19180500e-04 
 2.00630252e-05  2.70166686e-05 
 2.00686082e-05  1.19019294e-04 
 2.00767160e-05  3.40542755e-05 
 2.00849327e-05  1.20049606e-04 
 2.00961264e-05  3.75076228e-05 
 2.01105360e-05  1.20673191e-04 
 2.01290780e-05  5.98747919e-05 
 2.01462753e-05  1.05876620e-04 
 2.01572993e-05  5.03930772e-05 
 2.01693469e-05  1.05697755e-04 
 2.01813065e-05  5.00065066e-05 
 2.02025809e-05  1.06121614e-04 
 2.02350285e-05  4.99084201e-05 
 2.02791077e-05  1.06474675e-04 
 2.03540534e-05  5.00323609e-05 
 2.04474575e-05  1.06714227e-04 
 2.05414031e-05  5.00430171e-05 
 2.07292942e-05  1.06808881e-04 
 2.09849185e-05  5.00307942e-05 
 2.10005000e-05  1.07025970e-04 
 2.10005500e-05 -4.77835666e-04 
 2.10006500e-05 -5.57456912e-04 
 2.10008500e-05 -2.62993262e-04 
 2.10010000e-05  4.70878545e-05 
 2.10010340e-05  4.43214462e-04 
 2.10011019e-05  4.10516735e-04 
 2.10012378e-05  4.03932696e-04 
 2.10014479e-05  4.69349284e-04 
 2.10016744e-05  4.77611263e-04 
 2.10021273e-05  4.03045739e-04 
 2.10026125e-05  2.64574012e-04 
 2.10031022e-05  1.35424201e-04 
 2.10037682e-05  1.53417464e-04 
 2.10045038e-05  1.14195872e-04 
 2.10050409e-05  1.23373751e-04 
 2.10056648e-05  7.75760597e-05 
 2.10062650e-05  1.11965890e-04 
 2.10070544e-05  7.03753406e-05 
 2.10078963e-05  9.87726567e-05 
 2.10095803e-05  6.14041005e-05 
 2.10117964e-05  9.58122075e-05 
 2.10152152e-05  6.13636261e-05 
 2.10213354e-05  9.57573251e-05 
 2.10335756e-05  6.12810500e-05 
 2.10572092e-05  9.57061000e-05 
 2.11044764e-05  6.12259609e-05 
 2.11990107e-05  9.56705969e-05 
 2.13880793e-05  6.12009801e-05 
 2.17662165e-05  9.56578682e-05 
 2.20000000e-05  6.11949499e-05 
 2.20000500e-05  5.46470309e-04 
 2.20001500e-05  4.86090589e-04 
 2.20003500e-05  8.16713787e-04 
 2.20005000e-05  1.30614379e-03 
 2.20005346e-05  6.98757907e-04 
 2.20006039e-05  5.88810309e-04 
 2.20007425e-05  5.72644053e-04 
 2.20010195e-05  5.53796008e-04 
 2.20015461e-05  3.85811837e-04 
 2.20020248e-05  1.95443849e-04 
 2.20024641e-05  2.77212006e-04 
 2.20029722e-05  1.37070776e-04 
 2.20034897e-05  1.63092617e-04 
 2.20040669e-05  7.32271923e-05 
 2.20046910e-05  1.38852519e-04 
 2.20053129e-05  7.47584460e-05 
 2.20061915e-05  1.43675111e-04 
 2.20068260e-05  7.27258276e-05 
 2.20075864e-05  1.35622351e-04 
 2.20085779e-05  6.03872065e-05 
 2.20094762e-05  1.12521761e-04 
 2.20104356e-05  4.78583746e-05 
 2.20115039e-05  1.10933783e-04 
 2.20127028e-05  4.68615138e-05 
 2.20151007e-05  1.10550058e-04 
 2.20191829e-05  4.67238746e-05 
 2.20267169e-05  1.10456551e-04 
 2.20416350e-05  4.66419135e-05 
 2.20689876e-05  1.10368832e-04 
 2.21236928e-05  4.65781804e-05 
 2.22331032e-05  1.10321589e-04 
 2.24519240e-05  4.65514200e-05 
 2.28895655e-05  1.10306932e-04 
 2.30005000e-05  4.65466427e-05 
 2.30005500e-05 -4.73740675e-04 
 2.30006500e-05 -5.54741375e-04 
 2.30008500e-05 -2.63075408e-04 
 2.30010000e-05  4.77527859e-05 
 2.30010341e-05  4.43296068e-04 
 2.30011024e-05  4.10339679e-04 
 2.30012390e-05  4.04004632e-04 
 2.30014494e-05  4.69273874e-04 
 2.30016764e-05  4.77561303e-04 
 2.30021304e-05  4.03028527e-04 
 2.30026124e-05  2.64703247e-04 
 2.30031038e-05  1.35672110e-04 
 2.30037671e-05  1.51692080e-04 
 2.30044856e-05  1.12943157e-04 
 2.30050244e-05  1.27911635e-04 
 2.30056452e-05  8.27499220e-05 
 2.30062836e-05  1.11192037e-04 
 2.30071125e-05  7.04923206e-05 
 2.30079103e-05  9.85058818e-05 
 2.30095058e-05  6.16801057e-05 
 2.30117731e-05  9.56212165e-05 
 2.30151840e-05  6.15142961e-05 
 2.30213123e-05  9.56078417e-05 
 2.30335688e-05  6.14197066e-05 
 2.30566578e-05  9.55666020e-05 
 2.31019627e-05  6.13630154e-05 
 2.31925724e-05  9.55337779e-05 
 2.33737919e-05  6.13372927e-05 
 2.37362308e-05  9.55215459e-05 
 2.40000000e-05  6.13308595e-05 
 2.40000500e-05  5.46285766e-04 
 2.40001500e-05  4.85926886e-04 
 2.40003500e-05  8.16528724e-04 
 2.40005000e-05  1.30616254e-03 
 2.40005346e-05  6.98935851e-04 
 2.40006039e-05  5.89020916e-04 
 2.40007425e-05  5.72895978e-04 
 2.40010196e-05  5.53988738e-04 
 2.40015461e-05  3.85473848e-04 
 2.40020247e-05  1.94857523e-04 
 2.40024659e-05  2.77897617e-04 
 2.40029730e-05  1.39745933e-04 
 2.40035130e-05  1.66274951e-04 
 2.40040901e-05  7.38417230e-05 
 2.40046071e-05  1.48905306e-04 
 2.40051625e-05  8.22621157e-05 
 2.40056166e-05  1.40822267e-04 
 2.40061616e-05  6.36377685e-05 
 2.40069031e-05  1.22648170e-04 
 2.40076007e-05  5.13504257e-05 
 2.40089961e-05  1.27030624e-04 
 2.40106490e-05  7.26414587e-05 
 2.40120497e-05  1.40672257e-04 
 2.40135291e-05  1.00517964e-04 
 2.40145794e-05  1.48346699e-04 
 2.40155414e-05  7.93781256e-05 
 2.40164990e-05  1.38846858e-04 
 2.40176286e-05  6.92222131e-05 
 2.40190162e-05  1.28368329e-04 
 2.40202687e-05  6.13424162e-05 
 2.40223503e-05  1.24677279e-04 
 2.40247192e-05  5.42260038e-05 
 2.40294572e-05  1.12180469e-04 
 2.40359846e-05  3.76341093e-05 
 2.40432663e-05  1.03241199e-04 
 2.40511609e-05  5.21876531e-05 
 2.40585937e-05  1.03266969e-04 
 2.40654087e-05  4.22677970e-05 
 2.40727178e-05  1.04541466e-04 
 2.40803464e-05  4.13156142e-05 
 2.40956036e-05  9.72644384e-05 
 2.41114103e-05  3.24919470e-05 
 2.41257339e-05  9.40140229e-05 
 2.41438226e-05  3.12449365e-05 
 2.41800002e-05  9.36860092e-05 
 2.42393820e-05  3.12380440e-05 
 2.43311826e-05  9.46948772e-05 
 2.44720358e-05  3.39946476e-05 
 2.47233176e-05  9.87226011e-05 
 2.50005000e-05  3.61470235e-05 
 2.50005500e-05 -4.83266774e-04 
 2.50006500e-05 -5.65934607e-04 
 2.50008500e-05 -2.73924111e-04 
 2.50010000e-05  3.67043887e-05 
 2.50010340e-05  4.32462475e-04 
 2.50011020e-05  3.99771175e-04 
 2.50012380e-05  3.93162928e-04 
 2.50014481e-05  4.58390348e-04 
 2.50016747e-05  4.66649642e-04 
 2.50021278e-05  3.91953749e-04 
 2.50026125e-05  2.53372373e-04 
 2.50031026e-05  1.23662789e-04 
 2.50037682e-05  1.37268290e-04 
 2.50044498e-05  9.79675929e-05 
 2.50050100e-05  1.04863706e-04 
 2.50056249e-05  6.40583188e-05 
 2.50062241e-05  9.97991367e-05 
 2.50070582e-05  5.92945878e-05 
 2.50079489e-05  8.73656282e-05 
 2.50096385e-05  5.05797971e-05 
 2.50118630e-05  8.47361949e-05 
 2.50153246e-05  5.05394744e-05 
 2.50217037e-05  8.47077248e-05 
 2.50344620e-05  5.04600889e-05 
 2.50580378e-05  8.46562485e-05 
 2.51051895e-05  5.04004783e-05 
 2.51994928e-05  8.46154443e-05 
 2.53880995e-05  5.03701179e-05 
 2.57653128e-05  8.46005801e-05 
 2.60000000e-05  5.03637249e-05 
 2.60000500e-05  5.35580299e-04 
 2.60001500e-05  4.75311116e-04 
 2.60003500e-05  8.05698303e-04 
 2.60005000e-05  1.29503311e-03 
 2.60005346e-05  6.87524266e-04 
 2.60006039e-05  5.77433876e-04 
 2.60007425e-05  5.61563229e-04 
 2.60010195e-05  5.42634579e-04 
 2.60015461e-05  3.75726592e-04 
 2.60020247e-05  1.87881081e-04 
 2.60024528e-05  2.61487090e-04 
 2.60029582e-05  1.16371935e-04 
 2.60035361e-05  1.46205311e-04 
 2.60041892e-05  5.93244841e-05 
 2.60048186e-05  1.27998323e-04 
 2.60055553e-05  6.88030033e-05 
 2.60064516e-05  1.34423050e-04 
 2.60071052e-05  6.03762243e-05 
 2.60078830e-05  1.23942966e-04 
 2.60087882e-05  4.41979311e-05 
 2.60097705e-05  1.02358082e-04 
 2.60106866e-05  3.52710254e-05 
 2.60118426e-05  1.01280130e-04 
 2.60131121e-05  3.46009955e-05 
 2.60153890e-05  1.00878949e-04 
 2.60186414e-05  3.45620689e-05 
 2.60241621e-05  1.00748201e-04 
 2.60334952e-05  3.45166211e-05 
 2.60487681e-05  1.00651748e-04 
 2.60793138e-05  3.44582190e-05 
 2.61404053e-05  1.00586759e-04 
 2.62625882e-05  3.44198481e-05 
 2.65069540e-05  1.00560966e-04 
 2.69956857e-05  3.44076710e-05 
 2.70005000e-05  1.00533317e-04 
 2.70005500e-05 -4.84237764e-04 
 2.70006500e-05 -5.66049597e-04 
 2.70008500e-05 -2.73721789e-04 
 2.70010000e-05  3.67752357e-05 
 2.70010342e-05  4.32438234e-04 
 2.70011025e-05  3.99581687e-04 
 2.70012392e-05  3.93162383e-04 
 2.70014496e-05  4.58242539e-04 
 2.70016767e-05  4.66509027e-04 
 2.70021309e-05  3.91978400e-04 
 2.70026125e-05  2.53678566e-04 
 2.70031040e-05  1.24243763e-04 
 2.70037674e-05  1.41492645e-04 
 2.70044850e-05  1.03278756e-04 
 2.70050235e-05  1.22270921e-04 
 2.70056440e-05  8.15508152e-05 
 2.70062814e-05  1.12939844e-04 
 2.70071117e-05  7.27019853e-05 
 2.70079108e-05  9.18175925e-05 
 2.70087721e-05  6.00020902e-05 
 2.70097365e-05  8.86905976e-05 
 2.70109196e-05  5.19021929e-05 
 2.70126503e-05  8.43257203e-05 
 2.70147377e-05  5.08038425e-05 
 2.70179748e-05  8.44462642e-05 
 2.70233125e-05  5.07050224e-05 
 2.70309681e-05  8.44608692e-05 
 2.70437276e-05  5.06388676e-05 
 2.70631976e-05  8.44426092e-05 
 2.70940645e-05  5.05955138e-05 
 2.71460413e-05  8.44230447e-05 
 2.72496322e-05  5.05696479e-05 
 2.74568139e-05  8.44086706e-05 
 2.78711775e-05  5.05584877e-05 
 2.80000000e-05  8.44059851e-05 
 2.80000500e-05  5.34613568e-04 
 2.80001500e-05  4.75445224e-04 
 2.80003500e-05  8.05171949e-04 
 2.80005000e-05  1.29519917e-03 
 2.80005347e-05  6.87678579e-04 
 2.80006040e-05  5.77597150e-04 
 2.80007426e-05  5.61999374e-04 
 2.80010198e-05  5.43197674e-04 
 2.80015463e-05  3.74609116e-04 
 2.80020250e-05  1.84340586e-04 
 2.80024661e-05  2.66468188e-04 
 2.80029732e-05  1.27916356e-04 
 2.80035124e-05  1.56728434e-04 
 2.80040873e-05  6.52009949e-05 
 2.80046115e-05  1.47804472e-04 
 2.80051807e-05  8.39069062e-05 
 2.80056407e-05  1.40661027e-04 
 2.80061895e-05  5.76470978e-05 
 2.80068314e-05  1.18315669e-04 
 2.80075714e-05  4.79635241e-05 
 2.80084762e-05  1.28396747e-04 
 2.80097878e-05  7.86127223e-05 
 2.80106796e-05  1.51284712e-04 
 2.80116819e-05  9.54073542e-05 
 2.80128181e-05  2.01894975e-04 
 2.80136899e-05  1.27989451e-04 
 2.80145503e-05  1.78796581e-04 
 2.80156207e-05  1.05378919e-04 
 2.80166211e-05  1.62566899e-04 
 2.80176809e-05  8.88489601e-05 
 2.80190224e-05  1.45570437e-04 
 2.80202589e-05  7.56214273e-05 
 2.80219216e-05  1.45067531e-04 
 2.80235911e-05  4.71094648e-05 
 2.80252943e-05  1.28105104e-04 
 2.80274872e-05  4.80066262e-05 
 2.80301203e-05  1.19037849e-04 
 2.80349857e-05  4.12828491e-05 
 2.80395320e-05  1.16079084e-04 
 2.80445192e-05  4.23038182e-05 
 2.80544935e-05  1.15212939e-04 
 2.80723877e-05  4.24935760e-05 
 2.81007336e-05  1.14908035e-04 
 2.81571360e-05  4.24341873e-05 
 2.82441479e-05  1.14695174e-04 
 2.83408890e-05  4.23566825e-05 
 2.84924203e-05  1.14593709e-04 
 2.87954829e-05  4.23355949e-05 
 2.90005000e-05  1.14565958e-04 
 2.90005500e-05 -4.71465782e-04 
 2.90006500e-05 -5.54260670e-04 
 2.90008500e-05 -2.62633208e-04 
 2.90010000e-05  4.74534725e-05 
 2.90010340e-05  4.43315633e-04 
 2.90011021e-05  4.10490528e-04 
 2.90012381e-05  4.04037162e-04 
 2.90014483e-05  4.69399265e-04 
 2.90016749e-05  4.77615131e-04 
 2.90021282e-05  4.02929986e-04 
 2.90026125e-05  2.64533877e-04 
 2.90031028e-05  1.35342520e-04 
 2.90037681e-05  1.53640783e-04 
 2.90045038e-05  1.14267994e-04 
 2.90050406e-05  1.23557708e-04 
 2.90056641e-05  7.75733443e-05 
 2.90062596e-05  1.12098957e-04 
 2.90070403e-05  7.04867797e-05 
 2.90078755e-05  9.89608844e-05 
 2.90095459e-05  6.13813852e-05 
 2.90117550e-05  9.59007659e-05 
 2.90151379e-05  6.13284330e-05 
 2.90211688e-05  9.58475403e-05 
 2.90332304e-05  6.12454093e-05 
 2.90564908e-05  9.57969017e-05 
 2.91030118e-05  6.11905356e-05 
 2.91960538e-05  9.57617300e-05 
 2.93821377e-05  6.11656724e-05 
 2.97543055e-05  9.57489361e-05 
 3.00000000e-05  6.11594222e-05 
 3.00000500e-05  5.46362491e-04 
 3.00001500e-05  4.86058248e-04 
 3.00003500e-05  8.16746559e-04 
 3.00005000e-05  1.30617964e-03 
 3.00005347e-05  6.98793308e-04 
 3.00006040e-05  5.88840826e-04 
 3.00007426e-05  5.72677047e-04 
 3.00010198e-05  5.53828086e-04 
 3.00015463e-05  3.85671325e-04 
 3.00020251e-05  1.95429620e-04 
 3.00024644e-05  2.77285897e-04 
 3.00029723e-05  1.37094682e-04 
 3.00034915e-05  1.62944058e-04 
 3.00040673e-05  7.32244645e-05 
 3.00046926e-05  1.38913218e-04 
 3.00053110e-05  7.46632093e-05 
 3.00061922e-05  1.43852227e-04 
 3.00068262e-05  7.26924186e-05 
 3.00075855e-05  1.35684011e-04 
 3.00085778e-05  6.03752069e-05 
 3.00094740e-05  1.12603289e-04 
 3.00104345e-05  4.78491416e-05 
 3.00115028e-05  1.10994824e-04 
 3.00127008e-05  4.68592555e-05 
 3.00150969e-05  1.10607055e-04 
 3.00191702e-05  4.67232720e-05 
 3.00266758e-05  1.10512643e-04 
 3.00415168e-05  4.66419298e-05 
 3.00686805e-05  1.10424692e-04 
 3.01230078e-05  4.65782499e-05 
 3.02316624e-05  1.10377179e-04 
 3.04489716e-05  4.65513231e-05 
 3.08835900e-05  1.10362323e-04 
 3.10005000e-05  4.65464273e-05 
 3.10005500e-05 -4.73722789e-04 
 3.10006500e-05 -5.54710568e-04 
 3.10008500e-05 -2.63025332e-04 
 3.10010000e-05  4.78910230e-05 
 3.10010341e-05  4.43315569e-04 
 3.10011024e-05  4.10329237e-04 
 3.10012390e-05  4.04019689e-04 
 3.10014493e-05  4.69294876e-04 
 3.10016763e-05  4.77608503e-04 
 3.10021303e-05  4.03058520e-04 
 3.10026124e-05  2.64686820e-04 
 3.10031038e-05  1.35725050e-04 
 3.10037671e-05  1.51718367e-04 
 3.10044861e-05  1.12974896e-04 
 3.10050249e-05  1.27896065e-04 
 3.10056458e-05  8.27327777e-05 
 3.10062833e-05  1.11256420e-04 
 3.10071229e-05  7.04325281e-05 
 3.10079165e-05  9.85138095e-05 
 3.10095037e-05  6.17112746e-05 
 3.10117760e-05  9.56528844e-05 
 3.10151961e-05  6.15364086e-05 
 3.10213387e-05  9.56412880e-05 
 3.10336238e-05  6.14410821e-05 
 3.10566060e-05  9.56005444e-05 
 3.11018612e-05  6.13842901e-05 
 3.11923716e-05  9.55677521e-05 
 3.13733924e-05  6.13584549e-05 
 3.17354341e-05  9.55554672e-05 
 3.20000000e-05  6.13519445e-05 
 3.20000500e-05  5.46228957e-04 
 3.20001500e-05  4.85908468e-04 
 3.20003500e-05  8.16567245e-04 
 3.20005000e-05  1.30620942e-03 
 3.20005346e-05  6.98994247e-04 
 3.20006039e-05  5.89092480e-04 
 3.20007425e-05  5.72921945e-04 
 3.20010196e-05  5.53966725e-04 
 3.20015460e-05  3.85610680e-04 
 3.20020246e-05  1.95031003e-04 
 3.20024658e-05  2.77106440e-04 
 3.20029730e-05  1.38002266e-04 
 3.20035131e-05  1.66101610e-04 
 3.20040902e-05  7.49758020e-05 
 3.20046023e-05  1.49648677e-04 
 3.20051599e-05  8.37393254e-05 
 3.20056140e-05  1.43073138e-04 
 3.20061592e-05  6.92812470e-05 
 3.20068966e-05  1.30877979e-04 
 3.20075947e-05  5.85008445e-05 
 3.20083203e-05  1.16924866e-04 
 3.20091428e-05  4.45762876e-05 
 3.20101042e-05  1.14008748e-04 
 3.20111288e-05  4.39567828e-05 
 3.20131779e-05  1.13479475e-04 
 3.20172762e-05  4.38864584e-05 
 3.20247387e-05  1.13356299e-04 
 3.20396637e-05  4.38110011e-05 
 3.20695136e-05  1.13255129e-04 
 3.21279523e-05  4.37452450e-05 
 3.22448296e-05  1.13206336e-04 
 3.24785842e-05  4.37200337e-05 
 3.29460935e-05  1.13192076e-04 
 3.30005000e-05  4.37173569e-05 
 3.30005500e-05 -4.74224753e-04 
 3.30006500e-05 -5.55048022e-04 
 3.30008500e-05 -2.66277944e-04 
 3.30010000e-05  3.35613594e-05 
 3.30010342e-05  4.29071559e-04 
 3.30011025e-05  3.97240972e-04 
 3.30012391e-05  3.92861005e-04 
 3.30014751e-05  4.65349603e-04 
 3.30017203e-05  4.60946342e-04 
 3.30022107e-05  3.79764804e-04 
 3.30026563e-05  2.29046110e-04 
 3.30031763e-05  1.17568011e-04 
 3.30038597e-05  1.26212662e-04 
 3.30046279e-05  8.95338412e-05 
 3.30056033e-05  9.99514748e-05 
 3.30065342e-05  8.40534842e-05 
 3.30074871e-05  9.29997789e-05 
 3.30089614e-05  6.97122124e-05 
 3.30105746e-05  8.78546479e-05 
 3.30134220e-05  6.92692348e-05 
 3.30177206e-05  8.79117948e-05 
 3.30263179e-05  6.91700582e-05 
 3.30435123e-05  8.78861777e-05 
 3.30779011e-05  6.91082329e-05 
 3.31466787e-05  8.78528526e-05 
 3.32842340e-05  6.90783302e-05 
 3.35593445e-05  8.78387225e-05 
 3.40000000e-05  6.90695419e-05 
