 5.00000000e-12  3.14034488e-01 
 5.14000000e-12  1.07573374e-01 
 5.42000001e-12  1.07159969e-02 
 5.98000002e-12  2.42381236e-02 
 7.10000004e-12 -1.16497581e-02 
 8.69713453e-12  1.60135639e-02 
 1.15562099e-11 -1.02049428e-02 
 1.64587504e-11  1.49724499e-02 
 2.28877408e-11 -9.68339354e-03 
 3.57457216e-11  1.45471693e-02 
 6.14616831e-11 -9.40592018e-03 
 1.12893606e-10  1.42211637e-02 
 2.15757452e-10 -1.02505500e-02 
 3.82394719e-10  1.44443375e-02 
 5.00000000e-10 -8.78879948e-03 
 5.17569672e-10  2.25410505e-03 
 5.52709016e-10  2.09373585e-03 
 6.22987705e-10  1.74717967e-03 
 7.63545082e-10  1.40415782e-03 
 1.02054409e-09  1.11049940e-03 
 1.31624532e-09  9.97147410e-04 
 1.76006551e-09  9.16867641e-04 
 2.24719897e-09  7.37453413e-04 
 2.87519706e-09  4.19083834e-04 
 3.54856867e-09  2.91101106e-04 
 4.52224090e-09  1.89699724e-04 
 5.45985870e-09  1.84934512e-04 
 6.33279124e-09  1.98986394e-04 
 7.24640297e-09  1.53034938e-04 
 7.89902611e-09  1.28633310e-04 
 8.59053176e-09  1.31018384e-04 
 9.42688440e-09  1.45546417e-04 
 1.04302374e-08  1.74875561e-04 
 1.16570401e-08  2.20642540e-04 
 1.26747047e-08  2.03139574e-04 
 1.35202250e-08  1.07015473e-04 
 1.44146543e-08  1.39658483e-04 
 1.53445078e-08  1.22661768e-04 
 1.65547064e-08  1.28003758e-04 
 1.82796697e-08  1.20437179e-04 
 2.07787960e-08  1.14285126e-04 
 2.44485785e-08  1.05692855e-04 
 2.79819657e-08  1.03754399e-04 
 3.18741394e-08  1.08175209e-04 
 3.61735178e-08  1.05638891e-04 
 4.08864790e-08  1.05410629e-04 
 4.74058317e-08  1.04907879e-04 
 5.86409199e-08  1.03661870e-04 
 7.27938695e-08  1.03276645e-04 
 9.87236373e-08  1.02956377e-04 
 1.41186889e-07  1.03269059e-04 
 2.19870539e-07  9.93566186e-05 
 3.67505741e-07  8.56769407e-05 
 5.00000000e-07  7.81097391e-05 
 5.26730320e-07  7.75533866e-05 
 5.80190961e-07  7.64385701e-05 
 6.87112243e-07  7.52307022e-05 
 8.34515619e-07  7.46422842e-05 
 9.74025540e-07  7.34655226e-05 
 1.00050000e-06  7.89797838e-05 
 1.00055000e-06 -9.84259241e-04 
 1.00065000e-06 -1.14583235e-03 
 1.00085000e-06 -7.14666816e-04 
 1.00100000e-06 -1.68613425e-04 
 1.00102923e-06  4.65167938e-04 
 1.00108770e-06  4.27683589e-04 
 1.00120463e-06  4.03411536e-04 
 1.00140645e-06  4.65345539e-04 
 1.00161788e-06  5.16686080e-04 
 1.00204075e-06  4.71941410e-04 
 1.00242748e-06  3.09897806e-04 
 1.00284536e-06  1.58151553e-04 
 1.00340871e-06  1.61807225e-04 
 1.00412274e-06  1.32319146e-04 
 1.00464714e-06  1.55986261e-04 
 1.00523226e-06  7.51907609e-05 
 1.00582090e-06  1.13655012e-04 
 1.00654060e-06  7.38032144e-05 
 1.00728765e-06  1.05574831e-04 
 1.00850565e-06  5.91858677e-05 
 1.01000129e-06  9.23020736e-05 
 1.01242374e-06  5.57629022e-05 
 1.01530285e-06  9.17150974e-05 
 1.02106106e-06  5.55986496e-05 
 1.03066249e-06  9.13726633e-05 
 1.04653092e-06  5.53158927e-05 
 1.07593637e-06  9.09275498e-05 
 1.12740720e-06  5.42820771e-05 
 1.19086042e-06  8.35135986e-05 
 1.25012345e-06  4.32136286e-05 
 1.30465599e-06  7.81726565e-05 
 1.36300642e-06  4.19888628e-05 
 1.47970728e-06  7.76954397e-05 
 1.65541832e-06  4.17972404e-05 
 1.96474751e-06  7.76605880e-05 
 2.00000000e-06  4.18071624e-05 
 2.00005000e-06  5.20472906e-04 
 2.00015000e-06  4.89910106e-04 
 2.00035000e-06  9.22965112e-04 
 2.00050000e-06  1.36106190e-03 
 2.00053505e-06  7.92420820e-04 
 2.00060515e-06  6.82203213e-04 
 2.00074534e-06  6.43505921e-04 
 2.00102573e-06  5.91358199e-04 
 2.00136762e-06  3.38832834e-04 
 2.00181816e-06  1.73233930e-04 
 2.00230186e-06  2.38908898e-04 
 2.00277372e-06  1.54666284e-04 
 2.00327843e-06  1.37394062e-04 
 2.00385771e-06  7.07176505e-05 
 2.00440540e-06  1.04692228e-04 
 2.00519686e-06  6.04278169e-05 
 2.00592153e-06  1.02627736e-04 
 2.00717609e-06  6.92135392e-05 
 2.00855642e-06  1.11362860e-04 
 2.00967601e-06  7.33840623e-05 
 2.01090963e-06  1.23215865e-04 
 2.01230341e-06  7.08458238e-05 
 2.01365973e-06  1.04032709e-04 
 2.01506310e-06  5.85186010e-05 
 2.01705682e-06  8.45896421e-05 
 2.01913381e-06  4.19279112e-05 
 2.02267083e-06  7.92110155e-05 
 2.02826365e-06  4.03624787e-05 
 2.03885158e-06  7.92743113e-05 
 2.05766550e-06  4.02861384e-05 
 2.09529333e-06  7.92538536e-05 
 2.17054899e-06  4.02429177e-05 
 2.32106030e-06  7.92331077e-05 
 2.62208294e-06  4.02252842e-05 
 3.00050000e-06  7.92265583e-05 
 3.00055000e-06 -4.94424705e-04 
 3.00065000e-06 -5.84610360e-04 
 3.00085000e-06 -3.66670336e-04 
 3.00100000e-06 -1.56988325e-05 
 3.00103225e-06  3.54095078e-04 
 3.00109675e-06  3.42118473e-04 
 3.00122575e-06  3.34841593e-04 
 3.00148374e-06  4.55781027e-04 
 3.00174838e-06  4.73519329e-04 
 3.00219602e-06  4.25834650e-04 
 3.00268040e-06  1.71002057e-04 
 3.00312787e-06  1.59794893e-04 
 3.00383505e-06  1.08911254e-04 
 3.00437677e-06  1.27559863e-04 
 3.00497915e-06  8.10197166e-05 
 3.00551138e-06  1.01322139e-04 
 3.00609936e-06  7.93987636e-05 
 3.00687638e-06  9.17074695e-05 
 3.00770081e-06  5.79470871e-05 
 3.00850219e-06  7.96627989e-05 
 3.00954241e-06  5.39726848e-05 
 3.01086351e-06  7.14573388e-05 
 3.01265174e-06  4.94318961e-05 
 3.01510039e-06  7.02498866e-05 
 3.01831495e-06  4.95160485e-05 
 3.02450101e-06  7.00838418e-05 
 3.03284806e-06  4.95307268e-05 
 3.04721964e-06  7.00197369e-05 
 3.07177602e-06  4.95242519e-05 
 3.12088878e-06  6.99812278e-05 
 3.21023367e-06  4.95069502e-05 
 3.38892345e-06  6.99609694e-05 
 3.74630300e-06  4.94969439e-05 
 4.00000000e-06  6.99539907e-05 
 4.00005000e-06  5.19100127e-04 
 4.00015000e-06  4.86446363e-04 
 4.00035000e-06  9.23264040e-04 
 4.00050000e-06  1.35968643e-03 
 4.00053505e-06  7.92881911e-04 
 4.00060514e-06  6.83064152e-04 
 4.00074533e-06  6.45265952e-04 
 4.00102571e-06  5.91703208e-04 
 4.00136809e-06  3.37763740e-04 
 4.00181836e-06  1.69367139e-04 
 4.00227709e-06  2.50728641e-04 
 4.00275835e-06  1.69993188e-04 
 4.00326281e-06  1.42017118e-04 
 4.00383285e-06  7.30260428e-05 
 4.00437975e-06  1.27571113e-04 
 4.00490732e-06  8.23764668e-05 
 4.00536201e-06  1.11350621e-04 
 4.00589185e-06  5.72951323e-05 
 4.00661541e-06  9.58858945e-05 
 4.00730590e-06  4.91065648e-05 
 4.00829602e-06  1.04222845e-04 
 4.00947425e-06  6.33147902e-05 
 4.01035932e-06  1.06063007e-04 
 4.01131998e-06  7.81951446e-05 
 4.01222415e-06  1.50579179e-04 
 4.01328796e-06  1.66863024e-04 
 4.01402115e-06  2.17207116e-04 
 4.01472569e-06  1.72437956e-04 
 4.01559474e-06  2.07440053e-04 
 4.01652630e-06  1.54866739e-04 
 4.01742285e-06  1.94830706e-04 
 4.01841456e-06  1.53792720e-04 
 4.01946609e-06  2.03066209e-04 
 4.02101385e-06  1.69105584e-04 
 4.02222089e-06  1.68092270e-04 
 4.02352324e-06  1.28913504e-04 
 4.02549393e-06  1.51985371e-04 
 4.02733867e-06  1.18204123e-04 
 4.02952150e-06  1.51662216e-04 
 4.03388717e-06  1.11624082e-04 
 4.03958557e-06  1.45835722e-04 
 4.04987780e-06  1.01918094e-04 
 4.05921288e-06  1.37314245e-04 
 4.07001794e-06  9.59134131e-05 
 4.08030121e-06  1.31250498e-04 
 4.09174729e-06  9.09238100e-05 
 4.11236672e-06  1.26337215e-04 
 4.14049187e-06  8.62629393e-05 
 4.19674217e-06  1.22930260e-04 
 4.29617147e-06  7.91879144e-05 
 4.47058351e-06  1.01504844e-04 
 4.64810684e-06  5.41749856e-05 
 4.82019194e-06  9.15907519e-05 
 5.00050000e-06  5.28769073e-05 
 5.00055000e-06 -4.81347240e-04 
 5.00065000e-06 -5.71804669e-04 
 5.00085000e-06 -3.55019958e-04 
 5.00100000e-06  4.48727434e-07 
 5.00103225e-06  3.68118167e-04 
 5.00109676e-06  3.55888621e-04 
 5.00122578e-06  3.48831367e-04 
 5.00148382e-06  4.69517547e-04 
 5.00174874e-06  4.86021252e-04 
 5.00219611e-06  4.37968524e-04 
 5.00268046e-06  1.83180769e-04 
 5.00312761e-06  1.72831241e-04 
 5.00383883e-06  1.22719471e-04 
 5.00439937e-06  1.38089546e-04 
 5.00501446e-06  7.91467485e-05 
 5.00561784e-06  9.94589681e-05 
 5.00624869e-06  7.56427927e-05 
 5.00708005e-06  9.30141074e-05 
 5.00846332e-06  6.30670037e-05 
 5.01007865e-06  8.32288639e-05 
 5.01279504e-06  6.15888654e-05 
 5.01603274e-06  8.29806664e-05 
 5.02250814e-06  6.16227190e-05 
 5.03545895e-06  8.28794620e-05 
 5.06136055e-06  6.15941263e-05 
 5.11316375e-06  8.28239043e-05 
 5.21677016e-06  6.15643965e-05 
 5.42398297e-06  8.27979583e-05 
 5.83840859e-06  6.15527087e-05 
 6.00000000e-06  8.27912700e-05 
 6.00005000e-06  5.31043057e-04 
 6.00015000e-06  4.98379083e-04 
 6.00035000e-06  9.36345485e-04 
 6.00050000e-06  1.37155151e-03 
 6.00053505e-06  8.04984416e-04 
 6.00060514e-06  6.95199236e-04 
 6.00074533e-06  6.57166249e-04 
 6.00102570e-06  6.03834147e-04 
 6.00136811e-06  3.50282902e-04 
 6.00181839e-06  1.81933524e-04 
 6.00227563e-06  2.62800702e-04 
 6.00275718e-06  1.77639043e-04 
 6.00322535e-06  1.54579896e-04 
 6.00375548e-06  8.52148589e-05 
 6.00430781e-06  1.22794163e-04 
 6.00490799e-06  8.18632506e-05 
 6.00564570e-06  1.23853055e-04 
 6.00627303e-06  7.70604618e-05 
 6.00709495e-06  1.14599845e-04 
 6.00798696e-06  6.99009871e-05 
 6.00893081e-06  9.51047265e-05 
 6.00982944e-06  5.40310844e-05 
 6.01086043e-06  9.31330456e-05 
 6.01200414e-06  5.22758912e-05 
 6.01429156e-06  9.26029786e-05 
 6.01886640e-06  5.19853824e-05 
 6.02684471e-06  9.25671120e-05 
 6.04280132e-06  5.19300857e-05 
 6.07471455e-06  9.25176482e-05 
 6.13854099e-06  5.18857437e-05 
 6.26619389e-06  9.24877716e-05 
 6.52149969e-06  5.18672554e-05 
 7.00050000e-06  9.24781613e-05 
 7.00055000e-06 -4.81569368e-04 
 7.00065000e-06 -5.72202623e-04 
 7.00085000e-06 -3.53192639e-04 
 7.00100000e-06  7.62608725e-07 
 7.00103225e-06  3.67063385e-04 
 7.00109674e-06  3.54204701e-04 
 7.00122573e-06  3.47130136e-04 
 7.00148370e-06  4.68516561e-04 
 7.00174821e-06  4.86021608e-04 
 7.00219606e-06  4.38268632e-04 
 7.00268054e-06  1.82957162e-04 
 7.00312784e-06  1.72423566e-04 
 7.00383946e-06  1.20311649e-04 
 7.00438132e-06  1.38162004e-04 
 7.00498256e-06  8.53316819e-05 
 7.00551077e-06  1.02176274e-04 
 7.00609258e-06  7.61751851e-05 
 7.00688973e-06  9.46254602e-05 
 7.00773975e-06  6.64410233e-05 
 7.00943734e-06  8.30758553e-05 
 7.01164115e-06  6.17566022e-05 
 7.01472946e-06  8.27745382e-05 
 7.01974367e-06  6.18056686e-05 
 7.02977208e-06  8.26738603e-05 
 7.04982890e-06  6.17914110e-05 
 7.08994253e-06  8.26225355e-05 
 7.17016981e-06  6.17662841e-05 
 7.33062436e-06  8.25971282e-05 
 7.65153346e-06  6.17544433e-05 
 8.00000000e-06  8.25895426e-05 
 8.00005000e-06  5.29925438e-04 
 8.00015000e-06  4.97273496e-04 
 8.00035000e-06  9.36281060e-04 
 8.00050000e-06  1.37151945e-03 
 8.00053505e-06  8.05548214e-04 
 8.00060514e-06  6.95830597e-04 
 8.00074533e-06  6.57638018e-04 
 8.00102570e-06  6.03989372e-04 
 8.00136809e-06  3.49783786e-04 
 8.00181838e-06  1.81533561e-04 
 8.00227617e-06  2.63761808e-04 
 8.00275727e-06  1.82457156e-04 
 8.00325697e-06  1.53319082e-04 
 8.00382046e-06  8.19439202e-05 
 8.00436760e-06  1.27335652e-04 
 8.00489479e-06  7.98966396e-05 
 8.00534711e-06  1.15874267e-04 
 8.00587611e-06  6.63460096e-05 
 8.00656653e-06  1.03545762e-04 
 8.00728182e-06  5.57148957e-05 
 8.00866204e-06  1.04231376e-04 
 8.01026067e-06  7.58450829e-05 
 8.01200034e-06  1.30548616e-04 
 8.01338716e-06  1.13089733e-04 
 8.01450255e-06  1.65002234e-04 
 8.01555377e-06  1.15670599e-04 
 8.01666273e-06  1.46308090e-04 
 8.01780837e-06  1.00699146e-04 
 8.01909493e-06  1.34466709e-04 
 8.02030408e-06  9.08013634e-05 
 8.02232402e-06  1.28927158e-04 
 8.02442200e-06  8.52081006e-05 
 8.02861796e-06  1.22801836e-04 
 8.03504942e-06  7.77142340e-05 
 8.04650527e-06  1.15844429e-04 
 8.06723482e-06  7.32618654e-05 
 8.09741929e-06  1.12263249e-04 
 8.15778824e-06  6.27597682e-05 
 8.25885610e-06  9.59835235e-05 
 8.36704386e-06  5.42324421e-05 
 8.49212447e-06  9.42386421e-05 
 8.65917221e-06  5.37056683e-05 
 8.99326769e-06  9.41452277e-05 
 9.00050000e-06  5.36519410e-05 
 9.00055000e-06 -4.81028136e-04 
 9.00065000e-06 -5.71360452e-04 
 9.00085000e-06 -3.53338204e-04 
 9.00100000e-06  4.14844302e-06 
 9.00103225e-06  3.69862858e-04 
 9.00109676e-06  3.57254250e-04 
 9.00122577e-06  3.50330874e-04 
 9.00148380e-06  4.71273979e-04 
 9.00174866e-06  4.87743279e-04 
 9.00219611e-06  4.39513920e-04 
 9.00268047e-06  1.84740719e-04 
 9.00312785e-06  1.74424497e-04 
 9.00383911e-06  1.24250865e-04 
 9.00439967e-06  1.39919179e-04 
 9.00501465e-06  8.08700601e-05 
 9.00561699e-06  1.01241882e-04 
 9.00624741e-06  7.73282007e-05 
 9.00707802e-06  9.48051935e-05 
 9.00845584e-06  6.47765184e-05 
 9.01006930e-06  8.50069802e-05 
 9.01278197e-06  6.32729275e-05 
 9.01601487e-06  8.47571649e-05 
 9.02248066e-06  6.33084520e-05 
 9.03541225e-06  8.46593806e-05 
 9.06127541e-06  6.32855920e-05 
 9.11300175e-06  8.46104581e-05 
 9.21645442e-06  6.32615889e-05 
 9.42335975e-06  8.45884099e-05 
 9.83717043e-06  6.32516396e-05 
 1.00000000e-05  8.45821387e-05 
 1.00000500e-05  5.31862065e-04 
 1.00001500e-05  4.99386986e-04 
 1.00003500e-05  9.38264479e-04 
 1.00005000e-05  1.37290385e-03 
 1.00005350e-05  8.06703838e-04 
 1.00006051e-05  6.96956194e-04 
 1.00007453e-05  6.58893042e-04 
 1.00010257e-05  6.05573917e-04 
 1.00013681e-05  3.51955001e-04 
 1.00018184e-05  1.83607354e-04 
 1.00022754e-05  2.64562142e-04 
 1.00027567e-05  1.79321516e-04 
 1.00032253e-05  1.56293098e-04 
 1.00037556e-05  8.69195263e-05 
 1.00043081e-05  1.24560430e-04 
 1.00049077e-05  8.35868279e-05 
 1.00056458e-05  1.25661274e-04 
 1.00062733e-05  7.88035190e-05 
 1.00070959e-05  1.16367368e-04 
 1.00079868e-05  7.16269558e-05 
 1.00089314e-05  9.68935589e-05 
 1.00098304e-05  5.57328988e-05 
 1.00108619e-05  9.49166618e-05 
 1.00120048e-05  5.39824758e-05 
 1.00142905e-05  9.43860672e-05 
 1.00188619e-05  5.36929212e-05 
 1.00267947e-05  9.43499076e-05 
 1.00426602e-05  5.36380090e-05 
 1.00743912e-05  9.43004262e-05 
 1.01378532e-05  5.35937030e-05 
 1.02647772e-05  9.42704897e-05 
 1.05186251e-05  5.35752347e-05 
 1.10005000e-05  9.42609292e-05 
 1.10005500e-05 -4.79818267e-04 
 1.10006500e-05 -5.70439596e-04 
 1.10008500e-05 -3.51255220e-04 
 1.10010000e-05  3.89124391e-06 
 1.10010322e-05  3.68930673e-04 
 1.10010967e-05  3.55792227e-04 
 1.10012257e-05  3.48806281e-04 
 1.10014837e-05  4.70355693e-04 
 1.10017482e-05  4.87798389e-04 
 1.10021961e-05  4.39874289e-04 
 1.10026805e-05  1.84591907e-04 
 1.10031280e-05  1.74170875e-04 
 1.10038395e-05  1.22059006e-04 
 1.10043809e-05  1.39964692e-04 
 1.10049819e-05  8.70569175e-05 
 1.10055106e-05  1.03926919e-04 
 1.10060919e-05  7.79082270e-05 
 1.10068894e-05  9.63899854e-05 
 1.10077397e-05  6.81693181e-05 
 1.10094358e-05  8.48403258e-05 
 1.10116404e-05  6.34845603e-05 
 1.10147270e-05  8.45367453e-05 
 1.10197419e-05  6.35339387e-05 
 1.10297719e-05  8.44358357e-05 
 1.10498318e-05  6.35197284e-05 
 1.10899516e-05  8.43845043e-05 
 1.11701911e-05  6.34946530e-05 
 1.13306703e-05  8.43591637e-05 
 1.16516286e-05  6.34829281e-05 
 1.20000000e-05  8.43517011e-05 
 1.20000500e-05  5.30994832e-04 
 1.20001500e-05  4.98568862e-04 
 1.20003500e-05  9.38101218e-04 
 1.20005000e-05  1.37305893e-03 
 1.20005350e-05  8.07290714e-04 
 1.20006051e-05  6.97599901e-04 
 1.20007453e-05  6.59376128e-04 
 1.20010257e-05  6.05722057e-04 
 1.20013681e-05  3.51475863e-04 
 1.20018184e-05  1.83226035e-04 
 1.20022760e-05  2.65531794e-04 
 1.20027569e-05  1.84194238e-04 
 1.20032565e-05  1.55104101e-04 
 1.20038200e-05  8.36726537e-05 
 1.20043671e-05  1.29093235e-04 
 1.20048943e-05  8.16243039e-05 
 1.20053465e-05  1.17646707e-04 
 1.20058754e-05  6.80793968e-05 
 1.20065658e-05  1.05315081e-04 
 1.20072809e-05  5.74458292e-05 
 1.20086610e-05  1.05980156e-04 
 1.20102583e-05  7.75097833e-05 
 1.20120000e-05  1.31897158e-04 
 1.20133870e-05  1.09376684e-04 
 1.20145031e-05  1.53863892e-04 
 1.20155551e-05  1.03861462e-04 
 1.20166649e-05  1.35028128e-04 
 1.20178111e-05  8.82753775e-05 
 1.20190983e-05  1.21685631e-04 
 1.20203083e-05  7.73004203e-05 
 1.20223301e-05  1.15906115e-04 
 1.20244294e-05  7.23428243e-05 
 1.20286278e-05  1.11332214e-04 
 1.20350668e-05  6.87233318e-05 
 1.20465418e-05  1.09673649e-04 
 1.20672925e-05  6.57065317e-05 
 1.21019763e-05  1.00287392e-04 
 1.21435209e-05  5.64498129e-05 
 1.21883151e-05  9.59239775e-05 
 1.22524534e-05  5.45125348e-05 
 1.23358755e-05  9.48202774e-05 
 1.25027195e-05  5.39698254e-05 
 1.27990799e-05  9.46081871e-05 
 1.30005000e-05  5.39492593e-05 
 1.30005500e-05 -4.80719063e-04 
 1.30006500e-05 -5.70998772e-04 
 1.30008500e-05 -3.52835538e-04 
 1.30010000e-05  5.41057689e-06 
 1.30010323e-05  3.70296798e-04 
 1.30010968e-05  3.57501516e-04 
 1.30012258e-05  3.50660921e-04 
 1.30014838e-05  4.71757776e-04 
 1.30017487e-05  4.88162249e-04 
 1.30021961e-05  4.39814539e-04 
 1.30026804e-05  1.85011432e-04 
 1.30031279e-05  1.74805255e-04 
 1.30038391e-05  1.24539104e-04 
 1.30043994e-05  1.40344419e-04 
 1.30050142e-05  8.12120625e-05 
 1.30056164e-05  1.01650855e-04 
 1.30062467e-05  7.76644226e-05 
 1.30070771e-05  9.52216367e-05 
 1.30084541e-05  6.51206071e-05 
 1.30100660e-05  8.54155325e-05 
 1.30127786e-05  6.36098245e-05 
 1.30160088e-05  8.51633765e-05 
 1.30224693e-05  6.36433342e-05 
 1.30353904e-05  8.50612291e-05 
 1.30612324e-05  6.36154913e-05 
 1.31129166e-05  8.50081893e-05 
 1.32162848e-05  6.35896384e-05 
 1.34230213e-05  8.49853651e-05 
 1.38364944e-05  6.35794375e-05 
 1.40000000e-05  8.49791378e-05 
 1.40000500e-05  5.31743302e-04 
 1.40001500e-05  4.99475201e-04 
 1.40003500e-05  9.38654577e-04 
 1.40005000e-05  1.37316272e-03 
 1.40005351e-05  8.07070215e-04 
 1.40006052e-05  6.97338895e-04 
 1.40007454e-05  6.59252880e-04 
 1.40010258e-05  6.05894279e-04 
 1.40013682e-05  3.52240600e-04 
 1.40018185e-05  1.83928775e-04 
 1.40022754e-05  2.64937870e-04 
 1.40027565e-05  1.79687070e-04 
 1.40032249e-05  1.56679978e-04 
 1.40037552e-05  8.72793935e-05 
 1.40043077e-05  1.24924990e-04 
 1.40049072e-05  8.39347734e-05 
 1.40056452e-05  1.26035162e-04 
 1.40062728e-05  7.91629445e-05 
 1.40070959e-05  1.16733908e-04 
 1.40079856e-05  7.19995207e-05 
 1.40089310e-05  9.72823875e-05 
 1.40098300e-05  5.60769516e-05 
 1.40108618e-05  9.52963250e-05 
 1.40120039e-05  5.43287559e-05 
 1.40142880e-05  9.47646396e-05 
 1.40188562e-05  5.40394554e-05 
 1.40267529e-05  9.47282964e-05 
 1.40425464e-05  5.39847917e-05 
 1.40741333e-05  9.46788052e-05 
 1.41373073e-05  5.39404778e-05 
 1.42636552e-05  9.46487888e-05 
 1.45163509e-05  5.39219632e-05 
 1.50005000e-05  9.46391837e-05 
 1.50005500e-05 -4.79450645e-04 
 1.50006500e-05 -5.70063544e-04 
 1.50008500e-05 -3.50813129e-04 
 1.50010000e-05  4.87477042e-06 
 1.50010322e-05  3.69316918e-04 
 1.50010967e-05  3.56038485e-04 
 1.50012257e-05  3.49120129e-04 
 1.50014837e-05  4.70764946e-04 
 1.50017482e-05  4.88185832e-04 
 1.50021961e-05  4.40165841e-04 
 1.50026805e-05  1.84882157e-04 
 1.50031281e-05  1.74537320e-04 
 1.50038396e-05  1.22423514e-04 
 1.50043809e-05  1.40349269e-04 
 1.50049818e-05  8.74066910e-05 
 1.50055109e-05  1.04294675e-04 
 1.50060921e-05  7.82593971e-05 
 1.50068896e-05  9.67608870e-05 
 1.50077401e-05  6.85219078e-05 
 1.50094352e-05  8.52130458e-05 
 1.50116406e-05  6.38379849e-05 
 1.50147263e-05  8.49076733e-05 
 1.50197426e-05  6.38882393e-05 
 1.50297751e-05  8.48062778e-05 
 1.50498402e-05  6.38741493e-05 
 1.50899703e-05  8.47548947e-05 
 1.51702305e-05  6.38491077e-05 
 1.53307509e-05  8.47295575e-05 
 1.56517917e-05  6.38374109e-05 
 1.60000000e-05  8.47221173e-05 
 1.60000500e-05  5.30995472e-04 
 1.60001500e-05  4.98748166e-04 
 1.60003500e-05  9.38467751e-04 
 1.60005000e-05  1.37337251e-03 
 1.60005350e-05  8.07670693e-04 
 1.60006051e-05  6.97996885e-04 
 1.60007453e-05  6.59743176e-04 
 1.60010257e-05  6.06068667e-04 
 1.60013681e-05  3.51821807e-04 
 1.60018184e-05  1.83547715e-04 
 1.60022759e-05  2.65840059e-04 
 1.60027566e-05  1.84486489e-04 
 1.60032563e-05  1.55550333e-04 
 1.60038197e-05  8.43253679e-05 
 1.60043670e-05  1.29362178e-04 
 1.60048941e-05  8.20097908e-05 
 1.60053462e-05  1.17968278e-04 
 1.60058752e-05  6.84506343e-05 
 1.60065655e-05  1.05621466e-04 
 1.60072805e-05  5.77947574e-05 
 1.60086606e-05  1.06196182e-04 
 1.60102574e-05  7.73739278e-05 
 1.60120232e-05  1.25254642e-04 
 1.60136247e-05  1.07584828e-04 
 1.60148514e-05  1.38423049e-04 
 1.60159924e-05  9.12431861e-05 
 1.60170158e-05  1.21959161e-04 
 1.60181589e-05  7.53322817e-05 
 1.60195458e-05  1.10417430e-04 
 1.60208208e-05  6.68322428e-05 
 1.60230663e-05  1.08122749e-04 
 1.60254968e-05  6.51279837e-05 
 1.60303579e-05  1.07665611e-04 
 1.60388653e-05  6.35932776e-05 
 1.60527392e-05  1.01989614e-04 
 1.60683654e-05  5.67557134e-05 
 1.60918291e-05  9.71809205e-05 
 1.61081941e-05  5.47099531e-05 
 1.61276273e-05  9.69326846e-05 
 1.61442207e-05  5.37853082e-05 
 1.61629298e-05  9.66907271e-05 
 1.61898099e-05  5.32917124e-05 
 1.62218129e-05  9.63828052e-05 
 1.62766475e-05  5.29594148e-05 
 1.63714060e-05  9.61294071e-05 
 1.65609232e-05  5.27901218e-05 
 1.69272414e-05  9.60745372e-05 
 1.70005000e-05  5.27812349e-05 
 1.70005500e-05 -4.81111092e-04 
 1.70006500e-05 -5.71173549e-04 
 1.70008500e-05 -3.51999099e-04 
 1.70010000e-05  7.92999201e-06 
 1.70010323e-05  3.72751404e-04 
 1.70010968e-05  3.60829111e-04 
 1.70012258e-05  3.54899179e-04 
 1.70014432e-05  4.54702635e-04 
 1.70016735e-05  4.91521357e-04 
 1.70021136e-05  4.59287103e-04 
 1.70025238e-05  2.55570814e-04 
 1.70029592e-05  1.70555828e-04 
 1.70035950e-05  1.40129107e-04 
 1.70042851e-05  1.30985574e-04 
 1.70047835e-05  1.14694078e-04 
 1.70053639e-05  8.58966151e-05 
 1.70059377e-05  9.57647596e-05 
 1.70065970e-05  8.22989814e-05 
 1.70073064e-05  8.78241315e-05 
 1.70087252e-05  7.00723990e-05 
 1.70107112e-05  8.01799921e-05 
 1.70134582e-05  6.89395327e-05 
 1.70173033e-05  8.02230222e-05 
 1.70249933e-05  6.88313070e-05 
 1.70386125e-05  8.01869779e-05 
 1.70624943e-05  6.87764866e-05 
 1.71098402e-05  8.01538897e-05 
 1.72045319e-05  6.87435295e-05 
 1.73939155e-05  8.01346705e-05 
 1.77726825e-05  6.87308110e-05 
 1.80000000e-05  8.01300466e-05 
 1.80000500e-05  5.29764999e-04 
 1.80001500e-05  5.00189842e-04 
 1.80003500e-05  9.39815121e-04 
 1.80005000e-05  1.37582022e-03 
 1.80005351e-05  8.09990242e-04 
 1.80006052e-05  6.98381522e-04 
 1.80007454e-05  6.56782009e-04 
 1.80010258e-05  6.02423766e-04 
 1.80014361e-05  3.10144008e-04 
 1.80018600e-05  1.81772466e-04 
 1.80022903e-05  2.64332733e-04 
 1.80027806e-05  1.78156240e-04 
 1.80032644e-05  1.61267067e-04 
 1.80038241e-05  8.17411704e-05 
 1.80043711e-05  1.27941007e-04 
 1.80050189e-05  8.41047388e-05 
 1.80057570e-05  1.27388326e-04 
 1.80063503e-05  7.56383726e-05 
 1.80070805e-05  1.16586359e-04 
 1.80080061e-05  7.22603395e-05 
 1.80088861e-05  1.02704609e-04 
 1.80099375e-05  5.55479488e-05 
 1.80108933e-05  9.62199188e-05 
 1.80122110e-05  5.41746932e-05 
 1.80136024e-05  9.54149069e-05 
 1.80160944e-05  5.37837412e-05 
 1.80197041e-05  9.53600650e-05 
 1.80256923e-05  5.37091179e-05 
 1.80359837e-05  9.53343017e-05 
 1.80532649e-05  5.36540838e-05 
 1.80878271e-05  9.52978787e-05 
 1.81569516e-05  5.36141227e-05 
 1.82866160e-05  9.52729362e-05 
 1.85459448e-05  5.35972717e-05 
 1.90005000e-05  9.52644637e-05 
 1.90005500e-05 -4.79811918e-04 
 1.90006500e-05 -5.70349433e-04 
 1.90008500e-05 -3.50028356e-04 
 1.90010000e-05  7.19678016e-06 
 1.90010322e-05  3.71972161e-04 
 1.90010967e-05  3.59729993e-04 
 1.90012257e-05  3.53666521e-04 
 1.90014432e-05  4.53716896e-04 
 1.90016734e-05  4.91079664e-04 
 1.90021129e-05  4.59502111e-04 
 1.90025227e-05  2.56053613e-04 
 1.90029578e-05  1.70943073e-04 
 1.90035938e-05  1.38784742e-04 
 1.90042842e-05  1.29208473e-04 
 1.90047732e-05  1.15883000e-04 
 1.90053550e-05  9.15643773e-05 
 1.90059335e-05  9.61952125e-05 
 1.90066534e-05  8.22516739e-05 
 1.90074624e-05  8.67464017e-05 
 1.90085654e-05  7.06380836e-05 
 1.90107712e-05  8.00091274e-05 
 1.90133097e-05  6.89404906e-05 
 1.90175566e-05  8.01891407e-05 
 1.90260505e-05  6.88281221e-05 
 1.90396706e-05  8.01698661e-05 
 1.90660544e-05  6.87799043e-05 
 1.91144827e-05  8.01424177e-05 
 1.92113392e-05  6.87506869e-05 
 1.94050524e-05  8.01254674e-05 
 1.97924787e-05  6.87388959e-05 
 2.00000000e-05  8.01214560e-05 
 2.00000500e-05  5.29391751e-04 
 2.00001500e-05  4.99720528e-04 
 2.00003500e-05  9.39698540e-04 
 2.00005000e-05  1.37579478e-03 
 2.00005351e-05  8.10178637e-04 
 2.00006052e-05  6.98643727e-04 
 2.00007454e-05  6.57044368e-04 
 2.00010258e-05  6.02625073e-04 
 2.00014354e-05  3.10259643e-04 
 2.00018595e-05  1.81185097e-04 
 2.00022907e-05  2.64974633e-04 
 2.00027805e-05  1.80627862e-04 
 2.00032805e-05  1.64081834e-04 
 2.00038380e-05  8.27573168e-05 
 2.00043876e-05  1.34459819e-04 
 2.00049780e-05  8.74575250e-05 
 2.00054694e-05  1.20716023e-04 
 2.00060249e-05  6.73589735e-05 
 2.00067621e-05  1.05133445e-04 
 2.00075252e-05  5.71356903e-05 
 2.00090092e-05  1.09717495e-04 
 2.00108457e-05  8.04261891e-05 
 2.00123494e-05  1.27409346e-04 
 2.00139196e-05  9.86805668e-05 
 2.00149595e-05  1.28788820e-04 
 2.00161325e-05  7.98132335e-05 
 2.00170599e-05  1.15694655e-04 
 2.00181354e-05  6.76644802e-05 
 2.00193762e-05  1.07340981e-04 
 2.00207470e-05  6.24624725e-05 
 2.00228218e-05  1.06822062e-04 
 2.00253888e-05  6.13687940e-05 
 2.00305230e-05  1.03677621e-04 
 2.00394921e-05  5.51865101e-05 
 2.00524574e-05  9.91012435e-05 
 2.00668575e-05  5.33377291e-05 
 2.00807187e-05  9.79217914e-05 
 2.01037752e-05  5.25557031e-05 
 2.01374709e-05  9.72963936e-05 
 2.01765548e-05  5.23836013e-05 
 2.02112034e-05  9.70162567e-05 
 2.02505055e-05  5.22613514e-05 
 2.03291097e-05  9.68950499e-05 
 2.04401301e-05  5.21757129e-05 
 2.06621708e-05  9.68533729e-05 
 2.10005000e-05  5.21616603e-05 
 2.10005500e-05 -4.80041695e-04 
 2.10006500e-05 -5.69782253e-04 
 2.10008500e-05 -3.50789774e-04 
 2.10010000e-05  8.24620244e-06 
 2.10010323e-05  3.72068026e-04 
 2.10010968e-05  3.59761364e-04 
 2.10012258e-05  3.53840614e-04 
 2.10014432e-05  4.53933790e-04 
 2.10016735e-05  4.91061487e-04 
 2.10021136e-05  4.58991842e-04 
 2.10025239e-05  2.55306454e-04 
 2.10029593e-05  1.70420574e-04 
 2.10035950e-05  1.40058648e-04 
 2.10042850e-05  1.30885963e-04 
 2.10047832e-05  1.14411176e-04 
 2.10053636e-05  8.58728454e-05 
 2.10059322e-05  9.57423705e-05 
 2.10065927e-05  8.24113338e-05 
 2.10073025e-05  8.77998617e-05 
 2.10087222e-05  7.01904966e-05 
 2.10107081e-05  8.01526172e-05 
 2.10134503e-05  6.90760001e-05 
 2.10172906e-05  8.02077153e-05 
 2.10249712e-05  6.89784662e-05 
 2.10385498e-05  8.01803159e-05 
 2.10623723e-05  6.89298525e-05 
 2.11096828e-05  8.01510768e-05 
 2.12043037e-05  6.88991542e-05 
 2.13935456e-05  8.01328821e-05 
 2.17720295e-05  6.88868537e-05 
 2.20000000e-05  8.01283859e-05 
 2.20000500e-05  5.29415697e-04 
 2.20001500e-05  4.99913890e-04 
 2.20003500e-05  9.39932005e-04 
 2.20005000e-05  1.37576778e-03 
 2.20005351e-05  8.10080620e-04 
 2.20006052e-05  6.98499629e-04 
 2.20007454e-05  6.56871192e-04 
 2.20010258e-05  6.02489815e-04 
 2.20014361e-05  3.10189677e-04 
 2.20018600e-05  1.81827297e-04 
 2.20022903e-05  2.64429579e-04 
 2.20027805e-05  1.78325420e-04 
 2.20032613e-05  1.61766994e-04 
 2.20038245e-05  8.18363544e-05 
 2.20043689e-05  1.27957270e-04 
 2.20050207e-05  8.42453954e-05 
 2.20057561e-05  1.27265869e-04 
 2.20063490e-05  7.57302871e-05 
 2.20070803e-05  1.16629757e-04 
 2.20080042e-05  7.23801404e-05 
 2.20088866e-05  1.02769402e-04 
 2.20099370e-05  5.56591448e-05 
 2.20108924e-05  9.62697130e-05 
 2.20122018e-05  5.42823838e-05 
 2.20135884e-05  9.54686030e-05 
 2.20160636e-05  5.38856355e-05 
 2.20196457e-05  9.54140427e-05 
 2.20255851e-05  5.38099335e-05 
 2.20357689e-05  9.53889692e-05 
 2.20527219e-05  5.37547277e-05 
 2.20866280e-05  9.53528921e-05 
 2.21544403e-05  5.37145110e-05 
 2.22815454e-05  9.53277498e-05 
 2.25357555e-05  5.36973984e-05 
 2.30005000e-05  9.53190512e-05 
 2.30005500e-05 -4.79729898e-04 
 2.30006500e-05 -5.70255281e-04 
 2.30008500e-05 -3.49854427e-04 
 2.30010000e-05  7.91789151e-06 
 2.30010322e-05  3.72170076e-04 
 2.30010967e-05  3.59824356e-04 
 2.30012257e-05  3.53752404e-04 
 2.30014432e-05  4.53810609e-04 
 2.30016734e-05  4.91180419e-04 
 2.30021129e-05  4.59580487e-04 
 2.30025227e-05  2.56094640e-04 
 2.30029577e-05  1.71026007e-04 
 2.30035938e-05  1.38876496e-04 
 2.30042841e-05  1.29281577e-04 
 2.30047731e-05  1.15916881e-04 
 2.30053548e-05  9.17217191e-05 
 2.30059328e-05  9.63472510e-05 
 2.30066384e-05  8.23724884e-05 
 2.30074647e-05  8.68518007e-05 
 2.30085235e-05  7.07921533e-05 
 2.30106409e-05  8.01522667e-05 
 2.30131770e-05  6.89734834e-05 
 2.30173153e-05  8.03100338e-05 
 2.30255918e-05  6.88645789e-05 
 2.30387416e-05  8.02890071e-05 
 2.30645863e-05  6.88170132e-05 
 2.31117891e-05  8.02607140e-05 
 2.32061946e-05  6.87876636e-05 
 2.33950056e-05  8.02433481e-05 
 2.37726277e-05  6.87757263e-05 
 2.40000000e-05  8.02390855e-05 
 2.40000500e-05  5.29156329e-04 
 2.40001500e-05  4.99583290e-04 
 2.40003500e-05  9.39785266e-04 
 2.40005000e-05  1.37581899e-03 
 2.40005351e-05  8.10278578e-04 
 2.40006052e-05  6.98767877e-04 
 2.40007454e-05  6.57138005e-04 
 2.40010258e-05  6.02690545e-04 
 2.40014354e-05  3.10317271e-04 
 2.40018595e-05  1.81245107e-04 
 2.40022906e-05  2.65057482e-04 
 2.40027804e-05  1.80721371e-04 
 2.40032804e-05  1.64174443e-04 
 2.40038379e-05  8.28365165e-05 
 2.40043875e-05  1.34536767e-04 
 2.40049779e-05  8.75266297e-05 
 2.40054693e-05  1.20797373e-04 
 2.40060248e-05  6.74313498e-05 
 2.40067620e-05  1.05214566e-04 
 2.40075251e-05  5.72084691e-05 
 2.40090091e-05  1.09793677e-04 
 2.40108455e-05  8.04965953e-05 
 2.40123494e-05  1.27078209e-04 
 2.40139195e-05  9.20982802e-05 
 2.40149616e-05  1.20265824e-04 
 2.40161365e-05  7.57478549e-05 
 2.40170687e-05  1.13210123e-04 
 2.40181440e-05  6.57470734e-05 
 2.40193852e-05  1.05296560e-04 
 2.40207650e-05  5.95336284e-05 
 2.40228177e-05  1.02360262e-04 
 2.40253894e-05  5.58631746e-05 
 2.40305328e-05  9.90038322e-05 
 2.40375769e-05  5.35778750e-05 
 2.40448560e-05  9.80651001e-05 
 2.40564299e-05  5.29095068e-05 
 2.40776679e-05  9.74623784e-05 
 2.41186872e-05  5.23287917e-05 
 2.41779980e-05  9.70702639e-05 
 2.42810858e-05  5.21492419e-05 
 2.44130847e-05  9.70025357e-05 
 2.45532368e-05  5.21128752e-05 
 2.47322924e-05  9.69986646e-05 
 2.50005000e-05  5.21068604e-05 
 2.50005500e-05 -4.80024497e-04 
 2.50006500e-05 -5.69737454e-04 
 2.50008500e-05 -3.50689670e-04 
 2.50010000e-05  8.74211675e-06 
 2.50010323e-05  3.72192519e-04 
 2.50010968e-05  3.59808323e-04 
 2.50012258e-05  3.53888374e-04 
 2.50014432e-05  4.53996918e-04 
 2.50016735e-05  4.91137170e-04 
 2.50021137e-05  4.59042962e-04 
 2.50025240e-05  2.55273054e-04 
 2.50029594e-05  1.70467911e-04 
 2.50035951e-05  1.40103477e-04 
 2.50042850e-05  1.30929771e-04 
 2.50047830e-05  1.14454033e-04 
 2.50053635e-05  8.59302048e-05 
 2.50059319e-05  9.57912487e-05 
 2.50065927e-05  8.24585899e-05 
 2.50073024e-05  8.78515447e-05 
 2.50087220e-05  7.02349456e-05 
 2.50107045e-05  8.02049315e-05 
 2.50134480e-05  6.91179716e-05 
 2.50172843e-05  8.02585595e-05 
 2.50249570e-05  6.90195825e-05 
 2.50385034e-05  8.02308834e-05 
 2.50622560e-05  6.89707370e-05 
 2.51094982e-05  8.02015568e-05 
 2.52039828e-05  6.89399846e-05 
 2.53929518e-05  8.01833948e-05 
 2.57708899e-05  6.89276973e-05 
 2.60000000e-05  8.01789049e-05 
 2.60000500e-05  5.29205842e-04 
 2.60001500e-05  4.99806429e-04 
 2.60003500e-05  9.39975853e-04 
 2.60005000e-05  1.37579260e-03 
 2.60005351e-05  8.10153778e-04 
 2.60006052e-05  6.98592831e-04 
 2.60007454e-05  6.56933808e-04 
 2.60010258e-05  6.02522116e-04 
 2.60014361e-05  3.10213356e-04 
 2.60018600e-05  1.81857429e-04 
 2.60022903e-05  2.64492207e-04 
 2.60027804e-05  1.78387779e-04 
 2.60032612e-05  1.61816544e-04 
 2.60038244e-05  8.18852787e-05 
 2.60043688e-05  1.28003839e-04 
 2.60050206e-05  8.42817899e-05 
 2.60057560e-05  1.27319553e-04 
 2.60063489e-05  7.57690480e-05 
 2.60070802e-05  1.16682331e-04 
 2.60080042e-05  7.24187290e-05 
 2.60088866e-05  1.02824345e-04 
 2.60099370e-05  5.57019381e-05 
 2.60108915e-05  9.63184378e-05 
 2.60121980e-05  5.43267031e-05 
 2.60135826e-05  9.55179127e-05 
 2.60160505e-05  5.39282469e-05 
 2.60196222e-05  9.54632875e-05 
 2.60255410e-05  5.38522924e-05 
 2.60356823e-05  9.54383987e-05 
 2.60525126e-05  5.37970649e-05 
 2.60861732e-05  9.54024177e-05 
 2.61534945e-05  5.37567615e-05 
 2.62795966e-05  9.53771934e-05 
 2.65318007e-05  5.37395537e-05 
 2.70005000e-05  9.53684033e-05 
 2.70005500e-05 -4.79677195e-04 
 2.70006500e-05 -5.70193574e-04 
 2.70008500e-05 -3.49770064e-04 
 2.70010000e-05  8.29302251e-06 
 2.70010322e-05  3.72268823e-04 
 2.70010967e-05  3.59862371e-04 
 2.70012257e-05  3.53793146e-04 
 2.70014432e-05  4.53863833e-04 
 2.70016734e-05  4.91245578e-04 
 2.70021129e-05  4.59634636e-04 
 2.70025227e-05  2.56100254e-04 
 2.70029577e-05  1.71078033e-04 
 2.70035937e-05  1.38932355e-04 
 2.70042840e-05  1.29333532e-04 
 2.70047730e-05  1.15955020e-04 
 2.70053546e-05  9.17782297e-05 
 2.70059327e-05  9.63927069e-05 
 2.70066382e-05  8.24195116e-05 
 2.70074646e-05  8.69008081e-05 
 2.70085231e-05  7.08342012e-05 
 2.70106400e-05  8.02035116e-05 
 2.70131757e-05  6.90137035e-05 
 2.70173123e-05  8.03616088e-05 
 2.70255855e-05  6.89043172e-05 
 2.70387316e-05  8.03407162e-05 
 2.70645154e-05  6.88566757e-05 
 2.71117155e-05  8.03124875e-05 
 2.72061156e-05  6.88272728e-05 
 2.73949160e-05  8.02951270e-05 
 2.77725166e-05  6.88153342e-05 
 2.80000000e-05  8.02908769e-05 
 2.80000500e-05  5.28997149e-04 
 2.80001500e-05  4.99513101e-04 
 2.80003500e-05  9.39824906e-04 
 2.80005000e-05  1.37586215e-03 
 2.80005351e-05  8.10354917e-04 
 2.80006052e-05  6.98862392e-04 
 2.80007454e-05  6.57201542e-04 
 2.80010258e-05  6.02721686e-04 
 2.80014354e-05  3.10341507e-04 
 2.80018595e-05  1.81276485e-04 
 2.80022906e-05  2.65120028e-04 
 2.80027803e-05  1.80787713e-04 
 2.80032803e-05  1.64225255e-04 
 2.80038378e-05  8.28863725e-05 
 2.80043874e-05  1.34581287e-04 
 2.80049779e-05  8.75622563e-05 
 2.80054693e-05  1.20849512e-04 
 2.80060248e-05  6.74695633e-05 
 2.80067620e-05  1.05267308e-04 
 2.80075250e-05  5.72466963e-05 
 2.80090090e-05  1.09846094e-04 
 2.80108454e-05  8.05591050e-05 
 2.80123494e-05  1.27019477e-04 
 2.80139194e-05  8.69987531e-05 
 2.80149678e-05  1.15778105e-04 
 2.80161447e-05  7.49065503e-05 
 2.80171419e-05  1.09859221e-04 
 2.80181963e-05  6.21941064e-05 
 2.80194715e-05  1.00300258e-04 
 2.80208772e-05  5.51370426e-05 
 2.80228650e-05  9.86088275e-05 
 2.80254428e-05  5.36125986e-05 
 2.80301892e-05  9.78956091e-05 
 2.80367637e-05  5.29505926e-05 
 2.80499125e-05  9.74317044e-05 
 2.80725629e-05  5.24855415e-05 
 2.81122354e-05  9.71034748e-05 
 2.81726579e-05  5.22580991e-05 
 2.82781299e-05  9.69846641e-05 
 2.84673671e-05  5.21996553e-05 
 2.88458415e-05  9.69679537e-05 
 2.90005000e-05  5.21943769e-05 
 2.90005500e-05 -4.79976200e-04 
 2.90006500e-05 -5.69664591e-04 
 2.90008500e-05 -3.50643442e-04 
 2.90010000e-05  9.00904768e-06 
 2.90010323e-05  3.72248757e-04 
 2.90010968e-05  3.59808446e-04 
 2.90012258e-05  3.53897923e-04 
 2.90014432e-05  4.54009449e-04 
 2.90016734e-05  4.91162454e-04 
 2.90021133e-05  4.59140113e-04 
 2.90025233e-05  2.55588244e-04 
 2.90029586e-05  1.70584442e-04 
 2.90035942e-05  1.40168111e-04 
 2.90042843e-05  1.30895805e-04 
 2.90047825e-05  1.14478434e-04 
 2.90053631e-05  8.59270176e-05 
 2.90059317e-05  9.58802050e-05 
 2.90065929e-05  8.24716846e-05 
 2.90073027e-05  8.79099952e-05 
 2.90087223e-05  7.02324624e-05 
 2.90107019e-05  8.02645926e-05 
 2.90134472e-05  6.91153833e-05 
 2.90172809e-05  8.03182909e-05 
 2.90249483e-05  6.90166936e-05 
 2.90384671e-05  8.02911069e-05 
 2.90621595e-05  6.89679694e-05 
 2.91093038e-05  8.02620521e-05 
 2.92035922e-05  6.89372296e-05 
 2.93921692e-05  8.02439028e-05 
 2.97693231e-05  6.89249223e-05 
 3.00000000e-05  8.02394095e-05 
 3.00000500e-05  5.29062284e-04 
 3.00001500e-05  4.99737035e-04 
 3.00003500e-05  9.40005386e-04 
 3.00005000e-05  1.37584282e-03 
 3.00005351e-05  8.10233644e-04 
 3.00006052e-05  6.98688297e-04 
 3.00007454e-05  6.56976120e-04 
 3.00010258e-05  6.02531518e-04 
 3.00014361e-05  3.10171603e-04 
 3.00018600e-05  1.81866544e-04 
 3.00022903e-05  2.64636343e-04 
 3.00027804e-05  1.78475130e-04 
 3.00032611e-05  1.61760533e-04 
 3.00038243e-05  8.19225497e-05 
 3.00043687e-05  1.28028707e-04 
 3.00050206e-05  8.43010511e-05 
 3.00057559e-05  1.27360245e-04 
 3.00063489e-05  7.57880205e-05 
 3.00070802e-05  1.16721220e-04 
 3.00080042e-05  7.24368367e-05 
 3.00088866e-05  1.02866095e-04 
 3.00099370e-05  5.57223667e-05 
 3.00108908e-05  9.63561159e-05 
 3.00121950e-05  5.43479315e-05 
 3.00135779e-05  9.55562254e-05 
 3.00160401e-05  5.39480505e-05 
 3.00196035e-05  9.55015513e-05 
 3.00255060e-05  5.38718868e-05 
 3.00356135e-05  9.54768126e-05 
 3.00523463e-05  5.38166465e-05 
 3.00858119e-05  9.54409140e-05 
 3.01527430e-05  5.37762770e-05 
 3.02780441e-05  9.54156268e-05 
 3.05286463e-05  5.37589953e-05 
 3.10005000e-05  9.54067646e-05 
 3.10005500e-05 -4.79637448e-04 
 3.10006500e-05 -5.70145452e-04 
 3.10008500e-05 -3.49724057e-04 
 3.10010000e-05  8.51183884e-06 
 3.10010322e-05  3.72324588e-04 
 3.10010967e-05  3.59875230e-04 
 3.10012257e-05  3.53812567e-04 
 3.10014432e-05  4.53897000e-04 
 3.10016734e-05  4.91291521e-04 
 3.10021129e-05  4.59678505e-04 
 3.10025227e-05  2.56088644e-04 
 3.10029577e-05  1.71140129e-04 
 3.10035937e-05  1.38982001e-04 
 3.10042839e-05  1.29336471e-04 
 3.10047729e-05  1.15919077e-04 
 3.10053545e-05  9.18113686e-05 
 3.10059325e-05  9.64156994e-05 
 3.10066380e-05  8.24974466e-05 
 3.10074645e-05  8.69196427e-05 
 3.10085228e-05  7.08759865e-05 
 3.10106394e-05  8.02236931e-05 
 3.10131747e-05  6.90497779e-05 
 3.10173100e-05  8.03843494e-05 
 3.10255806e-05  6.89388761e-05 
 3.10387231e-05  8.03641632e-05 
 3.10644578e-05  6.88908438e-05 
 3.11116553e-05  8.03361556e-05 
 3.12060501e-05  6.88613093e-05 
 3.13948398e-05  8.03188418e-05 
 3.17724193e-05  6.88493433e-05 
 3.20000000e-05  8.03146181e-05 
 3.20000500e-05  5.28881223e-04 
 3.20001500e-05  4.99456985e-04 
 3.20003500e-05  9.39859769e-04 
 3.20005000e-05  1.37591854e-03 
 3.20005351e-05  8.10436314e-04 
 3.20006052e-05  6.98950376e-04 
 3.20007454e-05  6.57221860e-04 
 3.20010258e-05  6.02688941e-04 
 3.20014354e-05  3.10409577e-04 
 3.20018595e-05  1.81464463e-04 
 3.20022907e-05  2.64510275e-04 
 3.20027806e-05  1.78955098e-04 
 3.20032806e-05  1.63833025e-04 
 3.20038380e-05  8.38852699e-05 
 3.20043971e-05  1.35282173e-04 
 3.20049827e-05  8.87390078e-05 
 3.20054710e-05  1.22467127e-04 
 3.20060288e-05  7.21412416e-05 
 3.20067700e-05  1.13799791e-04 
 3.20075350e-05  6.60157101e-05 
 3.20082757e-05  1.01738206e-04 
 3.20091241e-05  5.26047118e-05 
 3.20101118e-05  9.85018547e-05 
 3.20111466e-05  5.17195592e-05 
 3.20132162e-05  9.78513435e-05 
 3.20173554e-05  5.16055617e-05 
 3.20242159e-05  9.77690907e-05 
 3.20379369e-05  5.15725323e-05 
 3.20653788e-05  9.77043357e-05 
 3.21202627e-05  5.15302498e-05 
 3.22300304e-05  9.76678721e-05 
 3.24495659e-05  5.15106806e-05 
 3.28886369e-05  9.76559795e-05 
 3.30005000e-05  5.15075545e-05 
 3.30005500e-05 -4.80539128e-04 
 3.30006500e-05 -5.69913224e-04 
 3.30008500e-05 -3.53111080e-04 
 3.30010000e-05 -2.71669197e-06 
 3.30010322e-05  3.59374743e-04 
 3.30010967e-05  3.48005613e-04 
 3.30012257e-05  3.42924699e-04 
 3.30014535e-05  4.52576438e-04 
 3.30016894e-05  4.84108457e-04 
 3.30021613e-05  4.35527550e-04 
 3.30025962e-05  2.07429091e-04 
 3.30030597e-05  1.50505418e-04 
 3.30037099e-05  1.14119595e-04 
 3.30043921e-05  1.05493338e-04 
 3.30051200e-05  8.22317965e-05 
 3.30058852e-05  9.10527237e-05 
 3.30068938e-05  8.39779128e-05 
 3.30080611e-05  7.94575217e-05 
 3.30098640e-05  7.36461037e-05 
 3.30119954e-05  7.54253138e-05 
 3.30151133e-05  7.41236848e-05 
 3.30206837e-05  7.51342487e-05 
 3.30283747e-05  7.42363104e-05 
 3.30416624e-05  7.50108157e-05 
 3.30652198e-05  7.42574067e-05 
 3.31123347e-05  7.49539822e-05 
 3.31953078e-05  7.42478066e-05 
 3.33612541e-05  7.49294688e-05 
 3.36931466e-05  7.42407536e-05 
 3.40000000e-05  7.49214640e-05 
