 0.00000000e+00  1.68192469e-05 
 1.00000000e-12  6.59636409e-03 
 2.00000000e-12  7.43522196e-03 
 4.00000000e-12  7.72864950e-03 
 8.00000000e-12  7.38347353e-03 
 1.60000000e-11  7.48955487e-03 
 3.20000000e-11  7.33245660e-03 
 6.40000000e-11  9.06768434e-03 
 1.00000000e-10  1.15370659e-02 
 1.01502797e-10  4.22132506e-03 
 1.04508390e-10  2.56799127e-03 
 1.10519577e-10  3.66363605e-03 
 1.22541951e-10  2.55558775e-03 
 1.46586698e-10  3.21276476e-03 
 1.94676193e-10  2.01643380e-03 
 2.90855182e-10  2.42391827e-03 
 4.40081925e-10  1.32399896e-03 
 7.34070690e-10  1.85326857e-03 
 1.08266344e-09  7.84001126e-04 
 1.60983191e-09  1.44546029e-03 
 2.19771153e-09  6.82881406e-04 
 2.78297933e-09  1.40576975e-03 
 3.47574368e-09  6.20490034e-04 
 4.23112198e-09  1.40939494e-03 
 4.88678120e-09  3.31845296e-04 
 5.59822879e-09  9.82427899e-04 
 6.32099265e-09  1.06072064e-05 
 6.98844045e-09  8.32070445e-04 
 7.86631509e-09 -6.52736980e-05 
 8.79337863e-09  7.32811736e-04 
 9.83172350e-09 -2.07374104e-04 
 1.09902041e-08  5.22735791e-04 
 1.23366692e-08 -2.77449134e-04 
 1.37024974e-08  5.80703975e-04 
 1.50160511e-08 -2.78676741e-04 
 1.61403800e-08  5.00244105e-04 
 1.73438470e-08 -3.14990270e-04 
 1.86685589e-08  4.99917901e-04 
 2.02646375e-08 -3.15388091e-04 
 2.27806019e-08  5.03489611e-04 
 2.47347182e-08 -3.12957208e-04 
 2.72699482e-08  5.00351701e-04 
 3.01255975e-08 -3.21668052e-04 
 3.30949856e-08  5.45529674e-04 
 3.58565035e-08 -1.95945780e-04 
 3.83138386e-08  5.92786063e-04 
 3.94856868e-08 -3.22948311e-04 
 4.06432473e-08  5.38562262e-04 
 4.18709657e-08 -3.04957077e-04 
 4.33038889e-08  5.21305904e-04 
 4.52985758e-08 -3.05340304e-04 
 4.79454033e-08  5.25016210e-04 
 5.13540176e-08 -2.90256881e-04 
 5.50607785e-08  5.25675935e-04 
 5.98012015e-08 -2.92026348e-04 
 6.42577024e-08  5.26143299e-04 
 7.27433903e-08 -2.93365202e-04 
 8.51894526e-08  5.24530207e-04 
 1.08454187e-07 -2.95771058e-04 
 1.34597461e-07  5.22448396e-04 
 1.76001695e-07 -2.97238100e-04 
 2.27591456e-07  5.20057816e-04 
 2.50100000e-07 -2.99876478e-04 
 2.50110000e-07 -7.92513330e-03 
 2.50130000e-07 -8.62636838e-03 
 2.50170000e-07 -7.05591180e-03 
 2.50200000e-07 -6.81439674e-03 
 2.50200518e-07 -9.52312442e-04 
 2.50201553e-07  1.13042998e-03 
 2.50203623e-07  1.50806448e-04 
 2.50207763e-07  6.47059293e-04 
 2.50216044e-07  3.11067996e-04 
 2.50232606e-07  7.20146122e-04 
 2.50265729e-07  3.49795713e-04 
 2.50331977e-07  6.52628983e-04 
 2.50408409e-07  2.96172064e-04 
 2.50561274e-07  6.11942309e-04 
 2.50725762e-07  3.13502014e-04 
 2.51016436e-07  7.21699845e-04 
 2.51373096e-07  3.92734138e-04 
 2.51883315e-07  6.50146699e-04 
 2.52423788e-07  1.20234733e-04 
 2.53056899e-07  3.47988789e-04 
 2.53911596e-07  2.78838073e-05 
 2.54653885e-07  3.62689145e-04 
 2.55470085e-07 -1.12924870e-05 
 2.56239558e-07  2.96706009e-04 
 2.57104052e-07 -2.93153954e-05 
 2.57930652e-07  2.86895657e-04 
 2.59351615e-07 -4.51360392e-05 
 2.61246536e-07  2.69709296e-04 
 2.63519291e-07 -5.06034159e-05 
 2.67030829e-07  2.68748953e-04 
 2.72214416e-07 -5.12049684e-05 
 2.82581589e-07  2.67465334e-04 
 3.03315934e-07 -5.35250926e-05 
 3.43308424e-07  2.62687552e-04 
 4.23293404e-07 -6.28442679e-05 
 5.00000000e-07  2.51960076e-04 
 5.00010000e-07  3.81284797e-03 
 5.00030000e-07  3.72866301e-03 
 5.00070000e-07  4.62840393e-03 
 5.00100000e-07  5.47968219e-03 
 5.00104223e-07  1.50761162e-03 
 5.00112668e-07  1.02548132e-03 
 5.00129559e-07  1.28621155e-03 
 5.00163340e-07  8.42472432e-04 
 5.00230903e-07  1.05183450e-03 
 5.00366028e-07  6.07755096e-04 
 5.00553038e-07  8.70689931e-04 
 5.00927058e-07  5.22138501e-04 
 5.01510331e-07  6.15327826e-04 
 5.02040864e-07  1.19586230e-04 
 5.02610352e-07  4.53575792e-04 
 5.03289104e-07  4.36339859e-05 
 5.04080537e-07  3.12476960e-04 
 5.04829826e-07 -4.37652091e-05 
 5.05643321e-07  2.86840327e-04 
 5.06667467e-07 -5.38449251e-05 
 5.07756006e-07  2.85733156e-04 
 5.09485291e-07 -4.67480439e-05 
 5.12227750e-07  3.21967054e-04 
 5.14063684e-07 -2.90790051e-05 
 5.16139148e-07  2.86801867e-04 
 5.18399958e-07 -5.47524463e-05 
 5.20771881e-07  2.67393725e-04 
 5.23518184e-07 -7.63146237e-05 
 5.28106695e-07  2.60623417e-04 
 5.34706305e-07 -7.89880541e-05 
 5.45943662e-07  2.60196424e-04 
 5.65406142e-07 -8.02812459e-05 
 5.98454836e-07  2.58538131e-04 
 6.58399505e-07 -8.27125715e-05 
 7.50100000e-07  2.55902123e-04 
 7.50110000e-07 -3.76389781e-03 
 7.50130000e-07 -4.18662568e-03 
 7.50170000e-07 -3.44474606e-03 
 7.50200000e-07 -3.29750385e-03 
 7.50200745e-07 -3.11812667e-04 
 7.50202234e-07  6.30902540e-04 
 7.50205212e-07  2.05656030e-05 
 7.50211168e-07  4.67115660e-04 
 7.50223080e-07  1.48412115e-04 
 7.50246904e-07  5.09987615e-04 
 7.50294553e-07  2.17785418e-04 
 7.50389851e-07  5.29671534e-04 
 7.50580446e-07  2.49955218e-04 
 7.50953898e-07  6.81832390e-04 
 7.51428803e-07  3.67853913e-04 
 7.51992395e-07  5.95779930e-04 
 7.52594340e-07  5.32735495e-05 
 7.53250286e-07  3.17292406e-04 
 7.54105214e-07 -6.68190333e-06 
 7.54724830e-07  3.05465550e-04 
 7.55451604e-07 -4.37040317e-05 
 7.56121363e-07  2.65873996e-04 
 7.56854031e-07 -6.03253852e-05 
 7.57765874e-07  2.61350866e-04 
 7.58758855e-07 -6.89443345e-05 
 7.60744818e-07  2.47892403e-04 
 7.62904086e-07 -7.56028955e-05 
 7.66529964e-07  2.47411334e-04 
 7.71126062e-07 -7.55954361e-05 
 7.80318257e-07  2.47202323e-04 
 7.98702648e-07 -7.58039381e-05 
 8.35471430e-07  2.46798267e-04 
 9.09008995e-07 -7.63462987e-05 
 1.00000000e-06  2.46266029e-04 
 1.00001000e-06  3.80070436e-03 
 1.00003000e-06  3.70627763e-03 
 1.00007000e-06  4.61959429e-03 
 1.00010000e-06  5.46341729e-03 
 1.00010420e-06  1.49948977e-03 
 1.00011259e-06  1.01422968e-03 
 1.00012937e-06  1.27813548e-03 
 1.00016294e-06  8.34522518e-04 
 1.00023007e-06  1.04591738e-03 
 1.00036433e-06  6.01008552e-04 
 1.00055041e-06  8.64316827e-04 
 1.00092255e-06  5.14434988e-04 
 1.00144819e-06  6.37797461e-04 
 1.00198130e-06  1.16679067e-04 
 1.00255154e-06  4.48852279e-04 
 1.00322087e-06  4.82475162e-05 
 1.00397069e-06  3.10798582e-04 
 1.00471786e-06 -5.03076107e-05 
 1.00540885e-06  2.88375778e-04 
 1.00612961e-06 -4.80103135e-05 
 1.00693730e-06  2.86815530e-04 
 1.00770448e-06 -6.06877777e-05 
 1.00852914e-06  2.68166266e-04 
 1.00971063e-06 -7.64500361e-05 
 1.01102916e-06  2.62753822e-04 
 1.01329499e-06 -5.75602444e-05 
 1.01571418e-06  2.87701344e-04 
 1.01764559e-06 -3.89940999e-05 
 1.01938590e-06  3.38021284e-04 
 1.02065975e-06  7.08124061e-06 
 1.02205255e-06  3.27635419e-04 
 1.02362487e-06 -1.11227762e-05 
 1.02517750e-06  3.10425991e-04 
 1.02702028e-06 -2.40822170e-05 
 1.02974350e-06  3.00115159e-04 
 1.03261606e-06 -3.96238777e-05 
 1.03656262e-06  2.84102842e-04 
 1.03945779e-06 -5.48180587e-05 
 1.04271578e-06  2.73215892e-04 
 1.04521004e-06 -5.83473298e-05 
 1.04847933e-06  2.81895328e-04 
 1.05289741e-06 -3.23434260e-05 
 1.05590292e-06  2.50524015e-04 
 1.05924693e-06 -5.33333740e-05 
 1.06280156e-06  2.54123955e-04 
 1.06674929e-06 -6.11964714e-05 
 1.07267869e-06  2.48595091e-04 
 1.07949167e-06 -7.35014993e-05 
 1.08563137e-06  2.44327712e-04 
 1.09347090e-06 -7.62335359e-05 
 1.10187792e-06  2.42826369e-04 
 1.11808461e-06 -7.85624520e-05 
 1.14266768e-06  2.40908687e-04 
 1.18102605e-06 -8.17630867e-05 
 1.25010000e-06  2.34618992e-04 
 1.25011000e-06 -3.78811782e-03 
 1.25013000e-06 -4.21141265e-03 
 1.25017000e-06 -3.46157985e-03 
 1.25020000e-06 -3.30937483e-03 
 1.25020074e-06 -3.29080796e-04 
 1.25020223e-06  6.10893111e-04 
 1.25020521e-06  2.33621029e-06 
 1.25021116e-06  4.48231979e-04 
 1.25022306e-06  1.32332178e-04 
 1.25024687e-06  4.94837288e-04 
 1.25029449e-06  2.06263782e-04 
 1.25038972e-06  5.18106009e-04 
 1.25058019e-06  2.39399661e-04 
 1.25091338e-06  6.59745382e-04 
 1.25140721e-06  3.60152430e-04 
 1.25204141e-06  5.65454460e-04 
 1.25261842e-06  4.05325264e-05 
 1.25329712e-06  2.98351658e-04 
 1.25413079e-06 -1.98473511e-05 
 1.25472285e-06  2.82480965e-04 
 1.25540451e-06 -6.49863469e-05 
 1.25624461e-06  2.47533421e-04 
 1.25722255e-06 -7.02785600e-05 
 1.25822293e-06  2.43786926e-04 
 1.26022370e-06 -8.48810155e-05 
 1.26213486e-06  2.32744552e-04 
 1.26531680e-06 -8.60306949e-05 
 1.26917251e-06  2.32117628e-04 
 1.27688393e-06 -8.67700854e-05 
 1.29230677e-06  2.30616800e-04 
 1.32315246e-06 -8.92801654e-05 
 1.38484382e-06  2.27048403e-04 
 1.50000000e-06 -9.23285105e-05 
 1.50001000e-06  3.76992456e-03 
 1.50003000e-06  3.69507624e-03 
 1.50007000e-06  4.60066606e-03 
 1.50010000e-06  5.45789226e-03 
 1.50010423e-06  1.48730643e-03 
 1.50011269e-06  1.00279647e-03 
 1.50012960e-06  1.26300436e-03 
 1.50016344e-06  8.19418860e-04 
 1.50023110e-06  1.02818283e-03 
 1.50036644e-06  5.84236697e-04 
 1.50054419e-06  8.47998745e-04 
 1.50089969e-06  4.98963951e-04 
 1.50139661e-06  6.48188649e-04 
 1.50191089e-06  1.13756373e-04 
 1.50242024e-06  4.23502221e-04 
 1.50304299e-06  3.57199648e-05 
 1.50369802e-06  3.06145291e-04 
 1.50456538e-06 -6.32373935e-05 
 1.50537500e-06  2.58947527e-04 
 1.50629649e-06 -7.17693933e-05 
 1.50760334e-06  2.72802489e-04 
 1.50903528e-06 -7.43500331e-05 
 1.51043000e-06  2.59652655e-04 
 1.51183589e-06 -8.28900427e-05 
 1.51313977e-06  2.34373456e-04 
 1.51457091e-06 -9.69092468e-05 
 1.51598481e-06  2.33281791e-04 
 1.51762219e-06 -9.86173141e-05 
 1.52089694e-06  2.32834359e-04 
 1.52653652e-06 -9.88995062e-05 
 1.53729022e-06  2.32846218e-04 
 1.55879761e-06 -9.88679695e-05 
 1.60181241e-06  2.32964406e-04 
 1.68784199e-06 -9.86243535e-05 
 1.75010000e-06  2.33215112e-04 
 1.75011000e-06 -3.78487314e-03 
 1.75013000e-06 -4.20750010e-03 
 1.75017000e-06 -3.45922674e-03 
 1.75020000e-06 -3.30524142e-03 
 1.75020074e-06 -3.30319832e-04 
 1.75020223e-06  6.05367686e-04 
 1.75020521e-06 -1.41058213e-06 
 1.75021116e-06  4.43552307e-04 
 1.75022307e-06  1.27535273e-04 
 1.75024688e-06  4.89087306e-04 
 1.75029451e-06  1.99782980e-04 
 1.75038976e-06  5.10353280e-04 
 1.75058027e-06  2.31245655e-04 
 1.75091408e-06  6.52133845e-04 
 1.75140572e-06  3.53552991e-04 
 1.75204274e-06  5.58686066e-04 
 1.75261772e-06  3.51425313e-05 
 1.75330412e-06  2.94878689e-04 
 1.75414762e-06 -2.05327014e-05 
 1.75475429e-06  2.86675754e-04 
 1.75545312e-06 -5.02843779e-05 
 1.75614452e-06  2.58293323e-04 
 1.75687478e-06 -5.82075169e-05 
 1.75784875e-06  2.50663721e-04 
 1.75890352e-06 -7.94307914e-05 
 1.76008082e-06  2.36278429e-04 
 1.76150569e-06 -8.73869131e-05 
 1.76361492e-06  2.26422419e-04 
 1.76563863e-06 -9.13859921e-05 
 1.76926989e-06  2.26270295e-04 
 1.77380405e-06 -9.13741915e-05 
 1.78287236e-06  2.26234246e-04 
 1.80100899e-06 -9.13557891e-05 
 1.83728224e-06  2.26240164e-04 
 1.90982876e-06 -9.13057063e-05 
 2.00000000e-06  2.26293901e-04 
 2.00001000e-06  3.77797668e-03 
 2.00003000e-06  3.67904124e-03 
 2.00007000e-06  4.61272513e-03 
 2.00010000e-06  5.44479489e-03 
 2.00010419e-06  1.48805651e-03 
 2.00011258e-06  1.00242480e-03 
 2.00012935e-06  1.26411427e-03 
 2.00016289e-06  8.20035831e-04 
 2.00022998e-06  1.03005825e-03 
 2.00036415e-06  5.85862933e-04 
 2.00054084e-06  8.50073109e-04 
 2.00089424e-06  4.99939888e-04 
 2.00138575e-06  6.53428364e-04 
 2.00189669e-06  1.14078097e-04 
 2.00243390e-06  4.30053835e-04 
 2.00309440e-06  4.49478247e-05 
 2.00375033e-06  3.12386812e-04 
 2.00451751e-06 -5.81175500e-05 
 2.00515030e-06  2.82215412e-04 
 2.00584693e-06 -5.00103170e-05 
 2.00653201e-06  2.77088369e-04 
 2.00722427e-06 -6.60017940e-05 
 2.00797370e-06  2.62650531e-04 
 2.00885996e-06 -8.07730262e-05 
 2.00987755e-06  2.47930109e-04 
 2.01149497e-06 -7.80897855e-05 
 2.01378108e-06  2.74911788e-04 
 2.01532293e-06 -6.61823423e-05 
 2.01705972e-06  2.79405084e-04 
 2.01870408e-06 -8.56711303e-06 
 2.01994975e-06  3.40635038e-04 
 2.02111687e-06 -1.52820444e-06 
 2.02220489e-06  3.24036704e-04 
 2.02346243e-06 -1.80738599e-05 
 2.02497224e-06  3.09189162e-04 
 2.02644761e-06 -2.94899880e-05 
 2.02898127e-06  3.01182488e-04 
 2.03198959e-06 -3.84400199e-05 
 2.03800623e-06  2.89999914e-04 
 2.04932017e-06 -5.32325938e-05 
 2.06756336e-06  2.74918324e-04 
 2.10403968e-06 -6.31569789e-05 
 2.14750437e-06  2.70933051e-04 
 2.20461714e-06 -7.13208760e-05 
 2.25010000e-06  2.53815394e-04 
 2.25011000e-06 -3.77042170e-03 
 2.25013000e-06 -4.19508099e-03 
 2.25017000e-06 -3.44231821e-03 
 2.25020000e-06 -3.28374948e-03 
 2.25020074e-06 -3.10514480e-04 
 2.25020223e-06  6.24660914e-04 
 2.25020521e-06  1.85488824e-05 
 2.25021116e-06  4.62987769e-04 
 2.25022306e-06  1.47760516e-04 
 2.25024686e-06  5.09069489e-04 
 2.25029447e-06  2.20632088e-04 
 2.25038967e-06  5.30952039e-04 
 2.25058009e-06  2.52232779e-04 
 2.25091494e-06  6.72475521e-04 
 2.25140514e-06  3.72927530e-04 
 2.25197894e-06  5.97830537e-04 
 2.25257842e-06  5.82629093e-05 
 2.25322642e-06  3.14206508e-04 
 2.25406408e-06 -6.62372879e-06 
 2.25467064e-06  2.98473297e-04 
 2.25537871e-06 -5.11957310e-05 
 2.25617762e-06  2.59358541e-04 
 2.25699840e-06 -5.83232195e-05 
 2.25810083e-06  2.56288870e-04 
 2.25979151e-06 -7.21382698e-05 
 2.26174784e-06  2.43836826e-04 
 2.26451263e-06 -7.51156683e-05 
 2.26837661e-06  2.42447534e-04 
 2.27610457e-06 -7.70874645e-05 
 2.29156049e-06  2.38731186e-04 
 2.32247234e-06 -8.31206547e-05 
 2.38429603e-06  2.30598729e-04 
 2.44067855e-06 -8.94002865e-05 
 2.50000000e-06  2.27732643e-04 
 2.50001000e-06  3.77827760e-03 
 2.50003000e-06  3.67854455e-03 
 2.50007000e-06  4.61620092e-03 
 2.50010000e-06  5.44515642e-03 
 2.50010419e-06  1.48915058e-03 
 2.50011258e-06  1.00414070e-03 
 2.50012935e-06  1.26537691e-03 
 2.50016289e-06  8.21763066e-04 
 2.50022998e-06  1.03122839e-03 
 2.50036416e-06  5.87136513e-04 
 2.50054096e-06  8.50546476e-04 
 2.50089456e-06  5.00909284e-04 
 2.50138759e-06  6.54893868e-04 
 2.50189914e-06  1.17752304e-04 
 2.50240475e-06  4.25526800e-04 
 2.50302792e-06  3.91850775e-05 
 2.50367414e-06  3.09540243e-04 
 2.50454391e-06 -6.08084594e-05 
 2.50534600e-06  2.60798635e-04 
 2.50627056e-06 -7.01313145e-05 
 2.50759956e-06  2.73834395e-04 
 2.50901497e-06 -7.37874276e-05 
 2.51043687e-06  2.62662492e-04 
 2.51182797e-06 -8.12021595e-05 
 2.51311479e-06  2.36244514e-04 
 2.51452963e-06 -9.55048949e-05 
 2.51592337e-06  2.35127451e-04 
 2.51755280e-06 -9.72637020e-05 
 2.52081167e-06  2.34647145e-04 
 2.52595173e-06 -9.76346162e-05 
 2.53623185e-06  2.34483306e-04 
 2.55679211e-06 -9.79284511e-05 
 2.59791261e-06  2.34045655e-04 
 2.68015361e-06 -9.85042204e-05 
 2.75010000e-06  2.33593141e-04 
 2.75011000e-06 -3.78468928e-03 
 2.75013000e-06 -4.20727558e-03 
 2.75017000e-06 -3.45679023e-03 
 2.75020000e-06 -3.29668332e-03 
 2.75020074e-06 -3.27027219e-04 
 2.75020223e-06  6.05052685e-04 
 2.75020521e-06  6.69053046e-08 
 2.75021116e-06  4.43953039e-04 
 2.75022307e-06  1.28713919e-04 
 2.75024688e-06  4.89477136e-04 
 2.75029450e-06  2.00640260e-04 
 2.75038975e-06  5.10348991e-04 
 2.75058025e-06  2.31534878e-04 
 2.75091394e-06  6.52017295e-04 
 2.75140451e-06  3.54029874e-04 
 2.75197820e-06  5.80041638e-04 
 2.75257761e-06  4.12869942e-05 
 2.75322598e-06  2.97766742e-04 
 2.75406701e-06 -2.14584504e-05 
 2.75468364e-06  2.89143161e-04 
 2.75539918e-06 -4.88916488e-05 
 2.75605150e-06  2.59423201e-04 
 2.75677446e-06 -5.88805242e-05 
 2.75767026e-06  2.54019152e-04 
 2.75867142e-06 -7.82302038e-05 
 2.75969528e-06  2.37543358e-04 
 2.76118792e-06 -8.61072315e-05 
 2.76284792e-06  2.27363522e-04 
 2.76513106e-06 -9.13349184e-05 
 2.76795883e-06  2.26342410e-04 
 2.77218019e-06 -9.12344999e-05 
 2.78062292e-06  2.26226119e-04 
 2.79670609e-06 -9.12501765e-05 
 2.82887244e-06  2.26124618e-04 
 2.89320514e-06 -9.13422226e-05 
 3.00000000e-06  2.26015857e-04 
 3.00001000e-06  3.77492747e-03 
 3.00003000e-06  3.67358347e-03 
 3.00007000e-06  4.61551470e-03 
 3.00010000e-06  5.44073167e-03 
 3.00010419e-06  1.48714437e-03 
 3.00011258e-06  1.00176714e-03 
 3.00012935e-06  1.26325554e-03 
 3.00016290e-06  8.19537363e-04 
 3.00022999e-06  1.02945427e-03 
 3.00036417e-06  5.85691541e-04 
 3.00054089e-06  8.49706061e-04 
 3.00089434e-06  4.99871641e-04 
 3.00138585e-06  6.53089192e-04 
 3.00189665e-06  1.14015582e-04 
 3.00243342e-06  4.29679383e-04 
 3.00309385e-06  4.41043765e-05 
 3.00374963e-06  3.10983644e-04 
 3.00451655e-06 -6.08664964e-05 
 3.00514961e-06  2.81849341e-04 
 3.00584579e-06 -4.98987915e-05 
 3.00654347e-06  2.77314616e-04 
 3.00723047e-06 -6.75473690e-05 
 3.00796928e-06  2.61628301e-04 
 3.00888531e-06 -8.25342369e-05 
 3.00988472e-06  2.48432237e-04 
 3.01155140e-06 -7.40786785e-05 
 3.01316177e-06  2.64619445e-04 
 3.01461442e-06 -6.32641451e-05 
 3.01612761e-06  2.69830311e-04 
 3.01769480e-06 -1.85169747e-05 
 3.01889822e-06  3.33017932e-04 
 3.02006493e-06 -4.46297318e-06 
 3.02151391e-06  3.20313125e-04 
 3.02288631e-06 -2.51390470e-05 
 3.02420527e-06  2.99908681e-04 
 3.02585662e-06 -3.92269508e-05 
 3.02807034e-06  2.87969639e-04 
 3.03034246e-06 -4.76608660e-05 
 3.03437717e-06  2.77946122e-04 
 3.04008146e-06 -5.80692987e-05 
 3.04926002e-06  2.68422416e-04 
 3.06449200e-06 -6.37524895e-05 
 3.08827044e-06  2.64618335e-04 
 3.12600603e-06 -7.70145723e-05 
 3.16709189e-06  2.41330471e-04 
 3.20033844e-06 -9.32112533e-05 
 3.23387522e-06  2.35108662e-04 
 3.25010000e-06 -9.54320959e-05 
 3.25011000e-06 -3.79687808e-03 
 3.25013000e-06 -4.20311596e-03 
 3.25017000e-06 -3.46726760e-03 
 3.25020000e-06 -3.28511232e-03 
 3.25020073e-06 -3.33725970e-04 
 3.25020219e-06  6.05221075e-04 
 3.25020512e-06  6.64397516e-06 
 3.25021096e-06  4.40875710e-04 
 3.25022266e-06  1.34951373e-04 
 3.25024605e-06  4.87080772e-04 
 3.25029282e-06  2.08318465e-04 
 3.25038637e-06  5.09302667e-04 
 3.25057348e-06  2.38862620e-04 
 3.25090081e-06  6.46839700e-04 
 3.25139323e-06  3.62502612e-04 
 3.25202014e-06  5.62667201e-04 
 3.25260159e-06  4.38301943e-05 
 3.25327981e-06  2.90337929e-04 
 3.25412275e-06 -1.72478143e-05 
 3.25472381e-06  2.74002459e-04 
 3.25541996e-06 -6.32207254e-05 
 3.25629439e-06  2.37878133e-04 
 3.25717151e-06 -6.87873797e-05 
 3.25824194e-06  2.34129097e-04 
 3.26011600e-06 -8.31021642e-05 
 3.26203845e-06  2.23342761e-04 
 3.26512268e-06 -8.43523828e-05 
 3.26899044e-06  2.23021532e-04 
 3.27672594e-06 -8.45526715e-05 
 3.29219696e-06  2.22564177e-04 
 3.32313899e-06 -8.51858761e-05 
 3.38502304e-06  2.21657550e-04 
 3.50000000e-06 -8.61857462e-05 
 3.50001000e-06  3.76390848e-03 
 3.50003000e-06  3.68427602e-03 
 3.50007000e-06  4.60735154e-03 
 3.50010000e-06  5.45052882e-03 
 3.50010423e-06  1.48622897e-03 
 3.50011269e-06  1.00268625e-03 
 3.50012961e-06  1.26198975e-03 
 3.50016344e-06  8.19647322e-04 
 3.50023111e-06  1.02775114e-03 
 3.50036645e-06  5.85142000e-04 
 3.50054424e-06  8.48070906e-04 
 3.50089982e-06  5.00120134e-04 
 3.50139680e-06  6.48384040e-04 
 3.50191101e-06  1.14792495e-04 
 3.50242022e-06  4.23593742e-04 
 3.50304261e-06  3.59723419e-05 
 3.50369774e-06  3.05407539e-04 
 3.50456431e-06 -6.44546021e-05 
 3.50534918e-06  2.59557320e-04 
 3.50629653e-06 -7.06369332e-05 
 3.50743036e-06  2.72495586e-04 
 3.50872074e-06 -7.15722098e-05 
 3.50986722e-06  2.62406180e-04 
 3.51106021e-06 -7.70305075e-05 
 3.51249721e-06  2.38599341e-04 
 3.51407550e-06 -9.77166011e-05 
 3.51568803e-06  2.34641810e-04 
 3.51758164e-06 -9.87118473e-05 
 3.52102126e-06  2.33933729e-04 
 3.52602789e-06 -9.88603501e-05 
 3.53570018e-06  2.33837294e-04 
 3.55396327e-06 -9.89412738e-05 
 3.58776256e-06  2.33705616e-04 
 3.65536113e-06 -9.90921214e-05 
 3.75010000e-06  2.33556044e-04 
 3.75011000e-06 -3.78534903e-03 
 3.75013000e-06 -4.20769462e-03 
 3.75017000e-06 -3.45591685e-03 
 3.75020000e-06 -3.29195016e-03 
 3.75020074e-06 -3.25113719e-04 
 3.75020223e-06  6.04965669e-04 
 3.75020521e-06  9.29608969e-07 
 3.75021116e-06  4.44194880e-04 
 3.75022307e-06  1.29393108e-04 
 3.75024688e-06  4.89672173e-04 
 3.75029450e-06  2.01079588e-04 
 3.75038975e-06  5.10201935e-04 
 3.75058025e-06  2.31487566e-04 
 3.75091395e-06  6.51660935e-04 
 3.75140440e-06  3.53880133e-04 
 3.75197778e-06  5.79624931e-04 
 3.75257700e-06  4.13228221e-05 
 3.75322474e-06  2.97385728e-04 
 3.75406844e-06 -2.16237681e-05 
 3.75468541e-06  2.88513155e-04 
 3.75540061e-06 -4.89542741e-05 
 3.75605416e-06  2.59008703e-04 
 3.75677788e-06 -5.89047589e-05 
 3.75767472e-06  2.53493592e-04 
 3.75867354e-06 -7.82825315e-05 
 3.75970013e-06  2.37076612e-04 
 3.76118875e-06 -8.61781246e-05 
 3.76285630e-06  2.26882784e-04 
 3.76513844e-06 -9.13899520e-05 
 3.76797574e-06  2.25882547e-04 
 3.77220322e-06 -9.12845466e-05 
 3.78065816e-06  2.25777769e-04 
 3.79719573e-06 -9.12813008e-05 
 3.83027086e-06  2.25709966e-04 
 3.89642111e-06 -9.13222146e-05 
 4.00000000e-06  2.25660105e-04 
 4.00001000e-06  3.77273917e-03 
 4.00003000e-06  3.67065439e-03 
 4.00007000e-06  4.61683384e-03 
 4.00010000e-06  5.43845204e-03 
 4.00010419e-06  1.48657138e-03 
 4.00011258e-06  1.00134548e-03 
 4.00012935e-06  1.26273816e-03 
 4.00016290e-06  8.19241631e-04 
 4.00022999e-06  1.02911420e-03 
 4.00036417e-06  5.85560962e-04 
 4.00054089e-06  8.49476411e-04 
 4.00089432e-06  4.99802699e-04 
 4.00138585e-06  6.52900161e-04 
 4.00189668e-06  1.13879532e-04 
 4.00243335e-06  4.29387457e-04 
 4.00309369e-06  4.44304875e-05 
 4.00374953e-06  3.11697894e-04 
 4.00451615e-06 -5.82443906e-05 
 4.00514864e-06  2.81472790e-04 
 4.00584453e-06 -4.93660547e-05 
 4.00652876e-06  2.78163122e-04 
 4.00720310e-06 -6.66900415e-05 
 4.00793052e-06  2.61851266e-04 
 4.00888009e-06 -8.30081865e-05 
 4.00986067e-06  2.50789972e-04 
 4.01133099e-06 -7.25182939e-05 
 4.01253481e-06  2.55683232e-04 
 4.01382821e-06 -6.44883243e-05 
 4.01513803e-06  2.67048880e-04 
 4.01657959e-06 -4.89548944e-05 
 4.01797022e-06  3.25729758e-04 
 4.01899695e-06 -8.27678109e-06 
 4.02003926e-06  3.15439060e-04 
 4.02126133e-06 -2.25450615e-05 
 4.02242893e-06  2.95501111e-04 
 4.02363384e-06 -4.26674116e-05 
 4.02503902e-06  2.79102333e-04 
 4.02697225e-06 -5.52595465e-05 
 4.02908207e-06  2.70719700e-04 
 4.03251488e-06 -6.27516699e-05 
 4.03833319e-06  2.64861891e-04 
 4.04676111e-06 -6.61265091e-05 
 4.06177264e-06  2.57909803e-04 
 4.08521128e-06 -8.61590561e-05 
 4.10318958e-06  2.38259562e-04 
 4.12353049e-06 -9.47603724e-05 
 4.13644457e-06  2.34546199e-04 
 4.15171346e-06 -9.60349893e-05 
 4.17018918e-06  2.33762474e-04 
 4.19120342e-06 -9.66243340e-05 
 4.23323190e-06  2.33109612e-04 
 4.25010000e-06 -9.71082969e-05 
 4.25011000e-06 -3.79932743e-03 
 4.25013000e-06 -4.20488890e-03 
 4.25017000e-06 -3.46818631e-03 
 4.25020000e-06 -3.28343094e-03 
 4.25020073e-06 -3.34040851e-04 
 4.25020219e-06  6.03323615e-04 
 4.25020512e-06  5.39667171e-06 
 4.25021096e-06  4.39301692e-04 
 4.25022266e-06  1.33545121e-04 
 4.25024604e-06  4.85436961e-04 
 4.25029282e-06  2.06873159e-04 
 4.25038637e-06  5.07640075e-04 
 4.25057347e-06  2.37420079e-04 
 4.25090069e-06  6.45292105e-04 
 4.25139315e-06  3.61191788e-04 
 4.25201993e-06  5.61011479e-04 
 4.25260120e-06  4.23745969e-05 
 4.25327932e-06  2.88736370e-04 
 4.25412231e-06 -1.87240983e-05 
 4.25472285e-06  2.72326873e-04 
 4.25541816e-06 -6.46797109e-05 
 4.25629110e-06  2.36181241e-04 
 4.25717294e-06 -7.03388406e-05 
 4.25823766e-06  2.32634963e-04 
 4.26011510e-06 -8.44011794e-05 
 4.26203941e-06  2.21777437e-04 
 4.26510944e-06 -8.56620702e-05 
 4.26897748e-06  2.21549875e-04 
 4.27671356e-06 -8.57185831e-05 
 4.29218573e-06  2.21343535e-04 
 4.32313006e-06 -8.59568687e-05 
 4.38501872e-06  2.20983150e-04 
 4.50000000e-06 -8.63472217e-05 
 4.50001000e-06  3.76218879e-03 
 4.50003000e-06  3.68216948e-03 
 4.50007000e-06  4.60809993e-03 
 4.50010000e-06  5.44869483e-03 
 4.50010423e-06  1.48482003e-03 
 4.50011269e-06  1.00281649e-03 
 4.50012961e-06  1.26045066e-03 
 4.50016345e-06  8.19426317e-04 
 4.50023114e-06  1.02619601e-03 
 4.50036650e-06  5.84911848e-04 
 4.50054379e-06  8.46672241e-04 
 4.50089835e-06  5.00145346e-04 
 4.50139416e-06  6.48378394e-04 
 4.50190755e-06  1.15838068e-04 
 4.50241549e-06  4.22513780e-04 
 4.50303748e-06  3.66329588e-05 
 4.50369010e-06  3.04546145e-04 
 4.50455648e-06 -6.35917306e-05 
 4.50534026e-06  2.58537993e-04 
 4.50628143e-06 -6.94704999e-05 
 4.50743185e-06  2.71201034e-04 
 4.50870159e-06 -7.11786146e-05 
 4.50989856e-06  2.61695459e-04 
 4.51112278e-06 -7.81881853e-05 
 4.51228897e-06  2.35579881e-04 
 4.51360560e-06 -9.60892014e-05 
 4.51493115e-06  2.33146312e-04 
 4.51644161e-06 -9.77069490e-05 
 4.51946251e-06  2.32580929e-04 
 4.52550432e-06 -9.79850194e-05 
 4.53607675e-06  2.32516935e-04 
 4.55722161e-06 -9.80491823e-05 
 4.59951134e-06  2.32435812e-04 
 4.68409078e-06 -9.81326667e-05 
 4.75010000e-06  2.32376246e-04 
 4.75011000e-06 -3.78568670e-03 
 4.75013000e-06 -4.20813796e-03 
 4.75017000e-06 -3.45584258e-03 
 4.75020000e-06 -3.28961565e-03 
 4.75020074e-06 -3.24349756e-04 
 4.75020223e-06  6.04850293e-04 
 4.75020521e-06  1.28836890e-06 
 4.75021116e-06  4.44160181e-04 
 4.75022306e-06  1.29610129e-04 
 4.75024687e-06  4.89745052e-04 
 4.75029448e-06  2.01152430e-04 
 4.75038971e-06  5.10506557e-04 
 4.75058016e-06  2.31817861e-04 
 4.75091179e-06  6.51366775e-04 
 4.75140373e-06  3.53998695e-04 
 4.75203994e-06  5.58463952e-04 
 4.75261450e-06  3.59147496e-05 
 4.75330035e-06  2.94474149e-04 
 4.75414984e-06 -2.01495558e-05 
 4.75475788e-06  2.86011558e-04 
 4.75545637e-06 -4.99272455e-05 
 4.75615212e-06  2.57592499e-04 
 4.75688525e-06 -5.78214881e-05 
 4.75786026e-06  2.49625397e-04 
 4.75891400e-06 -7.89470677e-05 
 4.76014644e-06  2.35237417e-04 
 4.76154603e-06 -8.72023900e-05 
 4.76353082e-06  2.25683813e-04 
 4.76560571e-06 -9.10426723e-05 
 4.76918238e-06  2.25417159e-04 
 4.77385009e-06 -9.10342840e-05 
 4.78318552e-06  2.25363660e-04 
 4.80185637e-06 -9.10467955e-05 
 4.83919808e-06  2.25316282e-04 
 4.91388151e-06 -9.10786010e-05 
 5.00000000e-06  2.25286355e-04 
 5.00001000e-06  3.77105197e-03 
 5.00003000e-06  3.66932015e-03 
 5.00007000e-06  4.61789054e-03 
 5.00010000e-06  5.43814057e-03 
 5.00010419e-06  1.48658810e-03 
 5.00011258e-06  1.00207798e-03 
 5.00012934e-06  1.26241235e-03 
 5.00016288e-06  8.19769314e-04 
 5.00022995e-06  1.02860365e-03 
 5.00036410e-06  5.85663311e-04 
 5.00054032e-06  8.48726145e-04 
 5.00089275e-06  4.99911307e-04 
 5.00138307e-06  6.53628247e-04 
 5.00189307e-06  1.14876078e-04 
 5.00242826e-06  4.28404949e-04 
 5.00308824e-06  4.48774938e-05 
 5.00374133e-06  3.11422167e-04 
 5.00450735e-06 -5.76945074e-05 
 5.00513973e-06  2.81397374e-04 
 5.00583604e-06 -4.82402720e-05 
 5.00652269e-06  2.77481550e-04 
 5.00719831e-06 -6.74456964e-05 
 5.00791992e-06  2.60056110e-04 
 5.00897765e-06 -8.32367079e-05 
 5.00994387e-06  2.52319497e-04 
 5.01179123e-06 -7.30356172e-05 
 5.01294360e-06  2.55476099e-04 
 5.01429174e-06 -6.01480806e-05 
 5.01559584e-06  2.60952147e-04 
 5.01714768e-06 -3.89780551e-05 
 5.01863777e-06  3.13949773e-04 
 5.02001139e-06 -2.59884954e-05 
 5.02150971e-06  2.91509051e-04 
 5.02284472e-06 -4.96032747e-05 
 5.02423335e-06  2.69909653e-04 
 5.02587428e-06 -6.35346716e-05 
 5.02798005e-06  2.62655962e-04 
 5.03025537e-06 -6.55434647e-05 
 5.03405269e-06  2.59539616e-04 
 5.03949952e-06 -7.14779547e-05 
 5.04816971e-06  2.45249917e-04 
 5.06276339e-06 -8.02178334e-05 
 5.07838289e-06  2.45529110e-04 
 5.09297220e-06 -8.87864231e-05 
 5.10713183e-06  2.32333601e-04 
 5.12256924e-06 -9.38320826e-05 
 5.14370384e-06  2.31413113e-04 
 5.16660430e-06 -9.45707332e-05 
 5.21240524e-06  2.30575037e-04 
 5.25010000e-06 -9.53371950e-05 
 5.25011000e-06 -3.79885510e-03 
 5.25013000e-06 -4.20510541e-03 
 5.25017000e-06 -3.46814880e-03 
 5.25020000e-06 -3.28190591e-03 
 5.25020073e-06 -3.33587218e-04 
 5.25020219e-06  6.02964971e-04 
 5.25020512e-06  5.42851079e-06 
 5.25021096e-06  4.39123305e-04 
 5.25022266e-06  1.33497946e-04 
 5.25024604e-06  4.85250915e-04 
 5.25029282e-06  2.06627339e-04 
 5.25038637e-06  5.07253238e-04 
 5.25057347e-06  2.36958755e-04 
 5.25090105e-06  6.44926422e-04 
 5.25139343e-06  3.60663241e-04 
 5.25201124e-06  5.63521657e-04 
 5.25259577e-06  4.27130499e-05 
 5.25327523e-06  2.88370049e-04 
 5.25412665e-06 -1.93242300e-05 
 5.25472961e-06  2.71823237e-04 
 5.25542818e-06 -6.53675417e-05 
 5.25630777e-06  2.35983360e-04 
 5.25721024e-06 -7.07733630e-05 
 5.25826768e-06  2.32031474e-04 
 5.26015659e-06 -8.50841492e-05 
 5.26208759e-06  2.21494088e-04 
 5.26521387e-06 -8.61504109e-05 
 5.26910383e-06  2.21288134e-04 
 5.27688376e-06 -8.61753408e-05 
 5.29244362e-06  2.21135381e-04 
 5.32356334e-06 -8.63189780e-05 
 5.38580277e-06  2.20919107e-04 
 5.50000000e-06 -8.65364618e-05 
 5.50001000e-06  3.76095157e-03 
 5.50003000e-06  3.68095768e-03 
 5.50007000e-06  4.60858907e-03 
 5.50010000e-06  5.44790600e-03 
 5.50010423e-06  1.48504918e-03 
 5.50011269e-06  1.00263244e-03 
 5.50012961e-06  1.26071450e-03 
 5.50016345e-06  8.19615182e-04 
 5.50023112e-06  1.02665878e-03 
 5.50036648e-06  5.85286749e-04 
 5.50054425e-06  8.47129712e-04 
 5.50089980e-06  5.00316190e-04 
 5.50139682e-06  6.47395915e-04 
 5.50191116e-06  1.14828894e-04 
 5.50242018e-06  4.22627838e-04 
 5.50304251e-06  3.66829068e-05 
 5.50369771e-06  3.05029023e-04 
 5.50456367e-06 -6.17931314e-05 
 5.50537970e-06  2.57963564e-04 
 5.50630400e-06 -6.94345264e-05 
 5.50761365e-06  2.70848690e-04 
 5.50881995e-06 -7.11039028e-05 
 5.51016596e-06  2.60415626e-04 
 5.51150468e-06 -8.49865321e-05 
 5.51281826e-06  2.32858222e-04 
 5.51418342e-06 -9.62729558e-05 
 5.51572252e-06  2.32316355e-04 
 5.51745529e-06 -9.76019021e-05 
 5.52055806e-06  2.32185958e-04 
 5.52510703e-06 -9.77613603e-05 
 5.53374410e-06  2.32158169e-04 
 5.54978807e-06 -9.78135241e-05 
 5.57950452e-06  2.32104403e-04 
 5.63849914e-06 -9.78698290e-05 
 5.75010000e-06  2.32052387e-04 
 5.75011000e-06 -3.78509295e-03 
 5.75013000e-06 -4.20736794e-03 
 5.75017000e-06 -3.45534898e-03 
 5.75020000e-06 -3.28804785e-03 
 5.75020074e-06 -3.23782991e-04 
 5.75020223e-06  6.04386242e-04 
 5.75020521e-06  1.18786898e-06 
 5.75021116e-06  4.43983910e-04 
 5.75022307e-06  1.29424553e-04 
 5.75024688e-06  4.89359884e-04 
 5.75029451e-06  2.00879196e-04 
 5.75038976e-06  5.09717289e-04 
 5.75058026e-06  2.31218123e-04 
 5.75091383e-06  6.51352687e-04 
 5.75140492e-06  3.53826148e-04 
 5.75203751e-06  5.59555637e-04 
 5.75261297e-06  3.60436663e-05 
 5.75329702e-06  2.94383008e-04 
 5.75414042e-06 -2.04166726e-05 
 5.75474762e-06  2.85839358e-04 
 5.75544734e-06 -4.98070746e-05 
 5.75613510e-06  2.57633031e-04 
 5.75686419e-06 -5.78952100e-05 
 5.75782754e-06  2.50110629e-04 
 5.75887420e-06 -7.89664252e-05 
 5.76005119e-06  2.35507790e-04 
 5.76146869e-06 -8.69847654e-05 
 5.76355010e-06  2.25600421e-04 
 5.76558795e-06 -9.10939024e-05 
 5.76916308e-06  2.25405862e-04 
 5.77365880e-06 -9.10857277e-05 
 5.78265023e-06  2.25352276e-04 
 5.80063309e-06 -9.10953719e-05 
 5.83659882e-06  2.25306600e-04 
 5.90853027e-06 -9.11237804e-05 
 6.00000000e-06  2.25278847e-04 
 6.00001000e-06  3.77002625e-03 
 6.00003000e-06  3.66812643e-03 
 6.00007000e-06  4.61772248e-03 
 6.00010000e-06  5.43660225e-03 
 6.00010419e-06  1.48606734e-03 
 6.00011258e-06  1.00109436e-03 
 6.00012935e-06  1.26225152e-03 
 6.00016289e-06  8.19095197e-04 
 6.00022998e-06  1.02877153e-03 
 6.00036414e-06  5.85557593e-04 
 6.00054083e-06  8.49254261e-04 
 6.00089420e-06  4.99876304e-04 
 6.00138572e-06  6.52803872e-04 
 6.00189665e-06  1.13932043e-04 
 6.00243344e-06  4.29087485e-04 
 6.00309351e-06  4.35197982e-05 
 6.00374994e-06  3.10088812e-04 
 6.00451590e-06 -6.02334010e-05 
 6.00514767e-06  2.83221572e-04 
 6.00584282e-06 -4.79700712e-05 
 6.00653823e-06  2.76360912e-04 
 6.00725929e-06 -7.07545172e-05 
 6.00800636e-06  2.58839360e-04 
 6.00907732e-06 -8.37792496e-05 
 6.01013763e-06  2.54064512e-04 
 6.01204746e-06 -7.39072986e-05 
 6.01325834e-06  2.57661947e-04 
 6.01466445e-06 -6.13712078e-05 
 6.01600681e-06  2.60562267e-04 
 6.01753518e-06 -4.18141308e-05 
 6.01909165e-06  3.04612090e-04 
 6.02049717e-06 -3.83224107e-05 
 6.02211779e-06  2.75287155e-04 
 6.02369610e-06 -5.98264864e-05 
 6.02530731e-06  2.59592994e-04 
 6.02721081e-06 -6.86050871e-05 
 6.03003975e-06  2.54763715e-04 
 6.03294273e-06 -7.62956855e-05 
 6.03874868e-06  2.45162295e-04 
 6.04739953e-06 -8.03215802e-05 
 6.05591793e-06  2.47476045e-04 
 6.06806611e-06 -7.93772040e-05 
 6.08593223e-06  2.45505419e-04 
 6.10855459e-06 -8.38614812e-05 
 6.12961514e-06  2.36650149e-04 
 6.15276084e-06 -9.34487096e-05 
 6.18754609e-06  2.30910130e-04 
 6.22545135e-06 -9.56065749e-05 
 6.25010000e-06  2.30403597e-04 
 6.25011000e-06 -3.79036321e-03 
 6.25013000e-06 -4.21420548e-03 
 6.25017000e-06 -3.45887416e-03 
 6.25020000e-06 -3.29045781e-03 
 6.25020074e-06 -3.24841714e-04 
 6.25020223e-06  6.05018936e-04 
 6.25020521e-06  1.45791587e-06 
 6.25021116e-06  4.44318551e-04 
 6.25022306e-06  1.30172490e-04 
 6.25024686e-06  4.90295436e-04 
 6.25029446e-06  2.02498863e-04 
 6.25038967e-06  5.11518906e-04 
 6.25058008e-06  2.33309157e-04 
 6.25091487e-06  6.53036899e-04 
 6.25140532e-06  3.54191992e-04 
 6.25204128e-06  5.57481562e-04 
 6.25261535e-06  3.46044010e-05 
 6.25330127e-06  2.92077420e-04 
 6.25414108e-06 -2.39648030e-05 
 6.25473765e-06  2.75870962e-04 
 6.25542722e-06 -7.04258192e-05 
 6.25628014e-06  2.40621401e-04 
 6.25722024e-06 -7.57021263e-05 
 6.25824206e-06  2.36767525e-04 
 6.26028571e-06 -9.03788448e-05 
 6.26218587e-06  2.26069930e-04 
 6.26541870e-06 -9.10674233e-05 
 6.26928247e-06  2.25881749e-04 
 6.27701001e-06 -9.10905695e-05 
 6.29246510e-06  2.25750112e-04 
 6.32337528e-06 -9.12011393e-05 
 6.38519563e-06  2.25594594e-04 
 6.50000000e-06 -9.13406329e-05 
 6.50001000e-06  3.76056124e-03 
 6.50003000e-06  3.68053332e-03 
 6.50007000e-06  4.60871088e-03 
 6.50010000e-06  5.44747344e-03 
 6.50010423e-06  1.48520623e-03 
 6.50011269e-06  1.00203969e-03 
 6.50012960e-06  1.26103953e-03 
 6.50016343e-06  8.19148737e-04 
 6.50023110e-06  1.02699915e-03 
 6.50036643e-06  5.84834904e-04 
 6.50054418e-06  8.47469601e-04 
 6.50089969e-06  4.99894572e-04 
 6.50139660e-06  6.47938199e-04 
 6.50191076e-06  1.14581241e-04 
 6.50241978e-06  4.22967921e-04 
 6.50304177e-06  3.55368724e-05 
 6.50369676e-06  3.04378347e-04 
 6.50456309e-06 -6.51194347e-05 
 6.50535099e-06  2.58574727e-04 
 6.50628479e-06 -7.15824352e-05 
 6.50742734e-06  2.71698321e-04 
 6.50873472e-06 -7.01938912e-05 
 6.50988114e-06  2.62886171e-04 
 6.51107587e-06 -7.89077509e-05 
 6.51219207e-06  2.36406633e-04 
 6.51350092e-06 -9.68365435e-05 
 6.51481562e-06  2.33652965e-04 
 6.51630359e-06 -9.83837290e-05 
 6.51927952e-06  2.33037681e-04 
 6.52523139e-06 -9.86542060e-05 
 6.53558586e-06  2.32973807e-04 
 6.55629479e-06 -9.87013038e-05 
 6.59771265e-06  2.32915405e-04 
 6.68054838e-06 -9.87486241e-05 
 6.75010000e-06  2.32883709e-04 
 6.75011000e-06 -3.78561870e-03 
 6.75013000e-06 -4.20787466e-03 
 6.75017000e-06 -3.45493735e-03 
 6.75020000e-06 -3.28712615e-03 
 6.75020074e-06 -3.23172305e-04 
 6.75020223e-06  6.04879888e-04 
 6.75020521e-06  1.77879889e-06 
 6.75021116e-06  4.44422464e-04 
 6.75022307e-06  1.29968738e-04 
 6.75024688e-06  4.89750670e-04 
 6.75029450e-06  2.01326044e-04 
 6.75038974e-06  5.09944313e-04 
 6.75058023e-06  2.31416871e-04 
 6.75091380e-06  6.51375032e-04 
 6.75140506e-06  3.53838737e-04 
 6.75204196e-06  5.57918301e-04 
 6.75261581e-06  3.58085483e-05 
 6.75330216e-06  2.94066307e-04 
 6.75414871e-06 -2.02851043e-05 
 6.75475528e-06  2.85601578e-04 
 6.75545230e-06 -5.00960998e-05 
 6.75614919e-06  2.57406783e-04 
 6.75688196e-06 -5.77859793e-05 
 6.75786461e-06  2.49611722e-04 
 6.75892474e-06 -7.92631847e-05 
 6.76004531e-06  2.35532402e-04 
 6.76151108e-06 -8.71374709e-05 
 6.76358453e-06  2.25558817e-04 
 6.76560774e-06 -9.10897114e-05 
 6.76920971e-06  2.25371659e-04 
 6.77374438e-06 -9.10843335e-05 
 6.78281372e-06  2.25320009e-04 
 6.80095240e-06 -9.10939430e-05 
 6.83722976e-06  2.25276148e-04 
 6.90978448e-06 -9.11205529e-05 
 7.00000000e-06  2.25250387e-04 
 7.00001000e-06  3.76973495e-03 
 7.00003000e-06  3.66786905e-03 
 7.00007000e-06  4.61789748e-03 
 7.00010000e-06  5.43635389e-03 
 7.00010419e-06  1.48602070e-03 
 7.00011258e-06  1.00101799e-03 
 7.00012935e-06  1.26225818e-03 
 7.00016289e-06  8.19044483e-04 
 7.00022998e-06  1.02877158e-03 
 7.00036414e-06  5.85467574e-04 
 7.00054085e-06  8.49226393e-04 
 7.00089426e-06  4.99801434e-04 
 7.00138576e-06  6.52766635e-04 
 7.00189658e-06  1.13876849e-04 
 7.00243335e-06  4.29104529e-04 
 7.00309313e-06  4.40849046e-05 
 7.00374946e-06  3.10981766e-04 
 7.00451536e-06 -5.80932624e-05 
 7.00514640e-06  2.82912359e-04 
 7.00584169e-06 -4.76331323e-05 
 7.00652532e-06  2.77113289e-04 
 7.00721572e-06 -6.85002887e-05 
 7.00794455e-06  2.58913966e-04 
 7.00899693e-06 -8.51545671e-05 
 7.00999881e-06  2.49063590e-04 
 7.01151227e-06 -7.26219662e-05 
 7.01298936e-06  2.56779293e-04 
 7.01435876e-06 -6.34352829e-05 
 7.01585339e-06  2.61529285e-04 
 7.01745355e-06 -5.30146142e-05 
 7.01929260e-06  2.98745168e-04 
 7.02052131e-06 -4.39384175e-05 
 7.02185593e-06  2.76454024e-04 
 7.02312688e-06 -5.33263274e-05 
 7.02442963e-06  2.70000908e-04 
 7.02594423e-06 -5.76054263e-05 
 7.02804352e-06  2.66123414e-04 
 7.03021582e-06 -6.53436766e-05 
 7.03407885e-06  2.53294374e-04 
 7.03970493e-06 -7.48128267e-05 
 7.04670702e-06  2.50400877e-04 
 7.05647739e-06 -7.53384502e-05 
 7.07601815e-06  2.49965841e-04 
 7.09460898e-06 -6.71761803e-05 
 7.10856819e-06  2.45508945e-04 
 7.12190704e-06 -7.14336439e-05 
 7.14367340e-06  2.44921295e-04 
 7.16441356e-06 -7.42442614e-05 
 7.19134330e-06  2.44078208e-04 
 7.22129198e-06 -7.45025802e-05 
 7.25010000e-06  2.44081447e-04 
 7.25011000e-06 -3.77510887e-03 
 7.25013000e-06 -4.19862307e-03 
 7.25017000e-06 -3.44142843e-03 
 7.25020000e-06 -3.27187261e-03 
 7.25020074e-06 -3.07001481e-04 
 7.25020223e-06  6.22392524e-04 
 7.25020521e-06  1.92396355e-05 
 7.25021116e-06  4.61647027e-04 
 7.25022306e-06  1.47016913e-04 
 7.25024686e-06  5.06318654e-04 
 7.25029446e-06  2.17897263e-04 
 7.25038967e-06  5.27614782e-04 
 7.25058008e-06  2.50649502e-04 
 7.25091873e-06  6.72242664e-04 
 7.25140714e-06  3.71838693e-04 
 7.25197856e-06  5.96884911e-04 
 7.25257748e-06  5.85011038e-05 
 7.25322434e-06  3.16663691e-04 
 7.25406127e-06 -2.76159050e-06 
 7.25467242e-06  3.03279754e-04 
 7.25538288e-06 -4.77293861e-05 
 7.25619346e-06  2.60394579e-04 
 7.25702474e-06 -5.84015117e-05 
 7.25813172e-06  2.55714186e-04 
 7.25984048e-06 -7.23862110e-05 
 7.26179019e-06  2.44146931e-04 
 7.26460124e-06 -7.42822579e-05 
 7.26846796e-06  2.43949848e-04 
 7.27620141e-06 -7.42731896e-05 
 7.29166832e-06  2.43845223e-04 
 7.32155195e-06 -7.43238668e-05 
 7.38131921e-06  2.43762791e-04 
 7.50000000e-06 -7.43887824e-05 
 7.50001000e-06  3.77730538e-03 
 7.50003000e-06  3.69751200e-03 
 7.50007000e-06  4.62456143e-03 
 7.50010000e-06  5.46414716e-03 
 7.50010423e-06  1.50214052e-03 
 7.50011268e-06  1.01842182e-03 
 7.50012960e-06  1.27849114e-03 
 7.50016342e-06  8.37270850e-04 
 7.50023108e-06  1.04566453e-03 
 7.50036638e-06  6.02605003e-04 
 7.50054475e-06  8.64739421e-04 
 7.50090148e-06  5.17044858e-04 
 7.50141659e-06  6.53607300e-04 
 7.50194020e-06  1.24766407e-04 
 7.50250014e-06  4.46645702e-04 
 7.50316270e-06  5.19379670e-05 
 7.50385998e-06  3.15013337e-04 
 7.50458553e-06 -4.41978290e-05 
 7.50541251e-06  2.76914404e-04 
 7.50626596e-06 -5.46108615e-05 
 7.50744255e-06  2.85190131e-04 
 7.50887010e-06 -5.43279059e-05 
 7.51012924e-06  2.79323155e-04 
 7.51142680e-06 -6.28794626e-05 
 7.51260568e-06  2.53462326e-04 
 7.51395681e-06 -7.95238240e-05 
 7.51529376e-06  2.51583081e-04 
 7.51683294e-06 -8.12568131e-05 
 7.51991131e-06  2.51071956e-04 
 7.52566661e-06 -8.15386961e-05 
 7.53661173e-06  2.51021538e-04 
 7.55850197e-06 -8.15896057e-05 
 7.60228244e-06  2.50970469e-04 
 7.68984339e-06 -8.16298814e-05 
 7.75010000e-06  2.50947416e-04 
 7.75011000e-06 -3.76734034e-03 
 7.75013000e-06 -4.18946935e-03 
 7.75017000e-06 -3.43558928e-03 
 7.75020000e-06 -3.26700713e-03 
 7.75020074e-06 -3.03698425e-04 
 7.75020223e-06  6.23774119e-04 
 7.75020521e-06  2.10423990e-05 
 7.75021116e-06  4.63170471e-04 
 7.75022307e-06  1.48078184e-04 
 7.75024688e-06  5.06756906e-04 
 7.75029451e-06  2.17403591e-04 
 7.75038977e-06  5.26226774e-04 
 7.75058028e-06  2.48932760e-04 
 7.75091850e-06  6.70873439e-04 
 7.75140738e-06  3.71617484e-04 
 7.75197858e-06  5.97251603e-04 
 7.75257761e-06  5.86364722e-05 
 7.75322459e-06  3.15087651e-04 
 7.75405982e-06 -4.79717110e-06 
 7.75466501e-06  3.03200873e-04 
 7.75536831e-06 -4.16890608e-05 
 7.75602349e-06  2.63321761e-04 
 7.75674121e-06 -5.86238963e-05 
 7.75764230e-06  2.58651885e-04 
 7.75864819e-06 -6.67502598e-05 
 7.76065996e-06  2.44187230e-04 
 7.76276571e-06 -7.41588105e-05 
 7.76635655e-06  2.43649451e-04 
 7.77078844e-06 -7.40955453e-05 
 7.77965222e-06  2.43530092e-04 
 7.79737979e-06 -7.40962393e-05 
 7.83283493e-06  2.43471711e-04 
 7.90374520e-06 -7.41216698e-05 
 8.00000000e-06  2.43441711e-04 
 8.00001000e-06  3.78773136e-03 
 8.00003000e-06  3.68524874e-03 
 8.00007000e-06  4.63401574e-03 
 8.00010000e-06  5.45319673e-03 
 8.00010419e-06  1.50290782e-03 
 8.00011258e-06  1.01720303e-03 
 8.00012935e-06  1.27992006e-03 
 8.00016290e-06  8.37382758e-04 
 8.00022999e-06  1.04778731e-03 
 8.00036418e-06  6.03259965e-04 
 8.00054154e-06  8.66219140e-04 
 8.00089628e-06  5.16609274e-04 
 8.00140615e-06  6.59377757e-04 
 8.00192593e-06  1.26380544e-04 
 8.00248388e-06  4.47574027e-04 
 8.00314280e-06  5.49365765e-05 
 8.00383178e-06  3.16830749e-04 
 8.00462523e-06 -4.93638655e-05 
 8.00530898e-06  2.88106115e-04 
 8.00602625e-06 -4.61929986e-05 
 8.00681952e-06  2.85958543e-04 
 8.00759288e-06 -5.90771520e-05 
 8.00842582e-06  2.68772084e-04 
 8.00957566e-06 -7.42352551e-05 
 8.01088825e-06  2.58151028e-04 
 8.01303515e-06 -7.32114612e-05 
 8.01567449e-06  2.62195737e-04 
 8.01766157e-06 -8.11383329e-05 
 8.01985727e-06  2.54028118e-04 
 8.02200884e-06 -8.14294683e-05 
 8.02448916e-06  2.51657016e-04 
 8.02834551e-06 -8.15975241e-05 
 8.03343535e-06  2.51020608e-04 
 8.04219149e-06 -8.15214265e-05 
 8.05632501e-06  2.50897777e-04 
 8.08026218e-06 -8.14980435e-05 
 8.12254705e-06  2.50840144e-04 
 8.19499681e-06 -8.15054155e-05 
 8.25010000e-06  2.50812028e-04 
 8.25011000e-06 -3.77144660e-03 
 8.25013000e-06 -4.18898735e-03 
 8.25017000e-06 -3.42922990e-03 
 8.25020000e-06 -3.26957734e-03 
 8.25020074e-06 -3.07014798e-04 
 8.25020223e-06  6.17561429e-04 
 8.25020521e-06  1.37717335e-05 
 8.25021116e-06  4.58650950e-04 
 8.25022306e-06  1.44296647e-04 
 8.25024686e-06  5.05720596e-04 
 8.25029447e-06  2.16281803e-04 
 8.25038968e-06  5.26324383e-04 
 8.25058011e-06  2.48197408e-04 
 8.25096097e-06  6.78449502e-04 
 8.25142692e-06  3.56491952e-04 
 8.25198212e-06  5.82176039e-04 
 8.25258169e-06  4.03932701e-05 
 8.25321976e-06  2.94106081e-04 
 8.25404488e-06 -3.13869320e-05 
 8.25494702e-06  2.67079969e-04 
 8.25612237e-06 -6.14614848e-05 
 8.25751890e-06  2.60058504e-04 
 8.25884666e-06 -6.93400362e-05 
 8.26110026e-06  2.45081243e-04 
 8.26350415e-06 -7.56543159e-05 
 8.26727345e-06  2.45225338e-04 
 8.27288062e-06 -7.57287330e-05 
 8.28409497e-06  2.45184598e-04 
 8.30652366e-06 -7.57722531e-05 
 8.35138105e-06  2.45142122e-04 
 8.44109582e-06 -7.58055313e-05 
 8.50000000e-06  2.45123148e-04 
