 1.00000000e-12  1.78200000e+00  5.61887904e-01 
 1.02800000e-12  1.78149600e+00  5.58080237e-01 
 1.08400000e-12  1.78048800e+00  5.55372399e-01 
 1.19600000e-12  1.77847200e+00  5.60299781e-01 
 1.42000000e-12  1.77444000e+00  5.69008948e-01 
 1.70699904e-12  1.76927402e+00  5.76638552e-01 
 2.28099711e-12  1.75894205e+00  5.84893750e-01 
 3.14197676e-12  1.74344442e+00  5.88772736e-01 
 4.40721720e-12  1.72067009e+00  5.89814818e-01 
 6.28524104e-12  1.68686566e+00  5.89799688e-01 
 9.67408187e-12  1.62586653e+00  5.89855530e-01 
 1.35350423e-11  1.55636924e+00  5.89824736e-01 
 2.05880476e-11  1.42941514e+00  5.89929971e-01 
 3.46940581e-11  1.17550695e+00  5.90097903e-01 
 6.29060791e-11  6.67690576e-01  5.91030025e-01 
 1.00000000e-10  0.00000000e+00  5.93703450e-01 
 1.05642404e-10  0.00000000e+00  5.94602780e-01 
 1.16927213e-10  0.00000000e+00  5.96327754e-01 
 1.39496829e-10  0.00000000e+00  5.99486736e-01 
 1.84636063e-10  0.00000000e+00  6.05343113e-01 
 2.74914530e-10  0.00000000e+00  6.15637784e-01 
 4.55471465e-10  0.00000000e+00  6.31104308e-01 
 6.71300649e-10  0.00000000e+00  6.44571917e-01 
 9.62145320e-10  0.00000000e+00  6.57812032e-01 
 1.37735526e-09  0.00000000e+00  6.67787240e-01 
 1.87649837e-09  0.00000000e+00  6.67641282e-01 
 2.47822229e-09  0.00000000e+00  6.49666825e-01 
 3.17685506e-09  0.00000000e+00  6.15510669e-01 
 4.10457909e-09  0.00000000e+00  5.68485107e-01 
 5.15471119e-09  0.00000000e+00  5.11716142e-01 
 6.10042354e-09  0.00000000e+00  4.60945928e-01 
 6.81193174e-09  0.00000000e+00  4.23940294e-01 
 7.57980513e-09  0.00000000e+00  3.84973325e-01 
 8.54299350e-09  0.00000000e+00  3.39341220e-01 
 9.61172289e-09  0.00000000e+00  2.94645916e-01 
 1.07923469e-08  0.00000000e+00  2.51875234e-01 
 1.17215486e-08  0.00000000e+00  2.20912772e-01 
 1.26334478e-08  0.00000000e+00  1.92401727e-01 
 1.35903187e-08  0.00000000e+00  1.65278093e-01 
 1.44794096e-08  0.00000000e+00  1.43296118e-01 
 1.61700520e-08  0.00000000e+00  1.08442426e-01 
 1.82068169e-08  0.00000000e+00  7.68562010e-02 
 2.14312237e-08  0.00000000e+00  4.37232289e-02 
 2.48656807e-08  0.00000000e+00  2.36600529e-02 
 2.88744578e-08  0.00000000e+00  1.14049762e-02 
 3.27135554e-08  0.00000000e+00  5.63360163e-03 
 3.72357238e-08  0.00000000e+00  2.45657258e-03 
 4.21864987e-08  0.00000000e+00  9.58238599e-04 
 4.98510613e-08  0.00000000e+00  2.21413182e-04 
 6.15888700e-08  0.00000000e+00  2.64569858e-06 
 8.40974533e-08  0.00000000e+00  2.95785663e-05 
 1.17846589e-07  0.00000000e+00 -8.34483067e-06 
 1.80103587e-07  0.00000000e+00  2.02651495e-05 
 2.50100000e-07  0.00000000e+00 -1.96845138e-05 
 2.50110000e-07  1.80000000e-01  1.33426060e-03 
 2.50130000e-07  5.40000000e-01  4.22990694e-03 
 2.50170000e-07  1.26000000e+00  8.96390461e-03 
 2.50200000e-07  1.80000000e+00  1.01628581e-02 
 2.50207790e-07  1.80000000e+00  9.25218574e-03 
 2.50223371e-07  1.80000000e+00  7.29713658e-03 
 2.50254531e-07  1.80000000e+00  3.84660516e-03 
 2.50316853e-07  1.80000000e+00  1.45551354e-04 
 2.50410836e-07  1.80000000e+00 -1.32656102e-03 
 2.50549964e-07  1.80000000e+00 -1.65022112e-03 
 2.50763209e-07  1.80000000e+00 -1.08148103e-03 
 2.51012724e-07  1.80000000e+00  8.36938636e-04 
 2.51486371e-07  1.80000000e+00  3.57604263e-03 
 2.51971632e-07  1.80000000e+00  1.66634977e-03 
 2.52429175e-07  1.80000000e+00  9.83169355e-04 
 2.53135720e-07  1.80000000e+00  2.83412866e-04 
 2.53826334e-07  1.80000000e+00  2.02473181e-04 
 2.54452107e-07  1.80000000e+00  9.83461652e-04 
 2.55087584e-07  1.80000000e+00  6.90048474e-04 
 2.55766373e-07  1.80000000e+00  6.45374188e-04 
 2.56454586e-07  1.80000000e+00  7.36277989e-04 
 2.57820045e-07  1.80000000e+00  7.13979068e-04 
 2.59358902e-07  1.80000000e+00  5.83699544e-04 
 2.61346566e-07  1.80000000e+00  4.44127292e-04 
 2.64280486e-07  1.80000000e+00  1.17744030e-04 
 2.69351860e-07  1.80000000e+00 -1.04337841e-03 
 2.74050795e-07  1.80000000e+00 -2.41432558e-03 
 2.80386835e-07  1.80000000e+00 -2.34867633e-03 
 2.87163639e-07  1.80000000e+00 -6.39527329e-04 
 2.91943966e-07  1.80000000e+00 -1.15564070e-03 
 2.97189374e-07  1.80000000e+00 -1.45358231e-03 
 3.02332991e-07  1.80000000e+00 -1.24922984e-03 
 3.07869977e-07  1.80000000e+00 -8.26473289e-04 
 3.15367817e-07  1.80000000e+00 -7.70074319e-05 
 3.22284772e-07  1.80000000e+00 -6.55982643e-05 
 3.29431401e-07  1.80000000e+00  6.56799062e-05 
 3.43724660e-07  1.80000000e+00 -3.37345607e-05 
 3.62735035e-07  1.80000000e+00  6.47797021e-05 
 3.95025963e-07  1.80000000e+00 -4.18357691e-05 
 4.50393280e-07  1.80000000e+00  5.79721185e-05 
 5.00000000e-07  1.80000000e+00 -4.65448567e-05 
 5.00010000e-07  1.62000000e+00 -7.91264353e-04 
 5.00030000e-07  1.26000000e+00 -2.14008627e-03 
 5.00070000e-07  5.40000000e-01 -3.99685220e-03 
 5.00100000e-07  0.00000000e+00 -4.82409432e-03 
 5.00107880e-07  0.00000000e+00 -4.41788043e-03 
 5.00123639e-07  0.00000000e+00 -3.57597965e-03 
 5.00155159e-07  0.00000000e+00 -2.29164182e-03 
 5.00218197e-07  0.00000000e+00 -8.36897307e-04 
 5.00344273e-07  0.00000000e+00  2.08189601e-04 
 5.00531351e-07  0.00000000e+00  7.28808800e-04 
 5.00883786e-07  0.00000000e+00  6.65394325e-04 
 5.01206733e-07  0.00000000e+00 -3.72556603e-03 
 5.01589198e-07  0.00000000e+00 -1.40311037e-02 
 5.02038154e-07  0.00000000e+00 -6.24669655e-03 
 5.02509976e-07  0.00000000e+00  4.60717330e-02 
 5.03011246e-07  0.00000000e+00  1.26805112e-01 
 5.03583131e-07  0.00000000e+00  2.25361606e-01 
 5.04133075e-07  0.00000000e+00  3.21390143e-01 
 5.04923112e-07  0.00000000e+00  4.54261022e-01 
 5.05666325e-07  0.00000000e+00  5.72435807e-01 
 5.06887466e-07  0.00000000e+00  7.54985451e-01 
 5.08271004e-07  0.00000000e+00  9.47445973e-01 
 5.09389963e-07  0.00000000e+00  1.06726200e+00 
 5.10614953e-07  0.00000000e+00  1.18652472e+00 
 5.12015539e-07  0.00000000e+00  1.31407083e+00 
 5.13371378e-07  0.00000000e+00  1.46652398e+00 
 5.14776354e-07  0.00000000e+00  1.62785366e+00 
 5.16780824e-07  0.00000000e+00  1.74781045e+00 
 5.18862368e-07  0.00000000e+00  1.78823182e+00 
 5.22413811e-07  0.00000000e+00  1.79968967e+00 
 5.27986607e-07  0.00000000e+00  1.80055156e+00 
 5.38737091e-07  0.00000000e+00  1.79941529e+00 
 5.56673321e-07  0.00000000e+00  1.80059142e+00 
 5.91395993e-07  0.00000000e+00  1.79940450e+00 
 6.53488734e-07  0.00000000e+00  1.80059485e+00 
 7.50100000e-07  9.52912066e-13  1.79940309e+00 
 7.50110000e-07  1.80000000e-01  1.80015830e+00 
 7.50130000e-07  5.40000000e-01  1.80175680e+00 
 7.50170000e-07  1.26000000e+00  1.80527754e+00 
 7.50200000e-07  1.80000000e+00  1.80754500e+00 
 7.50207988e-07  1.80000000e+00  1.80726347e+00 
 7.50223964e-07  1.80000000e+00  1.80668126e+00 
 7.50255916e-07  1.80000000e+00  1.80577992e+00 
 7.50319820e-07  1.80000000e+00  1.80467945e+00 
 7.50447627e-07  1.80000000e+00  1.80346950e+00 
 7.50629057e-07  1.80000000e+00  1.80230970e+00 
 7.50873599e-07  1.80000000e+00  1.80220803e+00 
 7.51362682e-07  1.80000000e+00  1.80808691e+00 
 7.51771094e-07  1.80000000e+00  1.80753726e+00 
 7.52218980e-07  1.80000000e+00  1.80509613e+00 
 7.52795865e-07  1.80000000e+00  1.80264161e+00 
 7.53498138e-07  1.80000000e+00  1.80102011e+00 
 7.53996919e-07  1.80000000e+00  1.80109840e+00 
 7.54571819e-07  1.80000000e+00  1.80013230e+00 
 7.55176440e-07  1.80000000e+00  1.79808594e+00 
 7.55867701e-07  1.80000000e+00  1.79894217e+00 
 7.56679322e-07  1.80000000e+00  1.79896887e+00 
 7.57476927e-07  1.80000000e+00  1.79844769e+00 
 7.58465567e-07  1.80000000e+00  1.79792315e+00 
 7.59490837e-07  1.80000000e+00  1.79749612e+00 
 7.61434156e-07  1.80000000e+00  1.79813950e+00 
 7.63260985e-07  1.80000000e+00  1.79894766e+00 
 7.66554160e-07  1.80000000e+00  1.79968130e+00 
 7.71509011e-07  1.80000000e+00  1.79992429e+00 
 7.79465160e-07  1.80000000e+00  1.80003364e+00 
 7.92840911e-07  1.80000000e+00  1.79996848e+00 
 8.13994990e-07  1.80000000e+00  1.80003119e+00 
 8.49476504e-07  1.80000000e+00  1.79996873e+00 
 9.07252414e-07  1.80000000e+00  1.80003127e+00 
 1.00000000e-06  1.80000000e+00  1.79996864e+00 
 1.00001000e-06  1.62000000e+00  1.79886005e+00 
 1.00003000e-06  1.26000000e+00  1.79677613e+00 
 1.00007000e-06  5.40000000e-01  1.79354060e+00 
 1.00010000e-06  0.00000000e+00  1.79205636e+00 
 1.00010788e-06  0.00000000e+00  1.79259690e+00 
 1.00012363e-06  0.00000000e+00  1.79366523e+00 
 1.00015514e-06  0.00000000e+00  1.79532674e+00 
 1.00021816e-06  0.00000000e+00  1.79763382e+00 
 1.00034419e-06  0.00000000e+00  1.80012159e+00 
 1.00053164e-06  0.00000000e+00  1.80182139e+00 
 1.00088491e-06  0.00000000e+00  1.80225561e+00 
 1.00120822e-06  0.00000000e+00  1.80090166e+00 
 1.00163415e-06  0.00000000e+00  1.79880859e+00 
 1.00210703e-06  0.00000000e+00  1.79786941e+00 
 1.00258634e-06  0.00000000e+00  1.79881515e+00 
 1.00309116e-06  0.00000000e+00  1.79934621e+00 
 1.00364961e-06  0.00000000e+00  1.79994245e+00 
 1.00421110e-06  0.00000000e+00  1.80061799e+00 
 1.00472524e-06  0.00000000e+00  1.80092200e+00 
 1.00522302e-06  0.00000000e+00  1.80044928e+00 
 1.00578225e-06  0.00000000e+00  1.79881691e+00 
 1.00644963e-06  0.00000000e+00  1.79796049e+00 
 1.00716764e-06  0.00000000e+00  1.79831344e+00 
 1.00817414e-06  0.00000000e+00  1.79836497e+00 
 1.00925452e-06  0.00000000e+00  1.79851798e+00 
 1.01020012e-06  0.00000000e+00  1.79872933e+00 
 1.01117229e-06  0.00000000e+00  1.79937180e+00 
 1.01210307e-06  0.00000000e+00  1.79994222e+00 
 1.01311829e-06  0.00000000e+00  1.79992380e+00 
 1.01379893e-06  0.00000000e+00  1.79938827e+00 
 1.01455584e-06  0.00000000e+00  1.79906667e+00 
 1.01552070e-06  0.00000000e+00  1.79980843e+00 
 1.01638633e-06  0.00000000e+00  1.79895144e+00 
 1.01730333e-06  0.00000000e+00  1.79789359e+00 
 1.01829767e-06  0.00000000e+00  1.79792696e+00 
 1.01937147e-06  0.00000000e+00  1.79851221e+00 
 1.02121505e-06  0.00000000e+00  1.79962293e+00 
 1.02327921e-06  0.00000000e+00  1.79981236e+00 
 1.02740751e-06  0.00000000e+00  1.80004688e+00 
 1.03467314e-06  0.00000000e+00  1.79991376e+00 
 1.04618173e-06  0.00000000e+00  1.80004341e+00 
 1.06830033e-06  0.00000000e+00  1.79992532e+00 
 1.10772073e-06  0.00000000e+00  1.80005075e+00 
 1.15756651e-06  0.00000000e+00  1.79993325e+00 
 1.20380892e-06  0.00000000e+00  1.80005867e+00 
 1.23985247e-06  0.00000000e+00  1.79995134e+00 
 1.25010000e-06  0.00000000e+00  1.79992015e+00 
 1.25011000e-06  1.80000000e-01  1.80041287e+00 
 1.25013000e-06  5.40000000e-01  1.80165781e+00 
 1.25017000e-06  1.26000000e+00  1.80510711e+00 
 1.25020000e-06  1.80000000e+00  1.80753223e+00 
 1.25020799e-06  1.80000000e+00  1.80731832e+00 
 1.25022398e-06  1.80000000e+00  1.80685291e+00 
 1.25025594e-06  1.80000000e+00  1.80606374e+00 
 1.25031988e-06  1.80000000e+00  1.80497370e+00 
 1.25044775e-06  1.80000000e+00  1.80368637e+00 
 1.25062918e-06  1.80000000e+00  1.80254105e+00 
 1.25087388e-06  1.80000000e+00  1.80240356e+00 
 1.25136330e-06  1.80000000e+00  1.80771780e+00 
 1.25177357e-06  1.80000000e+00  1.80720620e+00 
 1.25222281e-06  1.80000000e+00  1.80457015e+00 
 1.25280204e-06  1.80000000e+00  1.80205817e+00 
 1.25351203e-06  1.80000000e+00  1.80022000e+00 
 1.25401109e-06  1.80000000e+00  1.79930675e+00 
 1.25458855e-06  1.80000000e+00  1.79844004e+00 
 1.25514534e-06  1.80000000e+00  1.79802193e+00 
 1.25583653e-06  1.80000000e+00  1.79815003e+00 
 1.25657070e-06  1.80000000e+00  1.79838041e+00 
 1.25803082e-06  1.80000000e+00  1.79896552e+00 
 1.25992082e-06  1.80000000e+00  1.79940486e+00 
 1.26267308e-06  1.80000000e+00  1.79977741e+00 
 1.26636848e-06  1.80000000e+00  1.79991947e+00 
 1.27375929e-06  1.80000000e+00  1.80001768e+00 
 1.28854090e-06  1.80000000e+00  1.79998482e+00 
 1.31619151e-06  1.80000000e+00  1.80001445e+00 
 1.37149273e-06  1.80000000e+00  1.79998574e+00 
 1.48209516e-06  1.80000000e+00  1.80001410e+00 
 1.50000000e-06  1.80000000e+00  1.79998632e+00 
 1.50001000e-06  1.62000000e+00  1.79886719e+00 
 1.50003000e-06  1.26000000e+00  1.79677856e+00 
 1.50007000e-06  5.40000000e-01  1.79350309e+00 
 1.50010000e-06  0.00000000e+00  1.79193476e+00 
 1.50010788e-06  0.00000000e+00  1.79243896e+00 
 1.50012364e-06  0.00000000e+00  1.79345633e+00 
 1.50015516e-06  0.00000000e+00  1.79511705e+00 
 1.50021820e-06  0.00000000e+00  1.79750067e+00 
 1.50034427e-06  0.00000000e+00  1.80009583e+00 
 1.50053118e-06  0.00000000e+00  1.80183583e+00 
 1.50088458e-06  0.00000000e+00  1.80227788e+00 
 1.50120778e-06  0.00000000e+00  1.80094602e+00 
 1.50163759e-06  0.00000000e+00  1.79876860e+00 
 1.50211261e-06  0.00000000e+00  1.79777514e+00 
 1.50258915e-06  0.00000000e+00  1.79888453e+00 
 1.50308019e-06  0.00000000e+00  1.79927340e+00 
 1.50364724e-06  0.00000000e+00  1.79937419e+00 
 1.50421046e-06  0.00000000e+00  1.79960626e+00 
 1.50492911e-06  0.00000000e+00  1.79970822e+00 
 1.50575771e-06  0.00000000e+00  1.79981626e+00 
 1.50642362e-06  0.00000000e+00  1.79991429e+00 
 1.50716574e-06  0.00000000e+00  1.79992243e+00 
 1.50803916e-06  0.00000000e+00  1.79995356e+00 
 1.50899121e-06  0.00000000e+00  1.79994882e+00 
 1.50992097e-06  0.00000000e+00  1.79996572e+00 
 1.51109693e-06  0.00000000e+00  1.79995715e+00 
 1.51238235e-06  0.00000000e+00  1.79997013e+00 
 1.51482720e-06  0.00000000e+00  1.79996220e+00 
 1.51828424e-06  0.00000000e+00  1.79997508e+00 
 1.52437581e-06  0.00000000e+00  1.79996856e+00 
 1.53481662e-06  0.00000000e+00  1.79998315e+00 
 1.55216914e-06  0.00000000e+00  1.79997812e+00 
 1.58687418e-06  0.00000000e+00  1.79999354e+00 
 1.65628427e-06  0.00000000e+00  1.79998826e+00 
 1.75010000e-06  0.00000000e+00  1.80000068e+00 
 1.75011000e-06  1.80000000e-01  1.80047319e+00 
 1.75013000e-06  5.40000000e-01  1.80167042e+00 
 1.75017000e-06  1.26000000e+00  1.80502578e+00 
 1.75020000e-06  1.80000000e+00  1.80741503e+00 
 1.75020799e-06  1.80000000e+00  1.80720225e+00 
 1.75022398e-06  1.80000000e+00  1.80673970e+00 
 1.75025594e-06  1.80000000e+00  1.80595572e+00 
 1.75031988e-06  1.80000000e+00  1.80487705e+00 
 1.75044775e-06  1.80000000e+00  1.80359659e+00 
 1.75062915e-06  1.80000000e+00  1.80245573e+00 
 1.75087362e-06  1.80000000e+00  1.80233525e+00 
 1.75136256e-06  1.80000000e+00  1.80767601e+00 
 1.75177218e-06  1.80000000e+00  1.80719837e+00 
 1.75222072e-06  1.80000000e+00  1.80457218e+00 
 1.75279808e-06  1.80000000e+00  1.80209748e+00 
 1.75350147e-06  1.80000000e+00  1.80048352e+00 
 1.75400088e-06  1.80000000e+00  1.79961453e+00 
 1.75457676e-06  1.80000000e+00  1.79870499e+00 
 1.75518481e-06  1.80000000e+00  1.79803883e+00 
 1.75592914e-06  1.80000000e+00  1.79807066e+00 
 1.75669545e-06  1.80000000e+00  1.79831821e+00 
 1.75804211e-06  1.80000000e+00  1.79887092e+00 
 1.76009899e-06  1.80000000e+00  1.79939650e+00 
 1.76280375e-06  1.80000000e+00  1.79975989e+00 
 1.76681933e-06  1.80000000e+00  1.79993308e+00 
 1.77485048e-06  1.80000000e+00  1.80001264e+00 
 1.78948641e-06  1.80000000e+00  1.79999107e+00 
 1.81737470e-06  1.80000000e+00  1.80000784e+00 
 1.87315129e-06  1.80000000e+00  1.79999242e+00 
 1.98470447e-06  1.80000000e+00  1.80000737e+00 
 2.00000000e-06  1.80000000e+00  1.79999334e+00 
 2.00001000e-06  1.62000000e+00  1.79887378e+00 
 2.00003000e-06  1.26000000e+00  1.79678939e+00 
 2.00007000e-06  5.40000000e-01  1.79351442e+00 
 2.00010000e-06  3.67639252e-12  1.79194212e+00 
 2.00010788e-06  0.00000000e+00  1.79244520e+00 
 2.00012364e-06  0.00000000e+00  1.79346038e+00 
 2.00015516e-06  0.00000000e+00  1.79511874e+00 
 2.00021820e-06  0.00000000e+00  1.79750321e+00 
 2.00034427e-06  0.00000000e+00  1.80010055e+00 
 2.00053171e-06  0.00000000e+00  1.80184291e+00 
 2.00088529e-06  0.00000000e+00  1.80226350e+00 
 2.00120847e-06  0.00000000e+00  1.80092551e+00 
 2.00163597e-06  0.00000000e+00  1.79877329e+00 
 2.00210945e-06  0.00000000e+00  1.79778763e+00 
 2.00258902e-06  0.00000000e+00  1.79878342e+00 
 2.00308102e-06  0.00000000e+00  1.79919803e+00 
 2.00364982e-06  0.00000000e+00  1.79939146e+00 
 2.00420009e-06  0.00000000e+00  1.79960470e+00 
 2.00475876e-06  0.00000000e+00  1.79976616e+00 
 2.00528282e-06  0.00000000e+00  1.79982225e+00 
 2.00586184e-06  0.00000000e+00  1.79988092e+00 
 2.00675424e-06  0.00000000e+00  1.79990332e+00 
 2.00757532e-06  0.00000000e+00  1.79993712e+00 
 2.00919621e-06  0.00000000e+00  1.79998181e+00 
 2.01121049e-06  0.00000000e+00  1.80022455e+00 
 2.01276042e-06  0.00000000e+00  1.80037160e+00 
 2.01406053e-06  0.00000000e+00  1.79967706e+00 
 2.01530395e-06  0.00000000e+00  1.79919634e+00 
 2.01655339e-06  0.00000000e+00  1.79966400e+00 
 2.01783625e-06  0.00000000e+00  1.79779963e+00 
 2.01922094e-06  0.00000000e+00  1.79825792e+00 
 2.02062070e-06  0.00000000e+00  1.79903452e+00 
 2.02294501e-06  0.00000000e+00  1.79994517e+00 
 2.02529788e-06  0.00000000e+00  1.79984515e+00 
 2.03000361e-06  0.00000000e+00  1.80007774e+00 
 2.03784738e-06  0.00000000e+00  1.79988312e+00 
 2.05155300e-06  0.00000000e+00  1.80007630e+00 
 2.07498041e-06  0.00000000e+00  1.79989489e+00 
 2.10898791e-06  0.00000000e+00  1.80008165e+00 
 2.14092517e-06  0.00000000e+00  1.79989179e+00 
 2.17050187e-06  0.00000000e+00  1.80009860e+00 
 2.19119501e-06  0.00000000e+00  1.79989794e+00 
 2.20318130e-06  0.00000000e+00  1.80009305e+00 
 2.21389513e-06  0.00000000e+00  1.79989846e+00 
 2.22548734e-06  0.00000000e+00  1.80008806e+00 
 2.23860734e-06  0.00000000e+00  1.79990849e+00 
 2.25010000e-06  0.00000000e+00  1.80008356e+00 
 2.25011000e-06  1.80000000e-01  1.80057434e+00 
 2.25013000e-06  5.40000000e-01  1.80179043e+00 
 2.25017000e-06  1.26000000e+00  1.80513356e+00 
 2.25020000e-06  1.80000000e+00  1.80750086e+00 
 2.25020799e-06  1.80000000e+00  1.80727391e+00 
 2.25022398e-06  1.80000000e+00  1.80678372e+00 
 2.25025594e-06  1.80000000e+00  1.80596898e+00 
 2.25031988e-06  1.80000000e+00  1.80488503e+00 
 2.25044775e-06  1.80000000e+00  1.80362236e+00 
 2.25062910e-06  1.80000000e+00  1.80248034e+00 
 2.25087396e-06  1.80000000e+00  1.80236059e+00 
 2.25136369e-06  1.80000000e+00  1.80766163e+00 
 2.25177434e-06  1.80000000e+00  1.80703648e+00 
 2.25222361e-06  1.80000000e+00  1.80412790e+00 
 2.25280346e-06  1.80000000e+00  1.80128824e+00 
 2.25347538e-06  1.80000000e+00  1.80016098e+00 
 2.25396750e-06  1.80000000e+00  1.79994241e+00 
 2.25453610e-06  1.80000000e+00  1.79979008e+00 
 2.25507390e-06  1.80000000e+00  1.79973122e+00 
 2.25576383e-06  1.80000000e+00  1.79980772e+00 
 2.25649380e-06  1.80000000e+00  1.79980940e+00 
 2.25795374e-06  1.80000000e+00  1.79990990e+00 
 2.25974765e-06  1.80000000e+00  1.79993669e+00 
 2.26247618e-06  1.80000000e+00  1.80004334e+00 
 2.26597883e-06  1.80000000e+00  1.80012909e+00 
 2.26994875e-06  1.80000000e+00  1.79977560e+00 
 2.27330452e-06  1.80000000e+00  1.79929617e+00 
 2.27679856e-06  1.80000000e+00  1.79907863e+00 
 2.28061484e-06  1.80000000e+00  1.79954835e+00 
 2.28419090e-06  1.80000000e+00  1.79995837e+00 
 2.28904707e-06  1.80000000e+00  1.79988212e+00 
 2.29411000e-06  1.80000000e+00  1.80009174e+00 
 2.30423586e-06  1.80000000e+00  1.79990324e+00 
 2.32175054e-06  1.80000000e+00  1.80009607e+00 
 2.35332333e-06  1.80000000e+00  1.79990383e+00 
 2.40501023e-06  1.80000000e+00  1.80009595e+00 
 2.46104966e-06  1.80000000e+00  1.79990408e+00 
 2.50000000e-06  1.80000000e+00  1.80009568e+00 
 2.50001000e-06  1.62000000e+00  1.79896927e+00 
 2.50003000e-06  1.26000000e+00  1.79686568e+00 
 2.50007000e-06  5.40000000e-01  1.79356291e+00 
 2.50010000e-06  3.67639252e-12  1.79197477e+00 
 2.50010788e-06  0.00000000e+00  1.79247323e+00 
 2.50012363e-06  0.00000000e+00  1.79347756e+00 
 2.50015514e-06  0.00000000e+00  1.79512304e+00 
 2.50021815e-06  0.00000000e+00  1.79748708e+00 
 2.50034419e-06  0.00000000e+00  1.80007490e+00 
 2.50053104e-06  0.00000000e+00  1.80182075e+00 
 2.50088426e-06  0.00000000e+00  1.80225974e+00 
 2.50120752e-06  0.00000000e+00  1.80092828e+00 
 2.50163621e-06  0.00000000e+00  1.79875960e+00 
 2.50211006e-06  0.00000000e+00  1.79778452e+00 
 2.50258678e-06  0.00000000e+00  1.79887415e+00 
 2.50308235e-06  0.00000000e+00  1.79925968e+00 
 2.50365386e-06  0.00000000e+00  1.79937158e+00 
 2.50421852e-06  0.00000000e+00  1.79960716e+00 
 2.50494141e-06  0.00000000e+00  1.79970533e+00 
 2.50577306e-06  0.00000000e+00  1.79981347e+00 
 2.50644507e-06  0.00000000e+00  1.79991755e+00 
 2.50719208e-06  0.00000000e+00  1.79992787e+00 
 2.50806684e-06  0.00000000e+00  1.79995618e+00 
 2.50901971e-06  0.00000000e+00  1.79995058e+00 
 2.50994710e-06  0.00000000e+00  1.79996678e+00 
 2.51113496e-06  0.00000000e+00  1.79995733e+00 
 2.51243200e-06  0.00000000e+00  1.79997055e+00 
 2.51486953e-06  0.00000000e+00  1.79996182e+00 
 2.51832163e-06  0.00000000e+00  1.79997530e+00 
 2.52433311e-06  0.00000000e+00  1.79996811e+00 
 2.53459413e-06  0.00000000e+00  1.79998333e+00 
 2.55154124e-06  0.00000000e+00  1.79997761e+00 
 2.58543546e-06  0.00000000e+00  1.79999368e+00 
 2.65322390e-06  0.00000000e+00  1.79998779e+00 
 2.75010000e-06  0.00000000e+00  1.80000101e+00 
 2.75011000e-06  1.80000000e-01  1.80047172e+00 
 2.75013000e-06  5.40000000e-01  1.80166458e+00 
 2.75017000e-06  1.26000000e+00  1.80500754e+00 
 2.75020000e-06  1.80000000e+00  1.80738152e+00 
 2.75020799e-06  1.80000000e+00  1.80717164e+00 
 2.75022398e-06  1.80000000e+00  1.80671563e+00 
 2.75025594e-06  1.80000000e+00  1.80594231e+00 
 2.75031988e-06  1.80000000e+00  1.80487553e+00 
 2.75044775e-06  1.80000000e+00  1.80359962e+00 
 2.75062915e-06  1.80000000e+00  1.80245638e+00 
 2.75087361e-06  1.80000000e+00  1.80234037e+00 
 2.75136252e-06  1.80000000e+00  1.80768662e+00 
 2.75177231e-06  1.80000000e+00  1.80720210e+00 
 2.75222078e-06  1.80000000e+00  1.80457350e+00 
 2.75279829e-06  1.80000000e+00  1.80210138e+00 
 2.75349696e-06  1.80000000e+00  1.80049173e+00 
 2.75399525e-06  1.80000000e+00  1.79961998e+00 
 2.75456990e-06  1.80000000e+00  1.79871270e+00 
 2.75517612e-06  1.80000000e+00  1.79804188e+00 
 2.75592727e-06  1.80000000e+00  1.79806981e+00 
 2.75668837e-06  1.80000000e+00  1.79831550e+00 
 2.75805429e-06  1.80000000e+00  1.79887569e+00 
 2.76008966e-06  1.80000000e+00  1.79939475e+00 
 2.76281152e-06  1.80000000e+00  1.79976084e+00 
 2.76679416e-06  1.80000000e+00  1.79993223e+00 
 2.77475943e-06  1.80000000e+00  1.80001256e+00 
 2.78950445e-06  1.80000000e+00  1.79999102e+00 
 2.81674724e-06  1.80000000e+00  1.80000789e+00 
 2.87123282e-06  1.80000000e+00  1.79999237e+00 
 2.98020398e-06  1.80000000e+00  1.80000742e+00 
 3.00000000e-06  1.80000000e+00  1.79999312e+00 
 3.00001000e-06  1.62000000e+00  1.79887897e+00 
 3.00003000e-06  1.26000000e+00  1.79680728e+00 
 3.00007000e-06  5.40000000e-01  1.79353689e+00 
 3.00010000e-06  3.67639252e-12  1.79196009e+00 
 3.00010788e-06  0.00000000e+00  1.79246020e+00 
 3.00012364e-06  0.00000000e+00  1.79346836e+00 
 3.00015516e-06  0.00000000e+00  1.79511760e+00 
 3.00021820e-06  0.00000000e+00  1.79749628e+00 
 3.00034427e-06  0.00000000e+00  1.80009713e+00 
 3.00053171e-06  0.00000000e+00  1.80184362e+00 
 3.00088529e-06  0.00000000e+00  1.80226152e+00 
 3.00120847e-06  0.00000000e+00  1.80092301e+00 
 3.00163522e-06  0.00000000e+00  1.79877308e+00 
 3.00210793e-06  0.00000000e+00  1.79778774e+00 
 3.00258762e-06  0.00000000e+00  1.79878035e+00 
 3.00307925e-06  0.00000000e+00  1.79919632e+00 
 3.00364810e-06  0.00000000e+00  1.79939308e+00 
 3.00419767e-06  0.00000000e+00  1.79960484e+00 
 3.00475624e-06  0.00000000e+00  1.79976690e+00 
 3.00527862e-06  0.00000000e+00  1.79982229e+00 
 3.00585635e-06  0.00000000e+00  1.79988120e+00 
 3.00675234e-06  0.00000000e+00  1.79990333e+00 
 3.00756867e-06  0.00000000e+00  1.79993717e+00 
 3.00919065e-06  0.00000000e+00  1.79998135e+00 
 3.01119899e-06  0.00000000e+00  1.80022045e+00 
 3.01274621e-06  0.00000000e+00  1.80037479e+00 
 3.01404558e-06  0.00000000e+00  1.79968627e+00 
 3.01528923e-06  0.00000000e+00  1.79917970e+00 
 3.01654105e-06  0.00000000e+00  1.79969185e+00 
 3.01782526e-06  0.00000000e+00  1.79779850e+00 
 3.01919518e-06  0.00000000e+00  1.79824466e+00 
 3.02059053e-06  0.00000000e+00  1.79901680e+00 
 3.02292946e-06  0.00000000e+00  1.79994275e+00 
 3.02524920e-06  0.00000000e+00  1.79981519e+00 
 3.02988868e-06  0.00000000e+00  1.79999150e+00 
 3.03434253e-06  0.00000000e+00  1.79987249e+00 
 3.03863502e-06  0.00000000e+00  1.80004611e+00 
 3.04228126e-06  0.00000000e+00  1.79999327e+00 
 3.04640270e-06  0.00000000e+00  1.80027452e+00 
 3.04932275e-06  0.00000000e+00  1.79960491e+00 
 3.05251533e-06  0.00000000e+00  1.80023425e+00 
 3.05605344e-06  0.00000000e+00  1.79979880e+00 
 3.05986779e-06  0.00000000e+00  1.80014278e+00 
 3.06560945e-06  0.00000000e+00  1.79985697e+00 
 3.07171298e-06  0.00000000e+00  1.80010841e+00 
 3.07806068e-06  0.00000000e+00  1.79988057e+00 
 3.08550416e-06  0.00000000e+00  1.80008290e+00 
 3.09317154e-06  0.00000000e+00  1.79990406e+00 
 3.10850630e-06  0.00000000e+00  1.80007071e+00 
 3.13014194e-06  0.00000000e+00  1.79991447e+00 
 3.16821656e-06  0.00000000e+00  1.80006914e+00 
 3.23424352e-06  0.00000000e+00  1.79992064e+00 
 3.25010000e-06  0.00000000e+00  1.80006639e+00 
 3.25011000e-06  1.80000000e-01  1.80056258e+00 
 3.25013000e-06  5.40000000e-01  1.80178481e+00 
 3.25017000e-06  1.26000000e+00  1.80511723e+00 
 3.25020000e-06  1.80000000e+00  1.80746026e+00 
 3.25020799e-06  1.80000000e+00  1.80723110e+00 
 3.25022398e-06  1.80000000e+00  1.80673910e+00 
 3.25025594e-06  1.80000000e+00  1.80592843e+00 
 3.25031988e-06  1.80000000e+00  1.80486349e+00 
 3.25044775e-06  1.80000000e+00  1.80361797e+00 
 3.25062919e-06  1.80000000e+00  1.80247387e+00 
 3.25087399e-06  1.80000000e+00  1.80235593e+00 
 3.25136359e-06  1.80000000e+00  1.80767244e+00 
 3.25177433e-06  1.80000000e+00  1.80704683e+00 
 3.25222349e-06  1.80000000e+00  1.80410012e+00 
 3.25280338e-06  1.80000000e+00  1.80128010e+00 
 3.25347016e-06  1.80000000e+00  1.80016960e+00 
 3.25396076e-06  1.80000000e+00  1.79994484e+00 
 3.25452759e-06  1.80000000e+00  1.79978398e+00 
 3.25506296e-06  1.80000000e+00  1.79972588e+00 
 3.25575335e-06  1.80000000e+00  1.79979911e+00 
 3.25648256e-06  1.80000000e+00  1.79980109e+00 
 3.25794099e-06  1.80000000e+00  1.79989919e+00 
 3.25972193e-06  1.80000000e+00  1.79991854e+00 
 3.26244593e-06  1.80000000e+00  1.79998669e+00 
 3.26592171e-06  1.80000000e+00  1.79997784e+00 
 3.27287328e-06  1.80000000e+00  1.80001366e+00 
 3.28677641e-06  1.80000000e+00  1.79998654e+00 
 3.31371853e-06  1.80000000e+00  1.80001327e+00 
 3.36760277e-06  1.80000000e+00  1.79998670e+00 
 3.47537126e-06  1.80000000e+00  1.80001321e+00 
 3.50000000e-06  1.80000000e+00  1.79998682e+00 
 3.50001000e-06  1.62000000e+00  1.79886140e+00 
 3.50003000e-06  1.26000000e+00  1.79677578e+00 
 3.50007000e-06  5.40000000e-01  1.79351936e+00 
 3.50010000e-06  3.67639252e-12  1.79197723e+00 
 3.50010788e-06  0.00000000e+00  1.79250018e+00 
 3.50012364e-06  0.00000000e+00  1.79354344e+00 
 3.50015516e-06  0.00000000e+00  1.79520757e+00 
 3.50021820e-06  0.00000000e+00  1.79753932e+00 
 3.50034427e-06  0.00000000e+00  1.80002742e+00 
 3.50053131e-06  0.00000000e+00  1.80168863e+00 
 3.50088454e-06  0.00000000e+00  1.80238291e+00 
 3.50120735e-06  0.00000000e+00  1.80160368e+00 
 3.50159435e-06  0.00000000e+00  1.79973397e+00 
 3.50204566e-06  0.00000000e+00  1.79730997e+00 
 3.50252135e-06  0.00000000e+00  1.79692972e+00 
 3.50300872e-06  0.00000000e+00  1.79746546e+00 
 3.50356401e-06  0.00000000e+00  1.79816014e+00 
 3.50411219e-06  0.00000000e+00  1.79873812e+00 
 3.50489652e-06  0.00000000e+00  1.79920300e+00 
 3.50563168e-06  0.00000000e+00  1.79947989e+00 
 3.50624456e-06  0.00000000e+00  1.79965054e+00 
 3.50697512e-06  0.00000000e+00  1.79976921e+00 
 3.50794550e-06  0.00000000e+00  1.79985984e+00 
 3.50889025e-06  0.00000000e+00  1.79990530e+00 
 3.50985267e-06  0.00000000e+00  1.79993207e+00 
 3.51099827e-06  0.00000000e+00  1.79994749e+00 
 3.51226309e-06  0.00000000e+00  1.79995731e+00 
 3.51479274e-06  0.00000000e+00  1.79996429e+00 
 3.51867773e-06  0.00000000e+00  1.79996906e+00 
 3.52592677e-06  0.00000000e+00  1.79997276e+00 
 3.53943715e-06  0.00000000e+00  1.79997936e+00 
 3.56346862e-06  0.00000000e+00  1.79998456e+00 
 3.61153157e-06  0.00000000e+00  1.79999101e+00 
 3.70765746e-06  0.00000000e+00  1.79999445e+00 
 3.75010000e-06  0.00000000e+00  1.79999606e+00 
 3.75011000e-06  1.80000000e-01  1.80047623e+00 
 3.75013000e-06  5.40000000e-01  1.80168561e+00 
 3.75017000e-06  1.26000000e+00  1.80504206e+00 
 3.75020000e-06  1.80000000e+00  1.80740478e+00 
 3.75020799e-06  1.80000000e+00  1.80718142e+00 
 3.75022398e-06  1.80000000e+00  1.80670032e+00 
 3.75025594e-06  1.80000000e+00  1.80590134e+00 
 3.75031988e-06  1.80000000e+00  1.80484557e+00 
 3.75044775e-06  1.80000000e+00  1.80360807e+00 
 3.75062915e-06  1.80000000e+00  1.80247163e+00 
 3.75087358e-06  1.80000000e+00  1.80235816e+00 
 3.75136243e-06  1.80000000e+00  1.80767930e+00 
 3.75177231e-06  1.80000000e+00  1.80709076e+00 
 3.75222072e-06  1.80000000e+00  1.80422477e+00 
 3.75279819e-06  1.80000000e+00  1.80104587e+00 
 3.75349604e-06  1.80000000e+00  1.79960811e+00 
 3.75399383e-06  1.80000000e+00  1.79977586e+00 
 3.75456817e-06  1.80000000e+00  1.80021256e+00 
 3.75517342e-06  1.80000000e+00  1.80075075e+00 
 3.75592578e-06  1.80000000e+00  1.80152099e+00 
 3.75668714e-06  1.80000000e+00  1.80147174e+00 
 3.75751798e-06  1.80000000e+00  1.80116743e+00 
 3.75862300e-06  1.80000000e+00  1.80078908e+00 
 3.75963311e-06  1.80000000e+00  1.80063644e+00 
 3.76165334e-06  1.80000000e+00  1.80032082e+00 
 3.76353580e-06  1.80000000e+00  1.80020298e+00 
 3.76696189e-06  1.80000000e+00  1.80004198e+00 
 3.77232355e-06  1.80000000e+00  1.80002174e+00 
 3.78007414e-06  1.80000000e+00  1.79998367e+00 
 3.79363787e-06  1.80000000e+00  1.80001577e+00 
 3.81391390e-06  1.80000000e+00  1.79998430e+00 
 3.84736353e-06  1.80000000e+00  1.80001554e+00 
 3.90091006e-06  1.80000000e+00  1.79998444e+00 
 3.98599289e-06  1.80000000e+00  1.80001547e+00 
 4.00000000e-06  1.80000000e+00  1.79998462e+00 
 4.00001000e-06  1.62000000e+00  1.79886006e+00 
 4.00003000e-06  1.26000000e+00  1.79677693e+00 
 4.00007000e-06  5.40000000e-01  1.79352060e+00 
 4.00010000e-06  0.00000000e+00  1.79197782e+00 
 4.00010788e-06  0.00000000e+00  1.79250094e+00 
 4.00012364e-06  0.00000000e+00  1.79354495e+00 
 4.00015516e-06  0.00000000e+00  1.79520889e+00 
 4.00021820e-06  0.00000000e+00  1.79754005e+00 
 4.00034427e-06  0.00000000e+00  1.80002765e+00 
 4.00053172e-06  0.00000000e+00  1.80168971e+00 
 4.00088525e-06  0.00000000e+00  1.80239408e+00 
 4.00120845e-06  0.00000000e+00  1.80160953e+00 
 4.00163471e-06  0.00000000e+00  1.79947443e+00 
 4.00210706e-06  0.00000000e+00  1.79733836e+00 
 4.00258675e-06  0.00000000e+00  1.79849951e+00 
 4.00309278e-06  0.00000000e+00  1.79722205e+00 
 4.00365260e-06  0.00000000e+00  1.79729609e+00 
 4.00421498e-06  0.00000000e+00  1.79940734e+00 
 4.00472994e-06  0.00000000e+00  1.80024861e+00 
 4.00523097e-06  0.00000000e+00  1.80100260e+00 
 4.00579246e-06  0.00000000e+00  1.80054742e+00 
 4.00646443e-06  0.00000000e+00  1.80045237e+00 
 4.00718433e-06  0.00000000e+00  1.80019165e+00 
 4.00819960e-06  0.00000000e+00  1.80015264e+00 
 4.00926932e-06  0.00000000e+00  1.80004698e+00 
 4.01023253e-06  0.00000000e+00  1.80012674e+00 
 4.01121567e-06  0.00000000e+00  1.80022884e+00 
 4.01240144e-06  0.00000000e+00  1.80052663e+00 
 4.01358852e-06  0.00000000e+00  1.79992174e+00 
 4.01474102e-06  0.00000000e+00  1.79915054e+00 
 4.01590581e-06  0.00000000e+00  1.79988719e+00 
 4.01691939e-06  0.00000000e+00  1.79831388e+00 
 4.01799868e-06  0.00000000e+00  1.79782909e+00 
 4.01925506e-06  0.00000000e+00  1.79838666e+00 
 4.02073168e-06  0.00000000e+00  1.79939074e+00 
 4.02267277e-06  0.00000000e+00  1.79978894e+00 
 4.02529830e-06  0.00000000e+00  1.79997463e+00 
 4.03036511e-06  0.00000000e+00  1.79996180e+00 
 4.03723964e-06  0.00000000e+00  1.79999440e+00 
 4.04829671e-06  0.00000000e+00  1.79996650e+00 
 4.05996582e-06  0.00000000e+00  1.79999976e+00 
 4.07443712e-06  0.00000000e+00  1.79997219e+00 
 4.08626767e-06  0.00000000e+00  1.80000255e+00 
 4.09832563e-06  0.00000000e+00  1.79997575e+00 
 4.11814457e-06  0.00000000e+00  1.80000444e+00 
 4.13628575e-06  0.00000000e+00  1.79997910e+00 
 4.15068618e-06  0.00000000e+00  1.80000529e+00 
 4.16426884e-06  0.00000000e+00  1.79998147e+00 
 4.17465884e-06  0.00000000e+00  1.80000487e+00 
 4.18731873e-06  0.00000000e+00  1.79998358e+00 
 4.21263849e-06  0.00000000e+00  1.80000509e+00 
 4.24987014e-06  0.00000000e+00  1.79998551e+00 
 4.25010000e-06  6.67038446e-12  1.79998516e+00 
 4.25011000e-06  1.80000000e-01  1.80048033e+00 
 4.25013000e-06  5.40000000e-01  1.80170438e+00 
 4.25017000e-06  1.26000000e+00  1.80505048e+00 
 4.25020000e-06  1.80000000e+00  1.80740026e+00 
 4.25020799e-06  1.80000000e+00  1.80717658e+00 
 4.25022398e-06  1.80000000e+00  1.80669584e+00 
 4.25025594e-06  1.80000000e+00  1.80590242e+00 
 4.25031988e-06  1.80000000e+00  1.80485328e+00 
 4.25041565e-06  1.80000000e+00  1.80388028e+00 
 4.25060719e-06  1.80000000e+00  1.80257170e+00 
 4.25082349e-06  1.80000000e+00  1.80219282e+00 
 4.25111249e-06  1.80000000e+00  1.80465359e+00 
 4.25150703e-06  1.80000000e+00  1.80804031e+00 
 4.25195097e-06  1.80000000e+00  1.80584220e+00 
 4.25239777e-06  1.80000000e+00  1.80297398e+00 
 4.25306423e-06  1.80000000e+00  1.80051252e+00 
 4.25374199e-06  1.80000000e+00  1.79990644e+00 
 4.25425985e-06  1.80000000e+00  1.79988879e+00 
 4.25485714e-06  1.80000000e+00  1.79971662e+00 
 4.25541149e-06  1.80000000e+00  1.79973414e+00 
 4.25615484e-06  1.80000000e+00  1.79977817e+00 
 4.25694869e-06  1.80000000e+00  1.79981328e+00 
 4.25843005e-06  1.80000000e+00  1.79988844e+00 
 4.26066128e-06  1.80000000e+00  1.79993704e+00 
 4.26349483e-06  1.80000000e+00  1.79998214e+00 
 4.26806761e-06  1.80000000e+00  1.79999067e+00 
 4.27721315e-06  1.80000000e+00  1.80000574e+00 
 4.29376416e-06  1.80000000e+00  1.79999456e+00 
 4.32470295e-06  1.80000000e+00  1.80000525e+00 
 4.38393449e-06  1.80000000e+00  1.79999473e+00 
 4.50000000e-06  1.80000000e+00  1.80000520e+00 
 4.50001000e-06  1.62000000e+00  1.79888035e+00 
 4.50003000e-06  1.26000000e+00  1.79679178e+00 
 4.50007000e-06  5.40000000e-01  1.79353001e+00 
 4.50010000e-06  0.00000000e+00  1.79198350e+00 
 4.50010788e-06  0.00000000e+00  1.79250471e+00 
 4.50012364e-06  0.00000000e+00  1.79354541e+00 
 4.50015516e-06  0.00000000e+00  1.79520742e+00 
 4.50021820e-06  0.00000000e+00  1.79753791e+00 
 4.50034427e-06  0.00000000e+00  1.80002310e+00 
 4.50057267e-06  0.00000000e+00  1.80194872e+00 
 4.50095680e-06  0.00000000e+00  1.80230717e+00 
 4.50138272e-06  0.00000000e+00  1.80097471e+00 
 4.50185211e-06  0.00000000e+00  1.79809716e+00 
 4.50241388e-06  0.00000000e+00  1.79697540e+00 
 4.50294051e-06  0.00000000e+00  1.79749718e+00 
 4.50347311e-06  0.00000000e+00  1.79810907e+00 
 4.50406833e-06  0.00000000e+00  1.79871127e+00 
 4.50468674e-06  0.00000000e+00  1.79912504e+00 
 4.50545054e-06  0.00000000e+00  1.79941825e+00 
 4.50603492e-06  0.00000000e+00  1.79959325e+00 
 4.50678080e-06  0.00000000e+00  1.79972899e+00 
 4.50771563e-06  0.00000000e+00  1.79981997e+00 
 4.50859430e-06  0.00000000e+00  1.79987540e+00 
 4.50965517e-06  0.00000000e+00  1.79990301e+00 
 4.51062564e-06  0.00000000e+00  1.79992684e+00 
 4.51203012e-06  0.00000000e+00  1.79993289e+00 
 4.51347825e-06  0.00000000e+00  1.79994799e+00 
 4.51614947e-06  0.00000000e+00  1.79994732e+00 
 4.52003078e-06  0.00000000e+00  1.79996158e+00 
 4.52649915e-06  0.00000000e+00  1.79996046e+00 
 4.53781166e-06  0.00000000e+00  1.79997690e+00 
 4.55836534e-06  0.00000000e+00  1.79997683e+00 
 4.59947270e-06  0.00000000e+00  1.79999256e+00 
 4.68039262e-06  0.00000000e+00  1.79998951e+00 
 4.75010000e-06  6.67038446e-12  1.79999961e+00 
 4.75011000e-06  1.80000000e-01  1.80047635e+00 
 4.75013000e-06  5.40000000e-01  1.80168275e+00 
 4.75017000e-06  1.26000000e+00  1.80503067e+00 
 4.75020000e-06  1.80000000e+00  1.80738815e+00 
 4.75020799e-06  1.80000000e+00  1.80716820e+00 
 4.75022397e-06  1.80000000e+00  1.80669385e+00 
 4.75025594e-06  1.80000000e+00  1.80590681e+00 
 4.75031987e-06  1.80000000e+00  1.80485856e+00 
 4.75041610e-06  1.80000000e+00  1.80387583e+00 
 4.75060856e-06  1.80000000e+00  1.80256128e+00 
 4.75082458e-06  1.80000000e+00  1.80219586e+00 
 4.75111432e-06  1.80000000e+00  1.80467838e+00 
 4.75150614e-06  1.80000000e+00  1.80804531e+00 
 4.75195001e-06  1.80000000e+00  1.80586640e+00 
 4.75239500e-06  1.80000000e+00  1.80308117e+00 
 4.75306339e-06  1.80000000e+00  1.80028679e+00 
 4.75373577e-06  1.80000000e+00  1.79937110e+00 
 4.75425593e-06  1.80000000e+00  1.79972908e+00 
 4.75485451e-06  1.80000000e+00  1.80023261e+00 
 4.75543871e-06  1.80000000e+00  1.80082358e+00 
 4.75617025e-06  1.80000000e+00  1.80152226e+00 
 4.75693219e-06  1.80000000e+00  1.80143870e+00 
 4.75772399e-06  1.80000000e+00  1.80114446e+00 
 4.75879936e-06  1.80000000e+00  1.80078805e+00 
 4.75982735e-06  1.80000000e+00  1.80062582e+00 
 4.76180187e-06  1.80000000e+00  1.80032527e+00 
 4.76370597e-06  1.80000000e+00  1.80019955e+00 
 4.76706651e-06  1.80000000e+00  1.80004613e+00 
 4.77218826e-06  1.80000000e+00  1.80002062e+00 
 4.77958416e-06  1.80000000e+00  1.79998625e+00 
 4.79212003e-06  1.80000000e+00  1.80001324e+00 
 4.81070002e-06  1.80000000e+00  1.79998680e+00 
 4.84075869e-06  1.80000000e+00  1.80001306e+00 
 4.88803967e-06  1.80000000e+00  1.79998691e+00 
 4.96210799e-06  1.80000000e+00  1.80001301e+00 
 5.00000000e-06  1.80000000e+00  1.79998697e+00 
 5.00001000e-06  1.62000000e+00  1.79886534e+00 
 5.00003000e-06  1.26000000e+00  1.79678603e+00 
 5.00007000e-06  5.40000000e-01  1.79352841e+00 
 5.00010000e-06  0.00000000e+00  1.79198224e+00 
 5.00010788e-06  0.00000000e+00  1.79250432e+00 
 5.00012363e-06  0.00000000e+00  1.79354653e+00 
 5.00015514e-06  0.00000000e+00  1.79520911e+00 
 5.00021816e-06  0.00000000e+00  1.79753844e+00 
 5.00034419e-06  0.00000000e+00  1.80002281e+00 
 5.00057227e-06  0.00000000e+00  1.80194597e+00 
 5.00095651e-06  0.00000000e+00  1.80231348e+00 
 5.00138168e-06  0.00000000e+00  1.80099150e+00 
 5.00184945e-06  0.00000000e+00  1.79811665e+00 
 5.00241511e-06  0.00000000e+00  1.79728122e+00 
 5.00294215e-06  0.00000000e+00  1.79889619e+00 
 5.00348956e-06  0.00000000e+00  1.79709750e+00 
 5.00407540e-06  0.00000000e+00  1.79836206e+00 
 5.00473899e-06  0.00000000e+00  1.80037265e+00 
 5.00529525e-06  0.00000000e+00  1.80075713e+00 
 5.00587822e-06  0.00000000e+00  1.80089089e+00 
 5.00662067e-06  0.00000000e+00  1.80028821e+00 
 5.00738510e-06  0.00000000e+00  1.80034052e+00 
 5.00848876e-06  0.00000000e+00  1.80000875e+00 
 5.00954189e-06  0.00000000e+00  1.80014772e+00 
 5.01062545e-06  0.00000000e+00  1.80004539e+00 
 5.01172264e-06  0.00000000e+00  1.80050160e+00 
 5.01285106e-06  0.00000000e+00  1.80032106e+00 
 5.01370992e-06  0.00000000e+00  1.79983423e+00 
 5.01453167e-06  0.00000000e+00  1.79915377e+00 
 5.01551314e-06  0.00000000e+00  1.79980188e+00 
 5.01652716e-06  0.00000000e+00  1.79903772e+00 
 5.01745217e-06  0.00000000e+00  1.79796267e+00 
 5.01847071e-06  0.00000000e+00  1.79791628e+00 
 5.01957006e-06  0.00000000e+00  1.79856190e+00 
 5.02133126e-06  0.00000000e+00  1.79957444e+00 
 5.02343674e-06  0.00000000e+00  1.79982402e+00 
 5.02764770e-06  0.00000000e+00  1.80001550e+00 
 5.03513179e-06  0.00000000e+00  1.79992984e+00 
 5.04172240e-06  0.00000000e+00  1.80003850e+00 
 5.04836765e-06  0.00000000e+00  1.80008056e+00 
 5.05402866e-06  0.00000000e+00  1.80020845e+00 
 5.05809308e-06  0.00000000e+00  1.79920895e+00 
 5.06186619e-06  0.00000000e+00  1.80047024e+00 
 5.06570511e-06  0.00000000e+00  1.79962013e+00 
 5.06998041e-06  0.00000000e+00  1.80025461e+00 
 5.07703515e-06  0.00000000e+00  1.79974766e+00 
 5.08509080e-06  0.00000000e+00  1.80019539e+00 
 5.09756386e-06  0.00000000e+00  1.79979330e+00 
 5.11455104e-06  0.00000000e+00  1.80017385e+00 
 5.13859897e-06  0.00000000e+00  1.79981332e+00 
 5.17418254e-06  0.00000000e+00  1.80016265e+00 
 5.21772874e-06  0.00000000e+00  1.79982483e+00 
 5.25010000e-06  6.67038446e-12  1.80014534e+00 
 5.25011000e-06  1.80000000e-01  1.80062967e+00 
 5.25013000e-06  5.40000000e-01  1.80183670e+00 
 5.25017000e-06  1.26000000e+00  1.80516805e+00 
 5.25020000e-06  1.80000000e+00  1.80751638e+00 
 5.25020799e-06  1.80000000e+00  1.80729634e+00 
 5.25022397e-06  1.80000000e+00  1.80682202e+00 
 5.25025594e-06  1.80000000e+00  1.80603751e+00 
 5.25031987e-06  1.80000000e+00  1.80500048e+00 
 5.25041568e-06  1.80000000e+00  1.80404070e+00 
 5.25060730e-06  1.80000000e+00  1.80274124e+00 
 5.25078770e-06  1.80000000e+00  1.80227681e+00 
 5.25109536e-06  1.80000000e+00  1.80450988e+00 
 5.25151541e-06  1.80000000e+00  1.80814379e+00 
 5.25195951e-06  1.80000000e+00  1.80590047e+00 
 5.25241823e-06  1.80000000e+00  1.80296767e+00 
 5.25309175e-06  1.80000000e+00  1.80061790e+00 
 5.25373352e-06  1.80000000e+00  1.79995987e+00 
 5.25428423e-06  1.80000000e+00  1.79988355e+00 
 5.25489178e-06  1.80000000e+00  1.79973518e+00 
 5.25545521e-06  1.80000000e+00  1.79976490e+00 
 5.25628239e-06  1.80000000e+00  1.79980949e+00 
 5.25715001e-06  1.80000000e+00  1.79984925e+00 
 5.25879260e-06  1.80000000e+00  1.79991285e+00 
 5.26105467e-06  1.80000000e+00  1.79995411e+00 
 5.26411519e-06  1.80000000e+00  1.79998657e+00 
 5.26921352e-06  1.80000000e+00  1.79999577e+00 
 5.27941017e-06  1.80000000e+00  1.80000303e+00 
 5.29761229e-06  1.80000000e+00  1.79999909e+00 
 5.31442626e-06  1.80000000e+00  1.80000226e+00 
 5.33574683e-06  1.80000000e+00  1.79999759e+00 
 5.35613290e-06  1.80000000e+00  1.80000238e+00 
 5.39690503e-06  1.80000000e+00  1.79999758e+00 
 5.47844931e-06  1.80000000e+00  1.80000235e+00 
 5.50000000e-06  1.80000000e+00  1.79999766e+00 
 5.50001000e-06  1.62000000e+00  1.79887595e+00 
 5.50003000e-06  1.26000000e+00  1.79679697e+00 
 5.50007000e-06  5.40000000e-01  1.79353653e+00 
 5.50010000e-06  0.00000000e+00  1.79198780e+00 
 5.50010788e-06  0.00000000e+00  1.79250792e+00 
 5.50012363e-06  0.00000000e+00  1.79354651e+00 
 5.50015514e-06  0.00000000e+00  1.79520716e+00 
 5.50021816e-06  0.00000000e+00  1.79753640e+00 
 5.50034419e-06  0.00000000e+00  1.80002117e+00 
 5.50057255e-06  0.00000000e+00  1.80194726e+00 
 5.50095658e-06  0.00000000e+00  1.80230820e+00 
 5.50138242e-06  0.00000000e+00  1.80097957e+00 
 5.50185214e-06  0.00000000e+00  1.79809546e+00 
 5.50239648e-06  0.00000000e+00  1.79698043e+00 
 5.50292711e-06  0.00000000e+00  1.79748331e+00 
 5.50346347e-06  0.00000000e+00  1.79810388e+00 
 5.50405992e-06  0.00000000e+00  1.79870406e+00 
 5.50467789e-06  0.00000000e+00  1.79912235e+00 
 5.50544045e-06  0.00000000e+00  1.79941655e+00 
 5.50602601e-06  0.00000000e+00  1.79959286e+00 
 5.50677567e-06  0.00000000e+00  1.79972807e+00 
 5.50771480e-06  0.00000000e+00  1.79981983e+00 
 5.50859086e-06  0.00000000e+00  1.79987430e+00 
 5.50965738e-06  0.00000000e+00  1.79990258e+00 
 5.51062275e-06  0.00000000e+00  1.79992581e+00 
 5.51200578e-06  0.00000000e+00  1.79993221e+00 
 5.51344029e-06  0.00000000e+00  1.79994698e+00 
 5.51605515e-06  0.00000000e+00  1.79994675e+00 
 5.51986490e-06  0.00000000e+00  1.79996074e+00 
 5.52619104e-06  0.00000000e+00  1.79996005e+00 
 5.53721964e-06  0.00000000e+00  1.79997620e+00 
 5.55693496e-06  0.00000000e+00  1.79997649e+00 
 5.59636560e-06  0.00000000e+00  1.79999199e+00 
 5.67347757e-06  0.00000000e+00  1.79998941e+00 
 5.75010000e-06  6.67038446e-12  1.79999943e+00 
 5.75011000e-06  1.80000000e-01  1.80047578e+00 
 5.75013000e-06  5.40000000e-01  1.80168163e+00 
 5.75017000e-06  1.26000000e+00  1.80502857e+00 
 5.75020000e-06  1.80000000e+00  1.80738134e+00 
 5.75020799e-06  1.80000000e+00  1.80716206e+00 
 5.75022397e-06  1.80000000e+00  1.80668914e+00 
 5.75025594e-06  1.80000000e+00  1.80590424e+00 
 5.75031987e-06  1.80000000e+00  1.80485827e+00 
 5.75041609e-06  1.80000000e+00  1.80387644e+00 
 5.75060854e-06  1.80000000e+00  1.80256112e+00 
 5.75082456e-06  1.80000000e+00  1.80219677e+00 
 5.75111429e-06  1.80000000e+00  1.80468224e+00 
 5.75150614e-06  1.80000000e+00  1.80804536e+00 
 5.75195011e-06  1.80000000e+00  1.80586530e+00 
 5.75239508e-06  1.80000000e+00  1.80308045e+00 
 5.75306342e-06  1.80000000e+00  1.80027832e+00 
 5.75373159e-06  1.80000000e+00  1.79937651e+00 
 5.75425136e-06  1.80000000e+00  1.79973867e+00 
 5.75484909e-06  1.80000000e+00  1.80023651e+00 
 5.75542821e-06  1.80000000e+00  1.80082002e+00 
 5.75614917e-06  1.80000000e+00  1.80151572e+00 
 5.75691050e-06  1.80000000e+00  1.80144323e+00 
 5.75769679e-06  1.80000000e+00  1.80114938e+00 
 5.75877902e-06  1.80000000e+00  1.80079036e+00 
 5.75979588e-06  1.80000000e+00  1.80062841e+00 
 5.76179418e-06  1.80000000e+00  1.80032527e+00 
 5.76367160e-06  1.80000000e+00  1.80020047e+00 
 5.76704911e-06  1.80000000e+00  1.80004651e+00 
 5.77217693e-06  1.80000000e+00  1.80002024e+00 
 5.77959127e-06  1.80000000e+00  1.79998659e+00 
 5.79224408e-06  1.80000000e+00  1.80001291e+00 
 5.81096666e-06  1.80000000e+00  1.79998713e+00 
 5.84141449e-06  1.80000000e+00  1.80001274e+00 
 5.88937610e-06  1.80000000e+00  1.79998723e+00 
 5.96469542e-06  1.80000000e+00  1.80001269e+00 
 6.00000000e-06  1.80000000e+00  1.79998729e+00 
 6.00001000e-06  1.62000000e+00  1.79886758e+00 
 6.00003000e-06  1.26000000e+00  1.79679173e+00 
 6.00007000e-06  5.40000000e-01  1.79353348e+00 
 6.00010000e-06  0.00000000e+00  1.79198586e+00 
 6.00010788e-06  0.00000000e+00  1.79250712e+00 
 6.00012363e-06  0.00000000e+00  1.79354782e+00 
 6.00015514e-06  0.00000000e+00  1.79520944e+00 
 6.00021816e-06  0.00000000e+00  1.79753808e+00 
 6.00034419e-06  0.00000000e+00  1.80002237e+00 
 6.00057227e-06  0.00000000e+00  1.80194545e+00 
 6.00095651e-06  0.00000000e+00  1.80231410e+00 
 6.00138167e-06  0.00000000e+00  1.80099420e+00 
 6.00184978e-06  0.00000000e+00  1.79811514e+00 
 6.00241492e-06  0.00000000e+00  1.79729681e+00 
 6.00294227e-06  0.00000000e+00  1.79887465e+00 
 6.00349195e-06  0.00000000e+00  1.79707568e+00 
 6.00407690e-06  0.00000000e+00  1.79839701e+00 
 6.00473013e-06  0.00000000e+00  1.80035825e+00 
 6.00527666e-06  0.00000000e+00  1.80076099e+00 
 6.00585665e-06  0.00000000e+00  1.80089040e+00 
 6.00659133e-06  0.00000000e+00  1.80029646e+00 
 6.00735406e-06  0.00000000e+00  1.80034120e+00 
 6.00844653e-06  0.00000000e+00  1.80001223e+00 
 6.00950872e-06  0.00000000e+00  1.80014493e+00 
 6.01059869e-06  0.00000000e+00  1.80004400e+00 
 6.01165720e-06  0.00000000e+00  1.80048301e+00 
 6.01281600e-06  0.00000000e+00  1.80036226e+00 
 6.01368325e-06  0.00000000e+00  1.79989095e+00 
 6.01451862e-06  0.00000000e+00  1.79918558e+00 
 6.01551757e-06  0.00000000e+00  1.79976248e+00 
 6.01654434e-06  0.00000000e+00  1.79911642e+00 
 6.01749419e-06  0.00000000e+00  1.79797139e+00 
 6.01852963e-06  0.00000000e+00  1.79793492e+00 
 6.01964293e-06  0.00000000e+00  1.79858915e+00 
 6.02144993e-06  0.00000000e+00  1.79961896e+00 
 6.02354300e-06  0.00000000e+00  1.79989451e+00 
 6.02636575e-06  0.00000000e+00  1.80053964e+00 
 6.02958818e-06  0.00000000e+00  1.80111481e+00 
 6.03182192e-06  0.00000000e+00  1.79745366e+00 
 6.03393872e-06  0.00000000e+00  1.80066402e+00 
 6.03610088e-06  0.00000000e+00  1.79926812e+00 
 6.03878660e-06  0.00000000e+00  1.80037350e+00 
 6.04240117e-06  0.00000000e+00  1.79966431e+00 
 6.04690077e-06  0.00000000e+00  1.80019970e+00 
 6.05336950e-06  0.00000000e+00  1.79980160e+00 
 6.06234438e-06  0.00000000e+00  1.80012571e+00 
 6.07493801e-06  0.00000000e+00  1.79986200e+00 
 6.09410991e-06  0.00000000e+00  1.80009597e+00 
 6.12423858e-06  0.00000000e+00  1.79989060e+00 
 6.16956914e-06  0.00000000e+00  1.80008715e+00 
 6.25010000e-06  6.67038446e-12  1.79990442e+00 
 6.25011000e-06  1.80000000e-01  1.80029468e+00 
 6.25013000e-06  5.40000000e-01  1.80140447e+00 
 6.25017000e-06  1.26000000e+00  1.80474978e+00 
 6.25020000e-06  1.80000000e+00  1.80713163e+00 
 6.25020799e-06  1.80000000e+00  1.80693454e+00 
 6.25022397e-06  1.80000000e+00  1.80650517e+00 
 6.25025594e-06  1.80000000e+00  1.80578328e+00 
 6.25031987e-06  1.80000000e+00  1.80478222e+00 
 6.25041577e-06  1.80000000e+00  1.80381341e+00 
 6.25060757e-06  1.80000000e+00  1.80251646e+00 
 6.25078797e-06  1.80000000e+00  1.80207876e+00 
 6.25109577e-06  1.80000000e+00  1.80435161e+00 
 6.25151548e-06  1.80000000e+00  1.80804419e+00 
 6.25195949e-06  1.80000000e+00  1.80591253e+00 
 6.25241812e-06  1.80000000e+00  1.80331210e+00 
 6.25309161e-06  1.80000000e+00  1.80123271e+00 
 6.25377246e-06  1.80000000e+00  1.79985704e+00 
 6.25430373e-06  1.80000000e+00  1.79906664e+00 
 6.25490984e-06  1.80000000e+00  1.79822814e+00 
 6.25546812e-06  1.80000000e+00  1.79798778e+00 
 6.25622560e-06  1.80000000e+00  1.79817086e+00 
 6.25703550e-06  1.80000000e+00  1.79848106e+00 
 6.25852955e-06  1.80000000e+00  1.79903977e+00 
 6.26081692e-06  1.80000000e+00  1.79952569e+00 
 6.26369228e-06  1.80000000e+00  1.79982459e+00 
 6.26851062e-06  1.80000000e+00  1.79996494e+00 
 6.27814731e-06  1.80000000e+00  1.80001211e+00 
 6.29609566e-06  1.80000000e+00  1.79999067e+00 
 6.33012704e-06  1.80000000e+00  1.80000842e+00 
 6.39818980e-06  1.80000000e+00  1.79999182e+00 
 6.50000000e-06  1.80000000e+00  1.80000794e+00 
 6.50001000e-06  1.62000000e+00  1.79890568e+00 
 6.50003000e-06  1.26000000e+00  1.79685313e+00 
 6.50007000e-06  5.40000000e-01  1.79359238e+00 
 6.50010000e-06  0.00000000e+00  1.79201206e+00 
 6.50010788e-06  0.00000000e+00  1.79250875e+00 
 6.50012364e-06  0.00000000e+00  1.79350818e+00 
 6.50015516e-06  0.00000000e+00  1.79514086e+00 
 6.50021819e-06  0.00000000e+00  1.79748970e+00 
 6.50034427e-06  0.00000000e+00  1.80005313e+00 
 6.50057267e-06  0.00000000e+00  1.80204130e+00 
 6.50095680e-06  0.00000000e+00  1.80226922e+00 
 6.50138282e-06  0.00000000e+00  1.80039109e+00 
 6.50185031e-06  0.00000000e+00  1.79746343e+00 
 6.50241539e-06  0.00000000e+00  1.79798573e+00 
 6.50294027e-06  0.00000000e+00  1.79946647e+00 
 6.50348391e-06  0.00000000e+00  1.79960479e+00 
 6.50407424e-06  0.00000000e+00  1.79969988e+00 
 6.50472964e-06  0.00000000e+00  1.79976832e+00 
 6.50548237e-06  0.00000000e+00  1.79984939e+00 
 6.50606112e-06  0.00000000e+00  1.79988016e+00 
 6.50678657e-06  0.00000000e+00  1.79994842e+00 
 6.50769167e-06  0.00000000e+00  1.79991488e+00 
 6.50857629e-06  0.00000000e+00  1.79995556e+00 
 6.50961332e-06  0.00000000e+00  1.79992353e+00 
 6.51057475e-06  0.00000000e+00  1.79995738e+00 
 6.51189710e-06  0.00000000e+00  1.79992914e+00 
 6.51329179e-06  0.00000000e+00  1.79996130e+00 
 6.51582619e-06  0.00000000e+00  1.79993713e+00 
 6.51947729e-06  0.00000000e+00  1.79997086e+00 
 6.52558788e-06  0.00000000e+00  1.79994996e+00 
 6.53610758e-06  0.00000000e+00  1.79998565e+00 
 6.55404671e-06  0.00000000e+00  1.79996591e+00 
 6.58992497e-06  0.00000000e+00  1.80000099e+00 
 6.66168148e-06  0.00000000e+00  1.79997915e+00 
 6.75010000e-06  6.67038446e-12  1.80000921e+00 
 6.75011000e-06  1.80000000e-01  1.80047495e+00 
 6.75013000e-06  5.40000000e-01  1.80166134e+00 
 6.75017000e-06  1.26000000e+00  1.80498226e+00 
 6.75020000e-06  1.80000000e+00  1.80732662e+00 
 6.75020799e-06  1.80000000e+00  1.80712181e+00 
 6.75022397e-06  1.80000000e+00  1.80667777e+00 
 6.75025594e-06  1.80000000e+00  1.80592918e+00 
 6.75031987e-06  1.80000000e+00  1.80489184e+00 
 6.75041609e-06  1.80000000e+00  1.80388626e+00 
 6.75060852e-06  1.80000000e+00  1.80254924e+00 
 6.75082452e-06  1.80000000e+00  1.80218315e+00 
 6.75111450e-06  1.80000000e+00  1.80467114e+00 
 6.75150655e-06  1.80000000e+00  1.80806406e+00 
 6.75195042e-06  1.80000000e+00  1.80596637e+00 
 6.75239556e-06  1.80000000e+00  1.80341364e+00 
 6.75306430e-06  1.80000000e+00  1.80136675e+00 
 6.75373850e-06  1.80000000e+00  1.80016878e+00 
 6.75425959e-06  1.80000000e+00  1.79943225e+00 
 6.75485896e-06  1.80000000e+00  1.79851886e+00 
 6.75544280e-06  1.80000000e+00  1.79799684e+00 
 6.75616712e-06  1.80000000e+00  1.79806013e+00 
 6.75692836e-06  1.80000000e+00  1.79832743e+00 
 6.75845082e-06  1.80000000e+00  1.79892918e+00 
 6.76065701e-06  1.80000000e+00  1.79946505e+00 
 6.76353335e-06  1.80000000e+00  1.79979439e+00 
 6.76802867e-06  1.80000000e+00  1.79995878e+00 
 6.77701932e-06  1.80000000e+00  1.80000796e+00 
 6.79321428e-06  1.80000000e+00  1.79999548e+00 
 6.82303587e-06  1.80000000e+00  1.80000342e+00 
 6.88005946e-06  1.80000000e+00  1.79999687e+00 
 6.99243729e-06  1.80000000e+00  1.80000291e+00 
 7.00000000e-06  1.80000000e+00  1.79999834e+00 
 7.00001000e-06  1.62000000e+00  1.79889535e+00 
 7.00003000e-06  1.26000000e+00  1.79684702e+00 
 7.00007000e-06  5.40000000e-01  1.79358995e+00 
 7.00010000e-06  0.00000000e+00  1.79200983e+00 
 7.00010788e-06  0.00000000e+00  1.79250589e+00 
 7.00012363e-06  0.00000000e+00  1.79350364e+00 
 7.00015514e-06  0.00000000e+00  1.79513470e+00 
 7.00021816e-06  0.00000000e+00  1.79748564e+00 
 7.00034419e-06  0.00000000e+00  1.80005356e+00 
 7.00057226e-06  0.00000000e+00  1.80203943e+00 
 7.00095650e-06  0.00000000e+00  1.80226461e+00 
 7.00138167e-06  0.00000000e+00  1.80038441e+00 
 7.00184940e-06  0.00000000e+00  1.79746428e+00 
 7.00241461e-06  0.00000000e+00  1.79798446e+00 
 7.00294173e-06  0.00000000e+00  1.79935675e+00 
 7.00348401e-06  0.00000000e+00  1.79956999e+00 
 7.00407199e-06  0.00000000e+00  1.79972841e+00 
 7.00468473e-06  0.00000000e+00  1.79981290e+00 
 7.00519188e-06  0.00000000e+00  1.79990175e+00 
 7.00576066e-06  0.00000000e+00  1.79988824e+00 
 7.00651206e-06  0.00000000e+00  1.79993183e+00 
 7.00728940e-06  0.00000000e+00  1.79990637e+00 
 7.00879434e-06  0.00000000e+00  1.79996953e+00 
 7.01068974e-06  0.00000000e+00  1.80006253e+00 
 7.01215896e-06  0.00000000e+00  1.80043759e+00 
 7.01375505e-06  0.00000000e+00  1.79977638e+00 
 7.01499527e-06  0.00000000e+00  1.79909854e+00 
 7.01629854e-06  0.00000000e+00  1.79979291e+00 
 7.01759311e-06  0.00000000e+00  1.79785500e+00 
 7.01876591e-06  0.00000000e+00  1.79807602e+00 
 7.02026663e-06  0.00000000e+00  1.79893784e+00 
 7.02229048e-06  0.00000000e+00  1.79983455e+00 
 7.02444101e-06  0.00000000e+00  1.79983806e+00 
 7.02852338e-06  0.00000000e+00  1.80004173e+00 
 7.03407873e-06  0.00000000e+00  1.79990270e+00 
 7.04305618e-06  0.00000000e+00  1.80003996e+00 
 7.06006960e-06  0.00000000e+00  1.79991820e+00 
 7.09051483e-06  0.00000000e+00  1.80004960e+00 
 7.13420561e-06  0.00000000e+00  1.79992934e+00 
 7.19779135e-06  0.00000000e+00  1.80005566e+00 
 7.25010000e-06  6.67038446e-12  1.79993423e+00 
 7.25011000e-06  1.80000000e-01  1.80040454e+00 
 7.25013000e-06  5.40000000e-01  1.80160650e+00 
 7.25017000e-06  1.26000000e+00  1.80495163e+00 
 7.25020000e-06  1.80000000e+00  1.80730385e+00 
 7.25020799e-06  1.80000000e+00  1.80710150e+00 
 7.25022397e-06  1.80000000e+00  1.80666224e+00 
 7.25025594e-06  1.80000000e+00  1.80592106e+00 
 7.25031987e-06  1.80000000e+00  1.80489077e+00 
 7.25041584e-06  1.80000000e+00  1.80389000e+00 
 7.25060778e-06  1.80000000e+00  1.80255379e+00 
 7.25078820e-06  1.80000000e+00  1.80210103e+00 
 7.25109607e-06  1.80000000e+00  1.80436825e+00 
 7.25151558e-06  1.80000000e+00  1.80805140e+00 
 7.25195946e-06  1.80000000e+00  1.80592307e+00 
 7.25241803e-06  1.80000000e+00  1.80332523e+00 
 7.25309174e-06  1.80000000e+00  1.80124229e+00 
 7.25376448e-06  1.80000000e+00  1.79985656e+00 
 7.25429741e-06  1.80000000e+00  1.79908676e+00 
 7.25490455e-06  1.80000000e+00  1.79825340e+00 
 7.25546732e-06  1.80000000e+00  1.79799938e+00 
 7.25623419e-06  1.80000000e+00  1.79817316e+00 
 7.25705255e-06  1.80000000e+00  1.79848485e+00 
 7.25856934e-06  1.80000000e+00  1.79904795e+00 
 7.26085247e-06  1.80000000e+00  1.79953004e+00 
 7.26375557e-06  1.80000000e+00  1.79982720e+00 
 7.26861230e-06  1.80000000e+00  1.79996686e+00 
 7.27832575e-06  1.80000000e+00  1.80001126e+00 
 7.29620028e-06  1.80000000e+00  1.79999147e+00 
 7.33010174e-06  1.80000000e+00  1.80000763e+00 
 7.39790467e-06  1.80000000e+00  1.79999260e+00 
 7.50000000e-06  1.80000000e+00  1.80000716e+00 
 7.50001000e-06  1.62000000e+00  1.79890884e+00 
 7.50003000e-06  1.26000000e+00  1.79686286e+00 
 7.50007000e-06  5.40000000e-01  1.79360404e+00 
 7.50010000e-06  0.00000000e+00  1.79202077e+00 
 7.50010788e-06  0.00000000e+00  1.79251499e+00 
 7.50012364e-06  0.00000000e+00  1.79350882e+00 
 7.50015516e-06  0.00000000e+00  1.79513575e+00 
 7.50021819e-06  0.00000000e+00  1.79748336e+00 
 7.50034427e-06  0.00000000e+00  1.80005154e+00 
 7.50057267e-06  0.00000000e+00  1.80204148e+00 
 7.50095681e-06  0.00000000e+00  1.80226825e+00 
 7.50138283e-06  0.00000000e+00  1.80038882e+00 
 7.50185033e-06  0.00000000e+00  1.79746611e+00 
 7.50241521e-06  0.00000000e+00  1.79799173e+00 
 7.50294017e-06  0.00000000e+00  1.79945541e+00 
 7.50348346e-06  0.00000000e+00  1.79959592e+00 
 7.50407397e-06  0.00000000e+00  1.79970883e+00 
 7.50472460e-06  0.00000000e+00  1.79976900e+00 
 7.50547876e-06  0.00000000e+00  1.79985252e+00 
 7.50606002e-06  0.00000000e+00  1.79987920e+00 
 7.50678655e-06  0.00000000e+00  1.79994871e+00 
 7.50769425e-06  0.00000000e+00  1.79991389e+00 
 7.50858007e-06  0.00000000e+00  1.79995596e+00 
 7.50961803e-06  0.00000000e+00  1.79992294e+00 
 7.51058043e-06  0.00000000e+00  1.79995775e+00 
 7.51190773e-06  0.00000000e+00  1.79992877e+00 
 7.51330556e-06  0.00000000e+00  1.79996159e+00 
 7.51584640e-06  0.00000000e+00  1.79993687e+00 
 7.51950561e-06  0.00000000e+00  1.79997115e+00 
 7.52562440e-06  0.00000000e+00  1.79994973e+00 
 7.53615851e-06  0.00000000e+00  1.79998591e+00 
 7.55415119e-06  0.00000000e+00  1.79996570e+00 
 7.59013656e-06  0.00000000e+00  1.80000126e+00 
 7.66210729e-06  0.00000000e+00  1.79997893e+00 
 7.75010000e-06  0.00000000e+00  1.80000945e+00 
 7.75011000e-06  1.80000000e-01  1.80047386e+00 
 7.75013000e-06  5.40000000e-01  1.80165724e+00 
 7.75017000e-06  1.26000000e+00  1.80497329e+00 
 7.75020000e-06  1.80000000e+00  1.80731441e+00 
 7.75020799e-06  1.80000000e+00  1.80711176e+00 
 7.75022397e-06  1.80000000e+00  1.80667214e+00 
 7.75025594e-06  1.80000000e+00  1.80592904e+00 
 7.75031987e-06  1.80000000e+00  1.80489532e+00 
 7.75041611e-06  1.80000000e+00  1.80388858e+00 
 7.75060857e-06  1.80000000e+00  1.80255005e+00 
 7.75082458e-06  1.80000000e+00  1.80218481e+00 
 7.75111434e-06  1.80000000e+00  1.80467110e+00 
 7.75150617e-06  1.80000000e+00  1.80806572e+00 
 7.75195006e-06  1.80000000e+00  1.80597100e+00 
 7.75239506e-06  1.80000000e+00  1.80341581e+00 
 7.75306351e-06  1.80000000e+00  1.80137675e+00 
 7.75372874e-06  1.80000000e+00  1.80017091e+00 
 7.75424970e-06  1.80000000e+00  1.79944009e+00 
 7.75484870e-06  1.80000000e+00  1.79853259e+00 
 7.75543183e-06  1.80000000e+00  1.79801135e+00 
 7.75616304e-06  1.80000000e+00  1.79806138e+00 
 7.75692343e-06  1.80000000e+00  1.79832713e+00 
 7.75844421e-06  1.80000000e+00  1.79892359e+00 
 7.76064609e-06  1.80000000e+00  1.79946426e+00 
 7.76351975e-06  1.80000000e+00  1.79979138e+00 
 7.76800047e-06  1.80000000e+00  1.79995999e+00 
 7.77696190e-06  1.80000000e+00  1.80000622e+00 
 7.79300600e-06  1.80000000e+00  1.79999725e+00 
 7.82254019e-06  1.80000000e+00  1.80000165e+00 
 7.87879444e-06  1.80000000e+00  1.79999864e+00 
 7.98123985e-06  1.80000000e+00  1.80000113e+00 
 8.00000000e-06  1.80000000e+00  1.79999949e+00 
 8.00001000e-06  1.62000000e+00  1.79889953e+00 
 8.00003000e-06  1.26000000e+00  1.79685630e+00 
 8.00007000e-06  5.40000000e-01  1.79360076e+00 
 8.00010000e-06  0.00000000e+00  1.79201788e+00 
 8.00010788e-06  0.00000000e+00  1.79251154e+00 
 8.00012363e-06  0.00000000e+00  1.79350382e+00 
 8.00015514e-06  0.00000000e+00  1.79512923e+00 
 8.00021816e-06  0.00000000e+00  1.79747877e+00 
 8.00034419e-06  0.00000000e+00  1.80005119e+00 
 8.00057225e-06  0.00000000e+00  1.80203913e+00 
 8.00095646e-06  0.00000000e+00  1.80226367e+00 
 8.00138164e-06  0.00000000e+00  1.80038218e+00 
 8.00184935e-06  0.00000000e+00  1.79746601e+00 
 8.00241473e-06  0.00000000e+00  1.79799041e+00 
 8.00294178e-06  0.00000000e+00  1.79934733e+00 
 8.00349089e-06  0.00000000e+00  1.79956840e+00 
 8.00407572e-06  0.00000000e+00  1.79973630e+00 
 8.00468497e-06  0.00000000e+00  1.79981263e+00 
 8.00518673e-06  0.00000000e+00  1.79990418e+00 
 8.00575558e-06  0.00000000e+00  1.79988781e+00 
 8.00650637e-06  0.00000000e+00  1.79993462e+00 
 8.00728217e-06  0.00000000e+00  1.79990672e+00 
 8.00803087e-06  0.00000000e+00  1.79994409e+00 
 8.00888155e-06  0.00000000e+00  1.79991849e+00 
 8.00986334e-06  0.00000000e+00  1.79995043e+00 
 8.01091781e-06  0.00000000e+00  1.79992723e+00 
 8.01302674e-06  0.00000000e+00  1.79995860e+00 
 8.01724462e-06  0.00000000e+00  1.79994101e+00 
 8.02442947e-06  0.00000000e+00  1.79997532e+00 
 8.03879919e-06  0.00000000e+00  1.79996091e+00 
 8.06753862e-06  0.00000000e+00  1.79999596e+00 
 8.12501748e-06  0.00000000e+00  1.79997833e+00 
 8.23997520e-06  0.00000000e+00  1.80000789e+00 
 8.25010000e-06  0.00000000e+00  1.79998303e+00 
 8.25011000e-06  1.80000000e-01  1.80045994e+00 
 8.25013000e-06  5.40000000e-01  1.80165371e+00 
 8.25017000e-06  1.26000000e+00  1.80497557e+00 
 8.25020000e-06  1.80000000e+00  1.80731782e+00 
 8.25020799e-06  1.80000000e+00  1.80711555e+00 
 8.25022396e-06  1.80000000e+00  1.80667697e+00 
 8.25025592e-06  1.80000000e+00  1.80593169e+00 
 8.25031982e-06  1.80000000e+00  1.80489129e+00 
 8.25044763e-06  1.80000000e+00  1.80361428e+00 
 8.25062892e-06  1.80000000e+00  1.80245930e+00 
 8.25083155e-06  1.80000000e+00  1.80220047e+00 
 8.25122239e-06  1.80000000e+00  1.80605320e+00 
 8.25159756e-06  1.80000000e+00  1.80774709e+00 
 8.25203885e-06  1.80000000e+00  1.80520209e+00 
 8.25250472e-06  1.80000000e+00  1.80240687e+00 
 8.25323971e-06  1.80000000e+00  1.80035657e+00 
 8.25394855e-06  1.80000000e+00  1.79972229e+00 
 8.25484497e-06  1.80000000e+00  1.79969587e+00 
 8.25579940e-06  1.80000000e+00  1.79972770e+00 
 8.25678589e-06  1.80000000e+00  1.79982635e+00 
 8.25845061e-06  1.80000000e+00  1.79987981e+00 
 8.26022646e-06  1.80000000e+00  1.79994640e+00 
 8.26321126e-06  1.80000000e+00  1.79996812e+00 
 8.26702571e-06  1.80000000e+00  1.80000144e+00 
 8.27465459e-06  1.80000000e+00  1.79999288e+00 
 8.28991235e-06  1.80000000e+00  1.80000716e+00 
 8.32042788e-06  1.80000000e+00  1.79999275e+00 
 8.38145894e-06  1.80000000e+00  1.80000718e+00 
 8.50000000e-06  1.80000000e+00  1.79999277e+00 
 8.50001000e-06  1.62000000e+00  1.79889359e+00 
 8.50003000e-06  1.26000000e+00  1.79684921e+00 
 8.50007000e-06  5.40000000e-01  1.79358687e+00 
 8.50010000e-06  0.00000000e+00  1.79200059e+00 
 8.50010788e-06  0.00000000e+00  1.79249643e+00 
 8.50012364e-06  0.00000000e+00  1.79349112e+00 
 8.50015516e-06  0.00000000e+00  1.79511800e+00 
 8.50021819e-06  0.00000000e+00  1.79747178e+00 
 8.50034427e-06  0.00000000e+00  1.80007139e+00 
 8.50057237e-06  0.00000000e+00  1.80215406e+00 
 8.50095695e-06  0.00000000e+00  1.80229308e+00 
 8.50140956e-06  0.00000000e+00  1.79944373e+00 
 8.50196051e-06  0.00000000e+00  1.80102761e+00 
 8.50247772e-06  0.00000000e+00  1.81805857e+00 
 8.50309145e-06  0.00000000e+00  1.82958660e+00 
 8.50366823e-06  0.00000000e+00  1.80391597e+00 
 8.50426774e-06  0.00000000e+00  1.76740508e+00 
 8.50473085e-06  0.00000000e+00  1.74278096e+00 
 8.50527773e-06  0.00000000e+00  1.71162630e+00 
 8.50593850e-06  0.00000000e+00  1.67455606e+00 
 8.50663529e-06  0.00000000e+00  1.63503214e+00 
 8.50802888e-06  0.00000000e+00  1.55597479e+00 
 8.50976108e-06  0.00000000e+00  1.45723341e+00 
 8.51278767e-06  0.00000000e+00  1.28508602e+00 
 8.51802758e-06  0.00000000e+00  9.94208390e-01 
 8.52376533e-06  0.00000000e+00  7.17272421e-01 
 8.52970249e-06  0.00000000e+00  4.30809809e-01 
 8.53369908e-06  0.00000000e+00  2.60946204e-01 
 8.53708262e-06  0.00000000e+00  1.58904849e-01 
 8.53948371e-06  0.00000000e+00  1.10853538e-01 
 8.54180650e-06  0.00000000e+00  7.45826818e-02 
 8.54415389e-06  0.00000000e+00  5.15991978e-02 
 8.54666872e-06  0.00000000e+00  3.27281312e-02 
 8.54960021e-06  0.00000000e+00  2.05973032e-02 
 8.55269005e-06  0.00000000e+00  1.13110129e-02 
 8.55617131e-06  0.00000000e+00  6.77153594e-03 
 8.55996649e-06  0.00000000e+00  2.90452776e-03 
 8.56597374e-06  0.00000000e+00  1.42300117e-03 
 8.57243325e-06  0.00000000e+00  1.23959287e-05 
 8.58318941e-06  0.00000000e+00  3.83895375e-04 
 8.59971244e-06  0.00000000e+00 -2.71255045e-04 
 8.62394657e-06  0.00000000e+00  3.55413824e-04 
 8.66433180e-06  0.00000000e+00 -2.74168820e-04 
 8.71842725e-06  0.00000000e+00  3.39597446e-04 
 8.75010000e-06  0.00000000e+00 -2.77485889e-04 
 8.75011000e-06  1.80000000e-01  6.13123302e-04 
 8.75013000e-06  5.40000000e-01  2.35628518e-03 
 8.75017000e-06  1.26000000e+00  5.19695850e-03 
 8.75020000e-06  1.80000000e+00  6.57591512e-03 
 8.75020799e-06  1.80000000e+00  6.21616006e-03 
 8.75022398e-06  1.80000000e+00  5.49093537e-03 
 8.75025594e-06  1.80000000e+00  4.34098122e-03 
 8.75031988e-06  1.80000000e+00  2.92961150e-03 
 8.75044774e-06  1.80000000e+00  1.75770058e-03 
 8.75062919e-06  1.80000000e+00  1.35473261e-03 
 8.75087414e-06  1.80000000e+00  1.68275317e-03 
 8.75136403e-06  1.80000000e+00  4.71366174e-03 
 8.75177540e-06  1.80000000e+00  3.13655270e-03 
 8.75222473e-06  1.80000000e+00  1.93732523e-03 
 8.75280739e-06  1.80000000e+00  1.40743207e-03 
 8.75350719e-06  1.80000000e+00  6.43218675e-04 
 8.75400916e-06  1.80000000e+00  1.22007274e-03 
 8.75458758e-06  1.80000000e+00  5.66458653e-04 
 8.75512365e-06  1.80000000e+00  8.16844241e-06 
 8.75578932e-06  1.80000000e+00 -1.21413512e-04 
 8.75650130e-06  1.80000000e+00 -1.67386049e-04 
 8.75792527e-06  1.80000000e+00 -1.00939590e-05 
 8.75977702e-06  1.80000000e+00  1.47482039e-04 
 8.76246096e-06  1.80000000e+00  1.87662075e-04 
 8.76602138e-06  1.80000000e+00  2.44880255e-04 
 8.77314221e-06  1.80000000e+00  1.83490699e-04 
 8.78738388e-06  1.80000000e+00  1.40260273e-04 
 8.81336767e-06  1.80000000e+00  5.19191603e-05 
 8.86533524e-06  1.80000000e+00  6.00149708e-05 
 8.92421842e-06  1.80000000e+00  4.18740410e-06 
 8.96674139e-06  1.80000000e+00 -3.82647762e-03 
 8.99088044e-06  1.80000000e+00  8.79277677e-04 
 9.00000000e-06  1.80000000e+00  4.82576671e-03 
