 1.00000000e-12  1.78200000e+00  5.65379823e-01 
 1.02800000e-12  1.78149600e+00  5.60617441e-01 
 1.08400000e-12  1.78048800e+00  5.55769097e-01 
 1.19600000e-12  1.77847200e+00  5.56891326e-01 
 1.42000000e-12  1.77444000e+00  5.60569481e-01 
 1.70044789e-12  1.76939194e+00  5.64426287e-01 
 2.26134366e-12  1.75929581e+00  5.69435601e-01 
 3.25895847e-12  1.74133875e+00  5.72280814e-01 
 4.48648098e-12  1.71924334e+00  5.72698872e-01 
 6.47297648e-12  1.68348642e+00  5.72361206e-01 
 9.43772775e-12  1.63012090e+00  5.71985211e-01 
 1.39520536e-11  1.54886304e+00  5.71232362e-01 
 2.00254703e-11  1.43954154e+00  5.70434013e-01 
 3.21723037e-11  1.22089853e+00  5.68747203e-01 
 5.64659706e-11  7.83612529e-01  5.66417849e-01 
 1.00000000e-10  0.00000000e+00  5.63833556e-01 
 1.04858733e-10  0.00000000e+00  5.64018376e-01 
 1.14576200e-10  0.00000000e+00  5.64441349e-01 
 1.34011134e-10  0.00000000e+00  5.65226066e-01 
 1.72881001e-10  0.00000000e+00  5.67069160e-01 
 2.50620735e-10  0.00000000e+00  5.71605159e-01 
 4.06100203e-10  0.00000000e+00  5.79884426e-01 
 6.62936795e-10  0.00000000e+00  5.90239693e-01 
 9.68294898e-10  0.00000000e+00  6.02279574e-01 
 1.38043874e-09  0.00000000e+00  6.15145207e-01 
 1.92696354e-09  0.00000000e+00  6.12852782e-01 
 2.50082836e-09  0.00000000e+00  5.91446769e-01 
 3.33276491e-09  0.00000000e+00  5.43909500e-01 
 4.21216239e-09  0.00000000e+00  4.90816864e-01 
 5.14031238e-09  0.00000000e+00  4.36653223e-01 
 6.03719859e-09  0.00000000e+00  3.89471434e-01 
 7.05500553e-09  0.00000000e+00  3.35889845e-01 
 8.01282475e-09  0.00000000e+00  2.86939202e-01 
 8.69335010e-09  0.00000000e+00  2.55463947e-01 
 9.30651786e-09  0.00000000e+00  2.28971082e-01 
 1.00389626e-08  0.00000000e+00  1.99677840e-01 
 1.08181352e-08  0.00000000e+00  1.73031805e-01 
 1.19040926e-08  0.00000000e+00  1.42880407e-01 
 1.33250314e-08  0.00000000e+00  1.13410991e-01 
 1.44223422e-08  0.00000000e+00  9.41129884e-02 
 1.53599288e-08  0.00000000e+00  7.89267409e-02 
 1.62066710e-08  0.00000000e+00  6.61668421e-02 
 1.70989327e-08  0.00000000e+00  5.53972558e-02 
 1.84393541e-08  0.00000000e+00  4.19060189e-02 
 2.08549348e-08  0.00000000e+00  2.52767361e-02 
 2.44763013e-08  0.00000000e+00  1.13820375e-02 
 2.82926504e-08  0.00000000e+00  4.96753569e-03 
 3.21935607e-08  0.00000000e+00  2.01610170e-03 
 3.76636098e-08  0.00000000e+00  6.02576010e-04 
 4.32864964e-08  0.00000000e+00  1.14556801e-04 
 5.11799203e-08  0.00000000e+00  5.08088396e-05 
 6.51107013e-08  0.00000000e+00 -2.98660770e-05 
 8.73212438e-08  0.00000000e+00  3.13731363e-05 
 1.26749410e-07  0.00000000e+00 -3.08291470e-05 
 2.04399304e-07  0.00000000e+00  2.71621889e-05 
 2.50100000e-07  0.00000000e+00 -3.08426499e-05 
 2.50110000e-07  1.80000000e-01  1.45941303e-03 
 2.50130000e-07  5.40000000e-01  4.91075386e-03 
 2.50170000e-07  1.26000000e+00  9.66005926e-03 
 2.50200000e-07  1.80000000e+00  1.07762021e-02 
 2.50207599e-07  1.80000000e+00  9.72943915e-03 
 2.50222797e-07  1.80000000e+00  7.32707752e-03 
 2.50253194e-07  1.80000000e+00  3.29549082e-03 
 2.50307577e-07  1.80000000e+00 -2.50954104e-04 
 2.50379083e-07  1.80000000e+00 -1.99965578e-03 
 2.50522094e-07  1.80000000e+00 -2.98689026e-03 
 2.50653008e-07  1.80000000e+00 -2.44508453e-03 
 2.50914836e-07  1.80000000e+00  6.46342503e-05 
 2.51226754e-07  1.80000000e+00  3.12932137e-03 
 2.51636198e-07  1.80000000e+00  3.26501043e-03 
 2.52082332e-07  1.80000000e+00  1.91024455e-03 
 2.52677758e-07  1.80000000e+00  1.14640914e-03 
 2.53418522e-07  1.80000000e+00  2.16455304e-04 
 2.53967510e-07  1.80000000e+00 -2.30244181e-05 
 2.54618896e-07  1.80000000e+00  1.25218383e-03 
 2.55233942e-07  1.80000000e+00  1.04580994e-03 
 2.55885267e-07  1.80000000e+00  9.56915057e-04 
 2.56689383e-07  1.80000000e+00  1.02442427e-03 
 2.57830526e-07  1.80000000e+00  9.02003017e-04 
 2.59100087e-07  1.80000000e+00  7.93543841e-04 
 2.61134593e-07  1.80000000e+00  5.04910485e-04 
 2.63918833e-07  1.80000000e+00  3.39749071e-04 
 2.69487315e-07  1.80000000e+00  1.01027614e-04 
 2.80150000e-07  1.80000000e+00  4.93762790e-05 
 2.98765821e-07  1.80000000e+00 -4.94086516e-06 
 3.35997462e-07  1.80000000e+00  2.36609547e-05 
 4.10460746e-07  1.80000000e+00 -1.68035653e-05 
 5.00000000e-07  1.80000000e+00  2.07947496e-05 
 5.00010000e-07  1.62000000e+00 -8.58119282e-04 
 5.00030000e-07  1.26000000e+00 -2.44492184e-03 
 5.00070000e-07  5.40000000e-01 -4.59523353e-03 
 5.00100000e-07  0.00000000e+00 -5.66595369e-03 
 5.00108000e-07  0.00000000e+00 -5.22416287e-03 
 5.00124000e-07  0.00000000e+00 -4.29656642e-03 
 5.00156000e-07  0.00000000e+00 -2.94761444e-03 
 5.00220000e-07  0.00000000e+00 -1.55751188e-03 
 5.00336933e-07  0.00000000e+00 -4.91238931e-04 
 5.00499771e-07  0.00000000e+00 -5.94032810e-05 
 5.00825446e-07  0.00000000e+00  8.28278575e-04 
 5.01282703e-07  0.00000000e+00 -2.01650005e-03 
 5.01757722e-07  0.00000000e+00 -1.50001167e-02 
 5.02188720e-07  0.00000000e+00 -1.62507536e-02 
 5.02682751e-07  0.00000000e+00  2.08408193e-02 
 5.03255942e-07  0.00000000e+00  8.61609380e-02 
 5.03857767e-07  0.00000000e+00  1.55865678e-01 
 5.04510816e-07  0.00000000e+00  2.31950183e-01 
 5.05211138e-07  0.00000000e+00  3.11210406e-01 
 5.06264100e-07  0.00000000e+00  4.23867366e-01 
 5.07340573e-07  0.00000000e+00  5.33976977e-01 
 5.09047468e-07  0.00000000e+00  7.05861814e-01 
 5.10263382e-07  0.00000000e+00  8.17824284e-01 
 5.11596731e-07  0.00000000e+00  9.15901766e-01 
 5.13079216e-07  0.00000000e+00  1.02400471e+00 
 5.14750612e-07  0.00000000e+00  1.12009247e+00 
 5.16411591e-07  0.00000000e+00  1.29550522e+00 
 5.18157011e-07  0.00000000e+00  1.51224596e+00 
 5.20486848e-07  0.00000000e+00  1.69412188e+00 
 5.23448788e-07  0.00000000e+00  1.77882197e+00 
 5.27921682e-07  0.00000000e+00  1.80036687e+00 
 5.34406522e-07  0.00000000e+00  1.80037962e+00 
 5.44614417e-07  0.00000000e+00  1.79970177e+00 
 5.64027594e-07  0.00000000e+00  1.80039536e+00 
 5.99977150e-07  0.00000000e+00  1.79963951e+00 
 6.71876262e-07  0.00000000e+00  1.80038369e+00 
 7.50100000e-07  9.52912066e-13  1.79962473e+00 
 7.50110000e-07  1.80000000e-01  1.80046761e+00 
 7.50130000e-07  5.40000000e-01  1.80238670e+00 
 7.50170000e-07  1.26000000e+00  1.80600506e+00 
 7.50200000e-07  1.80000000e+00  1.80829154e+00 
 7.50207874e-07  1.80000000e+00  1.80801878e+00 
 7.50223623e-07  1.80000000e+00  1.80744155e+00 
 7.50255120e-07  1.80000000e+00  1.80653399e+00 
 7.50318114e-07  1.80000000e+00  1.80535390e+00 
 7.50444102e-07  1.80000000e+00  1.80395419e+00 
 7.50684099e-07  1.80000000e+00  1.80266747e+00 
 7.50947553e-07  1.80000000e+00  1.80350086e+00 
 7.51386596e-07  1.80000000e+00  1.80689972e+00 
 7.51856154e-07  1.80000000e+00  1.80432718e+00 
 7.52366672e-07  1.80000000e+00  1.80198076e+00 
 7.53028447e-07  1.80000000e+00  1.80036893e+00 
 7.53777622e-07  1.80000000e+00  1.80003710e+00 
 7.54422207e-07  1.80000000e+00  1.80185176e+00 
 7.55089432e-07  1.80000000e+00  1.80036729e+00 
 7.55803055e-07  1.80000000e+00  1.79993239e+00 
 7.56661766e-07  1.80000000e+00  1.80010935e+00 
 7.57551165e-07  1.80000000e+00  1.80002416e+00 
 7.59175555e-07  1.80000000e+00  1.80005050e+00 
 7.61365148e-07  1.80000000e+00  1.80000741e+00 
 7.65443270e-07  1.80000000e+00  1.80002528e+00 
 7.72872613e-07  1.80000000e+00  1.79999724e+00 
 7.84865308e-07  1.80000000e+00  1.80001883e+00 
 8.07716989e-07  1.80000000e+00  1.79999692e+00 
 8.46413294e-07  1.80000000e+00  1.80001674e+00 
 9.19175969e-07  1.80000000e+00  1.79999493e+00 
 1.00000000e-06  1.80000000e+00  1.80001427e+00 
 1.00001000e-06  1.62000000e+00  1.79879642e+00 
 1.00003000e-06  1.26000000e+00  1.79657344e+00 
 1.00007000e-06  5.40000000e-01  1.79325050e+00 
 1.00010000e-06  0.00000000e+00  1.79159800e+00 
 1.00010800e-06  0.00000000e+00  1.79219904e+00 
 1.00012400e-06  0.00000000e+00  1.79339356e+00 
 1.00015600e-06  0.00000000e+00  1.79517629e+00 
 1.00022000e-06  0.00000000e+00  1.79732320e+00 
 1.00033686e-06  0.00000000e+00  1.79954817e+00 
 1.00049977e-06  0.00000000e+00  1.80089619e+00 
 1.00082558e-06  0.00000000e+00  1.80197172e+00 
 1.00128297e-06  0.00000000e+00  1.80183483e+00 
 1.00175801e-06  0.00000000e+00  1.80031169e+00 
 1.00218899e-06  0.00000000e+00  1.79817022e+00 
 1.00268319e-06  0.00000000e+00  1.79859553e+00 
 1.00328842e-06  0.00000000e+00  1.79954496e+00 
 1.00391165e-06  0.00000000e+00  1.79916326e+00 
 1.00440828e-06  0.00000000e+00  1.79744979e+00 
 1.00498746e-06  0.00000000e+00  1.78960480e+00 
 1.00556665e-06  0.00000000e+00  1.78775406e+00 
 1.00609206e-06  0.00000000e+00  1.78288330e+00 
 1.00670518e-06  0.00000000e+00  1.78244522e+00 
 1.00756368e-06  0.00000000e+00  1.78759621e+00 
 1.00843275e-06  0.00000000e+00  1.79184507e+00 
 1.00995355e-06  0.00000000e+00  1.79608644e+00 
 1.01141818e-06  0.00000000e+00  1.79835903e+00 
 1.01278340e-06  0.00000000e+00  1.79942847e+00 
 1.01387959e-06  0.00000000e+00  1.79912341e+00 
 1.01493470e-06  0.00000000e+00  1.79822943e+00 
 1.01603394e-06  0.00000000e+00  1.79914004e+00 
 1.01707811e-06  0.00000000e+00  1.79818389e+00 
 1.01819397e-06  0.00000000e+00  1.79720694e+00 
 1.01938216e-06  0.00000000e+00  1.79811408e+00 
 1.02106258e-06  0.00000000e+00  1.79916840e+00 
 1.02274686e-06  0.00000000e+00  1.79952147e+00 
 1.02538041e-06  0.00000000e+00  1.79983749e+00 
 1.02737731e-06  0.00000000e+00  1.79987577e+00 
 1.02965922e-06  0.00000000e+00  1.79997939e+00 
 1.03195304e-06  0.00000000e+00  1.80000741e+00 
 1.03498454e-06  0.00000000e+00  1.80030641e+00 
 1.03748325e-06  0.00000000e+00  1.79969836e+00 
 1.04006849e-06  0.00000000e+00  1.80001776e+00 
 1.04280484e-06  0.00000000e+00  1.79988105e+00 
 1.04576933e-06  0.00000000e+00  1.80004241e+00 
 1.05169833e-06  0.00000000e+00  1.79990930e+00 
 1.05746212e-06  0.00000000e+00  1.80003583e+00 
 1.06335241e-06  0.00000000e+00  1.79991406e+00 
 1.06989089e-06  0.00000000e+00  1.80002859e+00 
 1.07780824e-06  0.00000000e+00  1.79992801e+00 
 1.09180999e-06  0.00000000e+00  1.80002913e+00 
 1.11341332e-06  0.00000000e+00  1.79993830e+00 
 1.15543014e-06  0.00000000e+00  1.80003546e+00 
 1.23946378e-06  0.00000000e+00  1.79994764e+00 
 1.25010000e-06  0.00000000e+00  1.80003724e+00 
 1.25011000e-06  1.80000000e-01  1.80082220e+00 
 1.25013000e-06  5.40000000e-01  1.80269639e+00 
 1.25017000e-06  1.26000000e+00  1.80638427e+00 
 1.25020000e-06  1.80000000e+00  1.80876935e+00 
 1.25020792e-06  1.80000000e+00  1.80847359e+00 
 1.25022376e-06  1.80000000e+00  1.80784963e+00 
 1.25025544e-06  1.80000000e+00  1.80686382e+00 
 1.25031879e-06  1.80000000e+00  1.80558536e+00 
 1.25044550e-06  1.80000000e+00  1.80407553e+00 
 1.25068555e-06  1.80000000e+00  1.80276294e+00 
 1.25094778e-06  1.80000000e+00  1.80348932e+00 
 1.25138524e-06  1.80000000e+00  1.80638112e+00 
 1.25185457e-06  1.80000000e+00  1.80370259e+00 
 1.25236440e-06  1.80000000e+00  1.80141006e+00 
 1.25302606e-06  1.80000000e+00  1.80030569e+00 
 1.25373888e-06  1.80000000e+00  1.80011557e+00 
 1.25439554e-06  1.80000000e+00  1.80012915e+00 
 1.25509873e-06  1.80000000e+00  1.79999708e+00 
 1.25577913e-06  1.80000000e+00  1.80001296e+00 
 1.25676274e-06  1.80000000e+00  1.80000781e+00 
 1.25788552e-06  1.80000000e+00  1.80000531e+00 
 1.25942822e-06  1.80000000e+00  1.80000523e+00 
 1.26187213e-06  1.80000000e+00  1.80000094e+00 
 1.26621035e-06  1.80000000e+00  1.80000167e+00 
 1.27341705e-06  1.80000000e+00  1.79999856e+00 
 1.28589731e-06  1.80000000e+00  1.80000112e+00 
 1.30762520e-06  1.80000000e+00  1.79999864e+00 
 1.34491884e-06  1.80000000e+00  1.80000123e+00 
 1.41793515e-06  1.80000000e+00  1.79999866e+00 
 1.50000000e-06  1.80000000e+00  1.80000125e+00 
 1.50001000e-06  1.62000000e+00  1.79872865e+00 
 1.50003000e-06  1.26000000e+00  1.79641187e+00 
 1.50007000e-06  5.40000000e-01  1.79301641e+00 
 1.50010000e-06  0.00000000e+00  1.79128379e+00 
 1.50010800e-06  0.00000000e+00  1.79189280e+00 
 1.50012400e-06  0.00000000e+00  1.79311155e+00 
 1.50015600e-06  0.00000000e+00  1.79496246e+00 
 1.50022000e-06  0.00000000e+00  1.79722533e+00 
 1.50033687e-06  0.00000000e+00  1.79951887e+00 
 1.50049975e-06  0.00000000e+00  1.80085617e+00 
 1.50082550e-06  0.00000000e+00  1.80191609e+00 
 1.50128522e-06  0.00000000e+00  1.80182000e+00 
 1.50176132e-06  0.00000000e+00  1.80042741e+00 
 1.50217942e-06  0.00000000e+00  1.79818502e+00 
 1.50264520e-06  0.00000000e+00  1.79773437e+00 
 1.50331654e-06  0.00000000e+00  1.79821616e+00 
 1.50394975e-06  0.00000000e+00  1.79865719e+00 
 1.50473288e-06  0.00000000e+00  1.79907483e+00 
 1.50553506e-06  0.00000000e+00  1.79932567e+00 
 1.50657401e-06  0.00000000e+00  1.79948409e+00 
 1.50734301e-06  0.00000000e+00  1.79965432e+00 
 1.50817025e-06  0.00000000e+00  1.79970596e+00 
 1.50903128e-06  0.00000000e+00  1.79978108e+00 
 1.51002604e-06  0.00000000e+00  1.79980328e+00 
 1.51120147e-06  0.00000000e+00  1.79985313e+00 
 1.51241538e-06  0.00000000e+00  1.79985908e+00 
 1.51484322e-06  0.00000000e+00  1.79989956e+00 
 1.51960965e-06  0.00000000e+00  1.79991157e+00 
 1.52889055e-06  0.00000000e+00  1.79994857e+00 
 1.54745235e-06  0.00000000e+00  1.79995746e+00 
 1.58457596e-06  0.00000000e+00  1.79998672e+00 
 1.65882317e-06  0.00000000e+00  1.79998354e+00 
 1.75010000e-06  0.00000000e+00  1.80000045e+00 
 1.75011000e-06  1.80000000e-01  1.80064475e+00 
 1.75013000e-06  5.40000000e-01  1.80232570e+00 
 1.75017000e-06  1.26000000e+00  1.80595043e+00 
 1.75020000e-06  1.80000000e+00  1.80838578e+00 
 1.75020787e-06  1.80000000e+00  1.80811716e+00 
 1.75022361e-06  1.80000000e+00  1.80754354e+00 
 1.75025509e-06  1.80000000e+00  1.80663377e+00 
 1.75031805e-06  1.80000000e+00  1.80544772e+00 
 1.75044397e-06  1.80000000e+00  1.80402882e+00 
 1.75068292e-06  1.80000000e+00  1.80276313e+00 
 1.75094429e-06  1.80000000e+00  1.80348633e+00 
 1.75138129e-06  1.80000000e+00  1.80642584e+00 
 1.75185090e-06  1.80000000e+00  1.80380239e+00 
 1.75235760e-06  1.80000000e+00  1.80151243e+00 
 1.75302045e-06  1.80000000e+00  1.79999628e+00 
 1.75376726e-06  1.80000000e+00  1.79963176e+00 
 1.75440033e-06  1.80000000e+00  1.80025722e+00 
 1.75506141e-06  1.80000000e+00  1.80056941e+00 
 1.75577298e-06  1.80000000e+00  1.80118249e+00 
 1.75672004e-06  1.80000000e+00  1.80166632e+00 
 1.75759260e-06  1.80000000e+00  1.80161781e+00 
 1.75843592e-06  1.80000000e+00  1.80127810e+00 
 1.75934325e-06  1.80000000e+00  1.80108385e+00 
 1.76076961e-06  1.80000000e+00  1.80078762e+00 
 1.76216405e-06  1.80000000e+00  1.80057201e+00 
 1.76491406e-06  1.80000000e+00  1.80028400e+00 
 1.76839964e-06  1.80000000e+00  1.80012381e+00 
 1.77537081e-06  1.80000000e+00  1.80000701e+00 
 1.78817556e-06  1.80000000e+00  1.80000168e+00 
 1.80932786e-06  1.80000000e+00  1.79999680e+00 
 1.85163246e-06  1.80000000e+00  1.80000339e+00 
 1.93411197e-06  1.80000000e+00  1.79999639e+00 
 2.00000000e-06  1.80000000e+00  1.80000363e+00 
 2.00001000e-06  1.62000000e+00  1.79873296e+00 
 2.00003000e-06  1.26000000e+00  1.79642633e+00 
 2.00007000e-06  5.40000000e-01  1.79304485e+00 
 2.00010000e-06  3.67639252e-12  1.79130657e+00 
 2.00010800e-06  0.00000000e+00  1.79191660e+00 
 2.00012400e-06  0.00000000e+00  1.79313433e+00 
 2.00015600e-06  0.00000000e+00  1.79498070e+00 
 2.00022000e-06  0.00000000e+00  1.79723490e+00 
 2.00033683e-06  0.00000000e+00  1.79951864e+00 
 2.00049960e-06  0.00000000e+00  1.80085254e+00 
 2.00082514e-06  0.00000000e+00  1.80191442e+00 
 2.00128247e-06  0.00000000e+00  1.80183920e+00 
 2.00175749e-06  0.00000000e+00  1.80043587e+00 
 2.00218783e-06  0.00000000e+00  1.79821108e+00 
 2.00268179e-06  0.00000000e+00  1.79842069e+00 
 2.00328956e-06  0.00000000e+00  1.79872064e+00 
 2.00391397e-06  0.00000000e+00  1.79761547e+00 
 2.00441407e-06  0.00000000e+00  1.79906659e+00 
 2.00498903e-06  0.00000000e+00  1.79984748e+00 
 2.00556468e-06  0.00000000e+00  1.80074628e+00 
 2.00608983e-06  0.00000000e+00  1.80092382e+00 
 2.00670333e-06  0.00000000e+00  1.80062480e+00 
 2.00755902e-06  0.00000000e+00  1.80039341e+00 
 2.00842591e-06  0.00000000e+00  1.80019880e+00 
 2.00973361e-06  0.00000000e+00  1.80018480e+00 
 2.01070600e-06  0.00000000e+00  1.80014728e+00 
 2.01173482e-06  0.00000000e+00  1.80043488e+00 
 2.01284361e-06  0.00000000e+00  1.80044250e+00 
 2.01369064e-06  0.00000000e+00  1.79989261e+00 
 2.01451670e-06  0.00000000e+00  1.79890491e+00 
 2.01547026e-06  0.00000000e+00  1.79869668e+00 
 2.01645455e-06  0.00000000e+00  1.79985541e+00 
 2.01745986e-06  0.00000000e+00  1.79797862e+00 
 2.01853195e-06  0.00000000e+00  1.79744344e+00 
 2.01963540e-06  0.00000000e+00  1.79832410e+00 
 2.02129800e-06  0.00000000e+00  1.79921665e+00 
 2.02307305e-06  0.00000000e+00  1.79964499e+00 
 2.02662316e-06  0.00000000e+00  1.79990239e+00 
 2.03205247e-06  0.00000000e+00  1.79996059e+00 
 2.04089525e-06  0.00000000e+00  1.79994657e+00 
 2.05670542e-06  0.00000000e+00  1.79998132e+00 
 2.08190912e-06  0.00000000e+00  1.79996739e+00 
 2.13231652e-06  0.00000000e+00  1.79999937e+00 
 2.16769893e-06  0.00000000e+00  1.79997832e+00 
 2.20665373e-06  0.00000000e+00  1.80000439e+00 
 2.25010000e-06  0.00000000e+00  1.79998150e+00 
 2.25011000e-06  1.80000000e-01  1.80066496e+00 
 2.25013000e-06  5.40000000e-01  1.80238434e+00 
 2.25017000e-06  1.26000000e+00  1.80596112e+00 
 2.25020000e-06  1.80000000e+00  1.80836134e+00 
 2.25020792e-06  1.80000000e+00  1.80808936e+00 
 2.25022376e-06  1.80000000e+00  1.80751078e+00 
 2.25025544e-06  1.80000000e+00  1.80659975e+00 
 2.25031879e-06  1.80000000e+00  1.80542218e+00 
 2.25044550e-06  1.80000000e+00  1.80401481e+00 
 2.25068531e-06  1.80000000e+00  1.80276649e+00 
 2.25094611e-06  1.80000000e+00  1.80350446e+00 
 2.25138224e-06  1.80000000e+00  1.80641384e+00 
 2.25185143e-06  1.80000000e+00  1.80376300e+00 
 2.25235923e-06  1.80000000e+00  1.80144015e+00 
 2.25302241e-06  1.80000000e+00  1.80027718e+00 
 2.25375500e-06  1.80000000e+00  1.80013947e+00 
 2.25437142e-06  1.80000000e+00  1.80020939e+00 
 2.25502147e-06  1.80000000e+00  1.80004463e+00 
 2.25568278e-06  1.80000000e+00  1.80003453e+00 
 2.25663458e-06  1.80000000e+00  1.80002497e+00 
 2.25760174e-06  1.80000000e+00  1.80001109e+00 
 2.25914012e-06  1.80000000e+00  1.80001349e+00 
 2.26142157e-06  1.80000000e+00  1.80000081e+00 
 2.26538028e-06  1.80000000e+00  1.80000580e+00 
 2.27255445e-06  1.80000000e+00  1.79999572e+00 
 2.28420730e-06  1.80000000e+00  1.80000405e+00 
 2.30566987e-06  1.80000000e+00  1.79999572e+00 
 2.34227518e-06  1.80000000e+00  1.80000414e+00 
 2.40961981e-06  1.80000000e+00  1.79999574e+00 
 2.50000000e-06  1.80000000e+00  1.80000416e+00 
 2.50001000e-06  1.62000000e+00  1.79873653e+00 
 2.50003000e-06  1.26000000e+00  1.79643755e+00 
 2.50007000e-06  5.40000000e-01  1.79306275e+00 
 2.50010000e-06  3.67639252e-12  1.79131856e+00 
 2.50010800e-06  0.00000000e+00  1.79192753e+00 
 2.50012400e-06  0.00000000e+00  1.79314147e+00 
 2.50015600e-06  0.00000000e+00  1.79498396e+00 
 2.50022000e-06  0.00000000e+00  1.79723669e+00 
 2.50033687e-06  0.00000000e+00  1.79952195e+00 
 2.50049974e-06  0.00000000e+00  1.80085618e+00 
 2.50082550e-06  0.00000000e+00  1.80191462e+00 
 2.50128521e-06  0.00000000e+00  1.80181408e+00 
 2.50176131e-06  0.00000000e+00  1.80042058e+00 
 2.50217945e-06  0.00000000e+00  1.79817938e+00 
 2.50264519e-06  0.00000000e+00  1.79773432e+00 
 2.50331659e-06  0.00000000e+00  1.79821487e+00 
 2.50394979e-06  0.00000000e+00  1.79865798e+00 
 2.50473246e-06  0.00000000e+00  1.79907434e+00 
 2.50553421e-06  0.00000000e+00  1.79932649e+00 
 2.50657309e-06  0.00000000e+00  1.79948642e+00 
 2.50734196e-06  0.00000000e+00  1.79965485e+00 
 2.50816934e-06  0.00000000e+00  1.79970539e+00 
 2.50903215e-06  0.00000000e+00  1.79978143e+00 
 2.51002841e-06  0.00000000e+00  1.79980310e+00 
 2.51119724e-06  0.00000000e+00  1.79985348e+00 
 2.51241446e-06  0.00000000e+00  1.79985900e+00 
 2.51484889e-06  0.00000000e+00  1.79990009e+00 
 2.51958584e-06  0.00000000e+00  1.79991138e+00 
 2.52890565e-06  0.00000000e+00  1.79994894e+00 
 2.54754528e-06  0.00000000e+00  1.79995732e+00 
 2.58482455e-06  0.00000000e+00  1.79998704e+00 
 2.65938307e-06  0.00000000e+00  1.79998333e+00 
 2.75010000e-06  0.00000000e+00  1.80000069e+00 
 2.75011000e-06  1.80000000e-01  1.80064485e+00 
 2.75013000e-06  5.40000000e-01  1.80232436e+00 
 2.75017000e-06  1.26000000e+00  1.80592117e+00 
 2.75020000e-06  1.80000000e+00  1.80833225e+00 
 2.75020787e-06  1.80000000e+00  1.80806711e+00 
 2.75022362e-06  1.80000000e+00  1.80750059e+00 
 2.75025511e-06  1.80000000e+00  1.80660266e+00 
 2.75031810e-06  1.80000000e+00  1.80543195e+00 
 2.75044408e-06  1.80000000e+00  1.80402578e+00 
 2.75068307e-06  1.80000000e+00  1.80276546e+00 
 2.75094338e-06  1.80000000e+00  1.80348836e+00 
 2.75137947e-06  1.80000000e+00  1.80643113e+00 
 2.75184899e-06  1.80000000e+00  1.80381628e+00 
 2.75235451e-06  1.80000000e+00  1.80152413e+00 
 2.75301825e-06  1.80000000e+00  1.80000153e+00 
 2.75376427e-06  1.80000000e+00  1.79963016e+00 
 2.75439388e-06  1.80000000e+00  1.80025416e+00 
 2.75505323e-06  1.80000000e+00  1.80056597e+00 
 2.75576552e-06  1.80000000e+00  1.80117612e+00 
 2.75670834e-06  1.80000000e+00  1.80166576e+00 
 2.75758243e-06  1.80000000e+00  1.80162068e+00 
 2.75842957e-06  1.80000000e+00  1.80128109e+00 
 2.75933706e-06  1.80000000e+00  1.80108452e+00 
 2.76075233e-06  1.80000000e+00  1.80079162e+00 
 2.76215176e-06  1.80000000e+00  1.80057315e+00 
 2.76487758e-06  1.80000000e+00  1.80028737e+00 
 2.76834901e-06  1.80000000e+00  1.80012486e+00 
 2.77529188e-06  1.80000000e+00  1.80000799e+00 
 2.78763844e-06  1.80000000e+00  1.80000123e+00 
 2.80816479e-06  1.80000000e+00  1.79999729e+00 
 2.84921749e-06  1.80000000e+00  1.80000288e+00 
 2.92831559e-06  1.80000000e+00  1.79999690e+00 
 3.00000000e-06  1.80000000e+00  1.80000310e+00 
 3.00001000e-06  1.62000000e+00  1.79873679e+00 
 3.00003000e-06  1.26000000e+00  1.79644455e+00 
 3.00007000e-06  5.40000000e-01  1.79307290e+00 
 3.00010000e-06  3.67639252e-12  1.79132718e+00 
 3.00010800e-06  0.00000000e+00  1.79193773e+00 
 3.00012400e-06  0.00000000e+00  1.79315321e+00 
 3.00015600e-06  0.00000000e+00  1.79499398e+00 
 3.00022000e-06  0.00000000e+00  1.79724134e+00 
 3.00033683e-06  0.00000000e+00  1.79952057e+00 
 3.00049960e-06  0.00000000e+00  1.80085298e+00 
 3.00082514e-06  0.00000000e+00  1.80191365e+00 
 3.00128247e-06  0.00000000e+00  1.80183544e+00 
 3.00175749e-06  0.00000000e+00  1.80043132e+00 
 3.00218748e-06  0.00000000e+00  1.79820893e+00 
 3.00268158e-06  0.00000000e+00  1.79842018e+00 
 3.00328927e-06  0.00000000e+00  1.79871987e+00 
 3.00391352e-06  0.00000000e+00  1.79761594e+00 
 3.00441342e-06  0.00000000e+00  1.79906563e+00 
 3.00498840e-06  0.00000000e+00  1.79984726e+00 
 3.00556458e-06  0.00000000e+00  1.80074660e+00 
 3.00608989e-06  0.00000000e+00  1.80092403e+00 
 3.00670378e-06  0.00000000e+00  1.80062505e+00 
 3.00755998e-06  0.00000000e+00  1.80039325e+00 
 3.00842666e-06  0.00000000e+00  1.80019911e+00 
 3.00973453e-06  0.00000000e+00  1.80018466e+00 
 3.01070801e-06  0.00000000e+00  1.80014775e+00 
 3.01173743e-06  0.00000000e+00  1.80043544e+00 
 3.01284588e-06  0.00000000e+00  1.80044178e+00 
 3.01368902e-06  0.00000000e+00  1.79989408e+00 
 3.01450912e-06  0.00000000e+00  1.79891234e+00 
 3.01546516e-06  0.00000000e+00  1.79868941e+00 
 3.01645138e-06  0.00000000e+00  1.79986048e+00 
 3.01745699e-06  0.00000000e+00  1.79798120e+00 
 3.01852872e-06  0.00000000e+00  1.79744261e+00 
 3.01963153e-06  0.00000000e+00  1.79832088e+00 
 3.02128889e-06  0.00000000e+00  1.79921412e+00 
 3.02306162e-06  0.00000000e+00  1.79964264e+00 
 3.02660708e-06  0.00000000e+00  1.79990266e+00 
 3.03200373e-06  0.00000000e+00  1.79995991e+00 
 3.04080633e-06  0.00000000e+00  1.79994710e+00 
 3.05649181e-06  0.00000000e+00  1.79998063e+00 
 3.07806683e-06  0.00000000e+00  1.79996684e+00 
 3.09376240e-06  0.00000000e+00  1.79999327e+00 
 3.11004501e-06  0.00000000e+00  1.79997272e+00 
 3.12490330e-06  0.00000000e+00  1.79999882e+00 
 3.14131865e-06  0.00000000e+00  1.79997543e+00 
 3.16604502e-06  0.00000000e+00  1.80000309e+00 
 3.21549776e-06  0.00000000e+00  1.79997938e+00 
 3.25010000e-06  0.00000000e+00  1.80000706e+00 
 3.25011000e-06  1.80000000e-01  1.80063121e+00 
 3.25013000e-06  5.40000000e-01  1.80229841e+00 
 3.25017000e-06  1.26000000e+00  1.80591107e+00 
 3.25020000e-06  1.80000000e+00  1.80831956e+00 
 3.25020788e-06  1.80000000e+00  1.80805337e+00 
 3.25022363e-06  1.80000000e+00  1.80748561e+00 
 3.25025515e-06  1.80000000e+00  1.80658970e+00 
 3.25031817e-06  1.80000000e+00  1.80542643e+00 
 3.25044421e-06  1.80000000e+00  1.80402825e+00 
 3.25068470e-06  1.80000000e+00  1.80276934e+00 
 3.25094421e-06  1.80000000e+00  1.80349643e+00 
 3.25138002e-06  1.80000000e+00  1.80641594e+00 
 3.25184964e-06  1.80000000e+00  1.80377573e+00 
 3.25235568e-06  1.80000000e+00  1.80145079e+00 
 3.25302075e-06  1.80000000e+00  1.80027885e+00 
 3.25375236e-06  1.80000000e+00  1.80014002e+00 
 3.25436693e-06  1.80000000e+00  1.80021029e+00 
 3.25501615e-06  1.80000000e+00  1.80004513e+00 
 3.25567603e-06  1.80000000e+00  1.80003453e+00 
 3.25662632e-06  1.80000000e+00  1.80002512e+00 
 3.25758913e-06  1.80000000e+00  1.80001102e+00 
 3.25912415e-06  1.80000000e+00  1.80001357e+00 
 3.26140150e-06  1.80000000e+00  1.80000073e+00 
 3.26533341e-06  1.80000000e+00  1.80000588e+00 
 3.27244881e-06  1.80000000e+00  1.79999566e+00 
 3.28397309e-06  1.80000000e+00  1.80000412e+00 
 3.30514025e-06  1.80000000e+00  1.79999565e+00 
 3.34116574e-06  1.80000000e+00  1.80000421e+00 
 3.40776876e-06  1.80000000e+00  1.79999567e+00 
 3.50000000e-06  1.80000000e+00  1.80000423e+00 
 3.50001000e-06  1.62000000e+00  1.79873915e+00 
 3.50003000e-06  1.26000000e+00  1.79645232e+00 
 3.50007000e-06  5.40000000e-01  1.79308251e+00 
 3.50010000e-06  3.67639252e-12  1.79133290e+00 
 3.50010800e-06  0.00000000e+00  1.79194143e+00 
 3.50012400e-06  0.00000000e+00  1.79315537e+00 
 3.50015600e-06  0.00000000e+00  1.79499365e+00 
 3.50022000e-06  0.00000000e+00  1.79724103e+00 
 3.50033687e-06  0.00000000e+00  1.79952310e+00 
 3.50049974e-06  0.00000000e+00  1.80085637e+00 
 3.50082550e-06  0.00000000e+00  1.80191407e+00 
 3.50128521e-06  0.00000000e+00  1.80181127e+00 
 3.50176131e-06  0.00000000e+00  1.80041720e+00 
 3.50217943e-06  0.00000000e+00  1.79817698e+00 
 3.50264518e-06  0.00000000e+00  1.79773466e+00 
 3.50331655e-06  0.00000000e+00  1.79821486e+00 
 3.50394975e-06  0.00000000e+00  1.79865823e+00 
 3.50473237e-06  0.00000000e+00  1.79907427e+00 
 3.50553408e-06  0.00000000e+00  1.79932676e+00 
 3.50657297e-06  0.00000000e+00  1.79948647e+00 
 3.50734184e-06  0.00000000e+00  1.79965515e+00 
 3.50816924e-06  0.00000000e+00  1.79970544e+00 
 3.50903272e-06  0.00000000e+00  1.79978176e+00 
 3.51002976e-06  0.00000000e+00  1.79980321e+00 
 3.51119459e-06  0.00000000e+00  1.79985367e+00 
 3.51241333e-06  0.00000000e+00  1.79985902e+00 
 3.51485082e-06  0.00000000e+00  1.79990032e+00 
 3.51957275e-06  0.00000000e+00  1.79991130e+00 
 3.52891039e-06  0.00000000e+00  1.79994909e+00 
 3.54758566e-06  0.00000000e+00  1.79995726e+00 
 3.58493620e-06  0.00000000e+00  1.79998717e+00 
 3.65963730e-06  0.00000000e+00  1.79998325e+00 
 3.75010000e-06  0.00000000e+00  1.80000079e+00 
 3.75011000e-06  1.80000000e-01  1.80064500e+00 
 3.75013000e-06  5.40000000e-01  1.80232431e+00 
 3.75017000e-06  1.26000000e+00  1.80591149e+00 
 3.75020000e-06  1.80000000e+00  1.80830724e+00 
 3.75020787e-06  1.80000000e+00  1.80804352e+00 
 3.75022362e-06  1.80000000e+00  1.80748022e+00 
 3.75025512e-06  1.80000000e+00  1.80658815e+00 
 3.75031812e-06  1.80000000e+00  1.80542480e+00 
 3.75044411e-06  1.80000000e+00  1.80402569e+00 
 3.75068312e-06  1.80000000e+00  1.80276605e+00 
 3.75094287e-06  1.80000000e+00  1.80348960e+00 
 3.75137851e-06  1.80000000e+00  1.80643362e+00 
 3.75184798e-06  1.80000000e+00  1.80382348e+00 
 3.75235288e-06  1.80000000e+00  1.80153005e+00 
 3.75301711e-06  1.80000000e+00  1.80000383e+00 
 3.75376294e-06  1.80000000e+00  1.79962922e+00 
 3.75439060e-06  1.80000000e+00  1.80025223e+00 
 3.75504904e-06  1.80000000e+00  1.80056404e+00 
 3.75576178e-06  1.80000000e+00  1.80117279e+00 
 3.75670245e-06  1.80000000e+00  1.80166559e+00 
 3.75757727e-06  1.80000000e+00  1.80162212e+00 
 3.75842585e-06  1.80000000e+00  1.80128275e+00 
 3.75933356e-06  1.80000000e+00  1.80108491e+00 
 3.76074408e-06  1.80000000e+00  1.80079353e+00 
 3.76214558e-06  1.80000000e+00  1.80057367e+00 
 3.76486002e-06  1.80000000e+00  1.80028900e+00 
 3.76832474e-06  1.80000000e+00  1.80012535e+00 
 3.77525418e-06  1.80000000e+00  1.80000848e+00 
 3.78744231e-06  1.80000000e+00  1.80000098e+00 
 3.80775508e-06  1.80000000e+00  1.79999755e+00 
 3.84838063e-06  1.80000000e+00  1.80000261e+00 
 3.92610628e-06  1.80000000e+00  1.79999717e+00 
 4.00000000e-06  1.80000000e+00  1.80000283e+00 
 4.00001000e-06  1.62000000e+00  1.79873787e+00 
 4.00003000e-06  1.26000000e+00  1.79645691e+00 
 4.00007000e-06  5.40000000e-01  1.79308802e+00 
 4.00010000e-06  0.00000000e+00  1.79133801e+00 
 4.00010800e-06  0.00000000e+00  1.79194767e+00 
 4.00012400e-06  0.00000000e+00  1.79316444e+00 
 4.00015600e-06  0.00000000e+00  1.79500171e+00 
 4.00022000e-06  0.00000000e+00  1.79724453e+00 
 4.00033683e-06  0.00000000e+00  1.79952137e+00 
 4.00049960e-06  0.00000000e+00  1.80085311e+00 
 4.00082514e-06  0.00000000e+00  1.80191328e+00 
 4.00128247e-06  0.00000000e+00  1.80183331e+00 
 4.00175749e-06  0.00000000e+00  1.80042866e+00 
 4.00218727e-06  0.00000000e+00  1.79820775e+00 
 4.00268146e-06  0.00000000e+00  1.79841999e+00 
 4.00328910e-06  0.00000000e+00  1.79871942e+00 
 4.00391326e-06  0.00000000e+00  1.79761632e+00 
 4.00441303e-06  0.00000000e+00  1.79906494e+00 
 4.00498803e-06  0.00000000e+00  1.79984720e+00 
 4.00556451e-06  0.00000000e+00  1.80074669e+00 
 4.00608992e-06  0.00000000e+00  1.80092420e+00 
 4.00670404e-06  0.00000000e+00  1.80062512e+00 
 4.00756055e-06  0.00000000e+00  1.80039319e+00 
 4.00842711e-06  0.00000000e+00  1.80019919e+00 
 4.00973484e-06  0.00000000e+00  1.80018439e+00 
 4.01070941e-06  0.00000000e+00  1.80014792e+00 
 4.01173933e-06  0.00000000e+00  1.80043569e+00 
 4.01284765e-06  0.00000000e+00  1.80044121e+00 
 4.01368576e-06  0.00000000e+00  1.79989783e+00 
 4.01449819e-06  0.00000000e+00  1.79892397e+00 
 4.01545701e-06  0.00000000e+00  1.79867833e+00 
 4.01644433e-06  0.00000000e+00  1.79986742e+00 
 4.01745125e-06  0.00000000e+00  1.79798443e+00 
 4.01852300e-06  0.00000000e+00  1.79744060e+00 
 4.01962471e-06  0.00000000e+00  1.79831670e+00 
 4.02127380e-06  0.00000000e+00  1.79920993e+00 
 4.02304315e-06  0.00000000e+00  1.79963942e+00 
 4.02658185e-06  0.00000000e+00  1.79990278e+00 
 4.03193019e-06  0.00000000e+00  1.79995907e+00 
 4.03944571e-06  0.00000000e+00  1.79994648e+00 
 4.04888010e-06  0.00000000e+00  1.79997544e+00 
 4.05751264e-06  0.00000000e+00  1.79995875e+00 
 4.06657489e-06  0.00000000e+00  1.79998595e+00 
 4.08003406e-06  0.00000000e+00  1.79996591e+00 
 4.09357445e-06  0.00000000e+00  1.79999473e+00 
 4.10355296e-06  0.00000000e+00  1.79996956e+00 
 4.11313970e-06  0.00000000e+00  1.79999976e+00 
 4.11979221e-06  0.00000000e+00  1.79996980e+00 
 4.12872793e-06  0.00000000e+00  1.80000369e+00 
 4.14659937e-06  0.00000000e+00  1.79997132e+00 
 4.17225906e-06  0.00000000e+00  1.80000796e+00 
 4.22357844e-06  0.00000000e+00  1.79997514e+00 
 4.25010000e-06  6.67038446e-12  1.80001164e+00 
 4.25011000e-06  1.80000000e-01  1.80063527e+00 
 4.25013000e-06  5.40000000e-01  1.80230097e+00 
 4.25017000e-06  1.26000000e+00  1.80590466e+00 
 4.25020000e-06  1.80000000e+00  1.80829968e+00 
 4.25020788e-06  1.80000000e+00  1.80803440e+00 
 4.25022364e-06  1.80000000e+00  1.80746893e+00 
 4.25025515e-06  1.80000000e+00  1.80657737e+00 
 4.25031819e-06  1.80000000e+00  1.80542055e+00 
 4.25044425e-06  1.80000000e+00  1.80402864e+00 
 4.25068472e-06  1.80000000e+00  1.80277011e+00 
 4.25094383e-06  1.80000000e+00  1.80349805e+00 
 4.25137928e-06  1.80000000e+00  1.80641772e+00 
 4.25184884e-06  1.80000000e+00  1.80378125e+00 
 4.25235440e-06  1.80000000e+00  1.80145489e+00 
 4.25301984e-06  1.80000000e+00  1.80027976e+00 
 4.25375121e-06  1.80000000e+00  1.80014069e+00 
 4.25436512e-06  1.80000000e+00  1.80021074e+00 
 4.25501403e-06  1.80000000e+00  1.80004557e+00 
 4.25567342e-06  1.80000000e+00  1.80003451e+00 
 4.25662309e-06  1.80000000e+00  1.80002531e+00 
 4.25758435e-06  1.80000000e+00  1.80001094e+00 
 4.25911781e-06  1.80000000e+00  1.80001369e+00 
 4.26139357e-06  1.80000000e+00  1.80000063e+00 
 4.26531510e-06  1.80000000e+00  1.80000598e+00 
 4.27238817e-06  1.80000000e+00  1.79999556e+00 
 4.28383696e-06  1.80000000e+00  1.80000422e+00 
 4.30480362e-06  1.80000000e+00  1.79999555e+00 
 4.34043242e-06  1.80000000e+00  1.80000431e+00 
 4.40652926e-06  1.80000000e+00  1.79999558e+00 
 4.50000000e-06  1.80000000e+00  1.80000432e+00 
 4.50001000e-06  1.62000000e+00  1.79874062e+00 
 4.50003000e-06  1.26000000e+00  1.79646282e+00 
 4.50007000e-06  5.40000000e-01  1.79309450e+00 
 4.50010000e-06  0.00000000e+00  1.79134149e+00 
 4.50010800e-06  0.00000000e+00  1.79194930e+00 
 4.50012400e-06  0.00000000e+00  1.79316422e+00 
 4.50015600e-06  0.00000000e+00  1.79499990e+00 
 4.50022000e-06  0.00000000e+00  1.79724352e+00 
 4.50033687e-06  0.00000000e+00  1.79952363e+00 
 4.50049974e-06  0.00000000e+00  1.80085644e+00 
 4.50082549e-06  0.00000000e+00  1.80191376e+00 
 4.50128521e-06  0.00000000e+00  1.80180954e+00 
 4.50176131e-06  0.00000000e+00  1.80041502e+00 
 4.50217942e-06  0.00000000e+00  1.79817550e+00 
 4.50264518e-06  0.00000000e+00  1.79773493e+00 
 4.50331654e-06  0.00000000e+00  1.79821486e+00 
 4.50394974e-06  0.00000000e+00  1.79865842e+00 
 4.50473226e-06  0.00000000e+00  1.79907414e+00 
 4.50553389e-06  0.00000000e+00  1.79932694e+00 
 4.50657278e-06  0.00000000e+00  1.79948644e+00 
 4.50734163e-06  0.00000000e+00  1.79965536e+00 
 4.50816906e-06  0.00000000e+00  1.79970543e+00 
 4.50903311e-06  0.00000000e+00  1.79978199e+00 
 4.51003078e-06  0.00000000e+00  1.79980324e+00 
 4.51119263e-06  0.00000000e+00  1.79985382e+00 
 4.51241267e-06  0.00000000e+00  1.79985900e+00 
 4.51485276e-06  0.00000000e+00  1.79990050e+00 
 4.51956257e-06  0.00000000e+00  1.79991121e+00 
 4.52891546e-06  0.00000000e+00  1.79994922e+00 
 4.54762124e-06  0.00000000e+00  1.79995721e+00 
 4.58503280e-06  0.00000000e+00  1.79998729e+00 
 4.65985592e-06  0.00000000e+00  1.79998318e+00 
 4.75010000e-06  6.67038446e-12  1.80000089e+00 
 4.75011000e-06  1.80000000e-01  1.80064521e+00 
 4.75013000e-06  5.40000000e-01  1.80232459e+00 
 4.75017000e-06  1.26000000e+00  1.80590673e+00 
 4.75020000e-06  1.80000000e+00  1.80829151e+00 
 4.75020787e-06  1.80000000e+00  1.80802853e+00 
 4.75022362e-06  1.80000000e+00  1.80746708e+00 
 4.75025512e-06  1.80000000e+00  1.80657799e+00 
 4.75031812e-06  1.80000000e+00  1.80542097e+00 
 4.75044411e-06  1.80000000e+00  1.80402585e+00 
 4.75068312e-06  1.80000000e+00  1.80276660e+00 
 4.75094255e-06  1.80000000e+00  1.80349038e+00 
 4.75137791e-06  1.80000000e+00  1.80643532e+00 
 4.75184734e-06  1.80000000e+00  1.80382771e+00 
 4.75235186e-06  1.80000000e+00  1.80153417e+00 
 4.75301639e-06  1.80000000e+00  1.80000481e+00 
 4.75376212e-06  1.80000000e+00  1.79962907e+00 
 4.75438856e-06  1.80000000e+00  1.80025069e+00 
 4.75504645e-06  1.80000000e+00  1.80056317e+00 
 4.75575950e-06  1.80000000e+00  1.80117047e+00 
 4.75669884e-06  1.80000000e+00  1.80166571e+00 
 4.75757417e-06  1.80000000e+00  1.80162276e+00 
 4.75842363e-06  1.80000000e+00  1.80128392e+00 
 4.75933148e-06  1.80000000e+00  1.80108495e+00 
 4.76073921e-06  1.80000000e+00  1.80079473e+00 
 4.76214198e-06  1.80000000e+00  1.80057378e+00 
 4.76484978e-06  1.80000000e+00  1.80029006e+00 
 4.76831037e-06  1.80000000e+00  1.80012550e+00 
 4.77523154e-06  1.80000000e+00  1.80000889e+00 
 4.78733091e-06  1.80000000e+00  1.80000070e+00 
 4.80752303e-06  1.80000000e+00  1.79999783e+00 
 4.84790729e-06  1.80000000e+00  1.80000233e+00 
 4.92478506e-06  1.80000000e+00  1.79999745e+00 
 5.00000000e-06  1.80000000e+00  1.80000254e+00 
 5.00001000e-06  1.62000000e+00  1.79873922e+00 
 5.00003000e-06  1.26000000e+00  1.79646596e+00 
 5.00007000e-06  5.40000000e-01  1.79309790e+00 
 5.00010000e-06  0.00000000e+00  1.79134506e+00 
 5.00010800e-06  0.00000000e+00  1.79195411e+00 
 5.00012400e-06  0.00000000e+00  1.79317188e+00 
 5.00015600e-06  0.00000000e+00  1.79500701e+00 
 5.00022000e-06  0.00000000e+00  1.79724653e+00 
 5.00033683e-06  0.00000000e+00  1.79952174e+00 
 5.00049960e-06  0.00000000e+00  1.80085311e+00 
 5.00082514e-06  0.00000000e+00  1.80191304e+00 
 5.00128247e-06  0.00000000e+00  1.80183186e+00 
 5.00175749e-06  0.00000000e+00  1.80042686e+00 
 5.00218713e-06  0.00000000e+00  1.79820689e+00 
 5.00268137e-06  0.00000000e+00  1.79842001e+00 
 5.00328898e-06  0.00000000e+00  1.79871903e+00 
 5.00391308e-06  0.00000000e+00  1.79761670e+00 
 5.00441277e-06  0.00000000e+00  1.79906436e+00 
 5.00498778e-06  0.00000000e+00  1.79984718e+00 
 5.00556447e-06  0.00000000e+00  1.80074675e+00 
 5.00608994e-06  0.00000000e+00  1.80092423e+00 
 5.00670422e-06  0.00000000e+00  1.80062524e+00 
 5.00756094e-06  0.00000000e+00  1.80039305e+00 
 5.00842741e-06  0.00000000e+00  1.80019931e+00 
 5.00973494e-06  0.00000000e+00  1.80018403e+00 
 5.01071094e-06  0.00000000e+00  1.80014782e+00 
 5.01174156e-06  0.00000000e+00  1.80043534e+00 
 5.01284992e-06  0.00000000e+00  1.80044037e+00 
 5.01368227e-06  0.00000000e+00  1.79990113e+00 
 5.01448551e-06  0.00000000e+00  1.79893719e+00 
 5.01555214e-06  0.00000000e+00  1.79879933e+00 
 5.01651795e-06  0.00000000e+00  1.79975161e+00 
 5.01756736e-06  0.00000000e+00  1.79785518e+00 
 5.01881193e-06  0.00000000e+00  1.79753590e+00 
 5.01995103e-06  0.00000000e+00  1.79855492e+00 
 5.02201644e-06  0.00000000e+00  1.79943169e+00 
 5.02388202e-06  0.00000000e+00  1.79975700e+00 
 5.02761317e-06  0.00000000e+00  1.79991211e+00 
 5.03281756e-06  0.00000000e+00  1.79996616e+00 
 5.03971992e-06  0.00000000e+00  1.79994110e+00 
 5.04822051e-06  0.00000000e+00  1.79997939e+00 
 5.05880818e-06  0.00000000e+00  1.79995483e+00 
 5.07105297e-06  0.00000000e+00  1.79999243e+00 
 5.08901197e-06  0.00000000e+00  1.79996345e+00 
 5.10654013e-06  0.00000000e+00  1.80000173e+00 
 5.13112180e-06  0.00000000e+00  1.79996914e+00 
 5.15112933e-06  0.00000000e+00  1.80000739e+00 
 5.16879705e-06  0.00000000e+00  1.79997141e+00 
 5.18769408e-06  0.00000000e+00  1.80001043e+00 
 5.22548814e-06  0.00000000e+00  1.79997358e+00 
 5.25010000e-06  6.67038446e-12  1.80001322e+00 
 5.25011000e-06  1.80000000e-01  1.80064015e+00 
 5.25013000e-06  5.40000000e-01  1.80230727e+00 
 5.25017000e-06  1.26000000e+00  1.80590261e+00 
 5.25020000e-06  1.80000000e+00  1.80828636e+00 
 5.25020788e-06  1.80000000e+00  1.80802140e+00 
 5.25022364e-06  1.80000000e+00  1.80745706e+00 
 5.25025516e-06  1.80000000e+00  1.80656777e+00 
 5.25031819e-06  1.80000000e+00  1.80541667e+00 
 5.25044427e-06  1.80000000e+00  1.80402765e+00 
 5.25068480e-06  1.80000000e+00  1.80277027e+00 
 5.25094365e-06  1.80000000e+00  1.80349911e+00 
 5.25137887e-06  1.80000000e+00  1.80641894e+00 
 5.25184840e-06  1.80000000e+00  1.80378405e+00 
 5.25235370e-06  1.80000000e+00  1.80145728e+00 
 5.25301933e-06  1.80000000e+00  1.80028017e+00 
 5.25375050e-06  1.80000000e+00  1.80014134e+00 
 5.25436422e-06  1.80000000e+00  1.80021034e+00 
 5.25501302e-06  1.80000000e+00  1.80004600e+00 
 5.25567241e-06  1.80000000e+00  1.80003428e+00 
 5.25662166e-06  1.80000000e+00  1.80002576e+00 
 5.25758280e-06  1.80000000e+00  1.80001074e+00 
 5.25911511e-06  1.80000000e+00  1.80001403e+00 
 5.26139062e-06  1.80000000e+00  1.80000039e+00 
 5.26530719e-06  1.80000000e+00  1.80000626e+00 
 5.27234558e-06  1.80000000e+00  1.79999530e+00 
 5.28373993e-06  1.80000000e+00  1.80000448e+00 
 5.30454623e-06  1.80000000e+00  1.79999529e+00 
 5.33985877e-06  1.80000000e+00  1.80000457e+00 
 5.40554775e-06  1.80000000e+00  1.79999532e+00 
 5.50000000e-06  1.80000000e+00  1.80000459e+00 
 5.50001000e-06  1.62000000e+00  1.79874294e+00 
 5.50003000e-06  1.26000000e+00  1.79647112e+00 
 5.50007000e-06  5.40000000e-01  1.79310284e+00 
 5.50010000e-06  0.00000000e+00  1.79134743e+00 
 5.50010800e-06  0.00000000e+00  1.79195472e+00 
 5.50012400e-06  0.00000000e+00  1.79317019e+00 
 5.50015600e-06  0.00000000e+00  1.79500436e+00 
 5.50022000e-06  0.00000000e+00  1.79724518e+00 
 5.50033687e-06  0.00000000e+00  1.79952385e+00 
 5.50049974e-06  0.00000000e+00  1.80085626e+00 
 5.50082549e-06  0.00000000e+00  1.80191364e+00 
 5.50128521e-06  0.00000000e+00  1.80180824e+00 
 5.50176131e-06  0.00000000e+00  1.80041353e+00 
 5.50217942e-06  0.00000000e+00  1.79817439e+00 
 5.50264517e-06  0.00000000e+00  1.79773529e+00 
 5.50331653e-06  0.00000000e+00  1.79821462e+00 
 5.50394973e-06  0.00000000e+00  1.79865884e+00 
 5.50473260e-06  0.00000000e+00  1.79907414e+00 
 5.50553452e-06  0.00000000e+00  1.79932736e+00 
 5.50657345e-06  0.00000000e+00  1.79948640e+00 
 5.50734237e-06  0.00000000e+00  1.79965576e+00 
 5.50816972e-06  0.00000000e+00  1.79970531e+00 
 5.50903356e-06  0.00000000e+00  1.79978231e+00 
 5.51003127e-06  0.00000000e+00  1.79980311e+00 
 5.51119141e-06  0.00000000e+00  1.79985405e+00 
 5.51241120e-06  0.00000000e+00  1.79985885e+00 
 5.51485077e-06  0.00000000e+00  1.79990071e+00 
 5.51956062e-06  0.00000000e+00  1.79991105e+00 
 5.52890890e-06  0.00000000e+00  1.79994940e+00 
 5.54760547e-06  0.00000000e+00  1.79995702e+00 
 5.58499859e-06  0.00000000e+00  1.79998746e+00 
 5.65978484e-06  0.00000000e+00  1.79998299e+00 
 5.75010000e-06  6.67038446e-12  1.80000107e+00 
 5.75011000e-06  1.80000000e-01  1.80064623e+00 
 5.75013000e-06  5.40000000e-01  1.80232550e+00 
 5.75017000e-06  1.26000000e+00  1.80590416e+00 
 5.75020000e-06  1.80000000e+00  1.80828048e+00 
 5.75020787e-06  1.80000000e+00  1.80801781e+00 
 5.75022362e-06  1.80000000e+00  1.80745744e+00 
 5.75025512e-06  1.80000000e+00  1.80657056e+00 
 5.75031812e-06  1.80000000e+00  1.80541853e+00 
 5.75044411e-06  1.80000000e+00  1.80402563e+00 
 5.75068312e-06  1.80000000e+00  1.80276706e+00 
 5.75094236e-06  1.80000000e+00  1.80349122e+00 
 5.75137753e-06  1.80000000e+00  1.80643655e+00 
 5.75184693e-06  1.80000000e+00  1.80383055e+00 
 5.75235120e-06  1.80000000e+00  1.80153663e+00 
 5.75301592e-06  1.80000000e+00  1.80000561e+00 
 5.75376158e-06  1.80000000e+00  1.79962880e+00 
 5.75438723e-06  1.80000000e+00  1.80024954e+00 
 5.75504475e-06  1.80000000e+00  1.80056255e+00 
 5.75575798e-06  1.80000000e+00  1.80116895e+00 
 5.75669648e-06  1.80000000e+00  1.80166582e+00 
 5.75757205e-06  1.80000000e+00  1.80162319e+00 
 5.75842209e-06  1.80000000e+00  1.80128476e+00 
 5.75933003e-06  1.80000000e+00  1.80108498e+00 
 5.76073587e-06  1.80000000e+00  1.80079563e+00 
 5.76213949e-06  1.80000000e+00  1.80057387e+00 
 5.76484265e-06  1.80000000e+00  1.80029084e+00 
 5.76830052e-06  1.80000000e+00  1.80012558e+00 
 5.77521626e-06  1.80000000e+00  1.80000920e+00 
 5.78725333e-06  1.80000000e+00  1.80000049e+00 
 5.80736157e-06  1.80000000e+00  1.79999804e+00 
 5.84757803e-06  1.80000000e+00  1.80000211e+00 
 5.92383809e-06  1.80000000e+00  1.79999767e+00 
 6.00000000e-06  1.80000000e+00  1.80000232e+00 
 6.00001000e-06  1.62000000e+00  1.79874143e+00 
 6.00003000e-06  1.26000000e+00  1.79647338e+00 
 6.00007000e-06  5.40000000e-01  1.79310508e+00 
 6.00010000e-06  0.00000000e+00  1.79135016e+00 
 6.00010800e-06  0.00000000e+00  1.79195875e+00 
 6.00012400e-06  0.00000000e+00  1.79317698e+00 
 6.00015600e-06  0.00000000e+00  1.79501092e+00 
 6.00022000e-06  0.00000000e+00  1.79724792e+00 
 6.00033683e-06  0.00000000e+00  1.79952181e+00 
 6.00049960e-06  0.00000000e+00  1.80085291e+00 
 6.00082514e-06  0.00000000e+00  1.80191302e+00 
 6.00128247e-06  0.00000000e+00  1.80183078e+00 
 6.00175749e-06  0.00000000e+00  1.80042555e+00 
 6.00218702e-06  0.00000000e+00  1.79820633e+00 
 6.00268131e-06  0.00000000e+00  1.79842000e+00 
 6.00328889e-06  0.00000000e+00  1.79871889e+00 
 6.00391294e-06  0.00000000e+00  1.79761685e+00 
 6.00441258e-06  0.00000000e+00  1.79906408e+00 
 6.00498760e-06  0.00000000e+00  1.79984708e+00 
 6.00556444e-06  0.00000000e+00  1.80074682e+00 
 6.00608996e-06  0.00000000e+00  1.80092427e+00 
 6.00670435e-06  0.00000000e+00  1.80062527e+00 
 6.00756121e-06  0.00000000e+00  1.80039298e+00 
 6.00842763e-06  0.00000000e+00  1.80019932e+00 
 6.00973480e-06  0.00000000e+00  1.80018364e+00 
 6.01071305e-06  0.00000000e+00  1.80014795e+00 
 6.01174484e-06  0.00000000e+00  1.80043627e+00 
 6.01285345e-06  0.00000000e+00  1.80043872e+00 
 6.01368034e-06  0.00000000e+00  1.79990230e+00 
 6.01447455e-06  0.00000000e+00  1.79894701e+00 
 6.01553809e-06  0.00000000e+00  1.79877218e+00 
 6.01651383e-06  0.00000000e+00  1.79977341e+00 
 6.01755792e-06  0.00000000e+00  1.79787017e+00 
 6.01880150e-06  0.00000000e+00  1.79753063e+00 
 6.01993176e-06  0.00000000e+00  1.79853900e+00 
 6.02177155e-06  0.00000000e+00  1.79935905e+00 
 6.02367053e-06  0.00000000e+00  1.79972982e+00 
 6.02746850e-06  0.00000000e+00  1.79991373e+00 
 6.03342638e-06  0.00000000e+00  1.79996548e+00 
 6.03946539e-06  0.00000000e+00  1.79994168e+00 
 6.04949924e-06  0.00000000e+00  1.79998067e+00 
 6.06000789e-06  0.00000000e+00  1.79995534e+00 
 6.08102520e-06  0.00000000e+00  1.79999492e+00 
 6.11746745e-06  0.00000000e+00  1.79996945e+00 
 6.16301154e-06  0.00000000e+00  1.80000631e+00 
 6.21465489e-06  0.00000000e+00  1.79997609e+00 
 6.25010000e-06  6.67038446e-12  1.80001037e+00 
 6.25011000e-06  1.80000000e-01  1.80063731e+00 
 6.25013000e-06  5.40000000e-01  1.80230570e+00 
 6.25017000e-06  1.26000000e+00  1.80590049e+00 
 6.25020000e-06  1.80000000e+00  1.80827740e+00 
 6.25020788e-06  1.80000000e+00  1.80801269e+00 
 6.25022364e-06  1.80000000e+00  1.80744915e+00 
 6.25025516e-06  1.80000000e+00  1.80656216e+00 
 6.25031820e-06  1.80000000e+00  1.80541472e+00 
 6.25044428e-06  1.80000000e+00  1.80402717e+00 
 6.25068485e-06  1.80000000e+00  1.80277014e+00 
 6.25094353e-06  1.80000000e+00  1.80349993e+00 
 6.25137861e-06  1.80000000e+00  1.80642124e+00 
 6.25184811e-06  1.80000000e+00  1.80378698e+00 
 6.25235326e-06  1.80000000e+00  1.80145977e+00 
 6.25301899e-06  1.80000000e+00  1.80028176e+00 
 6.25374993e-06  1.80000000e+00  1.80014272e+00 
 6.25436367e-06  1.80000000e+00  1.80021151e+00 
 6.25501243e-06  1.80000000e+00  1.80004682e+00 
 6.25567166e-06  1.80000000e+00  1.80003493e+00 
 6.25662074e-06  1.80000000e+00  1.80002622e+00 
 6.25758167e-06  1.80000000e+00  1.80001111e+00 
 6.25911327e-06  1.80000000e+00  1.80001427e+00 
 6.26138845e-06  1.80000000e+00  1.80000053e+00 
 6.26530196e-06  1.80000000e+00  1.80000631e+00 
 6.27231450e-06  1.80000000e+00  1.79999531e+00 
 6.28366924e-06  1.80000000e+00  1.80000448e+00 
 6.30435771e-06  1.80000000e+00  1.79999529e+00 
 6.33943701e-06  1.80000000e+00  1.80000457e+00 
 6.40480922e-06  1.80000000e+00  1.79999532e+00 
 6.50000000e-06  1.80000000e+00  1.80000458e+00 
 6.50001000e-06  1.62000000e+00  1.79874508e+00 
 6.50003000e-06  1.26000000e+00  1.79647772e+00 
 6.50007000e-06  5.40000000e-01  1.79310907e+00 
 6.50010000e-06  0.00000000e+00  1.79135188e+00 
 6.50010800e-06  0.00000000e+00  1.79195878e+00 
 6.50012400e-06  0.00000000e+00  1.79317413e+00 
 6.50015600e-06  0.00000000e+00  1.79500774e+00 
 6.50022000e-06  0.00000000e+00  1.79724639e+00 
 6.50033687e-06  0.00000000e+00  1.79952377e+00 
 6.50049974e-06  0.00000000e+00  1.80085639e+00 
 6.50082549e-06  0.00000000e+00  1.80191341e+00 
 6.50128521e-06  0.00000000e+00  1.80180743e+00 
 6.50176131e-06  0.00000000e+00  1.80041227e+00 
 6.50217941e-06  0.00000000e+00  1.79817369e+00 
 6.50264517e-06  0.00000000e+00  1.79773533e+00 
 6.50331652e-06  0.00000000e+00  1.79821452e+00 
 6.50394972e-06  0.00000000e+00  1.79865893e+00 
 6.50473246e-06  0.00000000e+00  1.79907407e+00 
 6.50553427e-06  0.00000000e+00  1.79932742e+00 
 6.50657319e-06  0.00000000e+00  1.79948642e+00 
 6.50734208e-06  0.00000000e+00  1.79965583e+00 
 6.50816946e-06  0.00000000e+00  1.79970534e+00 
 6.50903378e-06  0.00000000e+00  1.79978240e+00 
 6.51003196e-06  0.00000000e+00  1.79980318e+00 
 6.51119012e-06  0.00000000e+00  1.79985409e+00 
 6.51241098e-06  0.00000000e+00  1.79985887e+00 
 6.51485270e-06  0.00000000e+00  1.79990078e+00 
 6.51955312e-06  0.00000000e+00  1.79991103e+00 
 6.52891419e-06  0.00000000e+00  1.79994944e+00 
 6.54763632e-06  0.00000000e+00  1.79995703e+00 
 6.58508058e-06  0.00000000e+00  1.79998750e+00 
 6.65996910e-06  0.00000000e+00  1.79998299e+00 
 6.75010000e-06  6.67038446e-12  1.80000108e+00 
 6.75011000e-06  1.80000000e-01  1.80064615e+00 
 6.75013000e-06  5.40000000e-01  1.80232625e+00 
 6.75017000e-06  1.26000000e+00  1.80590264e+00 
 6.75020000e-06  1.80000000e+00  1.80827216e+00 
 6.75020787e-06  1.80000000e+00  1.80800962e+00 
 6.75022362e-06  1.80000000e+00  1.80744969e+00 
 6.75025512e-06  1.80000000e+00  1.80656533e+00 
 6.75031812e-06  1.80000000e+00  1.80541670e+00 
 6.75044411e-06  1.80000000e+00  1.80402548e+00 
 6.75068312e-06  1.80000000e+00  1.80276742e+00 
 6.75094224e-06  1.80000000e+00  1.80349198e+00 
 6.75137728e-06  1.80000000e+00  1.80643761e+00 
 6.75184664e-06  1.80000000e+00  1.80383249e+00 
 6.75235076e-06  1.80000000e+00  1.80153822e+00 
 6.75301558e-06  1.80000000e+00  1.80000633e+00 
 6.75376115e-06  1.80000000e+00  1.79962851e+00 
 6.75438632e-06  1.80000000e+00  1.80024911e+00 
 6.75504360e-06  1.80000000e+00  1.80056201e+00 
 6.75575697e-06  1.80000000e+00  1.80116806e+00 
 6.75669488e-06  1.80000000e+00  1.80166568e+00 
 6.75757073e-06  1.80000000e+00  1.80162354e+00 
 6.75842132e-06  1.80000000e+00  1.80128510e+00 
 6.75932931e-06  1.80000000e+00  1.80108504e+00 
 6.76073380e-06  1.80000000e+00  1.80079610e+00 
 6.76213814e-06  1.80000000e+00  1.80057397e+00 
 6.76483840e-06  1.80000000e+00  1.80029124e+00 
 6.76829475e-06  1.80000000e+00  1.80012570e+00 
 6.77520746e-06  1.80000000e+00  1.80000932e+00 
 6.78719101e-06  1.80000000e+00  1.80000044e+00 
 6.80722626e-06  1.80000000e+00  1.79999810e+00 
 6.84729676e-06  1.80000000e+00  1.80000205e+00 
 6.92303328e-06  1.80000000e+00  1.79999773e+00 
 7.00000000e-06  1.80000000e+00  1.80000225e+00 
 7.00001000e-06  1.62000000e+00  1.79874336e+00 
 7.00003000e-06  1.26000000e+00  1.79647932e+00 
 7.00007000e-06  5.40000000e-01  1.79311058e+00 
 7.00010000e-06  0.00000000e+00  1.79135409e+00 
 7.00010800e-06  0.00000000e+00  1.79196232e+00 
 7.00012400e-06  0.00000000e+00  1.79318012e+00 
 7.00015600e-06  0.00000000e+00  1.79501402e+00 
 7.00022000e-06  0.00000000e+00  1.79724898e+00 
 7.00033683e-06  0.00000000e+00  1.79952165e+00 
 7.00049960e-06  0.00000000e+00  1.80085317e+00 
 7.00082514e-06  0.00000000e+00  1.80191273e+00 
 7.00128247e-06  0.00000000e+00  1.80183015e+00 
 7.00175749e-06  0.00000000e+00  1.80042438e+00 
 7.00218694e-06  0.00000000e+00  1.79820603e+00 
 7.00268126e-06  0.00000000e+00  1.79841985e+00 
 7.00328883e-06  0.00000000e+00  1.79871897e+00 
 7.00391284e-06  0.00000000e+00  1.79761682e+00 
 7.00441244e-06  0.00000000e+00  1.79906396e+00 
 7.00498746e-06  0.00000000e+00  1.79984694e+00 
 7.00556441e-06  0.00000000e+00  1.80074690e+00 
 7.00608997e-06  0.00000000e+00  1.80092426e+00 
 7.00670444e-06  0.00000000e+00  1.80062529e+00 
 7.00756143e-06  0.00000000e+00  1.80039290e+00 
 7.00842780e-06  0.00000000e+00  1.80019930e+00 
 7.00973432e-06  0.00000000e+00  1.80018329e+00 
 7.01071676e-06  0.00000000e+00  1.80014878e+00 
 7.01175073e-06  0.00000000e+00  1.80043779e+00 
 7.01286003e-06  0.00000000e+00  1.80043553e+00 
 7.01368368e-06  0.00000000e+00  1.79989784e+00 
 7.01447194e-06  0.00000000e+00  1.79894859e+00 
 7.01553619e-06  0.00000000e+00  1.79876941e+00 
 7.01650428e-06  0.00000000e+00  1.79978859e+00 
 7.01754891e-06  0.00000000e+00  1.79787343e+00 
 7.01878379e-06  0.00000000e+00  1.79752283e+00 
 7.01990864e-06  0.00000000e+00  1.79852326e+00 
 7.02173220e-06  0.00000000e+00  1.79934845e+00 
 7.02361967e-06  0.00000000e+00  1.79972286e+00 
 7.02739462e-06  0.00000000e+00  1.79991295e+00 
 7.03196157e-06  0.00000000e+00  1.79996203e+00 
 7.03950519e-06  0.00000000e+00  1.79994194e+00 
 7.05129013e-06  0.00000000e+00  1.79998177e+00 
 7.07428664e-06  0.00000000e+00  1.79996142e+00 
 7.10957571e-06  0.00000000e+00  1.80000031e+00 
 7.15848713e-06  0.00000000e+00  1.79997390e+00 
 7.23285188e-06  0.00000000e+00  1.80000913e+00 
 7.25010000e-06  6.67038446e-12  1.79997751e+00 
 7.25011000e-06  1.80000000e-01  1.80065866e+00 
 7.25013000e-06  5.40000000e-01  1.80237645e+00 
 7.25017000e-06  1.26000000e+00  1.80592874e+00 
 7.25020000e-06  1.80000000e+00  1.80827647e+00 
 7.25020792e-06  1.80000000e+00  1.80800866e+00 
 7.25022376e-06  1.80000000e+00  1.80744013e+00 
 7.25025544e-06  1.80000000e+00  1.80654944e+00 
 7.25031879e-06  1.80000000e+00  1.80540125e+00 
 7.25044550e-06  1.80000000e+00  1.80401409e+00 
 7.25068526e-06  1.80000000e+00  1.80276961e+00 
 7.25094446e-06  1.80000000e+00  1.80350862e+00 
 7.25137921e-06  1.80000000e+00  1.80642382e+00 
 7.25184817e-06  1.80000000e+00  1.80378665e+00 
 7.25235398e-06  1.80000000e+00  1.80145843e+00 
 7.25301868e-06  1.80000000e+00  1.80028283e+00 
 7.25375014e-06  1.80000000e+00  1.80014377e+00 
 7.25436414e-06  1.80000000e+00  1.80021217e+00 
 7.25501300e-06  1.80000000e+00  1.80004739e+00 
 7.25567244e-06  1.80000000e+00  1.80003531e+00 
 7.25662165e-06  1.80000000e+00  1.80002656e+00 
 7.25758306e-06  1.80000000e+00  1.80001131e+00 
 7.25911472e-06  1.80000000e+00  1.80001446e+00 
 7.26139010e-06  1.80000000e+00  1.80000059e+00 
 7.26530683e-06  1.80000000e+00  1.80000636e+00 
 7.27229723e-06  1.80000000e+00  1.79999529e+00 
 7.28362865e-06  1.80000000e+00  1.80000450e+00 
 7.30422505e-06  1.80000000e+00  1.79999527e+00 
 7.33911820e-06  1.80000000e+00  1.80000459e+00 
 7.40424048e-06  1.80000000e+00  1.79999529e+00 
 7.50000000e-06  1.80000000e+00  1.80000461e+00 
 7.50001000e-06  1.62000000e+00  1.79874690e+00 
 7.50003000e-06  1.26000000e+00  1.79648305e+00 
 7.50007000e-06  5.40000000e-01  1.79311394e+00 
 7.50010000e-06  0.00000000e+00  1.79135539e+00 
 7.50010800e-06  0.00000000e+00  1.79196196e+00 
 7.50012400e-06  0.00000000e+00  1.79317671e+00 
 7.50015600e-06  0.00000000e+00  1.79501025e+00 
 7.50022000e-06  0.00000000e+00  1.79724731e+00 
 7.50033687e-06  0.00000000e+00  1.79952386e+00 
 7.50049974e-06  0.00000000e+00  1.80085651e+00 
 7.50082549e-06  0.00000000e+00  1.80191322e+00 
 7.50128521e-06  0.00000000e+00  1.80180682e+00 
 7.50176131e-06  0.00000000e+00  1.80041124e+00 
 7.50217941e-06  0.00000000e+00  1.79817314e+00 
 7.50264517e-06  0.00000000e+00  1.79773539e+00 
 7.50331653e-06  0.00000000e+00  1.79821464e+00 
 7.50394973e-06  0.00000000e+00  1.79865886e+00 
 7.50473215e-06  0.00000000e+00  1.79907389e+00 
 7.50553370e-06  0.00000000e+00  1.79932734e+00 
 7.50657258e-06  0.00000000e+00  1.79948640e+00 
 7.50734141e-06  0.00000000e+00  1.79965577e+00 
 7.50816886e-06  0.00000000e+00  1.79970535e+00 
 7.50903390e-06  0.00000000e+00  1.79978243e+00 
 7.51003269e-06  0.00000000e+00  1.79980325e+00 
 7.51118893e-06  0.00000000e+00  1.79985409e+00 
 7.51241130e-06  0.00000000e+00  1.79985892e+00 
 7.51485604e-06  0.00000000e+00  1.79990082e+00 
 7.51954420e-06  0.00000000e+00  1.79991102e+00 
 7.52892052e-06  0.00000000e+00  1.79994945e+00 
 7.54767317e-06  0.00000000e+00  1.79995708e+00 
 7.58517846e-06  0.00000000e+00  1.79998752e+00 
 7.66018904e-06  0.00000000e+00  1.79998302e+00 
 7.75010000e-06  0.00000000e+00  1.80000107e+00 
 7.75011000e-06  1.80000000e-01  1.80064604e+00 
 7.75013000e-06  5.40000000e-01  1.80232632e+00 
 7.75017000e-06  1.26000000e+00  1.80590156e+00 
 7.75020000e-06  1.80000000e+00  1.80826559e+00 
 7.75020787e-06  1.80000000e+00  1.80800301e+00 
 7.75022362e-06  1.80000000e+00  1.80744353e+00 
 7.75025512e-06  1.80000000e+00  1.80656155e+00 
 7.75031812e-06  1.80000000e+00  1.80541525e+00 
 7.75044411e-06  1.80000000e+00  1.80402537e+00 
 7.75068312e-06  1.80000000e+00  1.80276769e+00 
 7.75094188e-06  1.80000000e+00  1.80349094e+00 
 7.75137676e-06  1.80000000e+00  1.80643842e+00 
 7.75184618e-06  1.80000000e+00  1.80383577e+00 
 7.75234994e-06  1.80000000e+00  1.80154111e+00 
 7.75301511e-06  1.80000000e+00  1.80000722e+00 
 7.75376057e-06  1.80000000e+00  1.79962804e+00 
 7.75438482e-06  1.80000000e+00  1.80024833e+00 
 7.75504170e-06  1.80000000e+00  1.80056107e+00 
 7.75575531e-06  1.80000000e+00  1.80116655e+00 
 7.75669223e-06  1.80000000e+00  1.80166554e+00 
 7.75756855e-06  1.80000000e+00  1.80162415e+00 
 7.75841979e-06  1.80000000e+00  1.80128575e+00 
 7.75932792e-06  1.80000000e+00  1.80108519e+00 
 7.76073056e-06  1.80000000e+00  1.80079683e+00 
 7.76213580e-06  1.80000000e+00  1.80057416e+00 
 7.76483161e-06  1.80000000e+00  1.80029187e+00 
 7.76828563e-06  1.80000000e+00  1.80012588e+00 
 7.77519367e-06  1.80000000e+00  1.80000950e+00 
 7.78712041e-06  1.80000000e+00  1.80000034e+00 
 7.80708023e-06  1.80000000e+00  1.79999820e+00 
 7.84688156e-06  1.80000000e+00  1.80000195e+00 
 7.92215316e-06  1.80000000e+00  1.79999784e+00 
 8.00000000e-06  1.80000000e+00  1.80000215e+00 
 8.00001000e-06  1.62000000e+00  1.79874498e+00 
 8.00003000e-06  1.26000000e+00  1.79648417e+00 
 8.00007000e-06  5.40000000e-01  1.79311499e+00 
 8.00010000e-06  0.00000000e+00  1.79135727e+00 
 8.00010800e-06  0.00000000e+00  1.79196520e+00 
 8.00012400e-06  0.00000000e+00  1.79318243e+00 
 8.00015600e-06  0.00000000e+00  1.79501616e+00 
 8.00022000e-06  0.00000000e+00  1.79724976e+00 
 8.00033683e-06  0.00000000e+00  1.79952178e+00 
 8.00049960e-06  0.00000000e+00  1.80085323e+00 
 8.00082514e-06  0.00000000e+00  1.80191257e+00 
 8.00128247e-06  0.00000000e+00  1.80182979e+00 
 8.00175749e-06  0.00000000e+00  1.80042360e+00 
 8.00218699e-06  0.00000000e+00  1.79820441e+00 
 8.00268129e-06  0.00000000e+00  1.79841884e+00 
 8.00328887e-06  0.00000000e+00  1.79871796e+00 
 8.00391291e-06  0.00000000e+00  1.79762230e+00 
 8.00441250e-06  0.00000000e+00  1.79906758e+00 
 8.00498754e-06  0.00000000e+00  1.79984742e+00 
 8.00556443e-06  0.00000000e+00  1.80074753e+00 
 8.00608998e-06  0.00000000e+00  1.80092487e+00 
 8.00670442e-06  0.00000000e+00  1.80062750e+00 
 8.00756133e-06  0.00000000e+00  1.80039550e+00 
 8.00842774e-06  0.00000000e+00  1.80018645e+00 
 8.00926910e-06  0.00000000e+00  1.80015511e+00 
 8.00996666e-06  0.00000000e+00  1.80002389e+00 
 8.01078204e-06  0.00000000e+00  1.80004151e+00 
 8.01176860e-06  0.00000000e+00  1.79993355e+00 
 8.01282684e-06  0.00000000e+00  1.79997430e+00 
 8.01494332e-06  0.00000000e+00  1.79988575e+00 
 8.01691425e-06  0.00000000e+00  1.79994877e+00 
 8.01935915e-06  0.00000000e+00  1.79988789e+00 
 8.02241116e-06  0.00000000e+00  1.79996103e+00 
 8.02851520e-06  0.00000000e+00  1.79990988e+00 
 8.04072326e-06  0.00000000e+00  1.79999077e+00 
 8.06141424e-06  0.00000000e+00  1.79993998e+00 
 8.08930931e-06  0.00000000e+00  1.80001299e+00 
 8.11996621e-06  0.00000000e+00  1.79995381e+00 
 8.16353828e-06  0.00000000e+00  1.80002215e+00 
 8.21378456e-06  0.00000000e+00  1.79996040e+00 
 8.25010000e-06  0.00000000e+00  1.80002601e+00 
 8.25011000e-06  1.80000000e-01  1.80066035e+00 
 8.25013000e-06  5.40000000e-01  1.80233030e+00 
 8.25017000e-06  1.26000000e+00  1.80590682e+00 
 8.25020000e-06  1.80000000e+00  1.80827468e+00 
 8.25020788e-06  1.80000000e+00  1.80801235e+00 
 8.25022364e-06  1.80000000e+00  1.80745318e+00 
 8.25025515e-06  1.80000000e+00  1.80656848e+00 
 8.25031818e-06  1.80000000e+00  1.80541395e+00 
 8.25044424e-06  1.80000000e+00  1.80401197e+00 
 8.25069636e-06  1.80000000e+00  1.80276404e+00 
 8.25095166e-06  1.80000000e+00  1.80356950e+00 
 8.25138487e-06  1.80000000e+00  1.80639057e+00 
 8.25185630e-06  1.80000000e+00  1.80370191e+00 
 8.25236575e-06  1.80000000e+00  1.80145632e+00 
 8.25302504e-06  1.80000000e+00  1.80041863e+00 
 8.25386823e-06  1.80000000e+00  1.80005005e+00 
 8.25474912e-06  1.80000000e+00  1.80003911e+00 
 8.25564810e-06  1.80000000e+00  1.80001546e+00 
 8.25658561e-06  1.80000000e+00  1.80003779e+00 
 8.25789161e-06  1.80000000e+00  1.80002082e+00 
 8.25924936e-06  1.80000000e+00  1.80001863e+00 
 8.26176033e-06  1.80000000e+00  1.80000918e+00 
 8.26492071e-06  1.80000000e+00  1.80000372e+00 
 8.27124146e-06  1.80000000e+00  1.80000090e+00 
 8.28058070e-06  1.80000000e+00  1.79999917e+00 
 8.29638635e-06  1.80000000e+00  1.80000064e+00 
 8.32545090e-06  1.80000000e+00  1.79999917e+00 
 8.38357999e-06  1.80000000e+00  1.80000073e+00 
 8.49597891e-06  1.80000000e+00  1.79999916e+00 
 8.50000000e-06  1.80000000e+00  1.80000096e+00 
 8.50001000e-06  1.62000000e+00  1.79874197e+00 
 8.50003000e-06  1.26000000e+00  1.79647465e+00 
 8.50007000e-06  5.40000000e-01  1.79308861e+00 
 8.50010000e-06  0.00000000e+00  1.79131629e+00 
 8.50010800e-06  0.00000000e+00  1.79192468e+00 
 8.50012400e-06  0.00000000e+00  1.79314496e+00 
 8.50015600e-06  0.00000000e+00  1.79498579e+00 
 8.50022000e-06  0.00000000e+00  1.79723916e+00 
 8.50034800e-06  0.00000000e+00  1.79971470e+00 
 8.50060400e-06  0.00000000e+00  1.80148649e+00 
 8.50095813e-06  0.00000000e+00  1.80226822e+00 
 8.50153608e-06  0.00000000e+00  1.80019655e+00 
 8.50212967e-06  0.00000000e+00  1.79824658e+00 
 8.50261823e-06  0.00000000e+00  1.80717683e+00 
 8.50316933e-06  0.00000000e+00  1.82724132e+00 
 8.50381966e-06  0.00000000e+00  1.82372938e+00 
 8.50452685e-06  0.00000000e+00  1.77714788e+00 
 8.50534433e-06  0.00000000e+00  1.71441285e+00 
 8.50600353e-06  0.00000000e+00  1.66588760e+00 
 8.50672010e-06  0.00000000e+00  1.61144332e+00 
 8.50768365e-06  0.00000000e+00  1.53845023e+00 
 8.50884551e-06  0.00000000e+00  1.44957522e+00 
 8.51070943e-06  0.00000000e+00  1.30654781e+00 
 8.51382799e-06  0.00000000e+00  1.06774493e+00 
 8.51894085e-06  0.00000000e+00  6.98141636e-01 
 8.52452831e-06  0.00000000e+00  3.69127204e-01 
 8.52866322e-06  0.00000000e+00  1.90669014e-01 
 8.53278179e-06  0.00000000e+00  8.57399626e-02 
 8.53705934e-06  0.00000000e+00  3.73067466e-02 
 8.54183736e-06  0.00000000e+00  1.26550773e-02 
 8.54820928e-06  0.00000000e+00  3.77044079e-03 
 8.55596669e-06  0.00000000e+00  1.29742041e-04 
 8.56680127e-06  0.00000000e+00  7.26500119e-04 
 8.58153668e-06  0.00000000e+00 -2.16370790e-04 
 8.60220889e-06  0.00000000e+00  6.38503633e-04 
 8.63264659e-06  0.00000000e+00 -2.55281877e-04 
 8.68318095e-06  0.00000000e+00  5.51035652e-04 
 8.75010000e-06  0.00000000e+00 -3.11760608e-04 
 8.75011000e-06  1.80000000e-01  7.63990894e-04 
 8.75013000e-06  5.40000000e-01  2.79730009e-03 
 8.75017000e-06  1.26000000e+00  5.74056528e-03 
 8.75020000e-06  1.80000000e+00  7.20100955e-03 
 8.75020792e-06  1.80000000e+00  6.84554212e-03 
 8.75022376e-06  1.80000000e+00  6.11038586e-03 
 8.75025543e-06  1.80000000e+00  4.92229259e-03 
 8.75031879e-06  1.80000000e+00  3.37932713e-03 
 8.75044549e-06  1.80000000e+00  1.91013410e-03 
 8.75068796e-06  1.80000000e+00  1.33767197e-03 
 8.75094632e-06  1.80000000e+00  2.29419883e-03 
 8.75138219e-06  1.80000000e+00  5.03476926e-03 
 8.75185143e-06  1.80000000e+00  3.43548076e-03 
 8.75235923e-06  1.80000000e+00  2.60078864e-03 
 8.75302019e-06  1.80000000e+00  2.10686724e-03 
 8.75375004e-06  1.80000000e+00  3.11795810e-03 
 8.75437047e-06  1.80000000e+00  5.17958654e-03 
 8.75502149e-06  1.80000000e+00  4.95446572e-03 
 8.75568431e-06  1.80000000e+00  4.35134827e-03 
 8.75663321e-06  1.80000000e+00  3.71878870e-03 
 8.75760476e-06  1.80000000e+00  3.20668598e-03 
 8.75913470e-06  1.80000000e+00  2.42655431e-03 
 8.76141926e-06  1.80000000e+00  1.61022038e-03 
 8.76536155e-06  1.80000000e+00  7.73147943e-04 
 8.77230279e-06  1.80000000e+00  2.61592684e-04 
 8.78362727e-06  1.80000000e+00  9.67564014e-05 
 8.80403443e-06  1.80000000e+00  1.08153468e-04 
 8.83856616e-06  1.80000000e+00  6.70736300e-05 
 8.90145845e-06  1.80000000e+00  7.70463958e-05 
 9.00000000e-06  1.80000000e+00  3.87360640e-05 
